layers: 4
str: {2,5,5,1}
w1
  -1,0879  -0,768477
  2,93138    1,29868
 0,137462   0,249569
-0,278905   0,210924
 0,424365  -0,883439
s1
 1,76478
-3,57618
-1,46961
 1,00651
 1,07664
w2
-0,486817  -0,0729184    -1,1141   0,453826  -1,19359
  4,36048   -0,688997   0,765705    1,31229  0,602836
  1,33761     1,74332   0,829911  -0,150277    2,5798
  1,58042     1,75947  -0,827018   -1,24907  -1,13221
 -5,45557   -0,210316   -2,22281   -2,48579  -4,68939
s2
  -2,50237
   1,80123
-0,0583734
-0,0553035
  -5,75952
w3
12,7516  4,26176  15,1783  23,2003  11,3217
s3
24,514

