layers: 4
str: {2,10,10,1}
w1
 1.9739257011   0.8582413022
-2.3877905475  -0.2957823629
-0.1813092455  -1.4775347768
 0.8373164946   0.6740538439
-0.4280777280   0.4829644476
-0.8055496378   0.3395808844
 1.2116696794  -1.5599086980
 0.2360892587   0.4340423374
 2.7748379241  -1.2713890133
 0.2008671738  -0.7143761193
s1
 1.5104172477
-0.4886988994
-0.3852994507
-0.4392182067
 1.7326229796
-0.5127971129
 0.0061554655
-0.0440714290
-0.4293181008
-1.4444790113
w2
-1.1197861201   0.0952275511  -3.2340836103  -2.0987168834  -1.0325890446   1.2466364416   0.1948950001  -1.5969640538  -0.5883405582   1.2262654344
-1.2672996189   0.1005843226  -1.3972490670  -0.3850998163  -0.7398122290  -2.6427580588   0.3619157369   2.3213416239  -1.3169925364   1.0556729510
 0.5126879835  -0.2801254978  -1.8404303057  -0.8097206965  -0.9488081001   0.6718169510  -0.1102551253   0.9560299203  -2.0191552379  -1.8396645651
-1.4150005301   0.9574212303  -0.2336730676  -0.6726289796  -0.6220891182  -0.9109923713   0.5514365136   0.4961683733  -1.3812707735   0.2239663752
-0.1220089656  -1.1522655736   0.0688087628   0.5926445877   1.5821879255  -1.4245567117   1.1992861177  -0.3929628769  -0.2875621984   0.9170867719
-0.1385572147  -0.8883187834  -0.8078629359   0.0847874468  -1.1623813721   0.6508436697   0.3940490435   0.6154758204  -0.4557140625  -1.2499987430
 0.1227849343   0.8798622913   0.4869740530   0.5626903604  -1.4698306603   0.5173798038  -2.2622653776  -0.4903850595   1.2384730694  -0.0833722193
-0.6606895407   1.2137523030   0.0230599553  -0.7535845068  -0.8407888494  -0.1229705343   0.8270086569  -0.7883169975   0.8850392294   0.0200959655
 0.1670284552  -2.1624914337   0.9000496440   0.0661442959  -0.0367994753  -0.1238232200   0.3472037780  -2.5696453924   0.0393428602  -1.2756750755
-0.8149565610  -1.0358283312  -0.7475740133   0.3714639442  -1.4091818280  -1.1094962790  -2.8345937077  -0.4885407992  -0.7951633971   0.0374255520
s2
 0.6504707229
 0.4867762092
 0.3555582251
-1.3863442055
-2.8233435101
-1.8269060962
-0.2873382084
-1.7878596294
-0.4440778153
 1.3602355240
w3
1.0537056196  0.6675762548  0.4918138263  1.5398606482  0.4449506040  2.1742872546  -1.1869564773  -0.2091531700  0.5328869966  0.7508575111
s3
-0.0138345810

