layers: 5
str: {2,10,10,10,1}
w1
-0.7212597801  -0.1426031218
-0.3827918574   0.0721834258
 0.0931321814   0.8675802068
 0.6588254476   1.5326832243
 0.0589333321   2.6283393735
 0.4819171514   1.2081303069
 1.4225246707   1.1751775328
-1.8120221897   0.2072433979
 0.4961825170  -1.3566724153
 1.7439572217   0.0618928193
s1
 1.2694081392
-0.4140518500
-0.5291831982
-0.3114215112
 1.3784644793
-0.2548602327
-0.2843970061
 0.0085985062
-0.6973649970
-1.3899400334
w2
 0.1700322167  -0.8196086063  -0.5728550217   0.2132077147  -1.4466486174   0.6035192504   1.3947682475  -0.9031374042   0.4394395475  -1.3847471694
-1.1657011160   0.6949832073   1.1761920660   1.2907554489  -1.1523107285   1.1860024383   0.7161861329  -0.9087741830   0.3093155489  -0.1774125921
 1.7795237766   0.0050415332   0.8881274806  -0.3056265902  -0.0832497694  -0.6673304643  -1.2419356264  -0.1908042538  -1.3050280023   1.3788010082
 1.1592305011  -0.9117685100   0.5250630697  -0.9361628552   0.9278235095   0.8394418211   1.8870194056   0.4360638183   0.3570038575   1.9298345385
 0.3003743049   0.8209004102  -0.8829958073  -0.3311814881  -0.2282182735  -0.0953903917   0.4497251957  -0.4678253929   0.1295863173  -1.9193423505
 1.3698092976   0.8570304480   0.3144362544  -0.7323502057   1.7853623450   1.8633162394   2.0793159623  -0.3453180704   0.6874089204  -0.0710078526
-0.1977469973   0.6135290806   0.1371237857   0.3954433908   1.5983449298  -0.9802357309  -1.1343976188   0.7621096084   1.6750674072  -0.3356825623
 2.3845939026  -0.8217735792   0.4488341372   0.7636363296  -0.3305222977   0.8435675561   0.4986359978  -0.7936012943   0.5458801818  -1.7100554452
-0.6938728489   0.1839166529   2.5301559880   1.0697148440   1.4302188822   0.5763514357  -2.7556970364  -0.5069092367  -0.6335470235   0.5101473043
 1.2695639940   1.0477941177  -0.3863313516   1.2987504288  -0.6003746867  -0.2893186440  -1.5831485612  -0.4280215950   1.9361742187  -2.0358874378
s2
 0.9047156775
 1.1574383506
 1.1686717267
-0.8359641135
-2.2832697217
-0.7378338380
 1.0106715337
-1.3276983014
 0.2359970291
 2.0766407276
w3
-0.2934899831  -0.4052430802   1.2164462279  -2.5559877866   0.4909859156  -2.6019523230  -2.5374352186   0.0277016268   0.2690902067  -0.0183009056
 0.6454908832  -1.3683429998  -1.7135209521  -0.8121446122   0.2877476119   1.0663875637  -0.5436411553   0.2524895011  -1.3283713367  -0.1781009995
 0.1534722942   0.9404287392   0.3066425664  -1.9339437849   1.2652861771  -1.0208872926  -1.2491136292   0.4406097621  -0.5997147619  -1.0791209141
-0.0709118763  -1.5396744916  -1.4091713139  -0.0361075790   0.6135028509   0.7162327424  -0.3430444274  -0.2972841790   1.1680101276  -0.4118877838
-0.6693783666  -1.2703549020   1.1241537264  -0.2611240070  -1.3632547945  -1.0355732626  -0.5715260949   0.6998422910  -0.8081937809   1.5325621672
 0.7149288265   1.1374166582  -1.3329810142   1.2583393025   0.2176071386  -1.6174701758  -1.0993929389  -1.3028354952  -1.5431235991  -0.4357895160
-0.6365560207  -1.1104920550   0.0771782739   0.1877359910  -0.2655045171  -0.2997171598  -0.6904300516  -1.0821971665  -0.1966670191  -1.0427435252
 0.6452262698  -0.2247532706  -0.6458408192  -0.1390615143   0.3711012615   0.3813966564  -0.6745477553  -0.9849888577  -0.7810320775  -1.5883758947
-1.1571480006  -1.4974746145  -0.7342262624   0.8254797728  -0.1096916512  -0.2441513390   0.6913879924  -1.4782724284  -0.9907365003  -0.9351586425
 0.0513603657  -1.8834510623  -0.6907755459   1.3719654729  -0.9449671904   0.0366918623  -2.4024757025  -0.9689370728  -0.6979034259  -0.9297980088
s3
 0.9084099902
-0.0264708849
 0.4032736938
-1.4508783755
-2.4081462043
-0.6925549890
 0.4164766051
-1.2376097155
-0.0509943652
 1.6978856387
w4
-1.5162899374  0.0698683712  -0.3344030695  -0.0974813165  0.2292053619  -1.2065858316  -0.2002955280  -0.6979221794  0.1972077469  -0.4293503456
s4
-0.1746375053

