layers: 4
str: {2,10,10,1}
w1
-10.7152324614  -0.2051916218
  8.7189446927  -3.1997314918
 11.6738431919   6.0254025303
  0.0647667311   2.5502331157
 -8.3496944002   0.3960240453
  1.1288020377  -2.7385661002
 -0.3381632334   7.3785293929
 -7.9197110375   3.3574001530
 -0.1900287904  -1.0523836305
  5.3621993143  -4.4116576216
s1
 2.6448781520
 2.3062052470
-1.0458679389
10.9079919275
-0.5757633021
-8.7677434196
 5.9750675908
 9.3349515413
-7.4722949746
 3.1986196586
w2
-2.0812945457  -2.3192532075   -2.4961087492  -6.6062360871   2.3781040645   2.4960475521  -4.6011627160   -0.3668061479   1.7616073487   1.0194588572
-1.1308084029  -1.6648549401   -1.2063604514  -4.0357550586  -0.0185986226   0.7301442707  -3.1370498822   -2.9833486062   1.3886908226  -2.2951381953
-1.3737977242  -3.0979067054   -1.2045767113  -0.6859293506   0.6937731536   1.4960063600  -3.0821792557   -2.8891553058   0.5556944417  -3.5346498656
 3.4999134594   4.7605602238   -7.3130456129   2.3953369298  -5.6966189134  -2.8452287618  -6.3733872376   -4.8349829431   0.7297690810  -1.2620749167
-2.4792918631  -5.6423416015    6.8568573032  -6.1113571218   0.6697175916  -4.7583019210   5.0619615818   11.6211148238  -0.8855244894  -4.4823620044
-0.9656962528  -0.7337696305   -1.2562314321  -2.4549401397  -0.4327057730   0.0130394721  -2.4290784038   -1.7820550575   2.3091930191  -2.1595679864
 0.1971320696  -1.5281898651   -0.7754426216  -2.3741422611  -1.8032467131   1.0878662727  -2.4120428405   -2.1737214830   1.4620065817  -4.1591785799
-0.0943699681  -2.0404333032    0.0191898651  -1.4011698794  -0.7318417127  -0.6141157765  -0.6611312097   -0.1757569163  -0.2795254522  -2.3702564387
-8.4423016338  -1.0619736837  -11.3974360692   1.8490215112  -4.4873522824  -0.4473242868  -3.0891858669  -10.0998965764   1.7715756282  -0.8746219359
-0.8432626373  -2.0380720233   -0.8483787478  -3.3066720259  -1.1678550907   1.9197211825  -2.8622140706   -2.7861819967   0.0388518788  -3.6579136758
s2
 0.3607083148
-2.7600583960
-0.7180530925
-2.4488493308
-1.7105775127
-2.4537280003
-1.3659360417
-4.1883888895
-0.8072809230
-2.3747355715
w3
2.7582845327  2.0558527070  1.0916263643  0.9598092467  -2.1140990591  0.9842968019  0.4463363069  0.0990923469  1.0803104000  2.4804130761
s3
1.5250645191

