layers: 6
str: {2,10,10,10,10,1}
w1
-0.3207575055  -1.7990831205
 2.0911568222  -0.7041998081
-1.3403204395  -1.3700610653
-0.7233608757   1.2058605715
-0.4762897571   0.4553335344
 1.2259987084   0.9635084161
-0.8841239471   0.3364667519
-0.1164554061   0.5003290973
-0.2502905867   1.8492056303
-0.4086610856  -1.2019361571
s1
 1.4292026596
-0.4726372209
-0.6851668855
-0.3191079951
 1.3537125505
-0.2446514356
-0.2147531173
 0.0377085236
-0.7795832410
-1.4176261748
w2
 1.3327582282  -0.5345711409  -1.4159695555  -0.0440417411  -1.7885630660  -0.7955546738  -0.1240183499   1.2716378984   1.7635906603   0.2046755055
 1.3472976814   1.0917338880  -0.5839743780  -0.1808398758  -0.6741520276   0.3546697752   0.6151459897   0.7203920362   0.1315632934  -0.3890047734
 0.4238160518   0.9677279286  -0.0504023096  -0.0666273798   0.2181753373   1.5397512085  -1.5403235818  -0.2076941727   0.9185889547  -0.2982468927
 0.6770718313   1.2845133657  -0.7976728415   1.4359148524  -0.2586056084  -0.2511279106   0.4506804027   0.3791306204   0.2485465271   2.1775891005
 1.1203121992   0.7614151426   0.2907799842  -0.2441323916  -0.6206731975   1.9018036820   0.7416842666  -1.2023574000   0.5185002790   0.4007604606
-1.1302539251  -0.3137218274  -0.6230858002   0.4657135812   0.4697150147   0.0434709735  -0.2742897785   0.4786231650  -0.4826777577   1.2858891805
 1.7110543932   1.6304404639  -1.1002627758   0.0162271712   0.6479699962   0.7412747173   1.0034042216   1.4214611393  -0.5623740738   0.5929729740
-0.5976332498   0.1646012722  -0.2147017559   0.7405661768  -1.6723351830  -1.1564875884   0.1454850318   0.9895273935  -1.4958460774   1.3800613643
 0.1885331595  -0.0348593007   1.8119406098   0.3698937246   0.2288490780  -0.4717716014  -0.0236993417  -0.9905426531  -0.5764351078  -1.4868002508
 1.5950903236  -0.2360983562  -0.6186308732   2.1010628529   0.3339649002  -0.0443702855  -0.2823887466   0.4136781338   0.3616302501   0.6177817503
s2
 1.0746229853
 0.9096726014
 1.0064073351
-0.8714644438
-2.2284149422
-0.8589293189
 0.8937068036
-1.2789381806
 0.0088845189
 2.0635900546
w3
-0.7016911306  -1.1708308761   0.0320451996  -1.1965771748  -0.9127120629  -1.2355069243   0.1218551508   0.6498638877   0.0304443889   0.1839408072
-1.5909421914   0.2993019220   2.3671426854  -0.0214265179   0.2555770642  -1.4116360743   0.6453116262  -0.6014904840  -0.5255176232  -0.4406655854
-0.1901615561  -0.4103623759   0.1447050470   0.8313656442  -0.8113347317   0.3210277761   0.9368521274  -0.3189015350   1.1926840562  -0.2382938273
 0.1529903497  -0.3822687144   0.3264381269  -0.1646555202   0.0543408261   0.9568155325  -0.5583217777  -0.4195093008   0.6459923712  -0.3868314025
-1.1244534927   0.1383607677   0.6095233567  -1.0806175966  -1.0153546567  -0.3417342649   0.7589368831  -0.2338768581   1.3131666455  -0.3666462855
-0.1772242237   0.1260534508  -0.2827149258  -2.4357375676   1.4448334590  -3.0888302481  -1.0305302038  -0.5546117081   0.3703268543  -0.8854612063
-0.7787937286   1.4786532511   0.8075192365  -0.3044817992   0.8511291031   0.2284101906  -0.3652329743  -0.7329397516  -0.0831576745   0.5464963865
-1.0005139026   1.3366557416  -1.5913302315  -1.8819933635  -0.2760290719  -1.3610846511   0.2219850994  -0.4764343259   0.8309191559  -1.2594635896
 0.3760140441   0.2358249911  -1.1673427088   0.2927596111   0.4002099045   0.2370916787   1.6824386391  -1.4293071884   1.8478087858   2.0973519305
-1.3075460822  -2.6403113043   0.2260551629  -2.0037346512  -0.1607480908  -0.0304000852  -0.0471094969   0.1215161122   0.7123335724  -1.0738154247
s3
 0.6591247251
 0.7224798619
 1.2462746077
-1.6163868184
-2.1407107825
-0.7984126652
 1.0159401142
-1.2692466771
 0.0869959240
 1.8973462794
w4
-0.6949686478  -0.1584546050  -1.3225058023   1.0005337620  -1.9990189795  -2.0487410870   0.3553367384   0.7225572265  -0.4498586971   1.8255402186
-1.2937413110  -0.7421530342  -0.9545191036   1.7746116506   0.3037298446  -0.7860677810  -1.9485414470  -0.7534629599   0.3335286120  -0.3437586304
-1.1983272574  -0.4490113589  -1.3171804032  -0.4067741826   1.1336856172   0.6067819128  -1.0313268028   0.1731618106   0.1831875473  -0.9926876747
 2.5407722368   0.0209548176   0.1410591241   1.4232450568  -1.7620647828   0.6440083417  -0.0109308630   0.5292864138  -0.8487999430  -0.1053711496
-0.3237424891  -0.5619266779   0.6587518782  -1.8125037519  -1.9001171389  -1.9797102964  -1.0264409595   0.7186626637  -0.4776697293   1.0451234607
-2.4568834115  -0.0965842062  -1.1538320290   0.4662034683  -0.8958271014  -0.4575206171  -1.3593574530  -0.0061136671  -0.4314652569   0.2585325178
 1.2479902126  -0.5545809950  -2.3488510512  -0.6786226922   0.3640014444   1.7396105488  -0.3118985983  -0.9531899163  -1.2058380517   0.3035816022
 1.7518080328   0.1192413105  -0.7537245198  -0.4338994268  -0.7428696787  -0.5585330440  -0.3386737407   0.7547438538   0.3272658033   1.1245320458
-0.5984754780  -1.2444614521  -1.2558600741  -0.5300122940  -0.2696576428  -1.3205526252  -1.0032114105   1.6592344548   0.1691211956   1.0954604945
-0.0166187489  -0.0788543238   0.5021842060   0.5995922371   0.0108716616  -1.6287126402  -1.3965221515   0.6248407633  -1.1535053915   1.1737174959
s4
 0.2964273009
 0.2339517418
 0.4650722736
-1.7549327327
-2.2367421529
-0.8747600162
 0.3262487656
-1.7592592495
-0.0027115172
 1.1110101396
w5
-0.3563232092  -0.0319351636  -0.2181105279  0.0802605062  -1.0970177725  1.4993205074  1.4583940573  -0.0807019730  -0.7275234850  -0.2555062658
s5
0.2981573163

