layers: 4
str: {2,10,10,1}
w1
-0.3636236484  -0.7253797147
-0.2317666452  -1.2722590264
 3.7677997948  -1.9588629370
-1.4217200241   0.7235140820
 0.1682110995  -0.4378888251
 0.2963816668   0.5435773918
-0.6029048612  -0.3078299141
-1.8087730573   2.3775681382
-1.5974771782  -0.1510010156
 2.5387898599  -1.2198093572
s1
 1.6676249181
-0.2812825528
-0.4567714736
-1.3748433396
 1.6643728563
 0.2336030873
 0.5094575004
-0.4079781007
-1.1545567916
-1.0138232477
w2
 0.3310207386  -0.0725040246   0.7246187041  -1.1716437077  -2.0098854624  -0.8448250797  -0.5159911467  -0.6950733619  -1.5347911119  -1.7568502925
-0.6729310081  -1.1041852442  -0.2851947593  -1.9472972121  -1.1269675320  -0.2674120388  -2.0332190487  -1.7874900771   0.2783374681   0.6365797258
-0.1436352961   0.2424947814  -2.4003316304  -1.4773245653  -0.2546618204  -0.2883301401   0.2623968669   0.3686825660  -1.6322510566  -1.3972550628
-0.8385559253  -0.0572905004  -0.2329928961   1.5705007467   0.0245312521   0.2743345911  -1.1060933802  -1.1892984443   0.6698051847  -0.0204561088
-0.5820708585   1.3913812240  -1.7937093319  -1.2186875192   0.6068228206   1.6595828952  -0.7106555782  -0.9003216889   0.8968414901  -1.4672119330
-0.0402826131  -0.7970985142  -1.5522866252  -0.5997407102  -1.1746294740   0.9233525605   1.4304467496  -2.2513187315   0.6638324008  -0.8661862382
-0.9072303852  -1.3699331069  -1.6135132804  -0.2757013272  -0.1201001044  -0.8615522110  -0.2757957104  -0.3950815384   0.0179322431  -0.2771245613
-1.6510951020  -2.1180256605  -0.1802967001  -0.0495806362   0.0760919208   0.4021044963  -0.8071266343   0.4886523858  -0.5322142537  -0.7490985842
-1.6163399481   0.1875437117  -0.5989788818   0.3238271258   0.4216116525  -1.5621283419  -0.8454098962  -0.4953906817   0.3180842184   0.1059912465
-0.6166053265  -0.5435485619  -0.6810624206   0.7520592816  -0.9114043066  -1.0426659563  -1.5064312773  -0.8190745683   0.1116455507  -1.4839576271
s2
 0.5325193080
-0.4897513355
 0.5926155404
-2.0312392924
-2.0477225096
-0.5233140470
 0.1488875371
-1.6460912613
-0.7336679516
 0.4874659718
w3
-0.2904358546  1.9085477241  1.6086415586  -0.0970243830  1.2740260364  1.4461609616  0.6771546754  -0.2401624070  0.0052658532  0.5475476968
s3
-0.6151250951

