layers: 4
str: {2,10,10,1}
w1
 3.3714349808   2.2987608011
-6.9698401297  -1.6853957591
 0.1453760596  -1.9615620620
-1.4013380053   1.2291011364
 0.2503461495   0.7344627759
-4.2506645329   1.8392048461
 2.8971690659  -2.9974178583
 4.0910615979   1.1199670309
 7.2193629441  -3.9645521769
 4.1114780796  -1.9579666797
s1
 1.5179679382
-0.9727827885
-1.7580785782
-1.9483369650
 0.3827173739
-6.9632224613
-0.8783375311
-2.7908210223
-0.4371165622
-5.6486163982
w2
-1.8970766625  -1.1834154395  -2.9822965326  -2.7232479574  -1.3868091468   0.2226951327   0.8204214426  -1.7591543643  -0.9842243201   2.9996470519
-2.8982372614   0.5181245345  -0.8835165441  -0.7467061074  -0.4001828877  -4.2026951504   0.4683408433   1.3182294772  -4.3501373620   1.8951265790
 0.6625913031  -1.8932862610  -1.7256205691  -1.1160288496  -1.5485497749  -0.5541886427  -0.1272613634   0.1328207929  -3.1288440103  -1.8775227910
-1.0273192915  -0.1185039431  -0.6408726011  -1.0284805235   0.4000265596  -2.5391056757   1.2315695148   0.3435200241  -3.7600652797   1.2064794245
-1.0138928038  -1.8529857626   0.2484991899   1.1224477169   1.6012573982  -1.8196743029   1.0426214427  -1.0288995981  -2.2886494489   1.4466788831
 0.4276360203  -2.0243124036  -0.9167519795   0.0071747774  -1.3480756718  -0.0472583464   0.0492023048   0.2365532618  -1.5478832866  -1.1327943786
-0.2836668876   0.1480153909  -0.3842595895  -0.2991564184  -1.9681340056   0.5797727958  -2.7454404477  -0.5798776303   5.1091932700  -3.2459704050
-1.1443382005   0.6021911043  -0.6159482447  -0.9102552865  -1.4226372772  -0.1997992593   0.2133888663  -0.9296550173   0.8701369960  -0.5667521102
 0.0612358038  -4.3976067085   1.7767627787   0.5248502222   0.0380080973  -1.1515063975   0.2218243974  -3.8739516470  -1.8799438865  -0.0235906091
-0.2657646078  -2.2135053591  -1.0082390502   0.4470782802  -1.4800975530  -2.2812355469  -2.9555291177  -1.2706256827  -1.7069642946  -0.1580399433
s2
 0.0531952747
 0.6727095469
-0.2644502670
-1.2105143827
-2.4671325431
-2.1814457714
-1.1369843324
-2.5610457638
 0.1766411804
 1.2180660089
w3
0.8271440039  1.7310933928  1.2757340282  1.4860972438  1.7501752782  1.9842762771  -1.0687709948  -0.2947984449  1.9447489907  1.6132897638
s3
-0.7811587013

