layers: 5
str: {2,10,10,10,1}
w1
 7.0575862754  -2.5796437335
-1.0726092702   1.0094702844
 5.5113654924  -2.6829272118
 2.5746854184   2.6892628549
 6.9038963342   1.9706074165
 0.5757175566   3.3844211660
-4.2501830629   1.3296397938
-5.0681042338   0.1267806834
 6.2323142819  -2.7608584818
 7.3312566309  -4.3254608325
s1
10.3940412195
-3.6006435518
-1.4676440144
 0.0433164033
 5.8630737394
-2.1429109935
 5.6869314839
-5.4287286683
-9.5790121373
-0.2060539252
w2
 2.7567807115  -1.1794581168  -0.9258779641   0.1765215408  -4.7437072497  -0.2165419157   0.2903099256  -3.2421266253  1.6496668279  -2.0584223505
-2.5366444658   0.3453588283   1.7768746406   1.3412650181  -3.2265218549   0.6389740713  -0.5719194825  -0.9364700681  2.9769861752   1.0688958496
 1.1111908199  -1.0176652727   0.8117871816   0.3719913177  -1.9344062751  -1.0433497931  -4.7321819521  -0.7843853041  2.3742394117   1.1817442088
 0.1582649526  -1.1014305613   0.4945384171   0.6899822519   3.6690019046   2.3901640033   0.8796895389  -1.9399066671  1.2797373920   1.5815941427
 0.1463785334   0.6496386869  -0.8655709368  -0.2390922021  -0.1828261433  -0.0577671566   0.2877010491  -1.0131138269  0.0296978897  -1.7934813463
 1.2596373652   1.8062182713   0.5331594548   0.3519615110   3.6783570162   4.3874304347   1.3251308224  -3.0765684681  2.1367327226  -0.5384607381
-0.0252179698   1.9498931775  -1.7613736010  -0.1840140484   2.6371554924  -0.9295241718  -0.7902152723   2.7476124873  5.0387232413  -3.5868605323
 6.7223081157  -1.7005239565   0.1414127021   1.6515263204  -0.3156491230   0.1824249793   0.2133308376  -4.8928693071  1.9407565495  -2.4391371478
-2.1491155413  -0.6042949988   3.4515008986   3.0121188015  -0.1773581691   1.0710868808  -3.8622167744  -1.6680333003  0.3456192944   2.5722684840
 6.0600949361   1.3668190578  -2.1358614242   3.6274072455  -5.1373499490   0.3247813833  -2.7211813219  -1.3999991248  6.3704542299  -5.3345323326
s2
 0.0391023967
-0.0560842446
-0.3828208837
-2.7259314816
-2.6624791563
-3.1127693935
 1.6468197903
-1.3540921100
-1.3066862258
 1.1122351590
w3
-0.6717540201  -0.4535309858   1.4115723894  -3.1342271844   0.3383153316  -3.5845797304  -2.7818201970  -1.5913106539   0.9867168266  -0.0225450926
 2.8538016297  -3.0835507355  -0.8778054787  -3.2167321787   0.5226391980  -0.7733253499  -2.6736359030   3.2854600288  -3.4514245567   2.7947465896
-0.6676239578   0.8854473651   0.2692740512  -1.2477188425   1.0113733722  -1.5295625421  -2.6287183229  -0.0731512543  -1.1910556705  -2.9627535993
-1.7198966516  -2.0077764130  -3.2128745690   2.6066098327   0.4471231723   2.7274969624  -2.5577480590  -3.4961725290   2.5277391588  -5.1902636434
 0.1584196900  -3.0742080837   0.8268828450  -1.3141254406  -1.1420822918  -2.5675057337  -0.3734844083   1.9851974330  -2.5311535791   2.2085337075
 0.3273084545   1.2100951083  -1.4186646708   0.3646758517   0.0144503303  -2.8470499837  -0.8607297594  -2.8454535230  -1.0904643492  -0.7055519772
-0.8959494670  -0.6407727249   0.1025307531   0.1354157243  -0.5554097891  -1.5951767037  -1.6362678214  -1.8967757808   0.1512205593  -1.8663451301
 0.4804177926   0.3385960198  -0.6535906030   0.0159347011   0.2045316973  -1.0935102026  -0.9632741013  -2.0315946256  -0.2877183614  -2.3569398654
-1.1807474328  -0.9363987794  -0.8828850297  -0.7018755989  -0.3752325306  -2.6438630552   0.0862342347  -2.9128942470  -0.7005225879  -1.2036821836
-1.4651618035  -1.3050861362  -0.1350110432   1.7086693245  -1.2242715414  -0.6487174395  -2.1632409472  -3.3994166783  -0.9031241382  -2.7529587546
s3
 0.4849142247
-3.9827171713
 0.1952672229
-0.4674621756
-3.7301542591
-1.8266325361
-0.4963312353
-1.4396377008
-1.9619520082
 0.6391265021
w4
-0.9351102632  1.4901093503  -1.7924962836  -0.9115069351  1.2974465964  -1.5101161187  -1.7265049152  -1.8465025203  -1.4583660729  -1.6319784552
s4
0.2196205691

