layers: 5
str: {2,10,10,10,1}
w1
 0.5562990600   1.2333481263
-1.6363973325   2.1052359256
-0.2780632181   0.4913346829
 0.7302745385  -0.1296443315
-0.4553921483  -0.0284192189
-0.4424394099   0.3427881287
-1.2014920607  -0.5996578278
 0.1297849341  -0.2739431456
 0.0726237348   1.8784039417
 2.0255973849   1.4367459382
s1
 1.4113892960
-0.5461093775
-0.7645174601
-0.3019443359
 1.4809042954
-0.2407945481
-0.2000533341
 0.0740134240
-0.7819682225
-1.4434754674
w2
-0.4258472091   0.2285816873   0.1191797804   1.1524518259   1.0244896246   2.6607140926  -0.2299807826   2.6827073980  -0.3405021055  -0.7671589039
 0.0196975252  -0.0075619920   0.5929577516  -1.1981120579   0.1775512676  -0.5319199807   1.6896224657  -0.7497803823  -0.7693265213   0.8111569282
 0.7162718991  -0.5818878163   0.4129072684   0.1359566320   1.0932046441   0.8037538910   0.1684666611  -0.3309624553  -0.3752413789   1.2451212755
-0.1882792129   2.1187966678   1.0870569871   0.9998699857   1.7091351577   1.1539574365   0.7210435738  -0.7189669487  -0.4743416422   0.4528940427
 0.9539486329  -1.1896521887   1.6424923495   0.9696841907   0.5043799617   1.9418839585  -0.1195792571   1.3008133888   0.8425050959   0.7601753398
-1.2572342985   0.7379323556   1.0157977946   0.7031055613  -1.3847514613   0.0920860301  -0.9450588368   0.7978886131  -0.8646470132   0.9228269108
 0.6214656612   0.1123423477   0.1378721032  -0.7300587818  -1.1345936093  -0.4024551306   0.0416009887  -0.9609638871   1.5301184526   0.3991151012
 0.7216997619  -1.6082541819  -0.4202145079  -0.3221431509   0.4212526003   0.6834857139   0.2510195472   0.8851781733  -0.4822682936   1.4786093371
 0.4893507456  -0.1586455902   0.8903097890  -0.2458310929  -0.5370261771   0.7116733092  -1.8566713879  -1.1015574271   0.3589275256  -1.0972616512
-1.2357764748  -0.1587276280  -0.6652307617   1.1836729891   1.9772345210  -0.2263182154   0.4995893192  -0.3782167350   0.1088283889   0.7902137240
s2
 1.0499815450
 0.7011481221
 1.0411208181
-0.9207785481
-2.1945465540
-0.9712063730
 0.8997628494
-1.0068488218
-0.1290092913
 2.1777676705
w3
-1.8972347915  -0.1201499619  -0.1765244696  -1.1260442111   0.4122261054   1.7884659881  -1.6817090745  -1.6804610593   0.9726865564  -1.1055731669
-1.1343117467  -0.3209017122   1.0877482872  -0.0679776766  -0.9550067581   0.2405566062  -0.7078968370  -0.9986862603  -0.3187685456  -0.6446367794
-0.7055768616   0.2381230828   0.3522228243  -0.0197383523  -0.5292592248   1.2905459232  -2.0387789664  -0.7975468039   1.5219844951   0.4521901314
 0.5486326693  -0.9401621560  -0.7079983788   0.2284244841  -0.2735531225  -0.5695263753   1.0791474469   0.5637267072  -1.0412804777  -0.6542248938
 0.1096223768   1.0985697089  -0.3690825625   0.2196671527   0.2881670634   0.0070526688  -0.5271138080  -0.3660609792  -0.1578317089  -1.0704669447
 0.4739585226   0.4036574120  -0.5696132516  -1.1863763438  -1.3506017864   0.1043637054   0.4981668100   0.2187301101   1.0921139636  -0.0143746156
-0.0063428748   0.6838773869   0.1258661833  -0.6480552704   0.2949273352  -1.0319860330  -0.0616013105  -0.3429733494  -0.6696903916  -2.9642429679
 0.5610187162  -0.7765688531  -0.5790366017  -0.2111083002  -0.1042828685  -0.5912097759   0.5696671417  -0.2611497913   1.3417866174   0.2542521694
-0.2445633693   0.1527603863  -1.1949820068  -0.0877363994  -0.4998855908  -0.0900165066   0.9525406213  -0.5536111294   0.5061866086  -2.5285917259
 0.3361032335  -0.7931727690  -0.9413880624   0.1973026482  -0.6315417543   0.7814971972   0.5158876000  -0.4262551153  -1.5631046969  -1.9056869660
s3
 0.8143778297
 0.4237381253
 0.3631569582
-1.2962660699
-2.4235804798
-1.1595958098
 0.3746142371
-1.8220367044
-0.1780459087
 1.4229396534
w4
0.8480507169  -0.3869980746  -0.2488358858  -0.0463573917  -0.5539904431  0.1445119069  0.7760986225  0.2128789266  -0.9653236730  -0.1944159143
s4
0.1983236554

