layers: 4
str: {2,10,10,1}
w1
 -6.2180863514  -4.6292701936
  7.3622951290  -4.4205575491
-12.3790622235  -3.0504530997
 -4.8918271951  -0.9955649340
 -4.8577230000   4.4420896399
 -6.5976936298   2.7486955128
  7.6770580271  -3.3798211079
 -7.8430521632  -2.2684625364
 -1.7628664871   2.5540227753
  0.3256600363  -4.0943877176
s1
-5.0794724372
-0.0436524644
-1.2263014200
-6.9651637546
 0.5037692642
 9.1157917400
12.0944245962
-7.3644667926
-6.9445113081
-5.7681520536
w2
 1.9728603024  -2.3463403299   1.3079068669  -1.0296865044  -0.7117764089  -0.4602342701  -3.5423712329  -2.6301922416  -0.5330249467   0.2883357971
 1.4204553062  -0.2682954296  -1.8414387116   0.4749009879  -4.1127914654  -7.0957449879   0.4067857622  -0.3681682547  -0.2110109782  -3.4929877661
 5.8036875949  -8.3580657612  -6.0048124824  -1.9512860637  -4.2738000009  -2.0542599511   5.4960904940   2.0503825181  -3.7080829970  -2.2473564480
 1.3852986068  -0.5701054278  -0.9287952864   0.2620597724  -1.1934815639   0.1140467484  -2.8364218877   1.6748213432  -1.8966189166  -0.2076426362
 6.4569309878  -5.0272692438  -3.4652019819  -1.4465013778   2.0465761976  -3.7438278040   5.6291492334  -1.0417181879  -0.6737550076   0.5166587312
-0.4420459003  -0.9988423137  -1.2851999169   0.5882975317  -1.9240790312  -0.7369678543  -1.0686984224  -0.9313535484  -0.1576385250   1.6231221923
-1.5377067071  -0.8281303641   0.2334966622   0.4968892303  -0.5759602227  -0.7488496939  -1.6852955037   1.0771082335   2.1872338853  -2.3776764260
 1.1269378604   3.3064469699   2.2271083093   1.9310328859  -2.3096361388  -1.4783776706  -4.3855528186  -0.4081084376  -3.7722528229   3.0373565760
 2.0718303589  -0.3507460721   0.3200678124   0.5667436068  -2.3432489535   0.2295968404  -3.3382693086   0.2529560432  -2.4035911207  -0.4487146957
-2.2792953254   0.0624468232   6.3841951829  -4.8196499540  -4.7640858822   3.4582707353  -5.7097263192  -6.7405373451   0.1340303104   0.7900081208
s2
-0.7643543829
 0.7166606398
-0.4756297922
-2.8008824857
-3.5426366113
-2.5564741445
-0.0421278245
-4.3580545462
-2.0765261186
-0.4846376347
w3
-1.5544615667  1.2603005652  1.6716961244  -1.0063703399  1.2887390816  0.3395735232  0.7904249644  -1.0452662589  -1.0524560299  -2.6619842461
s3
-0.3441906177

