layers: 5
str: {2,10,10,10,1}
w1
-0.9539160601  -0.8649217937
-0.9623721119  -2.0250801964
-7.2845675167  -2.6860520108
 7.6521418942   4.4579423446
 5.2540463989  -0.0873937268
-0.3166425664  -0.7598793353
-1.1107217083  -3.0820218634
 0.5599754426  -1.1172324909
-1.5548450145   6.6759937644
-0.1719851232  -0.7419742905
s1
-5.7672868617
-6.6270188107
 0.8824515167
-1.6721077026
-9.1838701918
-4.1296304236
-7.6911251314
-8.2832626229
 0.3576823810
-6.3649528523
w2
-0.9171510743   2.8713173758  -3.4486198823   0.0419467217   3.0665492450   0.4812163673   0.6387435200   0.3940415284  -2.9910739385  -0.4791859225
 0.1150333308   0.3592144199   5.3694094008  -6.2691738322  -5.6272852532   1.5180511899   1.9222594686  -1.7634276006   0.2477963705  -2.3009892903
 0.3580338421  -2.0412792619  -1.6171586691  -3.9389696811   3.7600123319  -0.4956976537  -2.0707717307   1.6990970910  -5.3149837724   1.0611387326
-2.8165886739  -0.0204293753  -1.4909320782  -0.9605299482   1.3055578743  -0.1519321927  -1.4943533835  -1.2192646769  -0.0121334399   0.0635572437
 1.4958187069   2.5935914586  -3.1098648459  -0.1788358815  -0.4245079523   0.8043979833   2.1057067011   0.1119430780   1.0427829574  -0.0507585318
-1.9384649780  -1.7059809161  -3.2352956553  -3.1403095815   1.1965175864  -0.3415394584  -2.5129482294   2.4464949763  -1.9183230606   2.9033394399
-1.8853779924  -1.9181130451  -0.1544994813   2.1505734902  -0.2201546870  -1.0990404290  -2.3340836395  -2.0754175197   3.4862321178   0.4506041307
-1.6280185432   1.3833666961  -3.6755732550   1.8835283056  -2.1809447516   1.4843741738   2.2872913324  -2.9505264970   7.2394523368   2.2516186813
 0.3382607664  -0.7978244000  -1.8214322663  -0.9582169340  -1.2605669987  -0.3059105821  -1.0929013487  -1.2807648369  -0.5671003741   0.1115436123
-0.4067202144   0.5039384622  -4.4103688875   4.0237394130  -3.4169942680  -1.0940629416   0.9856113835  -3.8945312659   2.8875959273  -2.9540180042
s2
-1.7646281720
-0.4163900257
-2.8363801011
-2.0270871009
-5.2423968240
-5.2972814149
 3.5938240001
-1.6646300898
-0.4933640848
 2.0095210245
w3
-2.0872909322  -0.2364104204  -2.9073175755   0.4107786920  -2.1588626640  -4.0381688184  -5.6952839798  -3.5735725247   0.5487227771  -1.3307956744
-0.6705101721  -0.2958808847   0.0990278188   2.0203238627  -0.3478315962  -1.3649396532  -2.6993087695  -3.5093929457   0.0397781450  -2.3233548814
-2.0310231974  -2.8401470819   0.6135787799   0.6499477071  -3.7564140252   4.5369360531  -2.1914905490  -4.0207450654   1.5448101015  -2.3621960726
-1.1571177178   3.2515768485  -4.8174122413  -1.0838790326   0.3195577056  -1.3856733829  -4.5337281844  -2.6038355956  -0.4264240615  -1.6750772191
-3.6047131320  -5.1802259654  -1.2991420609   0.1461876143  -2.0325574045   0.5479712303  -1.5008170328   4.9132020511   1.1677713656   2.5290966338
-0.5094110623   0.0069311020   0.0125630276  -0.4419929797  -2.5644294266   0.6513143269  -4.5714891818  -4.7750796943  -0.7225063496  -1.3440751407
 0.5996213244  -5.9596662320   3.7155661919   1.0015161118   1.6590667286  -2.3076221560  -3.3349093407  -5.9633086761  -1.7407774637  -4.4291762186
-2.4130146622  -2.4251702504  -1.2291004557   0.4777685367   1.7673721575   0.5146546969  -2.9963752442  -0.2118069612   0.3918409918  -4.8815655587
-0.8114278530  -1.3038772670   2.0489310711  -0.1230309572  -2.0550804690  -4.5133620294  -1.8291164694  -4.7671802694  -0.2954828654  -2.8202702221
-1.5106638643  -2.1665470634  -0.2740626820  -1.0583018284  -3.6742639959  -0.5640336025  -1.8336365620  -4.7845071740   0.1424814330  -2.6463311756
s3
-4.0244344601
-1.8469682293
-2.2173351690
-7.1421421677
-1.8374299334
-2.2543750137
 1.2815818580
-2.2565829037
-2.7607723600
-0.9231589813
w4
1.5785485857  0.1685661169  2.9149958107  0.5358794615  3.0841850134  2.2804214247  -2.4171315726  2.4982154282  0.8439845744  0.9119699654
s4
-0.6024921648

