layers: 6
str: {2,10,10,10,10,1}
w1
-1.9991670309   1.2475222095
 1.0712453406   0.0257133256
-0.5235754786  -0.9451984225
 1.2755284381  -1.8082063740
 3.4801905695  -1.9437473596
 1.9734984001  -1.1522987388
 1.9231460693  -0.9846327630
 2.2759427916   0.7978747316
 0.4928524562   0.0674181334
 0.8731453358   0.2210481895
s1
 0.4935496159
-0.4963061677
-0.6058571982
 0.1357988862
 0.7668757155
 0.9156440867
 2.0589039226
-0.2806566030
-1.2450655101
-1.6750931520
w2
 1.0057763449  -0.8662880828   0.1080250604  -1.5339418693  -3.0121354748   0.6752472201  -0.1554768797   0.4560560482  -0.0681660626  -1.8364331100
 1.0538721982  -0.9504173927  -0.1149826288  -0.1997034383  -1.7450999684  -3.5532443805  -2.6498753805   0.3370684131   0.6197856412  -0.1435263643
-0.3591549993   0.6441738902  -0.7921941264  -0.4837255504   1.4613668987  -0.0165170960   1.6541391184   0.5192848279   0.6785369476   0.1729649205
-1.6235552192   0.9581532284   0.6392731556  -0.0351237096   2.4914615312   1.6895961098  -0.8223557614  -0.0146855934   0.7984607464  -0.3153139281
 0.2014407971   0.2379059956   1.1043273286  -0.9741427759   0.1241628146   0.3235405601  -1.7057090646  -0.1136880570  -0.8716047466  -1.0898760183
 0.2682852323   0.6487035953  -0.9291892455   1.9201394920   0.6888395914   0.5201660656   1.9421823176   0.7804498984   0.6072977715  -1.6820815648
 1.4889298046  -0.2753034057  -1.1365727828   0.2164276387   0.3829521544   0.6057981894   1.4283982202  -0.7037531525  -0.1837302031   0.7593366990
 2.9214928320   0.5901007204  -1.4089080326  -0.9029866731  -0.4732775921  -1.1696812374  -1.2022413153   0.7480300312   1.0794121250   0.1785371207
-0.7606736647   0.5042248417  -0.1091816360  -1.9043352543   2.1049944557   1.7253874379   0.3004477180  -0.5737345418  -0.6144730896  -0.2488218673
-2.6415089088  -0.4046806730  -0.4560046185  -0.7702976708   2.2350831036   0.2085411336  -0.3308406691   0.3292414512   1.4533774175   0.5975589482
s2
 1.6310769838
 0.1029950052
 0.7033419137
-1.5877875599
-2.0586567590
-0.8514783565
 0.9544753254
-1.1606922833
-0.5146884838
 1.4263939463
w3
-2.3910155439   2.7034135167  -1.0437603605   2.5716310900   1.5908382059  -0.9552929980  -2.1575618069  -0.5135610852   2.4944420164   1.7852679217
-0.2579109178   0.3468322471   1.2714316625  -0.6209618726  -0.6681999481   0.8507939563   1.1189070270   0.6972820009   1.1358963876   0.0475022737
-1.8919201050  -1.6087696988   1.1450073863   1.3867792816  -0.3389456000   1.9339445975  -0.3617430651  -1.7419598901   1.7547241084   2.5290005355
-0.1113636861  -0.1591811078   0.3117398494  -0.4945441656  -0.4370401197  -1.1885282773  -0.7067700767  -0.0907410580   0.3204096567  -0.0809957798
-1.9922489902   0.5008428627   0.5330926141  -1.0845227249  -1.2388242084  -1.6505561074   0.5966038049  -0.2256556514   1.4111937337   0.1925710538
 1.4940540862   1.2623276666   0.5773584433   1.2515223883   0.8131888827   0.8546617105  -0.3742113206   0.6334794724   0.7712540730   0.1598650569
 0.6248034864  -0.5869732131   2.8899833917   0.5690372585   0.0618155846   0.4345051816   1.7146193092   1.5465100149  -0.2868283294  -0.7118733185
-0.2128395343  -1.3497130449   0.7942587727  -1.6209907742  -0.3027149788   1.4506600357  -0.0054814864   0.6348513228   0.6170844605  -0.5560923999
 1.9263430616  -0.8261953288  -0.8903015139  -0.5072780809  -0.7645212029   0.4794072215   0.3870458428  -0.4857753186  -1.3838100648  -0.2586397110
 1.2428202996  -0.5384547752   0.4933875730   1.3783837340  -1.3448824949   0.9826116953   0.0908610654   0.4481393321   0.7806467841  -1.9289583491
s3
 1.0026967441
 0.8171740505
 1.0254790375
-1.1996050998
-2.3958687972
-0.9360633561
 0.8981673414
-1.2979845378
 0.0508012397
 2.2707373194
w4
-2.9447689770  -0.9781831477   1.8829319828  -0.1305554103   0.6431209192  -1.0015759865   0.2913851728   0.2262681689  -0.0196174992  -1.5400787945
-0.6669142394  -1.4521185320  -0.3685092382   0.6260942225   0.7934685281  -0.4688329917  -0.2244175956  -0.6621498507   0.3875290921  -1.7645608491
-1.2652864947   0.6848480106   1.5340264582  -0.1602201924   0.1760964522  -1.4458062867  -1.7876344243  -0.9537399592   0.9170317070  -2.1037714448
-1.8868844391  -0.1720872435   1.1517404750   1.9457363422  -1.5864454583  -1.4626329942   0.1848045847   0.3658912482   0.5170759914  -0.9087456974
 1.3560272932  -0.3753462058   0.7781884992   0.0690772368  -1.5690656090  -0.5866664703  -1.8176586030   0.5690532794  -1.3843854652  -0.2064967670
-1.2242851278  -0.8417653478  -3.0265898472  -0.3361764437  -0.7910403236  -0.4324306389   0.9192614051  -2.1167757487   0.4425437529   0.1216409408
-2.8739684250  -2.3453793241  -0.0376397653   0.2021083198   0.2022101823  -0.0770889556  -0.3201827528   0.4864215453  -0.9397488909   0.8645819236
 0.3553727223  -3.1943258073   0.3811376633  -0.7899175071   0.3320480142   0.7076334820  -1.4187360452  -0.3396888717   0.7058545320   1.1184111115
-2.9397987908   0.4106822584   1.7552617336  -0.1937338838   1.0836203254  -1.0080918292  -1.5978953397   0.8090824224   1.8409779413  -1.7022700616
 0.3299449481  -1.5714503324  -0.8058423112   0.3287016203  -0.1537211025  -0.4861393616  -0.8044185507   0.0442216584  -1.4147501403  -0.9883349663
s4
 0.2963132302
 0.2977419321
 0.7339943520
-1.2584790957
-2.3694016326
-1.1358111165
 0.3970309332
-1.8809367628
-0.2150983155
 0.8699146235
w5
1.0160350439  0.0641429178  0.9764369979  1.0978316153  -0.6147567064  -0.8476456313  0.6719787962  0.0072599530  0.9590485217  -0.3615946989
s5
-0.1755399399

