layers: 6
str: {2,10,10,10,10,1}
w1
-0.1667246879  -1.8658931922
 0.9983162978   0.7921086162
 2.1470585643  -1.1024358948
-0.0790012450   1.9431473316
 1.3482739357  -1.3431878400
-0.1532005130   0.2473424868
 1.4236579303  -0.7877990397
 1.9317061657  -0.4989342018
-0.6371422002   0.6142337979
-0.3252759568   2.1575323002
s1
 1.3950886449
-0.4488834097
-0.3695250905
-0.3531112576
 1.4515302043
-0.2793455903
-0.0103511339
 0.0092864580
-0.8283360770
-1.4698744401
w2
-0.7605975445   0.1343367933   1.1132029157   2.2519067220  -0.1667577688   1.0783268172   0.5109041171  -0.5052557229  -0.0354898422  -0.0549472837
-0.9121668446  -0.2404839326  -1.8842398985  -1.0627407530  -1.0585901028   0.1046726642  -1.9824925130  -0.4647158755   0.2411397411  -0.4302700418
-1.3400547331  -0.3395135451   1.1333540169   0.2882846945   0.2183417777   0.8555746344  -0.6296863819   0.6794726746   0.7861614114   0.8487137106
 0.8288632081  -0.4502369546   1.2847748472   0.9079514488  -0.8574196029  -0.1541423925   0.8207585246   0.3357696899   1.1276735857   1.0834961215
-0.6201795508   3.1324194106   1.2806470497  -1.1022325313   0.0088589241   0.5158021236   0.9479661514   0.2455581222  -0.8910176369  -0.5566853786
 1.6990500466   0.3673145570  -0.4176796952   1.4718190528   0.5863831397  -0.4764519004   1.0684641415   0.8868767853   1.1678658299   0.7749648387
-1.4105282841   0.4366287894  -0.8344540217   1.3105312278   1.1911011057  -0.2130701939  -0.1696903100  -0.9857716342  -0.7113681066  -1.7137070278
-0.4518980319  -0.7763894137   0.6243440610   0.2917888392  -0.4648132295  -0.7965768182   1.0092948350   0.3726354564  -0.5224788312   0.6884150220
-0.0080936358   0.4444368046  -0.5140563306   1.0937870922   0.2362553035   0.1698561751  -0.2447918473   0.8882095525  -1.1335416680  -1.0857602926
 1.4351511599   1.5115395578  -0.9891697496  -0.5337165269  -1.2821282766   0.1885343934  -0.4396619205  -1.0989979894   1.3027128497   0.9453914573
s2
 1.0029848774
 0.6753122024
 0.9910384902
-0.9974311710
-2.0436085044
-0.7221586264
 0.9112146674
-1.2513863298
 0.1377700680
 2.0318070650
w3
-0.0490591563   0.4214071043  -0.6959516832  -2.0114935750   0.5430631598  -0.9453022741   0.8770435108   1.7345371023  -1.4107190142  -0.6557690286
 0.0652922296   2.1960905073   1.0203930706   0.8366488884   2.3647236792  -1.1610079497  -1.3497674899   1.2039036813  -0.2878047067  -1.0263579968
 0.7853761675  -0.6456180645  -0.0013697527   0.5231893507  -0.4527861850   0.2870181535   0.1620420509  -0.9953278418  -1.3966998463   1.8769751764
 0.7627036265   0.4209781076  -0.3537849874  -0.4244866238   1.0580435619   1.2055663741  -1.7735637552   0.1416679944   1.5013914325  -0.9930627783
 0.8956697545   0.4494487439  -1.6428844167  -0.1209007069   0.1057929995   1.5496226564   0.0016524588  -0.3147442317  -0.5160225952  -0.7626794951
-0.4991497568  -0.6141175239  -0.8760569836  -0.5401886540   1.7073512937   1.7956529814   1.0189519932  -2.0649711535   0.8844180681  -0.0224850881
-0.6629583258   1.5094377516   0.4919264378   0.2740345021  -1.2388495467   0.8857968785   0.4462351856   1.4965564449  -0.5699621301   1.0641207808
-1.2341133646  -0.5484425650   0.0339834927   0.1813754557  -2.0559153809  -0.6140681422   1.2804582631   0.3079423520  -1.9547774391   0.9986233822
 0.5098925498  -0.4579465649   1.0068317080  -0.3705709894  -1.8913279198  -0.3060417743   0.9321755439   1.0370852049   0.6000945178   0.7080584527
-0.2764443832   0.1732427623   1.1992709306  -0.1507645760   1.2957966366  -1.2542666445  -1.3979917183   1.6100445535  -0.4051862200   1.1991070058
s3
 0.9090440351
 0.5122889761
 1.1017150949
-0.9496004356
-2.3919050093
-0.6023750633
 1.2440876586
-1.3568959365
-0.0118892872
 2.1852145007
w4
 1.2396696902   0.1547291854  -2.3465439221   1.1904797527  -0.0002825207  -1.8875252688  -0.8435762187   0.3127345324  -0.4563011983   0.2784282827
-1.0385871170   0.9320022702  -1.5462161350  -2.0473063774   0.4657339572  -0.1180348654  -1.7910830721   0.1502625924  -0.3667294589  -1.3500600070
-0.2351124982  -0.7460449152  -0.0669690763   1.0276104703   1.1203165415  -1.2842604244  -0.6943440910   0.1406067264  -2.1664686394  -0.6060013598
-2.7561398968   0.8116007586  -0.4359312414  -2.0603561506   0.1457964348   0.3013807510  -0.8347874783  -2.6777026677  -0.7167129522  -0.7696116587
 0.3793970257  -1.3860917902   0.1192377985  -0.6941875355   0.1898098552   1.0511310021  -1.3525958257  -0.1700442353  -0.1263734634  -1.2191450533
 0.8487850793   0.0215552625  -0.8551358358  -0.4201068477   1.3324808633  -0.0132752044   0.2098103621  -0.0744751023  -0.0708680116  -1.4769559020
-0.6002418117  -1.5474928157   0.9325921831  -0.1726142476   0.7572161937  -0.4555488463  -0.5593287924  -0.5993494686  -1.0665613326  -1.3044456441
-0.1674764246  -2.6833351454   0.1128465308  -0.6393631428   0.3596627286  -0.0910619880   0.4616224324   0.1413809583   2.1823258421  -1.2136566665
 0.1083886374  -0.2419465601   1.9795017159  -0.3558635420  -2.0989062220   0.1383176080  -2.9763087450   0.2478583118  -0.8789626012  -1.5701325638
 0.7567952281  -0.4222546994  -0.4048621840   0.3038188952  -0.2816107241   0.0198486929  -2.2989496049   0.5503627051   0.0406144211  -1.1763369205
s4
 0.2089024374
-0.1219548740
 0.6431380875
-1.3750365977
-2.3460741226
-1.1697998953
 0.2132052512
-1.3281090622
-0.0880588527
 0.7583050600
w5
-0.1425633802  -1.9157683028  -0.0793122621  0.8380834709  -0.9217131620  0.0439942461  0.2422028532  1.1189185583  -0.2494923710  0.0819732061
s5
-0.3705279743

