layers: 5
str: {2,10,10,10,1}
w1
-3.2697615597   1.2212468838
-2.4432014482  -0.2955118230
 2.1806331979  -0.9728531188
-3.5134824329   1.7322513861
-0.6899488178  -1.0401533157
-0.2335261522  -0.8120068187
-3.8591466638   2.1213964438
-0.8490628219   0.8100880882
-2.9466654680   1.2843179490
 4.4889346712  -1.5992908478
s1
 3.2696844515
-0.5702317113
-1.4013820460
 0.0931974808
 1.4962811777
 0.3713343742
-0.2224886608
-0.2343911971
 0.3891439746
-5.4471965009
w2
 1.4112543102   0.8935322967  -2.4835106119   2.0717403467  -0.2502279375  -2.6332533862  -0.5236929474  -1.0995207540   2.0770260100  -0.6905969011
-0.0330711389   0.8241553410   0.0054911197   1.2120396228  -0.2448761669  -0.5328068546   1.2449797411  -0.3053651295  -0.5668234788   0.5770870480
 0.5998423127   0.8963972354   0.3181155666   0.4695590256  -0.7739409085  -0.2500436331  -0.9217628498  -0.5975904021  -0.2931962252   2.2784325176
 0.0114711900   0.0003191291  -1.9637559094   0.3695397949   0.5760708197  -0.7204226792  -0.3535983478  -2.0657692064  -0.1937535925   0.2802103853
 0.9291932492  -0.0599064900  -1.1874030636   0.5837487821   0.1942295894   1.8946812255   0.9940862346   0.6444703643   0.7522028294  -1.1768414640
-0.1927751821  -0.8838373704   0.8235836730   1.1445866887  -0.1035671898  -0.0782676702  -0.2285901297  -0.7357429159   2.1295368350   0.6577768851
 1.5075058510  -1.0378683481   0.0742536082  -0.7875870437   0.5113715619  -0.2325064756  -3.4425663929   0.0550387023  -1.2264266657  -0.1691909639
-2.7621065811  -2.2653179949   2.6145148452  -2.8236400938  -1.1109356349  -0.8367833207  -0.3312640173  -1.0373973973  -2.8362258463   3.7576713488
 1.1658404130  -2.0392224124   0.9119754125  -1.7941810172   0.4852480074   0.4366688250  -1.6516613035  -0.9321694324  -0.6923756891  -2.2901532415
 0.2840197854  -1.0155510683   0.0330965829  -0.1921967304   0.2731607588  -0.4434938476   0.7667721901  -1.0166678310   0.0138408586  -0.6679045777
s2
-0.3144268151
 0.4619885426
 1.3504391098
-1.4094589557
-2.0779788712
-0.5398162875
 0.7581375520
-2.3615592953
 0.6314362282
 1.8228838017
w3
-1.2764066013  -0.7335652697  -0.5389307130  -1.3834552004   0.4272586540  -0.3124513515  -1.5915065894  -0.1668461851  -1.3577353265  -2.0127220549
 0.4183137280  -1.4183270436  -0.3402145487  -1.1202678096  -1.3068374924  -1.4588670081  -0.8144788529  -0.9151549630  -0.4134323617   0.0730489335
-0.5490441668  -0.6409934163   0.5019037918  -0.2867049886  -2.0845068152  -0.9054022078  -0.5589964316  -1.7782671015  -0.5941632166  -1.0938891071
-0.8035417062  -0.3477334906  -0.3035975742   1.7832666581  -0.6731455201  -1.0185660361  -0.2145677801  -0.7978647126   1.2330992781  -0.9230797276
 0.2032464217  -1.7560755930   1.2509100739   1.6552606184  -0.0842109699  -0.6435489869  -1.2895109920  -0.0496407768   0.7304267870  -1.2079224226
-1.6543355608  -1.4500950770   0.1122769423  -0.5503180248   0.1808836622  -0.7375284761   0.7740659488   0.4108124703  -1.9133891226  -2.6801558338
-1.0327998048  -1.6545214265  -0.4236935936   0.5170306483  -1.7649194836  -2.1615558976  -0.0354966412   0.3480792686   0.3380858938  -0.6202540930
-0.7611656239   1.1952080160  -2.2327573440   1.2264902252  -3.2031313177   0.3755557563   0.2193918187   0.3588382544   0.9475071942  -0.6311060317
-2.0956042276  -1.3401594670   0.1022220232   0.2308596675  -0.7391990780  -0.5909419332   2.8614362384  -5.3698214857   2.6699062203  -0.0201036882
-1.8013973393  -0.1348342657  -1.9654130315   0.2188054965  -2.1315201544  -1.1182948875   0.4674783601   1.1335403268  -2.0087150430  -0.8463640204
s3
 0.4323847640
-0.2737087905
 0.2387398362
-1.5514697208
-2.9428361889
-0.9274380102
-0.1133276219
-2.3511340634
-0.4467324501
-0.0793338877
w4
-0.0550940821  -0.3874086829  -0.7304355961  -0.6801940113  -0.4193782504  0.9892929254  0.2231841333  0.2640942023  -1.5546353869  0.2812631338
s4
0.2807368869

