layers: 6
str: {2,10,10,10,10,1}
w1
-7.4109089651   2.4074046181
-1.7284336475  -1.8656624772
-3.2743030468   1.3008153644
-2.9814316513   0.6869556320
 0.5855764575   1.1301587205
 0.6445291456  -0.5695849860
 1.6010280778  -0.9773214869
 4.5667068582   3.3079157718
-4.5801974939   2.5471076197
-9.1301847625   4.7729811174
s1
10.7601351017
-4.3731715679
-4.7804196989
-4.4785412209
 4.6391269530
-6.3204272369
-9.0849274054
-4.0960025677
-6.0848559896
 0.5597061458
w2
 1.9791316596  -1.3512357019  -0.2492270853   1.5234912039   0.0228102164  -2.2812859667   0.4070335180  -2.7298096346   2.8407974125  -2.8102247349
-5.6101754947  -0.9179992650  -1.5900321631  -1.4081247974  -2.8712537916   0.2887178136   0.4977859077   3.7313226392  -0.9646289123   7.7066728959
 0.3720779348  -0.2713751227  -0.7862786518  -0.1225202464   1.4924981164   0.4898606378  -1.1206824011  -0.3136412610   1.4314526625   0.3193872103
 2.8453404583  -1.3213634882   1.1173334590   1.6121546955  -0.0962835619  -0.0437718313  -1.3111756498   1.0165300721   0.1804730094  -3.9259230632
-1.5832995885   2.3953271677  -1.4927172072  -0.7742251373  -0.7280385624   1.1855841707   2.8355819503   1.4992995655  -1.4954122855  -0.8717505570
-1.6260597343   0.3272861196   0.3623767833   0.4547104300  -0.7950300986   1.5153019020  -0.0213985966   1.0961011244  -2.1615268507   2.3838023092
 3.0235077376  -3.4479302430   2.4784126479   2.2133794861   0.6870689697  -1.1482084415  -0.5429107487  -2.1286732395   3.3801259339  -6.8027064997
 3.4968171809  -0.4432953018   2.0938089314   1.4346453712  -1.6074164436   0.4624868868   0.5433102127   1.5913694505  -0.3372837974  -4.5754452682
-0.3891010314  -0.7135282262   2.6839974712   1.5061345582  -1.2406266978   3.4311727261   3.3202403989  -0.3419648960   4.6461876439  -0.3349371030
-2.0909594352  -0.0655547244  -0.3529352458   1.0321682110  -3.3784710775  -0.2754826657   2.6966242590  -0.5727844116   0.3548656532   1.2588279273
s2
 0.6554319347
-0.5028719760
 0.8971980209
-1.3961694812
-4.2369679342
-1.2369969477
-0.3372801132
-0.9079613982
-3.0336619385
-0.1036805313
w3
-3.3770278269   5.4432400793  -0.9032223411  -2.4937437085   2.4492394647   1.4085952377  -4.9145728131  -2.0482519311   0.1492117228   1.8960575464
-1.2814815120  -1.8760484793  -0.8583259253  -1.3560394155  -0.5471325232  -1.4011605504  -0.4997067600   0.4148413250  -1.3192928743  -0.0948932940
-0.2572791572   0.5706621892  -0.5072033194  -0.5065366494  -1.1554613479  -1.3908637506  -4.0144317219  -1.1703991462  -1.4925456459  -1.3240217005
-1.0971380807  -0.0149250178  -0.3942896697  -1.1287035858  -0.3178230597  -2.1894883174  -1.6130559420   0.0430453028   1.9196294679  -0.1422374828
-1.5854286261   4.6353948160  -1.4882512587  -0.8843118221   1.3756894666   1.2013373287  -0.4444893944  -1.8683355305   0.2599258094   1.0676988165
-0.0390643837  -0.6306804966  -2.2146457873   0.9824195347  -0.0815522720  -1.0327996384  -0.1135851259   0.6681594719  -0.3510007016   0.0007797471
 0.6560443453   2.4748839106   0.2329144410  -1.6662925513  -0.7438730632   0.6540307673  -3.6960922315  -2.7204278077  -4.1666543757  -1.2668398139
-0.2337142260   0.3735606447   0.8670209507  -2.0146425046  -0.9753585508   0.6992910668  -1.4169292526  -1.4163495668  -2.6409037440  -0.8407321462
 0.7250269847  -1.2790368353  -1.4379717188   0.6377598090  -0.3605781950  -1.3595332360  -2.1133280930   1.5308627516  -0.8722355817  -0.7898056253
 0.0092231008  -1.1578797912   1.7432406094   2.3765672379  -3.7703974245  -1.0385640829   2.6612585303   0.7692841085  -2.9277576217  -0.3967175514
s3
 1.2600768102
-0.6694460526
 0.4460015705
-1.5820444516
-2.6806715665
-1.6315229088
 0.7801583723
-0.6866593380
-1.3453530019
 3.3875534626
w4
-1.7927311397  -0.3078388212  -1.3949175994   1.1077531212  -0.2110590188  -1.1056493875  -2.4452981574   0.3939405613   1.0807163612  -2.0648788463
-1.0984134307   0.2282758855  -0.2547603034   2.0350599709  -0.9803605703   0.3509575395   0.5926972938  -0.2219730037   1.2131068781  -2.9124297111
-2.4697681271  -0.0551450556  -1.6272293343   1.6355012597   2.8183831961   1.0727636562  -0.6230229431  -2.2814153108   1.9644124699  -3.6362873554
-1.3184680950  -1.0056978486   0.1719703466  -0.2848048552  -0.2250645105   0.5024813425  -1.3192663390  -1.5370359083   0.0856150437  -0.8965277647
-0.3671337057  -1.3785656990   0.1771730652  -0.1055277285   0.2131538631  -0.7440024620  -3.3437460836  -0.0949738916   0.1905562773  -0.2973653902
 2.3982082085   0.2083246827   0.4545910326   0.3301484415  -2.4745235981   0.8434547374   1.2050583781   0.7475352086  -1.5335468926  -1.8427833875
-3.3292649682   1.6336208304  -0.1952603071  -0.9553557299  -0.8671620472   0.4983491820  -1.5723961585   0.3672822953  -1.2054960483  -0.8131587786
-2.4802765775  -1.0925939950  -0.9962467652   1.1511324190  -0.8883768232  -1.1354729272  -1.6704234357  -0.5775929318   0.3989017479  -0.4000674545
-4.5770113115   1.1849954106   0.1737673146  -0.2521702013  -0.1048671158   1.0622999158  -0.4622402873  -0.6155313413   0.5639524870  -0.5929026256
-1.3268878217   0.6634421466  -0.7393284410  -0.2495353087  -2.8253609482  -0.1003283832  -2.4652149441  -1.1159628733   0.2026847595  -1.6143014459
s4
-0.3951513582
-1.4783633753
 0.9418826857
-1.5233141812
-2.0794158484
-2.7971442672
-1.6696920755
-2.0265511357
-1.9334756405
-0.7736232074
w5
-2.1025773828  -0.8143442026  -2.3330917599  -1.9169597582  -1.9936294079  0.9697379138  -2.0354893220  -2.1353401694  -1.9477938483  -2.0100201038
s5
0.4799690455

