layers: 6
str: {2,10,10,10,10,1}
w1
 6.4659483749   0.9231250535
-3.0570211732  -2.2433274976
 3.8397753048   0.4505946600
-2.4018014410  -2.1028588473
-3.8881559058  -1.0814001066
 0.8982944487   0.8234361295
-4.3340811552  -3.6342923763
 1.1732579847  -1.6544611603
 0.2306299931  -0.4304776422
 2.3688580342   2.2781301285
s1
 3.2817547724
-0.9856231185
 0.9081411369
 0.1240869324
 0.5692938653
-0.8022024880
 0.6830896151
-0.3835247273
-1.3069596850
-1.8113868355
w2
-2.9323131373  -1.4883754181  -2.5578374310  -0.5986977708   2.0423610793   0.2321487776  -1.3477861405  -0.7268397057  -1.6322140212   1.1473014969
-0.8611004193  -0.9027631658  -0.7182583215   0.3404407619  -1.2803626583  -0.4407937547  -1.5248794714  -0.9159638636   1.1500767983   0.3060844124
 2.4150688916   2.0660636514   0.9246559829   0.6244100200  -1.6612613612  -1.7295921740   0.1674015576  -0.4701305075  -0.6226603936  -0.5404138035
 0.1430090241  -1.2517333359  -0.3973082452  -0.9953247660  -1.6437411551   1.4592627378   0.1024112270  -1.2323296211   0.9936093749  -0.3584734235
-0.9934374976  -0.1059681610  -0.2504957087   0.6316093853   0.2604035038   0.2565808800  -0.5674168198  -0.1592561553  -0.0430525745   0.9323112524
 3.7382537078   0.4441735773   1.7357047114   1.4811904709  -2.1702705819   0.9397707750   3.5944463696  -1.1226480915  -0.5236388649  -0.5851837906
-1.5428066235  -0.9452049104  -0.8827507653  -0.3565739657   1.3042144452  -0.7833568415  -2.5317690030  -1.6933113640  -0.2752035513   0.5310497348
 2.5893496098   0.8940262604   0.1058313463   2.1194857251   0.2338338460  -1.2905557597   3.3318697967   0.4135387904   0.4696228334  -0.9914228260
-1.6501423197  -0.1975030419  -2.0160386471  -0.5617500148  -0.7550626532   1.2392837585   0.4164838191   0.7273121737   1.0646177019   1.3482162286
 1.0796785384   0.2687347252  -0.0563434353  -0.6684481377   1.5948569124   0.4465099191  -0.3400622557  -0.3508551111  -0.9665977337  -0.2495243113
s2
 1.1004144209
 0.6245257293
 0.3859971315
-1.0937594400
-2.0592260670
-0.7890591469
 0.4246261638
-0.2579623255
-0.3952286581
 2.0432900459
w3
-2.8088767625   0.4519197277   1.2001324073  -0.0882244179  -1.8150369425   1.3794178583  -1.7316424094   0.2500096706  -0.1613767453  -0.6593066738
 1.4746860187  -0.3580102336  -1.4532095652  -0.6592704072   0.4063556414  -2.6274187952   0.6949079746  -0.7414542621   0.6725994045  -0.5925539095
-4.1751886731  -1.2273691026   1.9631948977   0.8565385435  -0.5425403675   0.0623069046  -0.6919828738   0.3659380889  -0.1831492874   0.0027325827
 1.1886275154   0.8791517315  -0.6296432681   0.0289835723   0.7399486534  -1.9210095031  -0.0598485472  -1.4002493879   0.5106520489   0.2478229800
-0.1002814973  -0.0023602148  -0.5222991836   1.3430454679   0.3759943347   2.7581595688  -1.4830270224   3.0247001467  -1.1586096795   1.2101397615
 0.9297022195   0.9801994258   2.0712682693   0.4475332917  -0.4430947947   0.7696716769   0.6366529860  -1.0022117676   2.2973989175   1.0244667275
 0.9376125247   0.4207326896  -2.3846296683   1.4103577919   0.2543714584  -3.0371920841   0.9999550767  -0.9289761217   0.6137835376  -1.8960068949
-0.2529060983   0.5913329956  -3.0474877161  -0.6109617831   0.5722834825  -0.1478667981  -0.3970805420  -0.0755100225  -0.2424605038  -0.0102146673
-2.7533850070  -0.6405576586   0.4774617441   0.6803045404   0.0456671273   2.8040673711  -1.3904234932   0.5048232524  -1.2836676129   0.3472651015
 0.1640257185   1.2695547960   2.2281270774  -0.2078549271   0.6300486467   0.0656811069  -1.1466528106  -0.5349144609  -2.2936213277  -1.8665576905
s3
 0.5286529343
 0.2967217737
 0.7922875582
-1.1878443045
-1.7684205999
-0.0438144600
-0.2716487953
-1.0079331600
-0.5806530367
 1.5083072671
w4
-1.2619470727  -0.0081160573  -2.5764807896   0.9110693513  -0.6267436822  -2.5647343049   0.5862095517   0.3641109886  -1.9950573428  -0.1722590216
-2.3324772193  -1.3465827509  -1.8120149771  -1.4608877688   0.7492416566  -1.5827699962   0.1945999481  -0.3614790113  -0.7530765958   0.1163633176
-2.2975613486   1.4416820772  -2.8805832920   0.6526163348  -1.3570870734   0.4377086331  -0.3700934465   2.4484314158  -2.1249240855  -0.4659120563
-0.5485050765  -0.2977252374  -1.3494125472  -1.7061966363   0.0476036958  -1.4869182389   0.2537628244   0.0322564467  -1.5507123600  -0.1255218254
 0.0159405103   1.4242329374  -0.3821039226   0.5446870776  -0.4855262922  -0.1848419402   1.3410096713   0.9870094747  -2.8327978592  -0.8044292403
-1.3939152713   1.9501355996  -0.6964885730   1.5634358183  -2.5045854326  -1.6619590231   3.3525805143   0.1136871330  -2.2542530224  -0.6696046061
-2.2132662350  -0.7703559268   0.3205548771  -0.9558203864  -0.5306778469  -0.9874524221  -2.5831375434   1.2170005942  -2.0430798911  -0.5667433878
-1.8707255112   0.5025472491   0.6996147905   0.5392727390  -0.7976294828   0.8180249650  -0.5814249966  -0.8943090545  -2.7036158526  -0.9167018812
-1.2841879807  -0.5686735994  -0.9232929582   0.0068838977  -0.7044130380   0.0084835441  -1.4358447682   0.8557788095  -3.0116840530  -0.3181426644
-1.8761579096   1.3402149307   0.0710487936   2.2263682073  -2.3771906016  -3.3146245383   0.4397710621   0.2986853042  -1.3026697044  -0.0503792765
s4
 0.2276411004
-0.2320262714
 1.3381226410
-1.7912787756
-2.8297646863
-2.9029695148
-0.3146259380
-2.7435209395
-1.5045021841
 0.8799680088
w5
-1.4698217327  0.7152623551  -1.0088994223  0.0656743101  -1.2128175764  -0.4387424644  0.5219788330  -0.7233859485  -0.3531375956  -1.8340614765
s5
1.5102573082

