layers: 3
str: {2,10,1}
w1
0.1475792093  -0.0922720900
0.1470741301  -0.0903687345
0.1460317519  -0.0873753768
0.1463248416  -0.0880790556
0.1483090265  -0.0948074699
0.1486390254  -0.0991152945
0.1501505596  -0.1051475301
0.0892579509  -0.1416706061
0.1511656807  -0.1048166310
0.1099565671  -0.1278577709
s1
-3.6698140854
-3.6398667689
-3.5937273456
-3.6045692032
-3.7119180803
-3.7830367407
-3.9047137050
-4.0472328433
-3.9070588819
-3.9822779526
w2
0.2197859732  0.2116272709  0.1993733202  0.2022221100  0.2315486270  0.2522901095  0.2903414354  0.3493678711  0.2909420099  0.3227836757
s2
0.0753678185

