layers: 3
str: {2,10,1}
w1
-1.5585956776   0.3729689576
-0.2541244117  -0.2528966819
-0.0994689596   2.1623448697
-1.8960906892   2.0523038115
-4.4262438290   2.3135703329
-0.1138331133  -0.2602293839
-0.1498834739   0.0014997912
-0.1492621618   0.0159593976
-0.2013346427  -0.1829570270
-0.3206342435   0.1842145890
s1
-0.7864879293
-1.9469541499
-1.5145426320
-0.6134621173
-0.3571349428
-1.7590514282
-1.7770392250
-1.6964268356
-1.9553813824
-2.2200579100
w2
-1.2806451397  -0.2967620040  0.6551838415  -2.1279062811  2.3416393979  -0.0620031389  -0.0596717533  -0.0539695560  -0.2068202633  -0.0197447102
s2
-0.1193985467

