layers: 3
str: {2,10,1}
w1
 5.0170289001  -1.2320209067
-0.4063927499  -1.1281903943
-0.3284931509   0.2592419011
-0.3118831210   0.2217293280
 0.3821849202   0.3427716911
-0.2899593634   0.2706113122
-0.9627253558   7.9579398182
-1.4313335030  -1.3274118819
-0.3533055141   0.2438836075
-1.9049148881  -1.8126613579
s1
-21.0020713006
 -6.6408337238
 -5.6980645261
 -6.2788835854
-13.0191020322
 -5.2769609655
  7.2982802964
-13.9503098978
 -6.5195917925
-13.3512527522
w2
-2.6654528428  0.2335973635  -0.9552518858  -1.8275545470  -2.8409509094  -0.6823759751  1.7242124210  2.4668250323  -2.0700655651  1.9812194658
s2
-1.1534574463

