layers: 3
str: {2,10,1}
w1
-0.7007445854  -0.0236218795
-0.4535457478   0.1881788091
-0.1908168602  -0.0532225971
-0.2002022775  -0.0487473144
-0.3136105827  -0.0125225849
-0.2114180499  -0.1082303904
-0.5684891003   0.1297453063
-0.2486543674  -0.0947164874
-0.3831077190   0.1884195943
-0.2791155368  -0.2349727738
s1
-2.7958047965
-3.1493900611
-2.5567464797
-2.5719232191
-2.5420706676
-2.6769872357
-2.6721476863
-2.8945475668
-2.6701380059
-3.0672856454
w2
0.0382691138  0.2331578412  0.0730073468  0.0826745117  0.0987757479  0.0862815890  0.0617630820  0.1138072672  0.2399709488  0.0458583396
s2
-0.3242338636

