layers: 3
str: {2,10,1}
w1
0.1646454076  -0.0909974959
0.1796965311  -0.0972397955
0.1897444129  -0.0849893687
0.1854848920  -0.0848038084
0.1843383008  -0.0850668316
0.1876298993  -0.0847785170
0.1948114270  -0.0851242685
0.1923397315  -0.0894865444
0.1993936881  -0.0842599952
0.1561800245  -0.1289434484
s1
-3.0499540067
-3.2460597527
-2.9177887032
-2.8898739403
-2.8956494119
-2.8987454505
-2.9501280333
-3.0959110622
-2.9409246771
-3.5628587518
w2
0.1075240945  0.1363976892  0.1069854352  0.1026387235  0.1027242204  0.1043240945  0.1121648580  0.1259910674  0.1129934553  0.1779363435
s2
-0.2277407268

