layers: 6
str: {2,20,20,20,20,1}
w1
 2.6733585301  -1.3745771698
-0.3025419106   1.8062107195
-1.8719494132   0.9513851532
-0.6034558587  -1.6091391990
-1.8035068471   0.7891386543
 0.1807121286  -0.1690728005
-1.4700041721   2.2641547939
 1.0458777638  -0.5168919032
 0.5737024081   0.8906744387
 0.6170568743  -0.9405076945
 0.6033447795   0.2413793437
 0.2407538556   1.9065429935
 1.4207098858   0.3193021457
 4.3962291171  -2.2841528620
 1.2174275713  -0.3632861200
 2.7043914541  -1.3336040012
 1.0557088091  -0.7743747268
 1.1371124198  -0.2031556025
-1.4842830526   1.1389130698
-1.3349368006   0.9219688543
s1
 3.7144667550
-0.7532132158
-2.2128407072
-0.5609135430
 1.6463632036
-0.4900434726
-0.8233335581
 0.4601792127
-0.9460049896
-1.8857485927
 0.4732320574
-1.5187302821
 0.1365284292
 0.1607784114
-0.9973575303
-0.8496797509
-0.8118004699
 1.2043635992
-0.1090904050
-0.1222227819
w2
-0.1525565993   0.1386483432  -0.4317947431   2.1152810080  -0.8228465951  -1.7409516379   0.7201603118  -0.6935573532  -0.1277708149  -1.4113610800   0.0686368815  -0.5370424491  -0.5187563970   1.7483877388   0.5645356674  -0.1983265762   0.0759553254   0.0503273397   1.1398745302   0.2547707644
 0.0693550974   0.5455590424  -1.3646330984   0.0496319829  -0.1892305710   0.2111042752  -0.9422917948  -1.3894964213   0.5658082564   0.3981897942  -0.4896451017   0.9923089891  -0.3410508282  -0.6005197619   0.6010924562   0.0129995085   0.2897177298  -1.1327762972  -0.8525427153  -0.0030076213
-0.3004883058  -0.7313318361  -2.0624138009   0.3325492395  -0.3108676587  -1.2583905623   0.2172752647   0.2657918209  -0.7838797134   0.7924865360   0.8387610188  -0.3253429361  -0.8978886982  -0.4651364676   0.4511810711  -2.0312097130  -0.0169042678   0.7608630492  -0.3230754024   0.2541945434
-1.0777474497   0.7759310058  -0.4878589019   0.9542740173   1.3514495840   0.0912396026  -0.4356177087   0.2427758267  -1.5302614574   1.2815912352   0.3555351589   0.2687936931   1.0182669071   0.1663671027  -1.0066394630  -1.6043703810   0.4511373134   0.7789449547   1.1782657242   0.5892222686
-0.2793785879   3.1794892989   1.2036022897  -1.4123616253   0.2395704303  -0.0255423037   0.7086686662   1.4336129062  -1.5107917719  -0.4824186590  -1.0574688654   0.8535822830   1.4146364008   0.3458698708  -0.3322914446  -1.8418929527  -0.4151695470   0.9622835086   1.2438143770   1.1471191734
-1.4739752672   0.0002917872   3.0180773320  -0.1816643396   0.0403995522  -0.2215431054   1.4918888527  -0.7052630068   0.2019303273   0.6036251631  -0.1060711848  -1.6360537359   0.3335084327  -0.3154835928   0.2572491608   0.1400779711  -0.0424833756  -0.3215171968  -1.0593633901   0.0401833681
 0.9662339294   0.6252322071  -2.4161615911  -1.4573736623  -1.1826789841  -0.0229581779  -1.1741384395   2.1831111962  -0.3589431366   2.1422258240  -0.3717785153   0.0100390968   0.3555073102   2.3012950674   0.6757690747   4.0935568558  -0.4645831829   1.2881099844  -3.3288372775  -2.4132793726
 1.7898839872   0.0599069608  -1.6394348931   0.0539030573  -0.7800941809  -0.1970954359   1.5217985674   0.0607211951  -1.2341570797   2.2765995624  -0.8420287166   1.6978846657   0.0395221659   1.5959653290   1.2150718936  -0.6981126699   1.1971009833   1.1871386584  -0.9509606992  -2.3823734333
-1.0739240458   1.1462540453   0.7243111784  -1.7044921194  -0.2835106922  -0.9036929879  -0.1171384986  -0.2972456244   0.9478595376  -0.1434383599   0.7270910682   0.7586974525   0.9745997706  -1.3719379123   0.8557178832   1.3236775708  -0.7397718408  -0.3030474486  -0.8004500068   1.2757412649
 0.5593892219  -1.3444334264   0.2809924658   0.9719475121   0.9547517025   0.6714073026  -0.6049882954  -1.4508393902  -0.1252952395   0.2421298642   0.2156530796   0.3606872733   0.4391371575  -0.4576269229  -1.0024864154  -1.6895948399   0.2320849878   0.1246904536   1.0615583632  -0.9816367410
-1.1686611246   0.2574296498  -0.7735807956  -0.0534038151   1.1827340401  -0.9912674369  -1.0290641322   0.8038538180   1.3364654789  -1.5864951424   0.8300465760   2.5622003781   1.3049369701  -0.4708986285  -0.8637876964  -0.0738787534   0.3216417418  -1.4293547518  -0.8332712618  -0.9240367596
 2.1022485444  -2.1041888054  -1.6373848123   0.0094110228   0.4047993002  -0.2428346604  -0.9012530751   0.3361253540   0.8396494021  -1.6848291540   0.2742621300   0.0858329320   0.7154738066  -1.9619372119   0.5484877318  -1.4079235671  -1.3547567223  -0.9855080435   0.4149105081   1.0933947639
-1.7697758839  -0.1178024664   0.6357730155  -0.3397577329  -2.1736551939   0.8999477149  -0.0662917504   0.4414808239  -0.4104076972   1.6347499629   1.6814889597   0.7015949885   0.7651077889  -1.9007873986   2.0633919975   2.2701229410   1.1980699198  -0.3008970577  -1.1546606490  -1.4838427104
 3.7987621062   0.3127570728  -0.3591139890  -0.5751919759  -0.5331939375  -0.7797629594  -2.4086881298   1.5774608470   0.9329251292  -1.8396072323   0.4474879481  -1.4406456472   0.8602560114  -2.8794953520  -0.4518432769  -1.5222779487   0.6882260618   1.6300894935   0.3329451786  -0.2959182250
-0.7296237383   0.7964643059   1.0880355546  -1.4926957297  -0.0990576122  -0.5260040229   1.9437431968   0.1477851400   1.1420060374   0.4986930824   1.1273655676  -0.9939581304   2.1976062766   1.5779280500  -0.2855988778  -0.4997103083  -1.3181164699   0.5481606179   0.9441923144   0.2424563721
-0.0793406594   1.7851331823   0.6473279531   0.6874680077   0.9129317920   1.8009720201   0.0015527359  -1.3978648781  -0.6863568694  -0.0086818425  -1.2219612975  -0.0056907370  -1.6010174515  -1.2703280302   0.0947289332   0.8594171934   1.2996412554   1.1590178221   0.2818358556   0.6115315081
 1.0548322695   0.6166887418   0.1944928951   0.2352220971   0.5478674894  -1.2158843958  -0.3687955672  -0.0896016076  -0.7718891640   0.2528281808  -0.3494372167   0.4367647511  -0.9199358302  -0.7678028889   0.0967166999  -0.7114801911  -0.1260123038   1.6185983173   0.0281313651  -2.5221826216
 1.5264389441  -1.2779794022  -1.1195631631  -0.0701678735   0.1600699008   0.0228098697   0.8630161010   1.2744561817   1.4627598344   0.9192904761   0.6147749288  -1.6746574761   1.4480380100   0.4001731436   0.3707425293   0.2668564358   0.3129245388   0.3449557986  -1.2403464006  -0.1808641020
-1.0126950576  -0.0978067937   0.9229613790   0.1796242119   0.4946000615   0.9561168719  -0.0047377113   0.5661983833   0.5569542525   1.0339741064  -1.6026271103  -0.1230155043  -0.4230403391  -1.2962636939  -0.0546671310  -0.7380137701   0.6911221739  -1.4779274948  -0.5271448495  -1.5311620357
 0.3441509101  -3.0465597422   0.2722739029  -2.3190622882   0.4666833313   0.4362042545   1.5643550076  -0.5188023392  -1.4084941171   1.1545770196  -1.0429279772  -0.6219953281   0.4397343600  -0.0691423373   0.2580174931   0.1215256574  -1.6210573844   0.0887281707  -1.3157638585   0.2220556618
s2
-1.3472116516
 0.5433137622
 0.3090504603
 0.9742335503
 1.1079581182
-0.3267330638
-0.7304456075
 2.0089850450
-0.5104032079
 0.7012273662
 0.2254216683
 0.0864187229
-1.7395098010
-0.1307040992
-0.4367548982
 1.5695092644
 0.0343588196
 0.2396877807
 1.2715464700
-1.2205637623
w3
-0.9408557222  -1.4332170490  -0.0959780055  -0.9652491422  -1.6993395146  -0.1902531220  -0.5514361706  -1.7775143718   0.5275771654  -0.9290993262   0.1779029902   0.5028733288  -0.5658865952   1.6838255682   1.3698611541   1.3024886322  -2.2148087853   1.1477459404   0.7631620167   1.6278346062
-0.0085343215  -1.3960864561   0.6443208242   0.5479720379  -0.5892955695   0.3136218099   0.1446011383  -0.0158016527  -0.4756813161  -1.7275015005   0.2725729711   0.0189844506   0.0419598836   0.2255207625  -0.4204119595  -1.0376039143  -1.4332410728  -0.0315781142   0.2752395048   0.5649860927
-0.7869850179  -1.5635693934  -1.4857654545   1.5919260612   1.0556335420   0.5183204561  -0.2825232485   1.3286562822   0.4858302479   0.4379096785   0.8968312504  -0.9323757100  -1.0995492515  -1.8081609034   1.6609930563   0.9047821502  -0.1520411676   0.4901251542  -1.3624875775  -1.1706328731
 0.3564912863   1.0112310395  -1.4040815330   0.3473176913  -0.1411811084   0.7044267852   1.8916995682  -1.4897008391   0.0618576369   0.5154590548   0.3632033924  -1.0677354970   0.4991637328   0.0563369033  -0.3793507106  -0.7710651134   0.0793385106  -0.5797539058  -0.4074358195  -0.2691836454
-0.6134319659  -0.0221861162   0.6704658605  -1.5348604658  -0.3925140507   0.3934620351  -1.6786735508   0.2564728772  -0.0262524776   0.6948491174  -0.7886090848  -0.3745297979   1.5747194823   2.6859538963  -0.8533941862   0.2933192644   0.0089468205  -0.6355157449  -1.2832454372  -1.4147940947
 1.2560405637  -0.9963773083   0.0325741126   1.3347491772  -0.7058793090   1.3853176491   5.4243329963  -1.3984119171  -0.0976459197   0.3827108110  -0.8028041920  -0.9618455288  -2.3717733200  -2.2723188275   1.2213032798  -0.4118030450  -1.0825427366  -1.0208204289   0.0618130034   1.5905735021
 0.0203103992   0.2810902070   0.7649623207  -2.6331550050   1.1307916844  -1.4153879905   0.0471594185   0.8045742997  -3.0519615613  -0.0762509986   0.2201779448   1.7706352368   0.6523119681  -1.0110758236  -0.7227933348   0.1823532529  -0.9318538977  -0.5761119057  -0.0608829912   0.2941636669
-0.2303750442  -0.0039000767   1.2648135249   0.6810168490   0.4278180919  -1.7669354231  -0.2467380096   0.5358239845   1.7444195225   1.3130540399   1.5849869794   0.6192063061   0.1305738104  -0.1970061600  -0.4521751546  -0.2434705582  -0.0706025645   0.0657941506   1.5372791501  -2.2886060395
-0.3333864908  -0.1926545813   0.0460901672  -0.0258719614   1.6762993600   0.4241472685  -1.4812726679   1.9042974177  -0.5511346655  -0.0591980948   1.3603826289  -1.2505241184   1.1181381557  -1.1275815396  -0.8798222843   1.6920391866   0.6315844410  -0.8976268671   1.2579519937  -0.1100363332
 0.3542729357  -0.3314739085  -0.2425992375   0.0392073045  -1.2266102345   0.5196929106  -0.3423423268   0.0923284460   0.7074537137  -0.9587622848  -0.9155552681   0.3302059313  -0.0398277826  -0.3608136341   0.2486107128   0.8179877262  -0.6681639265  -0.1996575426   0.5686631129  -0.9888218118
 0.2377496566  -0.8465630560  -1.2398864751   1.6830752898   0.8678344683   0.3163294586   2.5225347008  -0.9330719022  -0.7835935508  -1.3848265095  -0.1295593877  -1.2876504590   1.2424455918  -0.6123033282  -0.9674922376   0.6089297454  -0.1508459320  -0.9600748335  -0.7294038283  -1.3154047406
-0.0237938986  -0.7967639711   0.1063481586   1.0957315666   0.2972561802   0.5226918039  -0.6479501038   0.2897375416  -0.2452786645   0.3388544076   0.8951478506   2.5103580752   0.3845404554   0.1003771901   1.1410814660  -0.3702615091   0.0576140260   0.6854424976  -0.1351081102   0.7603574109
-1.3233498275   0.1957106008  -0.5146408185   0.8485704107  -2.3346829109  -0.9400327933  -0.2150342224  -1.3325169767   1.9000435027   0.5995450035  -0.4263010618  -0.0559038533  -0.0670504020   1.1508578096  -0.6298478956  -0.2023816365  -0.4002713135   0.6940457556   1.6465315194   0.9476762753
 0.5579721429  -0.3268435251   0.5296725054   2.0559352638  -1.5191573545  -1.5311816901   1.6252198458  -0.1355002737  -0.7625564967  -0.9077668711   0.4038789501  -1.5193043760  -1.1637435766  -0.3874020066   0.8709544922  -1.1270744551   1.9436426739  -0.4715090140   0.0890965078  -0.5415580897
 0.2130312422  -1.1504287002   0.0236266442  -3.4243325677  -0.3924429242   0.5256395039  -0.4926446304   0.1735637342  -0.7013211281  -0.7664501148  -0.9288791248  -1.3083272479   1.0618169014   1.8239008049   2.3426573350  -0.2625646640   0.4182862064   0.7953405136  -0.1865730059   0.6344711092
-0.7719156094  -0.8972242176   1.2170661569   0.0455628006   0.6062630694  -1.8468379604  -0.0777199674   1.8174745901   1.2470561091  -1.8979077062   0.3505921428   0.7917117890   0.0485378864  -1.4080808527   1.1964493266   0.4438324393  -0.1483891284  -0.9199336155  -1.4256725483   3.3893371791
 0.7564251776   0.7840446730  -0.0324493133   1.4039905413  -0.8589881033  -1.5583580444   0.5090368949   1.9528686924  -0.6748970938  -0.9948559737   1.7436347986  -0.3626376029   2.0263635802   1.3509879351  -1.3800793960  -2.2788466465  -1.0253092961  -2.0462836526  -0.3788515985  -0.1027675271
-0.1881680290   1.4696141914   0.7507152272  -0.5419525084  -1.8567661929   0.8844050629  -2.0477836796   0.5300268408  -0.5702466074  -0.5525938658   0.2288968138   1.1338921392   0.2946609887   1.4325686861  -0.4757636904   0.1901989558   0.2412813513   0.6204161406  -0.3240623612  -1.4565022063
-1.1113228037  -1.3150860042  -0.3758347511  -0.2490720233   0.6414895507   1.0243706423   2.5644766469   0.4773272148   2.8993018713   0.7626906922  -0.9862449738  -0.2650260581   0.3680026658   0.5620657609  -0.0508786962  -0.3881108377   2.0727391218   0.3910534319   1.5475143237   0.3129105644
 1.1394239176  -0.5728242279   0.0782790463   0.1939977479   0.4699370960  -1.6299949541   0.3800169019  -0.2374738841  -0.7622209433  -0.6777611129  -1.2303142276   0.1775448746   1.0334754043  -0.6971161872   0.2872005443  -1.1784293017  -0.0092344191   0.0793166048  -0.9457184391  -1.4119096729
s3
-1.2317910183
 0.4257302764
 0.7686377166
 0.5347923191
 1.1082178682
-0.1674836969
-0.7075560478
 2.0735981051
-0.1516671925
 1.0079766426
 0.5113364072
 0.0941633557
-1.5161000089
-0.7090625508
-0.0692630811
 1.5020918609
-0.2634617808
-0.2364884056
 1.5771613485
-1.0299423488
w4
 1.3103157908   0.4550233832  -1.0175801379   0.3969021862  -0.0752185981  -0.7501876648  -0.1296725921  -1.3409088413  -0.5330529686  -0.2468567900   0.0429393868  -2.2104795200  -0.8612827295   1.2911952483   0.5094283987   1.5859825518  -0.7871985616   1.2044319212   0.2366275842  -1.3491490485
-0.3285273683   1.0056691981  -0.1116660330  -1.4957488335  -1.1292178883  -0.1649935767  -0.1678864856  -1.9955551398  -0.1962677041   0.3920623077   0.8237323004  -1.1148302348   0.9620377794  -0.2974518812   0.0716831180  -1.4750527510   1.6430548763   1.0921307059  -0.0445920291   1.6855842832
-0.2311698095  -1.4368833146   0.2560107511   0.4738144750  -0.0094577346  -2.9883145971   1.2252792996  -0.2265535235  -1.1494583222  -0.2809557180  -1.0599827261  -0.0211225090  -0.5767714264  -0.2299948717  -0.2937443118  -0.2507406959  -0.5948216789   0.8308790916  -0.2747523822  -0.6617926715
 0.1552739526  -0.1355503697  -0.6868100948  -0.9040301147   0.7382922655  -2.9068173330  -1.4347204596   0.0379600438  -1.0530400407  -0.6080646910  -0.0201246365   0.0244653833   0.4657737638   0.0799389016  -0.2492619030   0.5610702191  -0.6822381380  -0.3643356075  -1.4597353942  -1.3444068181
 0.3811229740  -0.4260552146   0.2783534895  -1.8850456214   0.1156268832   0.7119195526  -2.6788503229  -0.9215921703   0.5185593455  -1.0930747378   0.0134287061   0.1796018999   0.1636389308  -0.6525021478  -0.6545528742  -0.5525839321   0.5226211179  -0.0605504851  -2.4523734864   0.0089578369
-0.1014843791  -1.3208449412   0.1734160428   0.3825550025  -0.1314667811   0.5196331920  -0.4858609383  -0.7594553223  -1.2148486675  -0.7053236945  -1.7855466689  -0.1074770003  -2.2309605928  -2.0622806936  -1.5845900160  -0.3144688870   1.4084445040   0.4476930250  -0.5001126292   1.1974609383
 0.7145172353   0.0467596210   0.0046492586   0.2100636359   0.3967122799  -1.9835685885   0.6529875445  -0.9689132965   1.7262884386  -0.6640360647  -1.6155922506  -0.7372266499  -0.6904012826  -0.3397523160   0.3080378913  -0.5853916987   1.8696557698   0.2992492917   0.4131690161  -0.9502821236
 0.5478388112   0.3533157196  -0.2877405481  -2.1444107064   0.4245029350  -0.3489439429  -0.0128862179  -0.6710717391  -1.1219399091  -0.4546018417  -1.0299595547  -0.3954082430   0.2612856102  -1.8284824935   1.0854916757  -0.0516202429  -0.6235316963   0.3841790336  -0.3167278560  -0.1908006561
-1.0109061648   0.2763927756  -0.6677352778  -2.3545700556   0.1015479078  -2.7162035846  -0.1188645328  -0.0509061295  -0.6103529855   0.5794082625   0.0791088500  -0.8938351642   1.2968271077  -0.8420385823  -0.5316416003   0.4357853457  -2.2921187264   0.5995855339   0.3559207100  -1.2970834484
 0.4933751269   1.0623712412  -1.2246725541  -1.0145301306  -0.1868532289   0.7446078335   0.1171076688  -0.3120351821   0.2079979848  -1.2117761421  -0.7005339994  -1.9501614086  -1.6200682928   1.2174537312  -0.6891101283  -0.7357082255   0.3206995018  -0.8711473311   0.8790072581   1.3456596297
-0.1135256787   0.5708551869  -1.3174688593  -0.8214065389  -2.3417016320  -0.2351112517  -1.9853160763  -0.3574143320  -0.1870707946   0.9138647238   1.7542001843  -0.8098492626   1.4061300680   0.0183886116  -0.5880762694  -0.0203552657  -0.8654660454  -1.9303204322  -0.6388421341  -0.1846799355
-0.7665681038  -0.0675074198  -1.2122400235  -1.3864134324   0.9469080186  -0.3153653648   1.0417798314  -0.3175818610  -1.2676181363   0.5858021416  -0.5984729825  -0.1575098778   0.7918156578   0.5729282670  -1.0622998215  -1.4276573657  -0.0643595375  -0.6628742221   1.2344381236  -2.1376330577
-0.5592474708  -0.4570517589  -0.4939838752  -0.7877835960  -0.2250472595  -1.0224733178  -0.9199207681  -0.7608341034   0.3865704013  -0.4049671542  -1.4268841303   1.4663246618   0.3160713117   0.2184015028  -0.6349492525  -1.5498886880   1.1007122955  -1.0148247655   1.8008365710   0.5476855179
-1.2916680796   0.2627386216  -0.7185060654  -0.1926924479  -1.1010600238   1.7480617269   2.4427703252   0.6964246364   0.0059574251  -0.5121140297  -0.1282470667  -0.5833131904  -0.6410117177  -0.4891322055   0.4814490194  -1.9464209936  -1.3190012843  -2.3475817879   0.9799673003  -1.5398497380
-0.9272595735  -0.4052536676  -1.2089217646  -1.2258379167  -1.4482947924   0.7563854290   0.9351150220   0.1532008785  -2.6996972340  -1.2396488503   0.0254921628   1.6072436437  -0.6296131713   0.9400085727  -0.7608455209   0.4136353906   0.3642167442  -0.8205506147   0.3174824787  -0.9855343950
 0.3171198612   0.2594430855  -0.9954877134   0.6950800453  -0.3972572438   0.8960420838   0.6476812824   0.3735937249  -1.0463349408  -0.7660689502   0.3392601280  -2.0294050243  -1.6420815713   0.9518963074  -0.0037758355  -0.2697962513  -1.0873489835   0.5374516208  -1.4307584923  -1.7444207488
 0.3733123416  -0.8945531781  -2.1758727058   0.3473266238   0.0084959458  -0.1394827002   0.8287597672  -0.7702522734  -0.1134918207  -2.4070360905  -0.6340999173  -0.2578403578   0.7394322580   2.0485561965  -0.7927964439  -0.2228887472  -0.9924543680   1.0827212797   1.1716061923  -0.1853750684
-0.7094562158  -0.1704195949  -1.7543569299  -0.3643344134  -0.2423807933  -1.1611466656  -0.7159289737  -0.9380292387  -0.9085666341   0.2854579693   0.6131538206  -1.0113875518   2.1491465755   0.0247341591   0.8660669271   0.4189548819   1.9911610638  -0.3016934653   0.4327113685  -0.5344586127
 0.8208526154   1.0341203829   0.0632149924   1.4190206702   0.7633775839  -0.0736407421   1.3374144154  -1.4033089698  -0.0238092599  -0.4834045752  -1.5609206059  -1.8773664269   0.0573806782  -2.1890589517   0.2436598535  -0.8333186077  -0.3746560640  -0.8831263541  -0.4157758885   1.0177954596
 1.0501718502  -0.4451812427  -1.6936768100   1.7631766307  -0.1438325966   0.7842899495   0.2364706177  -1.0485967361  -1.4911803782   1.1719112950   0.3212041915  -0.5363902227   0.1022106140  -1.0494929411  -0.2414774493   1.0326170665  -1.2991152696  -0.7061710111  -0.5068926507   0.2969068813
s4
-1.3463397578
 0.1726154320
 0.1717552307
 0.3835699905
 0.4993938043
-0.3454484808
-1.0787964878
 1.1393700878
-0.6237878377
 0.5438956912
 0.1330964266
-0.3724717389
-2.0916078122
-1.1791951475
-0.6187327160
 1.5114455863
-0.5143195135
-0.0177931075
 0.9392759536
-1.2212079562
w5
0.3324991249  0.2309976374  0.9267392178  1.6108763366  -0.1200699374  0.1822913665  0.9716665027  0.7352192877  1.2503930703  -0.4743940321  -0.7741913501  0.2218748722  0.6259566795  -0.8728593144  -0.5472277503  -0.7610146084  -0.1728135408  0.7278819627  0.3981207307  -0.6661927280
s5
0.1773935535

