layers: 5
str: {2,20,20,20,1}
w1
 1.9452140070   3.3052873686
 0.1287461400   3.0049918785
 1.4494865856   3.6478354168
 3.2149622034  -2.5848454685
 2.4730702840  -0.1884514834
 6.5424146152   1.8523797540
-2.0086505624   2.3216936063
 4.9993941197  -3.0348085556
-0.8454163537  -0.3190210940
-4.0129014820   3.0855288200
 4.3356815822  -2.4570640889
 4.7983896230   0.7523927282
 1.4602779564   0.2096527763
-6.1471474200   3.6078086907
-3.4457491144   2.1135097031
-6.0373199312   2.1709521523
-2.0876100109   2.1103614942
 2.8633025688  -0.3566426913
-4.0269586918   1.3149083969
 8.8475800617   2.2520720833
s1
 6.3993886201
-0.3434373618
 4.0188964451
-9.7245896206
 0.1734921227
-3.7602365928
 2.3883091261
-7.0940867937
-4.0053548139
-4.5097612015
 6.3500981127
-0.0807563699
-2.5670200476
-0.6694016722
 4.4734870474
 3.7333281719
-1.9459146465
 0.7878018874
 7.4550179380
 0.0841577800
w2
-0.9309412009  -1.5237200973  -2.8397141830   3.2674328417  -0.1193647029   1.4567732709  -2.5024774090   2.1213651956  -2.0728201120  -1.1637036983  -1.3528076512   0.5306966387   0.4827850916  -4.0952378296  -3.0039867036  -3.4111557350  -1.6926036947  -0.4228373503  -4.2488315330  -0.3066527855
-1.6012757484   1.5743960072   0.0815377823  -2.5425975834  -1.3733575800  -1.4283009482  -1.1370816033   0.1115726662   0.4741154650   3.0440498495  -3.0950181109  -2.8547900279  -0.9017747007  -1.4276926418   0.8111220900   0.7377746738   0.8126770859  -1.9948085889   1.0865788623  -3.5883729064
-0.6329448715  -0.0574973145  -1.4973190488   1.8993303627  -1.3021116247  -0.1005627552   0.4562407840   0.6835796757  -0.7167678914  -0.7351549805  -0.2570098642   1.0014810091  -1.1123611637  -1.1120788301   0.5931261605  -0.9494316193  -0.3627017431  -1.3849006147  -0.7592034547  -0.6783188072
-2.4491217208  -0.4047326873  -0.5017790369   2.7195942997  -1.5349566835   0.8055636694  -0.0097145829   3.0828153681   1.3898768079  -2.4989691242   0.1644233188  -0.8682112849   1.2143634654   0.3610989366  -1.9052003931   0.2024696500   0.1779363419  -1.4395658529  -3.2777341812  -0.4366005593
-1.6984821232   0.8705680518   0.9461698389  -0.2599185358  -0.7088785033  -1.7238593914   0.4171071636  -3.0089769063  -1.6477677904   2.1928614733  -3.3558623430  -1.9661996662  -0.4117227411   0.3012532873  -0.1496066277  -1.4083584568   1.2209127328  -0.3146785167  -0.6699136648  -2.3166071211
-0.2146402920  -1.9798312711   2.9543655840   0.8541544914   0.7028888410  -0.6517945419  -0.0799760782   0.3061368368  -1.7549423781  -1.3388182163  -0.7354092342  -1.5432569503   1.2351798678  -0.4370794810  -3.2882076100  -0.1674022453  -0.2353495599  -1.5350009964  -3.0746735524  -2.5096661924
 1.8475566449   1.5270856799   0.8057039643  -1.8302527955   0.2064234664  -0.6716193191   0.8426970461  -0.5550218192  -1.6338287981  -0.1917190905   1.5378484435   0.1399108052   1.5040551191   2.4262321232  -0.7770439231   0.0143207255   0.9035934855  -2.5918590108  -1.2720073499   1.0465172559
 1.1259965209   0.7108876320   3.2172947410   0.9724791341  -1.7117122392   3.5301835275  -0.8489442575  -1.2057898357  -0.8026666834  -1.9399952711  -0.2780095454   0.1987888057   0.6443815491  -4.1311822806  -0.8350733884   0.1591991346  -1.5295136887   0.3756890986  -1.1885229066  -1.5865910658
-2.2624837487  -0.7794546240  -1.3321672029  -3.1164763037  -0.7128683863   0.7722221163  -3.9473801727  -1.2308314112  -0.1269243519   0.3800665057   1.4029339266  -0.5532507274  -0.5118488407  -3.6122585707  -0.2601757147  -3.6465996137  -0.9553651278   0.3667356142   1.8795015214  -0.5487893889
-2.4215191853   0.1770352364  -3.1647523276  -0.5333236537  -2.2577803262  -1.6616784631   1.0128372045  -0.8284094502  -0.6651892009   3.4716437906  -4.3195583104  -1.1241603303  -0.1083966845  -0.4436144589   1.9898029241   1.4996772556   0.6508707646  -1.5060465568  -0.3519454859  -2.8127282317
 0.1861165283  -0.8363944491   0.3266070578   2.5863397484   0.3142650047   1.7182362376   1.1877458405  -3.4603525711   0.8219967538   0.1817939740  -0.8730590146  -0.0862953331   0.8674491117   0.1184714646   1.9340084451   1.3141376894   0.6699053056  -0.6358164896   1.6509362190  -1.8359029861
-3.1324436633  -0.8444851514   0.2074822279  -1.1086115368  -0.9068922078  -1.3185949594   0.4615744200  -1.4710313563  -0.9168246560   0.6954531272  -0.9101088789  -0.7890364598  -0.3935351564  -0.4569169369  -0.7849667133   0.1726208514   1.0620773247  -0.5772403866   1.5589496135  -0.5294978510
 0.1590666473  -0.0095030390  -1.8014189653   2.9649911401   0.7670080692   1.9177935988  -1.7954776761   2.1117595531   0.7009064038  -1.4340315726  -0.9914199545  -0.7836819252  -0.2478668222  -0.5644242802  -1.6929340117  -1.2005185067   0.3409008570  -0.2870785910  -2.3941697931  -0.9102994265
 1.4755993577  -1.0442095424   0.7456605381   0.4338361855   0.2636388939   0.4996788400  -1.4097588067   0.3766768676  -0.9706006784   0.7858766210   0.7772370485   0.9253325816   0.1870444587  -0.6197069350   1.4869865094   0.4383991950   1.3471207539   0.1298487313  -0.1547383296  -0.1496539571
-3.3578705797  -0.6748148313  -2.1116333627  -2.3003337612  -1.8127063899  -0.7708218087   0.8233194988  -0.6590975236  -0.2929403395   2.4321507023  -2.2402679299  -1.9453439388  -1.7760574475   0.1643836150   1.8500931681   0.3141824503   0.8297684795  -2.2930221255   0.0669249171  -1.4928154447
 0.2300970413   1.8549739386   1.0216927881   0.3794628977  -0.3595436162   0.9552449327   1.2381120400  -5.2921134398   1.0611981510   0.1946149942  -0.1824576202  -1.5322354526  -1.4054801541   1.8146251258   4.2253130840  -0.0323962306   0.8233720086  -1.0149109193   4.8778826076  -1.3348774934
-4.5737477865   0.0894656362  -2.2743422463  -2.3051720762  -1.4270737250  -3.5197109898   2.9284842751   0.0780264050   1.7747741087   3.6775644981  -2.7142911825   1.4883032857   0.0390057027   3.3482370169  -0.5386404851   4.4818964749   1.0265011352  -0.7040835621   1.7523644858   4.7315109812
 0.6180535968   2.4616994735   1.5367065980  -3.9356971546   1.2972177521   0.2829386950  -0.7072793539  -1.5089178612  -1.4598015196   2.2126453436   0.9422249033   0.1865938456   1.2546301257  -3.3058745955  -0.2444994343   0.0441434839   1.4259053502   0.7664156618   0.3854896506   2.3054297772
-4.0346201219  -0.6888089248   0.3777108989   2.8978525026   0.7015256193   1.2712081516  -0.5087623090   2.0961626136   0.4822705054  -1.3915494214  -0.3348787069  -1.2300824740   1.3509563273  -2.8304291008  -1.1066060741  -2.5450340054   0.9075081793  -1.5376939429  -4.6820950304  -0.6777921631
 2.8934135751   1.6737567889   2.5388969355  -0.5821234595   0.6448170660  -1.5330327258  -1.9285355112  -0.4979021457  -0.6428710675  -2.1071878238  -0.3077822533   0.7583922705   0.1770493329   0.8880502412   0.9495635051  -0.0604039766  -1.7738868778  -0.7756253389   0.8120686631   2.6822354373
s2
-2.1573690622
-0.4585092262
-0.3913064734
-0.4963912857
 0.8058660064
-1.6145716470
-0.0662663548
 1.7037696724
-0.3417249363
 0.1450863417
 0.3955839198
-0.9850784427
-2.7924364661
 0.1234088605
-0.8318184520
 1.9403885526
 0.3532499239
-0.0743732770
-0.4619679916
-1.3932272814
w3
-1.7115347119   0.6994530636  -2.4062193880  -1.1791880368   0.1991370193  -1.3680972521  -1.7599381540  -0.5977400979  -1.0937802401   0.3239160518  -0.3265614546   0.1452664713   0.2968438034  -1.0651455178   0.6670342099  -0.5105378368  -0.5158314481   0.7860765107   1.4377613180  -1.7394191510
-0.2882928529  -1.4060918628   0.5555513882  -0.6164368143   1.0696453085   0.1966156552   0.2433729407  -2.5271229353  -0.6932738939  -1.1419697282  -2.1256797331   0.0958815807  -0.9340031618  -0.7629719668   0.0428703669  -0.8304325126  -0.5820245801  -1.4534318528  -0.1878381168   2.3730666282
-1.7538800280  -0.9225721219   0.9949304605  -1.0365649739  -0.5413729191  -0.7382956913   1.4663170615  -0.2796162866  -2.7191955487  -0.2682124016  -1.7682777939   0.1760079088   0.5875441133  -0.4499019295  -2.0039840579  -0.3551429705   0.0407028592  -1.4109442179   1.7750968097  -1.4338404418
-3.8680482547  -2.9065316992   0.0296650430   0.8587990062  -1.8161975734   0.5081375931   0.2798765679  -0.7047766358  -0.7750858088   0.6177255950  -1.7765076751  -1.1928972944   0.1632632354  -1.1846687971  -2.1603863028   0.8839137108  -0.4547802160  -1.1527092798  -0.9926501794   0.1999955895
-0.1566237826  -1.3950242299   0.5332154741  -0.1007164038   1.5468551977  -0.1482468757   0.0701483794  -0.2406900361   0.8860106535  -0.5117650907  -1.6528074756  -0.9802540354  -1.5969699515  -1.3543633859  -0.1359517061  -0.3675917783   0.0935809540  -0.8583842121  -0.8678611647  -0.2265962991
 2.6765671441   1.0373163162   1.8631631943   1.4559064226  -0.9584411515   0.5858052834   0.5536388957  -1.7388900217   0.0735795843  -0.4237801866  -1.7110877001  -0.0167683167   0.2713126925  -0.5395413535  -0.6013792873  -1.0490290699  -1.5630680848  -0.2540544786   0.9579214601  -3.0559488953
-0.7320901267  -0.6885098114   0.4635313086   0.1734250904  -0.4496343546   0.7073866368  -0.9781529041  -1.2303938117   0.1870664066  -1.9517071349   0.7604138807  -1.8267406906  -0.9780297094  -2.0962215307   0.5255809128  -1.1836083916   1.2620417899  -1.4457446533  -0.7299944463   1.5283441997
-5.8525041143  -3.2994750868   0.2484460177   3.2484577863  -3.3126982751  -1.6264614227   1.2945078116  -1.3554687244  -3.7438159039  -4.4459738320  -1.1631225541  -1.3265259205  -1.4686071317  -0.8204333410  -3.8454918561  -3.0432880155   7.1592418543  -0.9285476382  -1.5015593691  -0.4383093574
-0.4031297576   1.0212065425   1.4927260419  -0.8826418978  -0.1640835247  -1.1797114173  -0.4821380198  -2.5590923566  -1.1554621311   1.4890524353  -0.6127949556   0.0203939524  -1.5723365621   1.1102319644  -0.0413669782  -1.3793352415  -1.0612042352   0.4518760409  -2.7456136044  -1.8597114752
-2.5471350401  -0.9325602469  -0.1756513893   0.4908705527   0.8903283307   1.0509700210   0.1592075525  -0.9532222735   0.7053922383  -1.2991260179  -0.4675260379  -1.5077250432  -0.6800554119  -0.2595303148  -0.0202593054  -2.3781169674  -2.1612050276  -1.1067732445  -0.7528948759  -1.0985086519
 0.0747457958  -2.3027167202   0.0652565796  -2.5581700895  -0.8657364828   2.7984717098   0.0558790862  -1.8029737749  -1.1809581268  -1.9467581673   0.2247674122   0.1847156661  -0.2950572885  -1.5354393034   1.3146633108  -2.2251949729   0.4844218704  -1.3633518362  -2.7683989476   1.9374816580
 1.0541444145   0.4015741486  -0.9990465328  -1.5084020812   0.4426041561  -1.0249036261  -1.0717595332  -1.9144105192  -0.1305530177   2.7730807458  -2.9399684721   1.3680155848  -1.7362632380  -1.9413196685   1.5484023957  -0.8773161357   0.4449938215  -1.2820373790   1.1121007042  -2.3957989189
-0.9165942250  -1.1879005177  -0.5191787700  -0.3078156039  -2.3077617164  -0.6598438741   0.4516833685  -1.4043915674  -0.1772946874  -0.8602753357  -1.3081883465   1.0960066676   0.2220937494   0.3663042531  -0.8175610956  -1.5605333542   1.9944259522  -1.6525061357  -1.7138720545   1.4793232442
-1.4158323284  -0.7047094049  -1.6875820927  -1.0947477799   0.9914902847  -0.6833145531  -0.0215574160  -0.6239100842   1.3073241162  -1.4761319653   0.2475816210  -0.5074160904  -0.7568561713   0.8706808574  -0.7534049434  -8.3073200596   1.9913368654  -0.9742864431  -1.9761726573   0.1887245988
 4.2380852864  -0.2072336762   0.7081598173  -3.4599036722  -0.4226253630  -2.3402837538   1.0810661727  -2.0130596162   1.0498044543  -0.4099035825  -3.3161681911  -1.3186493985  -2.6937489829  -1.7606900453  -0.6760697957  -2.0612139199  -1.3576718146   1.5049307127   3.7793015112  -1.8784174018
-0.3635533450   0.6067810386  -0.4504978166   0.5257206476  -1.4617242354  -2.7865240982  -1.0984657785  -2.3671912145   0.9831183691   0.3001905025  -1.5143328878  -0.7378143505  -1.0040424374   0.0833154650   0.6316778849  -0.7298065327  -0.3565009207  -2.1378678998  -1.1406009627  -3.2066892927
 1.1138129531  -0.0356465099  -1.4366733891  -1.4909832485  -0.4681697902  -1.4672547354  -0.2389685044  -0.9009214835   1.0639289300  -0.3079056898  -0.8950361608   0.3790290262  -0.4701906153  -2.0150692886  -0.7498730646  -1.3641466688   0.9155975505  -0.2966933740   0.0087576314  -0.7934052020
-0.0491166697  -1.8994969436  -0.3966513506  -0.8952943900  -0.7353771582  -0.1065633445   0.4968442663  -0.6258319494  -1.7660616433  -0.8830326456  -1.7727119695  -0.5738880278  -0.0758735351   0.6676157107   0.1937564038  -0.2131259259   0.7863103805  -0.5568482634   0.2073660094  -1.5572620999
 0.2451391131  -1.0475249910  -0.4068908669  -1.0241713135  -0.9299609663  -0.7097896868  -0.5321199987  -1.8603984691  -2.6535450869  -1.3066881080  -2.1541378605  -1.8322557714  -1.2517037651  -1.3405907427  -1.2640496300  -1.1608227071   2.2387135884  -0.3179189709  -0.9606801977   0.5490747850
-0.8102358122  -1.0505552777   1.9186893949  -0.8088357022  -0.8145064171  -1.0798237205  -0.7555416285  -2.2515232643  -0.0151289532  -0.2534730240  -2.2411766561  -0.7726231759  -0.0419417215   0.0479440297  -0.3653043675  -1.1455013036   1.6701239671   1.1715753848  -0.3432441093   0.8594972001
s3
-1.3648048671
-0.3812905495
-0.2885684126
-0.1581063334
 0.2806118259
-0.7677163189
-1.1205239412
 0.0989303804
-2.3255591834
 0.2960664140
 0.1028420510
-0.9598605698
-2.1810664743
-1.0810049062
-2.4111455438
 0.8007091921
-1.2535057124
-1.0120810377
 0.7237921253
-1.9247344509
w4
-0.8513553898  1.2501639031  0.8228475534  0.8588708884  0.9796554801  -1.2954077141  1.3318232172  0.9438103545  -0.6448945672  1.5027896595  1.4447419800  -0.2618527510  1.4855457943  0.4150594395  1.0891807953  -0.3016350992  0.1772064025  1.0489479952  1.4368572212  1.4284810579
s4
0.0752006129

