layers: 4
str: {2,20,20,1}
w1
 2.9769713573  -3.0400582638
-1.0831035026  -2.5957240995
 2.8328106917   0.1834970343
 0.6241792427   0.5069503794
 0.3548708232   0.2023978880
-7.3371992092  -1.6663762575
 3.9412193492   1.1511299192
 4.7579111893  -2.5694372667
 0.8300423129  -0.9677652751
-3.2786494764   1.3046463031
 0.5933890128  -1.1440401699
-2.8125182077  -1.8286843214
 1.3633549489  -0.0732856530
-2.6026932621   3.0262027377
-2.6399244788   0.9429941792
 0.9281256725  -1.0866253145
-5.6152548974   3.1735716417
 0.8488458000  -0.3593848491
 5.1498120271  -3.0291531680
-5.7195948097  -1.2334866791
s1
-0.9211162162
-1.0452561104
-3.2746436269
-1.5378869204
 1.3268203002
-0.3329381425
-2.6558827703
-0.2456077648
-2.0762091169
-5.1715873919
 0.9185260010
-1.0245977063
 2.3312500267
 0.3373169766
-4.4006350272
-1.9726199095
 0.1174079140
 1.1713803097
 0.2088815319
-0.5083262521
w2
-1.8942055456  -1.3736660487   1.2973337334  -1.1321946015  -1.5968902575  -0.5372988558   0.0265783890   1.3182380216   0.0853128601   0.9283927240  -0.1426703909  -0.1088097063  -2.0453799388   0.8015812319  -0.1584966019   0.0566262968   0.4509233436  -2.4982008377  -0.2206302373  -0.5425024584
-1.8587468792  -1.6164166146   1.1111187515  -0.1458382741  -1.1787267808  -1.1887781848  -0.4442355800   1.6049544407  -0.2107091447  -0.3021303081  -1.2092650180  -0.9665973773  -2.0232124334   1.9108889285   0.3160901004   0.0366366974  -1.3585655677  -0.9876265427   0.6192443023  -2.5292762759
 0.0260488131  -0.7199470076  -1.6229278310  -0.4903703261  -0.6008282008  -0.1879004500  -1.1392145273  -0.8064311827   1.3530627538  -1.1610112096  -0.7341143146  -0.6200620896  -1.7243399932  -0.0123230602  -1.0081474693   0.7699607163   0.8631762503  -1.1304091950  -0.4870328932   0.1225212657
 0.3153224736  -1.1795168823   3.0561213281  -0.7081286444  -0.5076190404  -0.6911401338  -1.6897432011  -0.0911796278  -0.2554255324  -1.2813984116   1.0861130916  -0.7569840572  -1.4585942969  -1.6851690560   0.1508187218  -1.3910515451  -0.0082166473  -0.2837692505  -1.4640446045   0.3892042098
 0.8487804631  -1.8568223652  -2.3041938191  -1.1560699883  -0.1596265258   2.2833812598  -2.1882028548   2.3364721928  -1.2124094562  -1.0633322472  -1.7905412947  -1.3780174175   0.2977257712   0.5649935687  -1.6044443969  -2.1790722206  -3.1568560342  -1.8094654145   1.9406573205   0.9154768212
-1.7031013253   0.4346452675  -0.7933068992   0.3040128788  -0.8208392754   1.3838831585   0.0993512925   0.0471761193   0.3507690514   0.0669520854   1.6181998841  -1.8045793032  -1.6620658621   0.3635492485   0.5604386066  -1.8404788371  -2.3712633772   0.4140366466  -0.1727352262  -0.8404159754
 0.2278717282  -0.5575413736   1.1148738839   1.6083471413  -0.2088855671  -0.4956186637  -0.2669419529   0.7261477231   1.1451880613   0.2334552664  -0.1393296088  -0.3022170104  -2.1481542909  -1.6163730683   1.2048033747  -0.9302179594  -0.3118828315  -1.9329081279  -0.4570974103   0.5106526311
-0.8370745598  -1.7803917323  -0.3719539213   0.8604033175   0.7431131019  -1.5968142947  -0.6493075011   0.1578928085  -0.4597170957  -1.8985550743  -1.4396557674  -1.6869405876  -0.5882582716  -1.1251304878  -0.8522452270  -0.8013056787   0.5345404002  -2.3453971026  -1.2875724878   0.0552117167
 0.2575003588  -0.9087942433   0.2936447676   0.0098093825  -0.9611365170  -0.7191600486   0.9474018532  -1.2356314108  -0.2656917444  -0.5684391851  -0.4056153050   1.7943426310  -0.0520921539  -1.3631131064  -1.1835092439  -0.0674841846  -0.8313208718  -0.5856802755  -1.3806102939  -0.8972493454
 1.4199318220  -2.1103721128   0.9665482810   0.5680788219  -1.4950194272   0.4080666395   0.8266197199   0.2880290968  -1.1716731270  -1.1625993320  -0.3020576354  -1.3704423718  -2.1173818670  -2.4396596997  -0.7775249324   0.5619810252   0.2751398649   0.1971221218  -1.3960179768  -0.0180245585
-1.6958649979  -1.3451845664  -1.9648186529   1.3537293804  -0.6561357563   0.5876745040  -0.7666333108   0.1465792729  -0.8537614000  -1.8159023423   0.4151818940  -0.9921672080  -1.3946015512   1.2474966659  -0.8408611177   0.4678565764  -2.4998399100  -0.2480430057   1.1072601044  -0.3122548626
 2.0419157339  -1.1039134328   1.0838036214   1.6967789159  -0.6626933772  -2.7570042035  -0.6817161061  -0.4332860607   0.0304520385  -0.3064268336  -1.7162529460   0.6114091958  -1.9395304010  -1.3239920576   2.2275337359  -0.5157536611  -0.5442932009  -0.6604805372   0.4432758727   0.7868146182
 1.1278908145  -0.6508901754   0.0427713617  -0.9108198336  -0.2336251196  -1.0540786901   1.0971491185  -0.2510047554   0.3340588253  -1.0082312765   1.1081628485  -0.2600384745  -0.9219215789  -1.7836506290  -1.8371975570  -1.4764920826   1.9263672274   0.1189819010  -2.0231442504   0.0075814913
-2.4041221473  -0.8331148088  -0.7640900735   1.1789363313   0.0425732331  -2.0526267962  -1.5650892794   1.1977889693  -0.5984732908  -0.9310671047  -0.3009090829   1.4194178951  -0.6804512203  -0.0744644181  -1.1678711701  -0.5717164998  -1.7047845515  -0.2047790513   0.9804595322  -0.0759010695
 1.0347956607  -1.2346667313   0.2342641688   0.8134579204  -1.0659395798   0.0227229525   1.1267858523  -0.8059632509   0.6657447223   0.3137807734  -0.1818307477  -0.4106446236  -2.9313235658   0.5641770785   0.2009970474  -0.2652383977  -2.5570998638  -1.1995958941  -0.1848872710  -0.6946507473
-0.9713983242   2.3324273620  -1.5318729170   0.5059608346  -0.3666945646  -3.0849630015  -2.8488374923  -2.3686446562  -0.0413020399  -3.7655438083   0.9899887855   2.1171320966   1.3323681032  -1.4672381189  -2.9392619792   0.3888772997   3.2053096315   0.5142983218  -3.1562510098  -2.9542726981
-0.4245656229  -0.0350795137   0.1109055065  -1.5419505121  -1.0375429971  -0.2157079489  -0.9609107126   0.1215442789  -1.2315635373  -0.9339812254  -0.6730291242   0.8448495406  -1.0027734833   0.1093282318   0.0683321714  -1.5820980336   0.6320503647  -0.3857037330   0.7730610872  -1.5491191045
 2.6741781015   1.3112485615  -1.5859846920  -2.9506094898  -0.2836459092  -2.6823436130  -2.3160315661  -1.6458479513   0.4857299100  -0.0839517705  -1.5228376647   1.1427493125   1.4262895712  -1.4478320554   0.7173413320   0.5223388982   0.3373298635   0.2764016688  -0.9780124519  -1.6988231700
-0.9600245213  -2.7322542678   0.3553876272  -1.2310570917  -0.5490498705  -1.4667893450   0.5925893484  -0.6551660703  -1.4037273439  -1.5022144532  -0.7836570582  -1.4374987659  -0.9833552106  -0.3327399172  -0.2430418861  -0.6530615122  -0.8327263424  -1.0728472100   0.6377547714  -0.0312180646
-2.0574350462   1.3345762183   1.6062592015  -0.4045902491  -1.2655144073   0.4165217502   0.8675420586   1.4076142875  -1.5669431540   0.0924483807   1.0717024437   1.0954304741  -1.4952248567  -1.2409167959  -0.2543688476  -1.7807830106  -0.8068878291  -1.5897525808  -0.9794649818  -1.1130596879
s2
-1.9950450059
-0.7901400374
-0.4223450742
-0.0744386555
 0.1464025029
-0.8845846028
-1.5208138079
 0.7567525610
-0.9124916535
-0.6231742967
-0.5509361736
-0.8573288701
-1.6546127848
-1.5380098103
-1.0055564813
 1.5850353399
-0.9140668561
-1.3917111574
 0.4411770727
-1.5127862416
w3
0.9607150468  -0.8861070459  0.4411884813  0.7493606593  -0.8043961426  -0.7922853451  0.5926844205  0.5017082348  2.5849668246  0.5509979612  -0.9029137596  0.8909110095  0.7302250095  -0.7061870240  -0.0087081825  1.6315796074  0.0344015296  1.0098861577  -0.2245328418  -0.6269494824
s3
-0.4218233966

