layers: 4
str: {2,20,20,1}
w1
 0.4248687734  -2.6516548718
 0.2911816646  -1.7297345355
 0.0578112975  -0.5982102011
-0.9399241870  -0.0212444806
 0.4053829483  -0.8303830850
-2.8805181560  -0.5514732522
 3.0925002711  -1.6207306340
 2.1651044910  -0.9635823078
 1.3034603570  -0.3237515707
-3.1305184441  -0.1271730061
 0.0023016399  -0.8423476501
-1.2243188562  -0.6045889264
 0.9786537441  -0.0667514431
-1.5947142980   2.0270576975
 0.0885637841  -0.1290694392
-0.4499637772  -0.3180449615
-3.0801437389   0.2843024895
 0.8937757056  -0.2983621996
 1.6247119048   0.9809586061
-2.4601325138   0.2751726390
s1
 1.6510287717
 0.4625001496
-1.4979968862
-1.7720383375
 1.6200964881
-0.4425774507
-0.0664382299
-0.1728945030
-1.0068937535
-1.4489533825
 0.7904111314
-1.0808353354
 1.5965912792
-0.5917218017
-1.4297093331
-0.3474310014
-1.9408254729
 1.6132827558
 0.0520163192
 0.9338771288
w2
-1.6811320276  -0.7456493472   1.6718811065  -0.8919415085  -1.2454015880  -0.1281521197   0.0687200415   1.3352872433   0.4822854009   1.1304234659   0.3047756409   0.1726661186  -1.9581230806   0.7544650682   0.0983061458   0.3074540967   0.7229623092  -2.0801665010  -0.3758937496  -0.1920601929
-0.8248178560  -1.4704913170   1.4272595599   0.6150253006  -0.8899988935  -0.8682106221   0.0073047220   1.6505224802  -0.5127849141   0.0854159914  -0.7294525439  -0.6976081414  -2.0579947033   1.8932178269   0.6443496818   0.7264016309  -0.8127975169  -0.6331336985   0.6084813448  -2.4618803228
 0.1000538855  -0.7375165352  -1.6995938608  -0.0730217852  -0.5031937911   0.2930948576  -1.1015581000  -0.8503429321   1.3100069522  -0.5241202041  -0.6525089167  -0.4418007498  -1.5676342825   0.5234982708  -0.7926417913   0.8132698626   1.4106537824  -1.0202850901  -0.4037537613   0.4275718636
 0.0795938321  -0.9245287999   3.1239129911  -0.4997155899  -0.3753555909  -0.4616853503  -1.6480495874   0.0299326796   0.0368099185  -0.9057963747   1.1314666175  -0.8036021878  -1.2113175551  -1.3052567498   0.4137247475  -1.3516543080   0.0669064227  -0.0222795095  -1.2684683327   0.5560476168
 0.7224434556  -1.4265029785  -1.7109588552  -0.9637271814  -0.0408749532   1.2880600096  -1.2512143269   1.2454092346  -1.1487755692  -0.7999790159  -1.7243325599  -0.8378215082  -0.0475313856   0.6922849030  -1.3059183478  -1.7197527186  -1.5137278537  -2.2266229933   0.8750767434   0.6440516131
-1.2510454868  -0.2321711475  -0.5542651763   0.6128658819  -0.5426760766   0.8565256315   0.2584135129  -0.2641520450   0.2262997685  -0.1022826536   1.4690391474  -1.3889734015  -1.9820173244   0.4848973448   0.6918914287  -1.4961498030  -1.6116668867   0.2196948261  -0.4950658259  -0.9636131868
 0.2006320123  -0.2164624201   0.8699407463   1.3836217616  -0.0573074753  -0.3264917705  -0.3965972298   0.6052548154   1.4084295383   0.4539888450  -0.0818946301  -0.0030275127  -1.9944524772  -1.7342484527   1.3237764883  -1.2340233455  -0.1593199447  -1.7425882785  -0.5616622069   0.6362047541
-0.4632408161  -1.6510686636  -0.0552791080   1.6628613149   1.0964909227  -1.3602283901  -0.2543088492   0.6172418485  -0.4940825448  -1.8418121234  -1.0707456371  -1.5929631159  -0.4366964861  -0.9970897360  -0.7264173117  -0.3352973692   0.3480256404  -1.9260784235  -0.8700650939   0.3652227538
-0.9309355776  -1.2662814565   0.3437873619   0.8924995458  -1.3747198526  -0.2236020815   0.8482503372  -1.3643701297  -0.6126924855   0.1389043015  -0.9027665650   2.0859367836  -0.4091141572  -0.7645300391  -0.8700678771   0.0325470926  -0.5933643337  -0.9218673664  -1.7604191374  -0.6204074808
 0.9459972153  -1.1940517888   0.5604490223   0.3491810850  -1.4148598842   0.7109668054   0.0862243830   0.3650481239  -0.3636321362  -0.7928172498  -0.2576299176  -1.1364048506  -1.7603149680  -1.6108831993  -0.5552325517   0.3461529909   0.5462928146   0.5144345689  -1.2767009115   0.1896396853
-1.5843593793  -1.0191535252  -2.0383361079   1.6919838847  -0.4252231201   0.2794042261  -1.6217203835  -0.7757709332  -0.8723446984  -2.2237383455   0.6430737082  -0.5373378497  -1.5134513331   1.6775553785  -0.4363659220   0.9182818064  -2.5703216958  -0.0663962126   0.5223454607   0.2776398160
 1.7144677698  -0.8435203520   0.8181243853   1.7812247344  -0.4724772492  -2.6416624385  -0.7190748571  -0.2961588005   0.0201122708  -0.2929303270  -1.7180601602   0.5551904087  -1.4553325813  -0.7356292449   2.1738369338  -0.9722405120  -0.5837053954  -0.2331767104   0.5699709061   0.7895924901
-0.3673614844  -0.7535087786   0.1559245693  -0.3622586328  -0.5301584259  -0.5868437549   1.4672539620   0.6238651637   0.6602380690  -0.3774167247   0.6246314086  -0.6260750680  -1.0563873970  -0.9966235473  -0.8302453880  -1.1704312118   1.1525837487   0.0640668966  -1.2492432976   0.0650506065
-2.1455010466  -0.1844981376  -0.6366281867   1.4384606665   0.2944464734  -2.0138897330  -2.2359913214   0.4800224479  -0.3182227429  -0.9721880571   0.1297242492   1.7945344824  -0.4986655267   0.1366162129  -1.0493969827   0.0110282290  -1.0915790160  -0.0139813511   0.6706677686   0.6655553950
 1.3120254278  -1.2935239260   0.1786034072   0.9827679958  -0.8892725956   0.1353347424   1.3002607288  -0.7369471870   0.5754973818   0.3377349818   0.0656031647  -0.4298186200  -2.5114131433   0.7417423455   0.1016267840  -0.1587183205  -2.4375312552  -0.9170656922   0.0632715787  -0.5310070847
-1.6411043945   1.4012623255  -0.4482244225   0.8981538474  -1.4944846881  -0.9668432835  -1.1778373649  -0.2300127391  -0.0174729290  -1.0416196155   0.6594740248   0.8094046335   0.0639705730  -1.8186161226  -0.6496997296   1.2260165614   0.5253388146  -0.1395014907  -1.2520794682  -1.8706686433
-0.2881412925   0.3617039504   0.1206688513  -1.5767454615  -0.6998941252   0.3076055709  -1.1012173915  -0.0836806930  -0.9782648839  -0.4237500752  -0.5954607542   1.3909378729  -1.0260342902   0.2203031255   0.5630237786  -1.6621482345   1.1029538462  -0.1923003321   0.5101109196  -1.0436386687
 1.9144612505   0.7951504518  -1.3533882977  -2.9264223992  -0.2726120388  -1.4786487614  -2.4106329131  -1.7509446892   0.2895060084   0.8534046764  -1.8035147015   0.7986016050   1.6058808396  -1.1137940817   1.4090389089   0.3239909612   0.5564855242   0.5759850048  -0.6929527533  -0.7272787942
-1.0898319035  -2.6487107108   0.5041812275  -0.7700167771  -0.4780054439  -1.1922043143   0.1176429881  -0.9620430686  -1.4818385969  -1.3933846034  -0.5680977211  -1.3140484881  -0.9863376786   0.1271805475  -0.1541392179  -0.2008189264  -0.6519446793  -0.9315649652   0.7100336176   0.6251485089
-1.2790686680   0.9319175399   1.5740367920  -0.3247467419  -0.9813631154   0.6278303266   1.0046058700   1.3377489423  -1.7221707267  -0.0225336795   1.0131442897   1.3031703978  -1.2292367796  -1.2422147552  -0.3336779713  -1.6943483324  -0.3262204735  -1.5471683801  -0.9599540309  -0.8307405721
s2
-1.7405980854
-0.5484142161
-0.1034127853
 0.2034763221
 0.1429766405
-0.5950215562
-1.3852567316
 1.1344683345
-0.9565585430
-0.2754633877
-0.3597291751
-0.6409646657
-1.5704658586
-1.2195000839
-0.7091630637
 1.1403096391
-0.6016696161
-1.1242630518
 0.6082221159
-1.1355866944
w3
0.1575829040  -1.0128098810  -0.7057996485  0.5970755776  0.0690354274  -0.2469482550  0.3099888021  0.3476546264  2.6680099861  0.2352036011  1.3636311048  0.3139203748  0.5175109346  0.9955477591  -0.2051801547  0.7883410350  -0.2862982390  1.0652118499  0.5549228124  -0.6588187852
s3
-0.5016727437

