layers: 5
str: {2,20,20,20,1}
w1
 2.6224155647   0.6292131773
-1.8687535124  -1.1573340096
-1.3211047185  -0.7859858645
-0.4178336400  -1.9206508127
-3.2017291973  -0.7869604758
 1.7058271269  -0.6693872465
-0.9564505813   1.4281092755
 0.7399825959  -0.2303489432
-2.3867190474   1.4853833371
 1.9869694730  -0.9274523615
-0.3528638979  -1.8703824371
 1.6403230955  -1.7608049780
-0.0584227841  -1.3575508219
 1.0101789596  -0.2089221794
 0.4286908174  -0.8855261116
-0.7427182054   0.1217258427
-0.9892295315   0.1532258581
-0.4661393723  -2.4085918248
 1.5774790648   0.1663071475
-2.2308535688   0.1425838460
s1
 1.8208897496
-0.3713823072
-1.1832007142
-0.3526421938
 1.2715835801
-0.0820854174
-0.3655793548
 0.3384718626
-0.9222218063
-0.8887967695
 0.5005551131
-0.8407226362
 0.1188319766
 0.1799113059
-0.4806409281
-0.5544958641
-1.4098807627
 0.9546779406
 0.7284849998
-0.5138811899
w2
 0.1492287598  -0.3378187330   1.1026165703  -0.2764746232  -1.0350554900  -2.0226449325  -0.2139521807  -2.0443066445  -0.3324461724   1.7312713890  -0.7669190838  -1.5372403709   0.7580822175   0.9439019613   0.6347670549  -0.0349364898  -0.0014248394  -1.0147451507  -1.4124971826   0.0158212606
-0.2462813425   0.0639583142  -1.3488563470   0.5202113653  -0.0366853458  -1.3827444556   0.9064816707  -0.8114453042  -0.7721717431   0.8273605350   0.0641494246  -1.3560000635  -0.8532073967  -0.6691695128  -0.8893450284   1.1306163339   0.7243403908   0.5115954832  -1.2517460169   0.7475237239
-1.2041107882   0.4373827191   0.6245705340  -0.9037334939   1.1219676070   0.6880477109  -0.0150789149  -0.7431753803  -1.3999220002  -0.5914868966   0.6064589376  -0.1425474255   0.1474678558  -0.7337752983  -2.1194816760   1.2214869715   1.3551861084  -1.9711016479  -1.0378598628  -0.0308629158
-1.3449036156   0.4169449750   0.7839564803   0.0918704268   0.5380174801  -1.8290038910  -0.8289242860  -1.4755814827  -0.0185525899  -3.2153042542   0.1321422580  -0.2119736961  -1.4711653239  -0.6928869911  -0.9110526635   0.4190301283  -0.4156750903   2.4924569058  -1.0883602307   1.3415535279
-0.0890482467   0.0549029109   1.0325851219  -1.2008331064  -0.9943452512   0.0334421293   0.5380079748   0.4381027714  -2.0227250455   0.7061336426  -1.7561094599  -2.1664583903  -0.1174237832  -0.1254102118   0.2963815172  -0.3354399776   0.7334897778  -1.0428692730  -0.6175783673  -0.9012762326
-1.2528829858  -1.0597091482   1.3770638877   0.5068879242  -2.2314884828   1.7540631708   1.1024161946  -1.0451062682  -0.1974672684   0.6700336785   0.9940237709  -3.5469700108   0.2963807036  -0.9438138273   0.7344920759   0.0881354054  -0.0527485591   0.0814480158  -1.7611595271   0.4135195800
-1.5058957199  -0.6711768255   1.3359733765  -0.6520041631   1.3015373192  -0.5715877104  -1.1388874350   0.7344335839   0.1438745782  -1.5458542909   0.2971084814   0.5658201378   0.0286818504  -2.0294233275  -0.5431037605  -0.8455279189   0.6032909360   1.3534104565  -0.7035227573   1.2871430463
-0.2582633465  -0.3676034783  -0.9003100527   0.9731492601  -0.1280998073  -1.9247302932   0.4138779917   0.3162262103  -1.6378115649   0.5366455781   0.3737370788  -2.0655289177   0.3311824568   1.4999552268  -1.1989633613   0.7853822723   0.2861616920   0.4894640777   0.0069215090   0.2747769156
 0.8352144289   0.6514341411  -1.1452294684  -3.3260871371  -0.0987653212   0.0686876272   0.3356588858   2.1183119295   0.1293669609   0.4255854715  -0.9251617521   0.3252739244  -0.6240814777  -0.8684417802  -1.6706681437  -0.0385178479  -0.3740570482   0.2425843321   1.6961103748   2.5650687240
 1.3243951361   0.0840661607   0.2407591717  -1.0720083347   0.1998689746   2.4942818670   0.0623073753  -0.0093901335  -0.5639670985   0.2246636089   1.0175384332  -1.5114957276   0.8564097448  -1.5482179711   0.3246803499   0.8224583262   0.3140127306  -0.1920546227  -1.3623108027  -0.6316815484
-0.8858518170  -1.3258590698   0.1597978610  -0.6953557405   1.2559198754  -1.3539707804   1.3618917522  -1.2674694649   2.2319479713  -1.0071420679  -2.5125027045  -2.7013767538  -0.5413471408   0.9521110398  -1.3752761833  -1.0585996236  -1.1770230202   0.0834134803   0.2887890029  -0.5920177754
-0.7854627492   1.3566204691   0.9478525437   0.7187892540  -0.2180045483   1.7850053136   1.0245695448   0.9396957070  -0.8724420993  -0.5034331877   1.9106707080   1.1065660482   1.4543688234  -0.2342702318  -1.4803461417   0.6275386009   0.2453968908   0.2263060217   0.0972570010   1.4636968816
-0.4705476467   0.9590712410  -0.2388932919  -1.1207973658   1.8788503346  -0.7066354876   0.9383309493  -1.1605707271   1.3234239389   0.2637346522  -0.2884508554   0.8733956634   0.9566293608   0.7648696236  -0.5685920252   0.1050394466  -0.8789767846   0.5938850125   1.7582881681   1.2483958125
-0.2572602492  -0.7733925989  -1.0174512433  -1.0938682989   1.3080621970   1.2222331054  -1.6252864583   0.5788465626  -0.4106584911  -1.2778106235   0.0413887595  -0.3708885089   0.6121400753  -0.0009639786  -1.2486757882   0.2482137814  -1.0964361169   0.9078816360   0.3565407066  -0.6502756682
-1.7022172993   1.2781408574  -0.5751681748   0.8124842234  -0.5971665235  -0.3520836364  -1.1851860676  -0.0288125180   0.8330096261  -0.6941976793  -1.2094311344   0.4222833627  -0.0227699609  -0.3555864320  -0.4455233318   0.5500050809   0.9727707044  -0.2770777754  -0.0141873419  -1.9312399996
-1.0019745115  -0.5940845000   0.1649773839  -0.3605754296  -0.6969919953  -2.1843959877  -0.3809847232   1.4089906962  -1.2391747989   0.4639857245  -0.2403263691   0.0018008253  -1.1739190779  -0.4966419247  -0.8566923116  -0.1255829591   0.7640626872  -1.7840350942  -0.8162942825   0.9500065924
 2.4616526035  -0.2890278291   1.8421810015  -0.5755301648  -0.3156035924   0.5335871276   0.3142187017   1.8261911810   1.5968668674  -0.7805289709  -0.5011945264   1.0677127720  -0.7853305400  -0.6088830312  -1.4857855373   0.7485125209   2.1784577441  -2.2026246757   0.1164676537  -1.5169890405
-0.5005533798   1.0614480090   0.0414357437   0.7530149644   1.8358203330  -0.4540584779  -1.7875051786   0.9395402637   1.4526651102   1.0098939548   0.7565905781  -2.4084176760   0.3595094090  -0.7312704761   0.6943503028   0.1973948681  -0.7620952372   1.6677677865  -0.8386106823  -0.6565058219
 1.4181212615   1.5219593610   0.9135453942  -0.5696841083   0.0319621604  -1.5055214858  -1.4728596634  -0.9846936374  -1.3044852407   2.5987434993  -0.4349826990  -0.5167826069   0.2152391187   0.7229617497   0.9087074642  -0.9416118003  -0.9931429816  -0.3022900690  -0.1740612962   0.9582618384
-0.6222034313   0.2018595057   1.6119269427   0.5606038825   1.1507412289   0.2138007816  -0.5249653582   0.7854234150  -0.2193033158   0.9005420221   0.4959711640  -0.3441679282   0.5769315093  -1.3786816670   0.1893856271  -0.4580548361   0.7734235854  -1.0215654302   0.0632305938  -0.1599964071
s2
-0.8922424967
 0.0236898702
 0.3212277587
 0.0533992666
 1.0497040578
-0.4124925007
-1.1821910627
 2.2193191396
-0.0185542521
 1.2103082604
 0.3861311027
 0.1458708850
-1.7738692791
-0.6113373870
-0.1937813220
 1.2515761308
 0.1739893342
 0.0546509001
 1.4671734923
-1.3582517087
w3
-0.8309141940   0.2787389476  -0.0449513824   0.3599528866  -0.3217448941   0.2430390080  -0.2501880387  -0.4701343694  -0.6711962941  -0.2490198487  -0.4520159639   0.9742063762  -0.4970704503  -0.7711825005  -0.2804387983   1.6818478214  -0.2846031292  -0.4299598538  -0.9854017113  -0.2374859291
-0.0826940135  -0.4386510450  -1.1262289567  -2.8128263922   0.4464174514  -0.6656509955  -0.3470940996  -1.0117005296  -0.6988016903  -0.1827529562   2.2428698003  -1.4983806405   1.3369563941  -0.6754698548   0.3849954162  -0.6346351712   0.5974187177  -0.7729162415  -1.2391965274  -0.8921308741
-0.8313223938   0.2086968255  -0.9251059735   0.6079356022  -1.7595413757  -0.0615438688  -0.4944603958   0.4795558044  -0.0312712502  -1.6294082201  -0.7839511773  -1.3923161281  -0.6779342392   1.5562383710  -0.5257742914   0.7208860967  -0.7154508978  -1.0230170092   0.5782353692   1.5886712980
 0.2984561219   0.6274463733   0.5188110822   2.0403135448   0.3956883610   2.0031068486   3.6294649856  -1.7058181066  -1.8084070219  -1.1727106806  -1.0727548629  -0.6479296555  -0.4004406926  -0.9210518349   1.1210953713  -2.9144439503  -1.3342099250  -0.6262120294  -2.1362631761  -1.2580954723
 0.4664958012  -1.7971156304   1.1205232624   1.9270478216   1.5429667318  -0.1625568044   0.1799047130  -1.0055895353  -0.7188932154  -0.6760158447   2.6673606499  -1.8549242768  -0.8487591853  -1.1592412925   0.6990861401   1.7948956355  -1.0767614834  -0.7022432922  -0.0217424692   0.5780228579
-0.1060262234  -0.2767077530   1.5775317709  -3.4223558923   0.6638312347   0.6024572368   1.9076235448   1.4461606842  -0.3406590490  -0.9107683603  -0.2178141172  -2.2333539593  -0.2177771599  -0.7151770904  -1.1738893271   0.1429161986  -0.6335952459  -1.2820470826   1.5650516984   0.0071678333
 0.6374862462   0.8847269991  -0.5369185064  -1.3521175318  -0.9625494270  -1.1246810124   0.4843551072  -1.3665644264  -0.7014689285   0.9939344539   0.2664080950  -0.7698231775  -0.5233384243  -0.6005907714   0.1576206169   0.7081593105   0.3811529769  -0.1255304791  -1.8276193784   0.5026369651
 0.3259508162   0.9083770328   1.0608253914   0.4415980996  -0.8191915658   0.5546654246  -0.3240434345  -0.7857870745   0.4371015807  -0.9653082523  -0.4435513967  -1.1839603213  -0.5308515934   0.0814972395  -0.6334904958   0.4815343087  -1.5989438640  -0.1706574525  -0.4790163695   0.1074186092
 0.3503749172   0.2755694205  -1.7965257616   1.7341437395  -0.1688292062  -1.4996525098  -0.0445064913   0.4851142495   1.1910110212  -0.0455198317  -1.4662123377  -2.2187427427   1.1734526433  -0.2859938710  -0.6855785852  -0.0959308685  -2.4379760786   0.4580543185  -0.8332228295   0.3223242865
-0.2724904713  -1.6448136726  -0.4211193896   0.2214677150   0.2623617824  -0.2960126621  -0.4548529776  -1.3015939985  -0.5912407500  -1.0219820664  -0.1157965053   0.0451516011  -0.2486995158  -1.2062688933   0.7479337213  -2.3247157176  -0.6974470593  -0.0349174709  -0.5500309576   0.7278136614
-0.6343295712   2.0721860953  -1.2431455625   0.7706924248  -0.1885796601  -0.2567017901  -0.5473998079   0.0985790308   0.2810076765  -1.2791479391   2.5187964032  -0.7907608486  -1.4474157300  -0.3640434831  -0.4593063316   0.1889740154  -2.3480719870  -0.8946973463   0.7994024942   0.8715396512
-1.0816317186   0.2563529820   0.1828113975  -1.4719096479  -1.6742141718   0.6344997201   0.0473320322  -1.5956281530  -1.8027585106  -0.2977829740  -0.1130824570  -0.6847504368  -0.6897363424  -0.4529100799   1.2053655889  -0.3334120958   0.0886449869   0.0626449990   0.4076151634   0.6289224816
-0.3359120890  -0.4536814545   0.0844519037  -2.4192495997  -0.7070627902   0.8845035299  -0.8311657963  -0.2009094138  -0.3172144548  -0.6826335927   0.6960143505  -1.0362265533   0.7506909782  -0.2650620453  -0.1470867984   1.1038314354   0.4653878738  -1.3733495993  -0.6781016529  -0.2293354422
-0.3553454023   0.0286597793  -0.9912726902   1.2410869791  -0.8664496334   0.3248895041  -0.5076661859  -0.2455606906  -0.1445857125   0.8111476768  -0.0557552044  -3.1076944850   0.7295357020  -0.0578412794   0.1839238840  -0.4486104416   0.6589400565  -0.8124889263   1.3981196704  -0.6577053785
 0.7294922493   1.0068015086  -0.0810916705  -0.2656003725  -0.5569359570  -0.2139103056  -1.2335503747   0.1778264106  -1.5965251657  -1.7368522926  -0.2914949148   0.0637811056  -0.8125108033   0.1299013562   0.3986219075  -0.0378699127  -1.2215018003   0.1932375544  -0.5582483418  -0.9002854736
-1.1712033268   0.8972300430  -2.4235726480   0.2017149812   0.1914081056   0.6920210232  -0.3530730457  -1.0334044901  -0.8436988667  -0.5570889575   1.1597739741  -2.6675352168   1.0743417051   0.9326344922  -1.5539663218  -3.2270484756  -0.8240576926  -0.0649775536  -0.7477383351  -0.1304768531
-1.1743981457  -0.4556241958   0.4328925338  -0.2262300153  -0.8291879008   0.3993143237  -1.5252858209  -0.0587771662   0.0769334287  -1.3185180133  -0.7631318232   1.0463983941  -0.9244576452  -1.2048087843  -0.1168695688  -2.4182719766   0.6154546980   1.1263525943  -1.7092248134  -1.8546642999
 0.5185411121   1.6692088011   1.9864823593  -1.1734892464   1.1810428701   1.3276104393  -0.7880452117  -0.2137376026  -1.8968965929   0.1929388883  -1.4403885392   0.7469206446   0.7112153838   0.7409421495   0.2640539379  -0.2096550290  -0.0765531898  -1.3711607590  -0.7757554595  -0.6044386923
-0.2546485181  -0.0089906318  -0.0321992877   1.0898894754  -0.6562740520  -1.0429084129  -0.4335693926  -0.8796877998  -1.2720379065   0.7969290619  -1.0779591942  -1.1833234080  -0.6046876329  -0.1510531932   0.6735198765  -0.1223304822  -2.4122819332  -0.2029311927  -1.2886379093  -0.3281470664
 0.3908799567  -0.0098192157   0.1402135929   0.2844821533   0.6900149809  -0.2776095294   0.5076229982   0.7134259234  -1.1387109826  -1.2061571874  -1.3075677358  -0.2870149074  -0.4266284140   0.4035320522  -0.6074273681  -0.3462070083  -1.1606856281  -0.6656665010  -1.0974052240  -0.1563395809
s3
-1.5701868483
-0.0297490004
-0.1509857612
-0.2219712067
 0.2322495344
-0.6558682460
-0.8811847396
 0.8798366608
-0.4222046285
 0.0921216822
-0.1764637203
-0.4987846135
-2.2524549269
-1.6779135383
-0.2826392821
 1.4441781134
-0.3828372153
-1.1899550144
 0.9823200907
-2.0567452640
w4
0.0709079903  0.9814508003  0.1992427973  -0.4084023409  0.6203715316  -0.6582793815  0.2443620640  0.2761292301  0.8953665416  -0.0448531504  -0.1270219634  -0.1281278431  2.3194526288  0.3640958669  -1.7754431914  0.1792184234  0.4227666193  -0.6769872393  0.1458525493  -1.4626088252
s4
-0.4314550854

