layers: 6
str: {2,20,20,20,20,1}
w1
 0.8211879665  -4.5599173118
-1.6778960138   3.2269610113
 3.8589047804  -1.8083162294
 0.1975299035  -1.6413293509
-9.3945645391  -1.1016794364
 6.5036602081   1.4540076740
-6.6183433508   2.0652562690
-7.6220202729  -2.2430199724
 5.9632283945   1.2239403306
-1.6293053623   3.2718626078
-7.2836616853  -6.0361414224
 6.3318665716   4.0697674879
 1.0497808708  -6.4073650441
 0.6223992799  -2.5784999285
-1.5036400509   0.4457295464
-0.1441133916  -2.0062267315
 6.8720461220   1.8633824548
-8.0004466516   2.5091702335
 5.4400754417   5.0823639065
-4.0771353711   1.4976942643
s1
-0.1105361994
-3.5450170101
-3.6015413582
-3.9602135776
-0.0098575769
-4.2716975598
-2.2084623348
-6.9121182767
-5.4475449886
-3.4870303276
 2.4897959247
-2.9986639360
-3.7816235080
-6.3063636264
-6.1873208297
-4.9426863166
-3.5309631603
-2.4659135640
 1.0395644081
-1.3845980106
w2
-1.4841833835   0.6566908229  -0.2372310617   1.4707606960   1.8448000912   1.9961461636   2.4593005090   4.5345348050   1.3516855285  -0.8498833072  -1.9159299255   1.3438024768  -0.9678342259   1.5740668461   1.5393837769   1.6899347477   2.3502867523   0.7795112425  -0.4317989841  -0.8185667511
-1.5315172055  -1.3175176078  -1.1728156629  -0.5830569951  -0.0807190097   3.5715512462  -0.1547823740   2.8426969431   1.3703551867   0.8342884181  -0.3416457140   0.2773326411  -0.5838470395   0.6819945281  -0.4447273163   1.4939076642   0.9771921210  -0.9446331012  -0.1344896838  -1.1712077002
-1.4456986748   2.2410211993  -1.2673028245  -2.1645822197   3.3341468439  -0.1419723296   1.4811170093   3.2942638428  -1.4877817013  -0.4900870871   2.4555479815  -1.4561256934  -1.1346662923  -1.9103506329  -0.4300240927   0.3024713977  -2.7823071166   1.6859757508  -2.1443823584   0.2852866284
-0.9369876978  -1.1353407384   0.4610963904   0.4916467840  -2.4615230728  -3.2019912871  -0.6544551002  -0.7117966470  -1.3759266136  -2.4441312739   0.7657489848  -2.1654400344   1.9233435224   0.0442645582  -2.2697391810   1.2105435076  -2.8499984867  -0.4180195503  -1.4882160918  -1.3863922915
-0.8303243324   0.6422045320  -0.2672779388   0.8145431416  -0.2444887342  -2.2037815189  -0.6804716301  -3.0670868228  -0.6943548173  -1.4757511167   1.5418489703  -0.0629649532  -0.7017617266   0.5860966628  -1.0073378901  -1.5424175717  -2.8730640702  -1.2492523571  -1.9913112062   0.0752809312
-1.0366168035   0.1302927499  -1.1478334612  -1.1824129954   0.2492079949   2.1554532018   3.3810840655   5.0572941424   2.1320265520   0.5417418480  -1.6491744591   1.1719553911  -3.0078817847  -2.6532558682  -0.7649724060  -1.7572466880   1.1464674990   1.3376512571   1.9167401125   2.2143431846
-0.9701207650  -0.4674770394  -0.0114848214  -0.8083097716  -1.1733108056  -0.3620424807  -0.0515586082  -1.9623118758  -1.1276861787   0.7760427078  -0.5200440370  -2.6432158727  -0.3919836881   0.1450495988  -0.3569863872   1.6779777985   0.2878102450  -1.6977762111   0.0531498153   1.2894527884
-1.1308463213   0.4650110078  -2.0730018456   0.2930769779  -0.4885269711  -2.1407435868   2.7966565229   0.2092045123   0.6785904390   1.2851252571  -1.9756933150   1.0005954978  -3.9413882231  -1.0310826082   0.7963617316  -1.2684796976   0.3544191804   0.6178664788   2.7015438732  -1.0462055706
-0.0249756377   0.9809410678  -1.3922804209   0.6748580410   3.7057490911  -0.9855137942   1.2932263891   3.1669763232   2.1117791775   0.2213930868  -1.4933210652   2.2666455077  -0.2967246295  -0.1694989132   1.0078077804  -0.3963217912   1.6635339181   0.9766804321  -0.6413151899   0.2549134656
-1.3497299124   0.9483767577  -1.2674670811  -0.7334107697   2.2782500744   1.2015837992   1.7804945171   2.5018784505   0.9113784779  -0.2606423408  -0.8195869230  -0.3790667515  -2.5495778444  -1.6764731347   0.3566095301  -2.1735701624   0.4582925217   2.4034528638   3.2948011330   1.6047183275
 2.4985191632   0.0993805125   1.9074170604  -1.0476886959   1.2944246103  -0.0521171896  -0.1063189847   0.3959462501  -1.2131875697  -1.5294674753   3.0485341583   0.2801849858   1.8074255973   0.0046260230   0.4054482664   0.9246987152  -0.8696068606  -0.8416761404  -1.0307832241  -1.4694483859
 2.0090822265  -1.6091197942   1.0670477713   0.7055769393  -0.9269490965  -1.1363514296   1.5113853219  -0.6796656647   0.9615757421   0.2749033170   3.7711442826  -2.0266853348   1.2388402260   0.1474319264  -3.1011809878   1.1779798269   0.8143365272  -0.3344907264  -1.0804111074  -0.1488762205
-0.4557464802  -0.6207787098  -0.9687559691   1.4618307658   2.6493117532   1.3577270583   0.6616599229   4.8009753539   1.4071868526   0.5701536221  -4.0074304444   2.0507367702   1.1535505596   0.6287455627   0.3995318849   1.7562817819  -0.8988306331   2.4377902461   0.5380519688   0.7004628136
-1.9961037528  -0.5911984566  -0.1975033482  -1.5373331927  -0.7375444318  -0.1947286093  -1.4716778280  -0.2112189550   0.6528719607   0.9592340083  -1.7771823663  -0.6900312965  -0.1717288416  -0.3829037438  -0.9273480888   1.0278874625   0.2034942016  -0.9115640331   0.4248928912  -0.5064952101
 0.6778516195  -0.6087920928   1.4802776852  -0.9742261600  -6.5134300389  -1.2911501107  -1.1046976148  -2.3572709311  -2.3969811580   0.4060481629   2.3241114458  -0.8950343572  -0.2521704646  -1.9918322030   0.0069096931   0.3627611722  -1.2968506429  -1.0514922824   2.5994850369  -0.5143334890
-0.9820255129   0.1600687474  -2.1004120847  -0.3672173573   1.4507024071   0.8670220783   1.6561005786   1.6677115527   1.4559540331   0.9719154464   0.3959861769  -1.1022552465   0.6386157032  -0.5757857597  -0.0287592019   0.2637072614   1.6491966168  -0.9735126282  -0.4011281756   0.6564770785
-2.3861200548   2.2821356186  -1.5245134200  -0.7052215316  -1.7113729384   0.2098489817  -0.7413315386  -1.1379035746  -2.0540925914   1.4349644783  -3.1252080234   0.4491343668  -1.8894140839  -1.0827695881   2.6938007848  -2.6606789900  -0.5068652541  -0.6113468459  -1.1403837669  -1.0285156367
 1.8143036962  -1.2598457085  -0.5497866993   0.1241017278  -2.5472115807  -0.7614642628  -1.3910662198  -2.4279286843  -2.0976282523  -0.9213252713   3.9904707801  -1.9740385285   0.0715402916   0.5041898057  -0.9877978568   0.6704976910  -2.3396648385  -3.1848881479  -0.8613101826  -1.0582772794
 0.6972761317   0.2721683745  -0.9429738329  -1.6169698529  -0.4160980962  -2.2805980630  -2.1363992971  -0.1862130373  -0.1041986312   0.3294087018   0.1221019801   0.2886114583  -1.7112797914  -0.0221481029   0.4288742658   0.3312875571  -1.2121777642  -1.5421063279  -2.4392144485  -0.5657917247
-1.8431787150   2.6025798746  -0.4803219338  -1.1514337034   0.1672652214   0.0879642043  -2.2049163774  -0.5763532129  -0.8039643435   2.4950243163  -1.9760694987   0.9464680996  -2.0319247884  -2.3964058748   3.8741337991  -0.4936563608  -0.0518504577  -0.5187822555  -0.2092052975  -0.8613936727
s2
-1.9137622567
-0.9698806851
-0.0626058006
-1.1795295920
 1.5863699622
 1.3998138184
-0.6739615590
 0.7505618299
-1.2022871450
 1.3459257437
 1.9105852936
 2.0017139985
-3.4495135189
-1.4665040691
 0.5305440282
 1.0358311992
-2.6329832324
 0.3091340305
-0.1405164211
-2.8590138407
w3
-1.5339533834   1.1613061937  -0.3775105119  -1.8310140534   0.3919733134  -0.2939945065  -0.5442936918  -1.0353838835  -1.3142694154   1.4551934232  -2.1526509157   0.9238792102  -0.1928173002  -2.6023724220   0.2013972199  -2.5800877058   0.0770578999   1.5290357622   0.1668251183   0.9143222388
-0.6883617353  -1.0122302861  -0.5283585737   0.2067296536   1.1928147898  -2.5731486783   0.7920435813   0.7289332735  -1.5107258013  -1.4764417756  -0.2089397037  -0.2523788297  -1.5735251093  -0.5225187856  -0.2455730640  -2.8921355996  -0.9226671101  -2.3334245000   2.7210321431  -0.9957152831
 1.9909105044   1.5309078814   1.9407146271  -0.6735665251  -1.4662879251   0.9346616775  -0.3175965578   1.4071198106   3.0048989695   0.1203417078   0.0713728223   0.2442051629   1.2915197183   0.3675666603  -3.0598762588   0.9741156614  -0.2095229000  -2.2996685146   0.6756965223  -0.5691898539
 1.6206470822   0.3640748961   0.2940241632  -1.1022925769  -0.5680952411  -0.2579417148  -1.5595948574   0.6088850798   1.9393452496  -0.6441670476  -1.1459716727  -0.4733869162   4.3552343627  -0.9611935664  -1.4127148091  -2.1657744113  -0.8312504343  -1.1442439579  -1.4435646727  -0.2810159509
 0.5913496660  -1.4245283583  -0.4614125910   2.2758228317   1.3897269117  -0.3098233981  -1.0064532070  -1.7194031664  -0.8119041967  -0.6661607339   0.5325590012   0.3104737534  -0.1437694933  -2.0615110520  -0.6058189323  -2.5442832839   1.7400110817  -3.4881325614  -0.1176851742  -1.1518599559
 2.5549138723   2.2732642473   1.8495324885   0.1769712935  -0.2509207983  -0.4321841208   0.0773040742  -0.2757818519   2.0321054712  -0.6636045718  -0.9695546358  -1.5400572230   0.2510589239   0.0748982661  -4.7554903420   2.0935843082   0.4430227718  -0.8254078125   0.6627141281   1.0234892880
-1.9951117837  -1.1783963927  -1.2010764166   0.2572035677   0.9144993999  -0.0596177985   1.4929166190  -0.6244364153  -0.3218888424  -0.2086418840   1.0452284277  -1.8182137424   0.1827052281  -0.3735173437   0.9218884394  -0.3418797697   0.3462661017  -1.1072200400  -0.2509760439  -1.5941843999
 1.9451753931   1.0325372405  -0.8860694848  -0.1281796082  -2.1395748148   0.5936701028  -0.3550337315   0.5757047507   1.2788090148  -1.0367832279   0.2208845211  -2.4780596252   1.4844930769   1.1615236928  -2.5507303247  -0.8337803241   0.2226456708  -1.4554454873  -1.5557235159   0.1614759464
 0.4544039629   0.0106553600   1.0774732450  -0.3645001703  -0.3454697498   3.0332847561  -1.2377691688   1.1164586863   2.4066739974   2.1073433886  -2.4233759211  -1.8564352000   1.1169698764   1.4253304437  -1.9240302730  -0.9997138111   0.2316534983  -2.0322516659   0.1326201413   0.3942298265
-0.7473244812  -1.0398760052   2.0267478620  -0.2340765391  -0.2301052026  -0.9421891682  -0.0228336501  -1.4506074151  -0.2968325682  -1.0883720440   2.0616028169   3.0397688999   0.5464872420  -0.3333247189   0.0818386439   1.5120449103  -1.2048208986   0.7885054967   0.1827699068  -2.2424921177
 3.5384807072   0.9754054618   4.0037278295  -0.8670482946   0.7834527317   0.2160892702  -0.5672200303   1.8953839733   1.9746410783   1.9694086829  -0.8810241034  -0.5641128339   3.1327370053   0.9610330199  -3.5444718637   1.0142668459   1.2087808906   0.2998831896  -0.0901971656   0.4630877764
 0.7763807721  -1.4991115356   0.4956102407  -0.1518695877   0.3919584456   0.0397090276   0.1240101113   1.0269010164   0.2913677838  -0.2158425599   0.3264713552  -1.6783686049  -2.5117100114   0.9106486063  -1.2609487893  -1.2019012419  -0.9387350226   0.4278022867   0.3685701676  -0.4523442170
 2.1418799131   1.3575141782   0.9175499345  -3.6287562304  -2.1603261856   5.3891131402  -1.4530434747   0.8176256835   1.2633334538   0.6503988341   1.4576557033   1.2634987574   1.0082387280  -1.0333500291   0.6808661805   0.1045214059   1.5400732847   0.4632166957  -0.7195953007   1.3887667223
 1.1566062393   0.2275891445  -2.0685842879  -1.4200631902  -0.3278763850   4.1467153197   0.8493970226   2.4609139952   0.3267844241   0.6345897661  -0.3668721781   0.2308112831   2.0291975271   1.6357072818   1.3058493791  -0.7113528930   1.4702999155  -2.0019957216  -1.0536943671  -0.1672023509
 0.1411364598  -0.0672528719  -1.0789076546   0.5060927322  -0.5656172019   1.4663576358  -0.1737141631  -2.3893368013  -2.4448925442  -1.3940023630  -0.3316427818  -1.3853943348  -1.1404767082  -0.8058287962   0.9120184260  -1.2033828457   0.5971305023  -0.0850761199  -0.8122796642  -0.7028010281
-1.0613328150  -0.0320643607   0.7680174312   2.7781430710   0.7271233902   0.1149867104   0.2487464954  -1.3610850181   1.8523966264  -0.3302414052   3.0363404579   2.6086078713   0.1896194983  -1.0689700812  -0.5538751456   1.4163982973  -2.2062452550   2.9925884364  -1.3970361048  -1.9672186044
 1.6098327103   0.9134340991  -0.8836283544  -0.8015418507  -3.0944584200   2.4708462001  -0.0025387721  -0.1756434484   0.8706567003   3.7985662496  -0.3106569912  -1.1228374741   2.2215636302  -1.0302582037  -1.2095053851  -2.9991914965   1.0509780381  -2.9276824111   0.9476537854   1.7053250089
 0.6780450652   0.2542866550   1.4697606500  -1.7429565824  -2.1830479708   0.5829518884   3.2864221435   0.0425563164   0.2380956352   0.4642711409  -0.0384545312  -3.1037391349   3.2074102214   0.7730244538   0.1209358857   0.4235592629   2.0250798803  -0.0011294183   0.8384733537   0.0706150223
 0.7729741487  -0.6396171950  -1.1152725589  -3.9583105265  -0.7608546990  -1.8894602065   0.0585049136   1.5381543172  -1.1070294413   1.7343635152  -2.7994364050  -0.9448004547  -2.3946022794  -1.0905748258   0.5410177475  -1.4149879256   4.1698602772  -0.7304796146  -0.5161872499   3.3925335339
-2.2354357914  -0.5222257526  -0.0967471751  -1.4095109725  -0.0693029387   0.4958657425   1.6969906792   1.6672067145  -0.5533576335  -1.2902002205  -2.8554538659  -2.0550463926   0.7669597577   1.0637918241   0.7526813387  -3.0674637910   6.2562866552  -0.6242691679  -0.9213283888   4.1557182973
s3
-2.0956289094
-0.9820079345
 1.1458676502
-0.0201119642
 0.3400817008
 0.3621044080
-1.4956765108
 0.9301608741
-0.7638928874
 1.2458419320
 0.7671728644
-0.3303495836
-0.7409305729
-0.6669315460
-1.1941166530
 2.6353846464
-1.3772545430
-0.5069544247
-0.3038475812
-2.9353947341
w4
 0.4887544746  -2.1708834332   0.9507757462  -0.9508736207   0.1612228149  -0.8123612868  -0.8792353934  -1.9005167883   0.6215486697   0.1419992879  -3.0860104420   1.8775838982  -2.2933333076   0.8071386182   0.3491692577   0.9668344389  -0.9136489037  -1.7217508173  -3.0726892695  -2.0182855482
-0.6482334103  -0.8025760896  -2.5067878681  -1.2866142281  -1.1542743092  -1.5300032579   0.4132791379  -1.4441741385  -1.0760288251  -3.1268783319  -0.0505527180  -2.0851797460   1.1699802921  -0.0066564878   0.9415759803  -5.7723620674   3.3480811821   0.3231237377   4.3134582296   7.4194526060
 1.6255606631  -1.3114932369  -2.6225361290  -0.3560602811   1.2867594882  -0.4499917733   0.2018764536   0.3266574823  -0.8945686644  -1.3129927727  -1.4081260812  -0.7981262732   0.6396343400   0.0096727091   0.9665188611  -1.9313673172  -1.0919259271  -0.1641278495   0.3002680918   1.3482592991
 1.7759073975   0.0648449408   1.5973643485  -2.7457882222   0.0144852217   3.1267283429  -0.1036055862  -0.7440382264  -1.1673508080  -0.2251358275   3.3354640506   1.4218007127  -4.1497483048  -2.6631601167  -1.1404489169  -1.4481698471  -5.7501487922  -1.4455533897  -5.0180375890  -3.5656310769
 0.1154299586   2.0687241944  -0.9378433529  -2.5202757101   0.0041833566  -0.3118851099  -0.3684169448  -2.1918447332  -0.7497776728  -1.4241020691  -0.9061362154  -0.1940188897   0.6557425906  -0.1343845732   0.4507604035  -1.6247967012  -0.3039072356  -0.9510779508  -1.3645102333  -0.7762343031
-3.0817870640  -2.0985371414  -2.2633383207  -0.6012847659   2.8180984446  -1.2474939520  -0.1348447902   0.0441260129   2.1083909086  -0.5160840589   0.0307635064   0.1373042393  -0.1887885391  -1.1632023926   0.0305166214  -0.2399160009  -1.0861464805  -0.9411297359  -2.6149806783  -3.4429823017
 0.3531533176   0.0782505500  -0.0325091303  -0.2463674230   0.6564369128  -1.4599887658  -0.0729375048  -1.9034269389  -0.2886665563  -0.2085800489  -2.1131286062   0.4182098563  -0.0930947428  -1.3640514581   0.0757650799  -0.3675598365   0.3880993083  -1.9995479590  -2.0046565980  -0.3321375336
 0.9264586393  -0.7813441807  -2.6988911523  -1.2061746110   0.2086272675  -2.5692886579  -1.1105426857  -1.6774286892  -2.2559025998  -0.5132117344  -0.3892086569  -0.0630841884  -1.7698681867  -1.9035896103   0.5264471841  -0.7104182716  -0.9113327705  -0.7696168819  -2.1062723124  -1.0478678797
-0.4085718365  -0.1522212507  -3.4022700002  -1.9229472320  -0.6794223139  -0.3122454164  -0.2298240478  -2.3910877891   0.2228643028  -4.3131681151  -2.0595102042   0.1012773595   2.6712348195   1.8257352218   1.5046531342  -4.8239007177   0.5587117196  -0.3234355029   3.9010213027   5.9871522558
 1.0888249578   0.9157649261  -3.1906113349   0.3777106898   0.6304179395  -0.7629394680   0.5293865872  -1.1740486507  -0.8933137073   0.0710123362  -1.2305876381  -0.8361937469  -0.2258678367  -1.8520127751   0.3020413411  -2.1134051212  -1.3832466414   0.0574747570  -0.9179233737  -0.9360520216
 0.3765323980   0.2001394555  -1.9308516491  -1.7881718548  -1.5291959967   0.0761095377   1.5091150643  -1.1227837912  -1.2407787990   0.2704241577  -1.0783242863   0.8691278834  -0.6533688313  -1.7786983789   0.0318243630  -0.8552962075  -2.8253950072  -1.0696341051  -0.6242899905  -1.1290233718
-0.1615726204   1.7058519732   0.1032663375  -2.5958299720   0.3130195315  -1.3883690088   1.7130718212  -2.4872915157  -1.3724252848   0.3988041990  -1.1255406351   0.9048044771  -0.6483688247  -0.7056757188  -1.2176966664  -1.1192545787  -1.9298759039  -1.7282213330  -0.6244257664  -0.9924736499
 0.4924610666   0.2375581856   0.4774175557  -1.4545560368  -0.5251795126  -1.9363759685   0.7194454727  -1.6792430061   2.0391150496   0.3177218765  -0.8237239087  -1.5168377289   0.4717762057   1.0715878270   2.0845742199  -1.4677943664  -1.4460139496  -0.5038632200  -1.7611043285  -0.2933090028
-1.4007400084  -1.8157949315  -2.1160701356  -0.3180314217   1.4080052898  -1.5648637064   0.8885697881  -1.3990258189  -0.6023504825  -0.3664254095  -2.8663088940   0.9229355098  -1.5791405014  -0.5482409786   0.8320912001   1.1456602136  -2.7995772545  -0.7230320234  -4.0006837965  -1.3584977981
 0.3608340469   1.5822615304  -0.0880975109  -0.5509302540   0.1518040767  -1.2357812245   0.9403124738  -1.1109118810   0.6238432674   0.3852500123   0.0925492297   0.2663881023  -0.9405168949  -3.9203566488   0.1330537130  -2.3421469249  -2.0454143552   0.7032375550  -2.0811358990  -2.3426588513
-0.3951408209  -1.6699890340  -1.7833376637  -2.0934582675  -0.1385471408  -2.0416885444   0.7654802220   0.6453685003  -1.6142113985  -1.1794559333   0.3087460109   0.0447191721   0.0221386564  -0.9984702283   0.0570457439  -1.2576835589  -0.0634664064   0.0183908713  -0.4476675406  -0.7641618052
-1.2209227050  -3.3317161820  -1.5847829418  -0.2804621043  -2.1941591512  -1.6289074146   0.2409217666  -2.0062449465  -1.6878814162  -0.0656414792  -1.9662143380  -0.1815959261  -2.5894841181  -1.5229610412   0.6400085554   2.2021232510  -2.9733288390  -0.7872728517  -3.6855560978  -0.6239583692
-1.0166517172  -0.9803109932   0.4147240258  -0.9496390666   1.0170669015  -2.8842772513   0.7764835960  -1.3973513841   0.1936535931  -0.2412985347  -0.2194827748   1.1281136073  -1.5234758863  -0.0423671535   1.5977354445  -0.3316580253  -0.8347302233   0.5285583206  -0.0863346794   0.1438173639
 0.4187605590  -0.5320971366  -2.0182591524  -1.5657949243   0.3246983264  -2.5330049073   0.7558809340  -1.3107964654  -3.7923739404  -0.1795222768   1.2868566323  -0.1897219124  -2.2713890353  -1.8930640663  -2.5575397980   0.2431329001  -3.2977625823  -1.4538483285   0.3682693593  -0.5473189324
 1.2138237680  -0.6752229337  -1.4625095531  -0.8011343159   0.9988059827  -1.3091895811  -0.1507426582  -0.7154147409  -0.0623285447  -0.8381181283  -1.4860254150   1.5248710458  -1.9838989021  -0.0839338769   0.1801744658   0.3289910308  -0.1710806416  -1.3725550652  -0.9985293175   0.3386436313
s4
-2.3772910333
-1.7759500391
-0.5090992085
 1.7663873335
-0.2182008369
-1.9139643835
-1.7854680664
 0.6134617064
-2.0563195880
-0.2898176891
-1.2941004130
-1.3182760309
-2.3878566527
-2.5046093325
-0.5943960769
 0.2123542748
-1.9354075594
-0.8718532361
 0.2048468851
-1.7835026488
w5
0.9820638557  -1.3868285204  -0.3942684793  -2.1727761454  0.3617491040  0.9901618907  0.6783974559  1.0398160867  1.6561518405  1.0337409926  0.7716060332  0.8717335477  0.3486044313  0.7621230355  1.4665855578  0.8250713409  0.9289021525  1.0114970422  1.3147315738  0.4801715525
s5
1.5079065848

