layers: 4
str: {2,20,20,1}
w1
 7.9284793943  -4.3074615593
 6.6956942829  -3.7768119864
-1.3187470515   3.0344090261
-4.2271312586   2.6134596302
 1.9191149491  -1.9632372701
-8.7029509511  -1.8995738043
 9.9844996338   2.2899269743
-0.0737125246   2.0460778092
 0.4133609343  -2.1132738657
-4.8591256366   2.1995068311
 0.2195003676  -1.6042418146
 0.3710205228  -2.1752465511
 0.6153709056   1.4544900024
-7.8597474286   2.6558630282
-3.4922199041   1.6443781430
-1.9971520435   2.7458826864
-5.6105939759   2.8002362852
 0.6806718938   2.0628458490
 9.8637560323   3.0884846831
-9.3258343498  -0.6487564108
s1
 1.2362663490
-9.8429793610
-2.8723474899
 4.4150978546
-6.4910916718
-1.3396524167
-7.1161368021
 3.8496260181
-5.7403332726
-7.6804643266
-3.4005914152
-6.0773335095
 3.3032435803
 4.1047637645
-4.6467897753
 3.2244818293
-8.2831370272
 4.6698885754
-0.0160697626
 3.8216277366
w2
-4.4322659091   2.1068670256  -1.1935568571  -1.0934530181  -2.1894632599  -0.4279958300   1.1529878396   1.1378129825  -0.2093484885  -3.4720188785   0.8169336311  -0.9320585331  -1.6944082584   3.8780678226  -2.9600135288   1.2240793090  -4.4358043473  -0.5622771967   1.5690020974   0.2897679509
-2.0093112241  -1.0766412529   0.5652523295  -0.5854602383  -1.5671319864  -0.7996044863  -0.4717090030  -0.6708911828  -0.8532444035  -2.0896029048   0.2295886826  -1.7667778482  -1.2855150897   3.1828836143  -0.6650618862   0.4970435753  -3.3571169608   0.0093413845   1.7982089110  -2.3390223706
 0.7317471101  -0.9215206280  -2.2221716053  -0.6161709822  -1.0874752328  -0.3869935889  -1.4345356464  -2.3416591542   0.6948708630   0.5289488925  -0.7703769506  -0.9674750367  -2.8564963041  -0.9774038591  -0.1864590921   0.7501848372   2.4462147240  -1.2493304796  -1.0133141324   0.7872064357
 0.4990797768  -1.3415311920   2.4841218378  -1.1883856284  -1.1619580139  -1.4889907115  -2.6149627001  -1.5867614027  -0.9012332589  -1.3014829562   0.0875642470  -1.9368338659  -1.6935551404  -3.1601653051  -0.2297391569  -1.8812172928  -0.1695946243   0.3993633106  -3.2859122241   1.8694780486
-0.2146542942   1.9342102759  -2.0819901174  -2.9261514710  -0.4446230389   0.9205679606  -1.8280784878   0.6469204709  -1.3502680600  -1.4277359205  -1.8853435574  -1.4128986428  -0.4377013182   0.4208423261  -1.3838467160  -3.3781579248  -2.2702039074  -1.3228453121   2.7521309606   0.6132248888
-3.1843763358   0.3485845737  -1.0203978509  -0.7386297328  -0.1919972144   0.9856033059  -0.0072394259  -0.9286341944   0.7038445576  -1.0542371068   0.9466148926  -1.1395647431  -1.7025433726   1.9635380500  -0.0574047296  -2.5428377127  -1.8210472868  -0.1625114171  -1.4805105573  -1.0924333317
 0.6675443500  -0.3427309631   0.5613998251   0.9064385180  -0.2841999258  -0.2606342995  -0.3859431469   0.7363395536   1.2460193158   0.1900387771  -0.3331677649  -0.5359144098  -2.3951239170  -2.9534923210   0.9678493312  -1.6157278593  -0.2883602880  -1.8892029429  -0.6021654129   1.3656162749
 0.0589762561  -2.2342579093  -0.4508203700   0.9573938631   1.2658465983  -1.6268845126   0.4802945288   0.6009937769  -0.2434364397  -1.9005573361  -1.4145066730  -1.8560709469  -0.6864186320  -2.3672993910  -1.0180230063  -0.6998675017   0.2406022984  -2.9072277520  -1.3623155149   0.2430735706
-2.0106663981  -0.6575801580   0.0389600024   0.1922260506  -1.0752682901  -0.3410637507   0.8051247581  -1.3985449709   0.2328311813  -1.1762763652  -1.2442716240   1.6211031952   0.2032449692   0.3713697618  -1.4480335675  -0.2807272266  -1.8244705733  -0.4357997576  -1.4471978029  -1.2152510612
 3.4529677392  -5.6161392017  -0.4147893023   0.5771181901  -1.3522832982   0.2632890240   1.8088083935  -0.7029026968  -1.7862824845  -1.2759158760   0.1097967197  -1.6043818482  -2.0123999148  -6.7171804314  -1.1718066914  -0.0620735594   0.2761713250   0.0240389928  -2.4575681621  -0.6167773617
-2.8492382802  -0.9273657865  -3.4425252896  -0.1864436422   0.3312358985   1.0659440590  -2.8673429102  -1.5383768310  -0.2663070275  -3.6472373695   2.0246954771  -0.3999565700  -1.7129006101   2.0512745230  -1.9555979271  -1.2275709158  -3.9682856311  -1.8340737915   1.6588947109   0.3800644667
 0.7103327112  -1.9285409186   0.5360473936   1.6803983584   1.6372752828  -3.9446496297   2.0696797012  -1.3085623305   2.2161909504  -0.5577674149  -2.9166456500   2.7430011415  -2.6903985645  -2.0760626810   1.6602306927  -1.4062303060  -0.8650411719  -4.4563402693   1.5727169448  -0.2880082091
-0.9561373220   1.3858545905  -0.0138573279  -1.8526145805  -1.4065282412  -0.5830025871   0.9768250954   0.9637318857  -0.1427297165  -0.4386495693   0.6408777563  -1.4737139754  -1.5820566260  -0.8019510665  -0.9742605180  -2.3075087266   1.0941954951   0.2543695083  -1.5529246615   0.0152986802
-3.5034845296  -0.1755760012  -1.7585875441   0.3082479693   1.0770765329  -1.5256711085  -2.9406182521  -1.8625143838   0.5501152566  -2.8771022766   0.5654805107   2.2047876917  -0.4890494995   0.6753238540  -2.1160275240  -0.5952046838  -2.7180089949  -0.1369568353   1.0699190230   0.2849435775
 2.2214827878  -2.8073162660   0.0905434806   1.6408457269  -0.8283484724  -0.3938719351   1.5477869471  -1.3426047956   0.5963717762   0.2820519740  -0.2858622958   0.1623200866  -2.9564135104   0.0511482016   0.0838943134   0.2052483631  -2.4417057588  -2.1561861267  -0.1691327498  -1.1081682833
-2.6832293321   3.1150633222  -1.3045227801  -0.4357145717  -2.0375002178  -0.6626498470  -2.0557869761  -0.0842877603  -0.9373014722  -1.8311174021  -0.0163232545   0.1173570079  -0.0694354863  -1.6532509195  -1.1376507743   0.2372090085  -0.3774477161   0.2980553407  -0.8195796710  -1.6370789172
-1.4261859761   1.4889360281  -0.6470619460  -3.7477017901  -0.4695359298   0.6745627690  -2.3705696463  -0.3025022463  -0.3470692164  -0.9067732271   0.4382425390   1.2420814340  -0.6325852947   2.4003882599  -0.2286776175  -3.1163901646   1.2263495773  -0.9413034464  -0.3876998890  -0.8572432699
 3.0060468702   3.0657093791  -1.5884606967  -3.5160569756  -0.7048354187  -3.3094954783  -7.3901192564  -1.4979437853   0.3007912369  -0.0278689312  -0.7450959051  -0.7851729730   0.9935703186  -1.5517949969   1.2013799060  -0.2994201795  -0.9104477477   1.0534532400  -2.1232793633  -3.7620136339
-3.0990689125  -2.0563650725   1.1807440263  -1.3492077764   0.6440443047  -4.6983703657  -7.0230433896  -0.9769026379  -0.3978904005  -2.8413150273  -0.0935937661  -0.7383992603  -0.9629544051  -0.3401436430   0.5532420739  -0.8952068320  -2.2506478860  -1.7668945481   6.7460034518   5.2658952829
-1.5790635354   1.8423162073   1.2372891849  -1.0905914055  -1.5461605652   0.3868041637   0.7404282670   1.8140521296  -2.2581420352  -0.2341283637   0.6046064344   0.6307918737  -1.4102991312  -1.7011812303  -0.4593127183  -2.1050024119  -0.5327389493  -1.0149346747  -1.0187854044  -1.0743618530
s2
-0.2423147749
-0.1473318373
-1.0597990946
-1.1029552725
 0.5272399369
-1.2378977586
-2.0754568097
 0.3158024114
-0.7366395964
-1.5302798925
-1.2853265184
-2.8947524512
-2.0506621624
-1.0931471197
-1.6249991960
 0.8349574955
-0.5659502473
-0.7035810432
 0.4763537854
-1.4079359601
w3
1.3205852169  1.0962608108  -0.7033788986  -1.2240776103  -0.4876096448  0.8553682440  0.4819775243  -0.5003986374  2.5016712626  -0.3549104306  -0.7354716945  -0.9869646086  0.7721331411  0.6401052903  -1.3577422677  1.1468397509  1.9303767126  2.1757118365  1.9289020185  0.9281530672
s3
-0.1508158682

