layers: 6
str: {2,20,20,20,20,1}
w1
-3.4949292864  -0.4319615567
-4.9822809880   2.1572327193
 3.3605005915  -1.6122716386
-2.9392833345  -0.8003329724
 1.4298668847   1.1268301578
 2.0942172710   0.1720081917
-4.7616692298  -1.4955761960
-3.4273644972   1.8806425640
-2.8569270939   0.8966439775
 4.1182935278  -1.9406949182
 4.8100908462  -2.9096853392
-7.1655293397  -2.0383986176
 6.3353200650  -3.7146622904
-1.9321942788  -0.4516920061
 4.1689096311   3.3431087675
 5.8026072447   1.4414170452
-4.8445623022   2.1361628198
-1.0146898803   1.9864717508
-2.3022499389   2.7964132671
 4.6003456980   0.9712341264
s1
 6.7579169824
-6.4635462321
-4.0093576431
-3.6305753411
-3.8334582893
-4.9288807659
-3.0422843798
 4.0772817670
-3.0331962409
-5.5542232856
 0.1001924947
-5.9480377040
 0.1611784066
 0.8265253675
 2.5642841640
 0.9561858538
-6.0399249137
 2.1269293795
-1.1080684615
 0.3348625933
w2
 1.9714130231   0.9167516149  -2.4545939749   0.9767672604  -1.5470874167  -3.7370610723   1.7372536176   1.0189207094   0.0469897294  -1.4728545854  -2.5076998183   3.7873322800  -3.4049009184  -2.6472554808   0.3733375547  -0.1016600506   1.3183343232   0.4761221323   3.7714663906   0.2973091082
-1.2787740827   2.9467088153  -3.3580588460   1.0884464575  -0.0524270520  -1.1284229532   0.0071602989  -0.6740440948  -0.5582290488  -0.8223317436  -1.6250644632  -3.2949514087  -1.1443634637   0.0157563677  -1.7311492711  -2.1008219776   3.3980999338  -0.3990237992   0.0934407822   0.2399440114
-2.4412047007  -0.9868307133  -0.8628432312  -0.9163493206   1.2363486697   1.7390275419  -2.4192664032  -1.2994242235   0.2169251346   0.2719766282  -1.9265098905  -1.6251312944  -0.5497678786  -1.3539796656  -1.7725871775   0.1322366026  -0.1612290224  -2.0865865023  -1.2387940362   1.1828584202
 3.1227907078   1.6082029153  -1.1242834866   0.1089791363   0.0013014601  -0.2185437466   0.8733118372   0.4403185832   0.0621869719  -1.2827732845  -1.2772079038   0.7130695683  -0.7462235502   0.3808713552  -1.2175118121  -1.6217779408  -0.4651208093   0.1823649014   2.0274498933  -0.8902953557
-0.0315308110   4.5037603517   1.9955142908  -0.5631170589   0.5251854926   1.4378641757  -1.0863523366  -1.4941521257   2.0354377122  -0.7067469402   0.6112453194  -3.2219573580   2.9240310169  -2.3183166148  -2.7280284338   0.0261088219   2.5796724036  -0.8696209316  -0.8059855645   1.5039897598
 0.0204858712   0.8196030235   0.0326741643  -0.5153814331  -0.9814972522  -0.6150693305  -1.6423159133   1.4693309892   1.9922347984  -1.2549049394  -0.6335011686  -0.1290527989  -0.4432472430  -0.6838986043   2.1887673686   1.5908810571   0.5884965562   1.8113837439   0.9580252027   2.0757331542
 1.2736225095   0.8640161323  -1.8447635799  -0.0211564821   0.8705456044  -1.4633215039  -0.1363915573   2.0018339376   0.8688700146  -1.3461666369  -1.1409605134  -0.1588052000  -0.3633643406   0.5255021231   1.4979601828   0.8645195989   1.1612271250   0.9207704614   0.7941457479  -1.1356582233
-0.4956902623   0.9011184384  -1.7283203230   2.3694433135  -0.7039866175  -0.9827454290   4.1513216438   1.2084367758  -0.9298034356  -1.3068610164  -0.2664202427   3.0328859213   0.7641915952   1.5675322916  -1.3624558487  -4.2294460155   1.6724141549  -0.5392804348  -1.6911668494  -2.3676308780
-1.1821048705   1.5440590497  -1.0936184539   0.9969041820   1.1691995051   0.4377579751  -2.0342663283  -0.5134414204   2.3949346246  -1.1416169712   0.8557860610  -1.1629164281   1.0377201056  -1.3023464786  -3.8095385890   0.2697937727   3.4822677183   0.6895165376  -0.0211161109  -0.2823333676
 0.1178627275  -1.4150972808  -1.6347905367   1.6611948252  -0.7347622830  -0.6976892637  -0.6392800315  -0.2109838005  -2.1423641344   0.0518766682  -0.1136206194   2.6688163150   1.1974530278  -2.0495512519  -0.3707363183  -0.5624589531   0.2887153323  -2.1567634630  -0.7511134398  -2.7384639577
-2.4484308066   0.0371714339  -1.2527156356   3.1804637781   0.5049634332   2.2759300079   0.0274532572  -0.5261873025  -1.0413514970   1.4353121376  -1.1576883058   0.9484953763   1.7432842432   0.0444898906  -2.0729791719  -1.4204501404   1.0704573730   0.8420498780   0.6914535834  -0.0813615542
-4.1696302461  -0.5441462423   1.9394661644   0.8196804109   3.3616466079   0.5550514783  -0.7566772728  -2.5819489601   0.3313026035   0.9934595944  -1.7797632210  -1.3862153502  -1.4670835567  -1.3848183090  -2.4755543087   0.0052634486  -0.2653260604  -0.6361196607  -1.0081551363   0.5299713286
 0.1171067341  -1.1644856034  -1.3108148119   0.8553552111   1.3833889799  -1.5720772749   0.0658123588  -1.0144473420   1.2342211609  -1.4644865023   1.9885423916   0.6575054030  -0.0551984052   0.3520990946  -0.6042181341  -1.6656773959  -1.0347606585  -2.1415852964  -0.8624397443  -0.8397801413
 0.2712022708   0.8679949206   0.2605001743  -0.6335487250   1.3872900221  -0.1508151025  -3.0540847284  -0.5249146511  -1.8597636839   1.3246731819  -2.1174829363  -0.2512089219  -2.1634676269   0.4023230843  -2.4827446424   1.9439032713   0.9856501714   0.6566779292   1.0838660570   1.8147869651
-0.6172268418  -2.2654566152  -2.0635511618  -0.8355269243   0.3132460202   0.5122993856   1.7943633869   2.1296441273   0.3113569212  -0.0375231553  -2.2689092916   0.9841462656  -2.4928781851  -0.1647757865  -1.2119506243  -0.8920062965  -3.0596656083  -0.1477726596  -1.2952844936  -0.5772392230
-2.7575276438  -1.3791686443  -0.5245490032  -1.0348611178   0.5187854452   2.2674885028  -0.4084933549  -3.1606350418   0.4415529041   1.1572627828   1.8451021002  -1.2677881241  -0.4024786904  -0.9839618943  -1.8019390636   1.3897156790   0.4617969416  -2.0761906380  -0.6668488969   0.2957587370
 2.0752608585   0.3993188225  -3.6411121964   0.6512722755  -0.0383745564  -1.6934940574   1.2087592390   1.4425709991   0.3740462412  -2.0531772472  -0.4915823620   0.8387633160  -0.2817794194   0.9447561311   1.2231771757   0.0406474477  -0.5030881439   0.9466523801   1.5814725540   1.3320518878
-0.2011298682   3.6274945650   0.8072319968  -0.4121062467   0.1892306631  -1.4907870165  -1.9804118543   0.3645549907   1.4229947357   0.0242853819   0.6718939447  -3.3106607551   2.2248722897   0.0202233492  -0.9118599223   2.1226588060   2.1630035144   0.6244140121   0.6042319555   0.8530697470
-0.1644085457   0.6673961248   0.6991496919  -0.4783773111  -1.9347718214   0.3001431075  -0.8212262936  -1.0065867256   1.2795510105  -2.0021534428  -0.7226575607   0.9580849556  -1.5109189863  -0.2773239603   1.7187116496   2.8206401874   0.2666049134  -0.8802276880   0.6908651534  -0.4117215508
 2.9800818730   0.5833563376  -1.7103938203  -2.7599475569  -1.6100034201   0.3585616734  -2.8813890113   2.6266027136  -0.6007057020  -2.7878048866   1.0107984612  -2.8360234093   0.4709164749  -0.5931497621   1.7828527516   1.6009889075  -0.6209050214   0.3178424984   0.4426983746  -1.2362282389
s2
-1.6573326326
-0.6482493825
-0.7004140057
 1.0901554400
 1.2154132600
-0.2569035425
-0.6291124559
 2.2845759244
-0.9557433582
-0.3799720222
-0.4043333129
-1.0042487554
-1.9872001413
-1.1591662781
-0.9099178418
 0.7704459219
-0.3593130690
 0.0750364027
 1.1851452860
-1.4219047289
w3
-4.0573502604  -3.4235466559   1.9297333496  -2.1795253033  -0.6545578238  -2.2493409006  -1.6988956633   1.2258353243   1.3271170403   0.4672479520   1.3307697375   2.0027544259  -2.0024328337   0.8906333599  -1.3855826247   2.3635932055  -0.1424775011  -2.0260647023  -1.6324014263  -0.4680874402
-1.3816237791  -0.5801651884   1.7814387616  -1.0694353336   0.5817349653  -2.2644175605  -3.4831875012   0.5941989991  -0.3834083761  -1.3228321722   1.0692074477   2.8689651930   0.2207302871   0.0755749769  -1.9835319208  -0.0385493424  -2.4886528658   1.3797027866  -2.4435646108  -1.3048761595
 3.7043249625  -3.0843580402   0.3151621823   1.5615993838  -0.9969857056  -0.4643686019   0.2788514913  -2.4110051157  -2.1895334654   0.7237618252  -1.3359937638  -0.8566585378   1.4792720175   0.8788714007   1.2862366583  -1.8828081779   0.0824117029  -2.3298517745  -0.1742866887   0.1061670267
 0.2910917222  -0.0686019774   1.3022772474  -0.7441513355   2.1995920402   1.3639495620   1.7137880819   1.9074492659   1.4335563925  -0.9776601145   0.7462267597   0.0224899671  -0.6662836519  -0.4147315486  -2.9140481944  -1.2020936205   1.3487273960  -0.1256627470   0.1463980747  -0.3913954128
 1.3699105696  -0.6436185474   0.9616374908   0.0629982543   0.5425057697  -0.3717215138   0.5240936278  -1.1406721667  -1.5466558600   2.1682043466   0.2497859821   0.5782058528  -0.0705161060   0.0591532724   0.7482383719   0.2352277256  -0.0747384099   1.1030104964   0.5887272715  -0.3860562693
 0.6028861957   1.1523911539  -1.3384494358  -0.3970665211   0.1764778372  -0.8609921950  -1.0269604046  -0.8137197363  -1.2042864414  -1.2951940970  -0.5296947051   0.1830758050  -0.1663788526  -0.0580668533  -0.7335672366   2.0444509602  -0.0957333678  -1.9903898839  -0.5241061676  -0.3546755119
 1.0227984198  -1.0786691229  -1.8962640547  -0.2822944211   0.2612514244  -0.6118092720  -0.2199192774  -1.1116052962   0.4158859611  -2.5093787518   0.6301255310  -0.0504134030   0.4444216218  -0.3065529778   0.2572879199  -0.6003103392  -0.4670272228  -0.9212841008  -0.2837699411  -0.7155995889
 0.8491509333   2.1563444523   2.2006130093  -2.0398720874  -1.5546636451   1.4087568289  -0.0364612272  -3.7630016677   1.0263107045  -2.8856717660  -2.7641647035   0.0283828127  -2.3565648261   0.6637241095   1.2105937669   1.1626525990  -1.0855966102   1.8687213385   0.8384895404   2.3196774078
-1.9295514298  -0.7225377212  -0.3830645152  -1.0973188249  -0.2958781932   0.0991032879  -2.1799034567   0.9351515116  -0.0246100929   0.4502553018  -0.5137672878  -0.3260171440   0.8332846048  -0.4503499736   0.3071575957   0.6832213941  -1.9038042126  -1.1182542347   0.2425815752  -0.7798129022
-2.5626724549   0.4820020770   0.2406035446  -0.8394698103  -1.5070469719  -1.0966830381  -1.2886052285  -1.6475089579  -1.1367114375   1.3545678652  -0.4650216405   0.3475360257  -0.0109548680  -0.4755578283   1.7083135023  -0.4021512996   1.3177484337  -0.7767230634  -1.4736442052   0.0736884332
 2.3446241244  -1.5306554038   0.2540460536   0.3359205209  -1.7023348246  -0.0134994686   1.1631868530  -2.3239889282   0.0632530896   2.4199461489   1.3144638532   1.9886509189   0.4662317375   0.6952811207   0.2181075225   2.4214035156  -1.6950715070  -0.7583504605   0.9331810985  -1.6226817214
 0.7135731822   0.1308049907   2.3077000402  -2.2163699136  -0.7332445954  -3.0802391815  -2.0273728830  -1.5127830882  -0.8224152999  -1.2721516891   1.2260428906   3.0777159539  -0.0579013265  -0.1798299835  -1.6925237471   1.3185292653  -2.1554461560  -2.5863188789   0.5066222246  -1.9965190732
-3.0400281535   0.1054679540   0.4788396625  -0.4445522126   1.8570269074  -1.1352576160   1.2033799180   1.9843634162  -1.3376612719  -0.9804949256  -2.9276448053  -1.2292026040  -1.7401402185  -3.2381069059  -0.1208107590  -1.8616826828   1.4893830209   1.2401680115  -0.8914081525   4.4907165446
 0.9848784863  -0.2524313790  -0.2349748887  -0.8092895425  -1.7602134561  -0.7188955504  -0.6631448061  -1.0769039627   0.4130595593   0.5734080222  -0.1174044691  -0.5158303216   1.4145954903  -1.2906589107   1.9224415183   0.2395936683  -1.0010141166   0.0610081808  -0.3740508703   0.5600106659
 1.4572608151  -0.1558859016   0.0041852656  -0.1217757961   0.7312747465   1.0552441355  -3.3835606079  -2.1472168540   0.0362785109   1.1588274601  -0.1041649519   1.1487218320  -1.1819808824   1.1029853324   0.2134045464   0.5672198701  -0.7398825917   0.5672923281   1.0824762733  -1.4689753383
 0.6019658370   0.4526837869  -1.4700022199  -1.4975869400  -1.1208107203  -0.0253184751  -0.1058209495  -1.8554882448  -2.1531966672   0.8774073931  -1.1957787028   0.8562534662  -0.4125066271   0.5828427474   0.5924773463   0.8570231947  -2.0557550435  -0.0922710180  -1.3940789381   1.3331733857
-0.7563283346  -0.3938778892  -0.6126044289   0.4101192970  -0.7988831303  -1.0474728863   0.5938877018  -1.0050142756  -1.9680318962  -0.1836769613   1.3892986608  -0.4644429001  -0.5249448606  -0.1197483848  -0.2315589746   0.1977462872  -0.3936032662  -1.4635809707  -0.5299595090  -0.5841010361
-3.4640929340  -0.7925553283   1.9008577284   1.9395470329  -0.2017805822  -2.3420357827   0.1515897151   2.6916103486  -1.2263438460   0.7439040394  -0.7907555294   0.3411979087   2.4619404366  -1.9801486156  -2.8696777084  -1.3210547692  -0.6963921759   0.6215487784  -2.3861139384   0.7994144104
 3.4271055525  -1.6375458694  -0.1397512068   1.7691653469  -3.7335935817   0.3524278539   2.2041009305  -2.6944138801  -3.9978939593  -0.3777028704  -2.0350448603   0.3933224920  -0.3675439762  -0.2728004453   1.8601243748   0.3802112238  -0.2603403664  -1.8011736438   0.1025359873  -0.8060931304
-0.1159559809  -0.1337288338   1.1899027930   0.1716448934   0.2736522084  -2.1624410345  -1.2826916463   0.6916189126  -0.5396475576   2.5916369143   0.9408201187   2.6153367364  -0.2667669172   1.3635489589  -1.7962694860  -0.8855974410  -0.0991612601  -1.5230274512  -2.0272640083  -0.1065139189
s3
-2.1717046106
 0.3932040403
 0.7497478905
 0.9745775481
 1.4209703618
-0.4609155694
-0.6852288035
 1.4258250652
-0.5886551783
 0.5761995792
 0.4867993412
-0.5778281300
-2.1445627468
-0.6046782169
-0.3546698989
 1.2481598763
-0.7596048952
-0.8884207165
 2.0387217624
-1.0284253190
w4
-0.2689493332   1.3404264749   2.1445967447  -0.3493714171  -1.4255852545  -0.4752153106   0.4602133583  -0.8530241119  -0.4054539071   1.0872807195  -0.4447433764  -0.2927382765  -0.2553576869  -0.1583022886  -2.2224577836   2.5050933517   1.9098656281   2.9509503449  -1.7554342506   1.3506179277
-2.6018531808   3.8123719275  -0.0504351242  -1.9985177165  -1.6609840766   0.4989987410  -0.9713922385  -0.5207331421   0.9424025369  -0.5090385219   1.5465646404  -1.3710492490  -0.8173446366  -0.6319580230  -0.8443826248   0.9564028876   0.8524081184  -0.9453298820   0.9860052478  -0.6648670549
-2.0759230414  -0.9906904532   2.3631877049  -2.3539911364  -1.2134797831  -2.2655331143  -1.0205997785  -2.5200370354  -0.1169857465   0.4349496943   0.8103384671  -0.3694386958  -1.3069832806   0.6206786220  -0.4090243880  -0.6617174163   1.5203857531  -1.9594762505   1.0320377626  -1.3491218636
 0.2082428358  -1.1834211255  -0.5972885904  -0.5012991945  -0.8004074581  -1.2174177315  -1.2976255313  -2.9539202016   1.1782907420   0.1012163736  -1.5848990807  -0.4172597252   1.6516357277  -0.2923902000   0.0629985143  -0.5647146016  -0.9680646630   0.8938856314  -2.3883926584  -1.2006557585
-0.7286449627  -1.1643851115  -1.8263889946   0.1176412262  -2.3455759460  -0.5047062928  -0.8949212172  -0.9808289336  -0.1274644075   0.7514903732  -2.5043998169   1.2126186265   1.3165410402  -0.1221504177  -0.9406193403  -1.1649222638   0.0792640071   1.6113104358  -0.4022271449  -0.9292553043
 1.0089388997  -0.5210225701   0.8304703737  -1.9890992056  -1.5431968280  -0.7928022800   1.2542975602  -0.1083500935   1.5576952333   1.2854281294  -0.3960397495  -0.6260507902   0.0300702044  -0.9196777604  -0.3135220239   0.1718861495  -0.9054571834  -0.8499028680   0.2181992257  -1.0256137503
-0.7049913269  -2.5549856749  -1.6242654172  -0.6405762019  -0.4194514260  -0.0796741782   0.5799392146  -0.6773423626   1.6453426295  -0.7291160972  -0.7429766390   0.0904209847   1.6722769232  -2.0337011296  -0.5834532947  -0.5343279564   0.6776519338   1.8469933250  -3.0606530471  -1.1946261539
-0.0666120239  -0.0573102183   0.1962363731  -1.5318444932  -1.9763092090   0.0211260752  -0.1763308704  -1.2649338681  -1.5944845811  -0.1086736238  -1.5592787759  -0.5747435601   1.2970762862   0.5462850944  -1.6721523857  -0.0684421284  -1.4503235119   0.3561207172  -0.9521192178   0.3538925941
-1.5680874156  -0.9387272581   2.0807748028  -2.7902379701   0.1838786613   0.7394469026   1.6042897621  -2.8918772811  -0.8452131422  -0.2792764348  -0.3684085557  -0.0954530230  -0.8250803808  -0.2483057898   0.5580763944  -1.1223054036   0.8067563805  -1.8769977577   0.9970983144  -1.0215044625
-0.7637386960   2.5440105842   0.4667580679  -1.7893002746  -1.8126555537   0.7394340470   0.6223589506  -1.1320766890   0.7725187686   0.0847380433  -0.6653059880  -0.6338317559  -1.4192105303   0.2373908853   0.4462628414  -0.3217438258   0.8313311436  -1.7314919923   1.5785094763  -0.2268594722
-1.4286247289   0.0247230050   1.0560522111  -2.8240130175  -0.1583244518  -0.7764932098  -0.1973408786  -2.2190084442   1.5135857983  -1.4225026119  -0.1954305844  -0.5399819733  -0.7170803779   1.6540984505   0.5818251565  -0.6351981200   0.1342135241  -0.6861851818   1.0852120417  -1.9127961477
 6.9227236122  -2.7605740331  -2.5413741049  -0.0036810305  -0.1665287628   0.2933426356   0.4389957770  -3.0785195600  -0.7325387655  -0.4723722216   0.2349520918  -4.3073961155  -0.4732340328  -0.6974610443  -1.1952241025   0.7341262858   0.8895325376   0.6950870558  -1.2834865885  -1.2775066286
-0.3816871073  -0.2837554146  -0.7545436768  -2.2805524356  -2.5169899492   0.8049599809   0.6796354602   0.6482311802  -0.4867141720   0.5473203881  -1.6878872420  -1.2856420655   1.0021023505  -0.4533116519  -0.2120308826  -0.0999858391  -1.4375166122  -0.8478422271  -0.5841992916  -0.5520780173
-1.4048106294   2.9038605114  -0.6010253325  -2.3464337120  -0.9880840662  -0.9483076434   0.2085722088  -0.5467626871  -0.6279631625  -1.1952178558   0.8051017755  -0.6297831083  -1.2210164048   0.4426156848   0.3524579084   0.5849584172  -0.3535936075  -0.7818421425   2.3749909173  -0.7853064977
 1.0606939349  -1.9811660980  -2.6674830479  -0.9696799503   0.1397781770   0.2342469828  -2.2038908080   0.8832947601   0.0032605780  -0.0248297729  -1.9363956977  -1.4498222298   3.1048917025  -0.3926582843  -2.7624037591  -1.5297018281  -0.6887221175  -1.0508575899  -1.6317648257  -0.5912443257
 0.1723066437  -3.2383361190  -2.5276507399  -2.1923244227  -1.3970798155   1.1243909748   0.7161633413  -1.9475597356  -2.0724704801   0.8271985825   1.5610448996   0.1681648197   0.7226839490   0.2429171341  -0.9008157070   0.7186238540  -0.0074451946   1.0238901369  -2.4684872767  -1.2604498964
-2.4798827897  -1.3132644232  -0.3692760196  -1.2356941909   0.2699890110   0.6666492496  -1.0422979762  -1.7332466135  -1.0625456706  -0.2904248323  -1.5787853032   0.3901415825  -1.1943408786  -0.1655177786  -0.1347175496   0.9783636846  -1.2125785724  -0.4864303050   0.7057126940  -0.1067422982
 0.1775065659   1.2294698929   0.3103962560  -0.4594733534  -0.8546385845   1.4781779745  -1.1624082424  -1.3853309725   0.9849169422  -0.1561244622  -0.1276069490  -0.7899843448  -0.4394707905  -1.8848233960  -1.7512362108   0.7256598746   1.0489361909  -1.5221739819   0.6274352925   0.2249191608
-0.8854218083  -0.0952388560   0.3943753756  -2.3755888318  -0.9864798395  -0.8152725148   0.8920183785  -1.6607879790  -0.7860827497   0.3346730502  -0.0849887648   1.0678715490  -1.2757605827   0.0522715487  -2.2244323533  -0.0892333735  -1.3013184929  -2.0964991474   2.0274887311  -0.1215443817
 0.5089455319   0.0933156603  -1.0671322425  -1.0177153061  -0.6682857226   0.2600856323   0.6174501423   0.5303526837   0.8908559075  -0.1663647200  -2.9594868480   1.1034691673  -0.4228155681  -0.5296119932   0.6665368910   0.0748518659   0.3546149072   0.8718239438  -1.1870987258  -1.8504704428
s4
-2.6101559090
-1.0751915003
-1.3543809245
-0.4593334443
-0.3216104927
-1.1307663748
-2.3716182814
 1.1129161098
-1.0589759976
 0.0402023442
-0.8853452466
-1.7532336690
-2.4283708504
-1.6605521632
-1.2931123553
 0.6533033333
-0.9177128867
-1.6668742846
-0.2655270387
-2.0603295186
w5
-1.0379439760  0.9697607051  1.0535510235  -0.9347591708  -1.1047112583  0.0586030249  -0.9946731287  -1.0510373856  1.0517447076  1.3171846364  1.1136128541  -0.4596729237  1.3010464229  1.2468574098  -0.7481475507  -1.4703228221  0.6114083560  0.6552847667  1.1083686681  0.4615081535
s5
0.0322653371

