layers: 4
str: {2,20,20,1}
w1
-0.3899505592  -2.7371413179
-1.6839340561  -0.7057063549
-0.6713424751  -0.3290830403
-0.5043884214  -0.1351595270
 0.3540344258  -0.6450804723
-2.3321079572  -0.2698804962
 0.8182559782  -0.5053094957
 0.0167838751  -0.9189771426
-0.3951079004   0.0677809596
-2.1985938429   0.2469063224
-0.1287170145  -0.2750296344
-1.3441161814  -0.4107292252
 0.7300508523   0.4769727421
-0.6476532917   1.4670142591
-0.8086978050  -0.4999899686
-0.6336323797  -0.4010740113
-2.5687372322   1.1173537693
 0.5983886178  -0.4110523050
 1.9314578015   0.4398078354
-1.9540406614   0.3091786942
s1
 0.9338718447
-0.1833733264
-1.1055454749
-1.2062914960
 1.3540409106
-0.2129031147
-0.0201567023
-0.5406991312
-1.0759309375
-0.9237755668
 0.8234474533
-0.9895246765
 1.1194823160
-0.2663590374
-1.1788983131
-0.2970996023
-0.4836051235
 1.1852083153
 0.2039367316
 0.4936912348
w2
-1.3577502696  -0.3557722171   1.8786288300  -0.7204577189  -0.8241917751   0.5861518206   0.0761634508   1.3171137626   0.6408506118   1.8734504592   0.7874663070   0.5568865977  -1.4362991432   1.3608327830   0.3276415199   0.6712507361   1.8877023032  -1.6474656568  -0.1337163427   0.7628532070
-0.4107948184  -1.1935226136   1.5142116740   0.6513120023  -0.4945527789  -0.8382389675   0.1233077884   1.9506265405  -0.1120814308   0.0295635243  -0.5405354105  -0.6248793017  -1.8994227985   1.4807009790   0.7093974257   0.8305280214  -0.8242612969  -0.4179201797   0.6844976528  -2.2206582311
 0.1385703325  -0.6654208870  -1.6667258138  -0.2875564375  -0.2391632148   0.1113703668  -1.0416854479  -0.6366644130   1.5108362005  -0.9060374141  -0.4748056823  -0.5713128751  -1.1997035670   0.3750982544  -0.7968353942   0.8286000982   0.9465715762  -0.7050066786  -0.2715779690   0.3770640624
-0.0781436674  -0.9545340905   3.1518375538  -0.5418248864  -0.4845998996  -0.3710489737  -1.6213043930  -0.0242266022   0.0714911811  -0.9347095344   1.0722483891  -0.8568082565  -1.2628835405  -1.2354838073   0.4770571052  -1.3571885749  -0.0236221899  -0.1214537171  -1.3774512901   0.5646242809
 0.9003068072  -1.3474177728  -1.6304599748  -0.8934211996   0.2386300190   1.3452486167  -1.0427858035   1.5564418653  -0.8260515306  -0.7268906632  -1.5559625082  -0.8277340146   0.3131007082   0.9222175527  -1.2280885681  -1.7081588106  -1.6068156288  -1.9250713485   1.1086342228   0.7829508063
-1.1054181245  -0.1464119979  -0.5240082289   0.5898509719  -0.4051505944   0.8221487321   0.4191510060  -0.1016418939   0.3287808927  -0.1285807085   1.5384843925  -1.3843901991  -1.8820992516   0.4236141897   0.7028096527  -1.4910262673  -1.6408456525   0.3151675037  -0.3739253656  -0.9876018348
 0.3363630150  -0.0549217267   0.9168227917   1.4210034202   0.0417371605  -0.2186549060  -0.3532059722   0.5749799851   1.4469040429   0.4418326091   0.0153253455   0.0482392980  -2.0074961665  -1.6739915768   1.4388191887  -1.1049658824  -0.1791163902  -1.6745011068  -0.6006274434   0.7478935185
-0.3259043965  -1.5038734002  -0.0144887422   1.6716244719   1.2290786227  -1.2804316596  -0.0714664121   0.7740666103  -0.3930126102  -1.7389322320  -0.9844625457  -1.5500761721  -0.4182524502  -1.0731769879  -0.6944206032  -0.2728893231   0.4641319742  -1.8705836304  -0.8140620624   0.3612819571
-0.5830988368  -0.8818263415   0.4131423426   0.6336435112  -0.9980089354  -0.2410812851   1.0804165462  -1.2258252373  -0.5230446023   0.0367962210  -0.6522578499   1.8861919406  -0.0714181114  -0.6554235360  -0.8440562830  -0.0008141579  -0.6208038653  -0.5736355991  -1.5409958747  -0.6206652523
 1.1174793621  -1.0159430419   0.5696189523   0.3596895871  -1.2244257054   0.8089863396   0.3646491520   0.5368471357  -0.3518099915  -0.9457652033  -0.1205050423  -1.1431392255  -1.6521489759  -1.6078652436  -0.5086860697   0.4514407082   0.3251634900   0.6688767373  -1.2205503307   0.2500295842
-1.5100206294  -0.9992075826  -2.0898023131   1.7526229773  -0.3986044992   0.7952035924  -0.9080411568  -0.2070659563  -0.7352687760  -1.5067773520   0.6719701247  -0.5831641121  -1.4142084570   1.4864611804  -0.5530125920   0.8085161253  -1.8151606174  -0.0001211447   0.6718055413  -0.0569006788
 1.6963282860  -0.7849397543   0.8539430313   1.8381650062  -0.4696078894  -2.5420069411  -0.7772651769  -0.3632781467   0.0617062780  -0.2115217987  -1.6839749906   0.6038757283  -1.4624772593  -0.6267071313   2.2416432433  -0.8866778728  -0.5081467209  -0.2328196158   0.5179908926   0.8642877636
-0.4493102149  -0.7486136031   0.1638989216  -0.3297756652  -0.5570495126  -0.4711216801   1.4333142685   0.5267871444   0.5410171235  -0.3074948391   0.6301876965  -0.5920957345  -1.0380503704  -0.7815112090  -0.8156932632  -1.1399963698   1.1990576818   0.0712304400  -1.2172091093   0.2065502860
-2.0671209967  -0.1488386956  -0.6399708148   1.4037980808   0.3565922430  -1.9591954401  -1.5206887859   1.0512849972  -0.1164848760  -0.8062672620   0.1436766865   1.7383792602  -0.4144755193  -0.0662464567  -1.0961255336  -0.0933198672  -0.9859947286   0.0624716891   0.8330469969   0.1210156138
 1.3449596823  -1.2552714748   0.2262323716   1.0391459796  -0.8347709328   0.1088326157   1.3109661024  -0.6491093545   0.7757150753   0.3132525914   0.1120217897  -0.4464884658  -2.4251291665   0.7860002286   0.1369704038  -0.1212796179  -2.4941938205  -0.8294535053   0.0890061920  -0.5289493446
-1.6968594897   1.3891163855  -0.4839719745   0.9107562081  -1.4907625194  -0.8017831568  -0.9986768228  -0.2283802968  -0.0885100799  -1.0167308741   0.6581538126   0.7928210155   0.0915744913  -1.5173301869  -0.6381839198   1.2222194113   0.5018022629  -0.1342226491  -1.0506943323  -1.7395102072
-0.1789962445   0.4512309881   0.1203714443  -1.5876983403  -0.6480136126   0.3408623836  -1.0591125626  -0.0702092521  -1.0154941477  -0.4292247639  -0.5240331552   1.4384182850  -1.0623345988   0.1456186966   0.5662115869  -1.6151217132   1.1496958205  -0.1746214717   0.5202199893  -1.0087498200
 1.9621614563   1.1028633355  -1.2494924024  -2.8768901000  -0.3183768878  -1.3912818110  -1.6196322004  -1.3898851313   0.4803031206   0.4926074579  -1.7086646320   0.8872708568   1.4809827914  -0.9595409893   1.6744372717   0.5067157916   0.0469938959   0.4429840568  -0.6503399557  -0.8028998099
-0.4625166859  -2.5064273702   0.5303422529  -0.5590849950   0.3980471620  -1.5143418439   1.3212431529   0.0595696847  -1.1900062226  -1.5281963872  -0.0228268925  -1.3914450737  -0.2775151500   0.2355443227  -0.2064159528  -0.0451796722  -0.5311565158  -0.1372926258   1.8771601692   0.1455601003
-1.3077982325   0.8792214814   1.5528624908  -0.3513362920  -1.0243709595   0.4446667045   0.9684208945   1.3581608027  -1.6490722847  -0.1266165988   0.9588507948   1.2086503972  -1.2612721803  -1.3143843227  -0.3702783904  -1.7505937285  -0.4070080759  -1.5874835296  -0.9597126328  -1.0077165260
s2
-0.9985344841
-0.3165738562
 0.0712278562
 0.1053852071
 0.5425328103
-0.4778557745
-1.3161301089
 1.2062746938
-0.8786836198
-0.1419577231
-0.2983210210
-0.6042637088
-1.5298328846
-1.1767217580
-0.6089783939
 1.1915279020
-0.5878820123
-1.1017038424
 1.4996193271
-1.1975675505
w3
0.9596963527  0.0725274622  -0.1935968689  -0.3363486198  -0.7157844325  0.0218895380  0.0739653820  -0.0213288198  2.6700539887  0.1909760797  -0.3674498948  -0.2773850031  0.0668450687  -0.0843073522  -0.4812893180  0.3658595523  0.2371162319  0.0795610222  1.1877230392  -0.5520864554
s3
-0.7739453604

