layers: 6
str: {2,20,20,20,20,1}
w1
 0.2789105746  -0.0152312699
 0.0127416066   2.1387163258
 0.1284635594   0.2593830792
-0.8231356576  -1.4782693800
-0.9473854883   0.0928773677
 0.2227946335  -0.2381354120
 0.1977796739   2.7275144236
-0.1980086494   0.3598864970
 0.8877579543   0.7269351791
 0.0143819427  -1.1177485149
-0.1400330000   0.3520073689
 0.0245658419   2.2761653275
 1.1545542353   0.6031076511
 1.2038462303  -0.5212800696
 0.3073105936  -0.1118638804
 0.5236903348   0.1000532892
 0.4700363718  -0.4724327352
-0.1796309306   0.3776579329
-1.0195550530   0.3448792981
-0.4276669659   0.3109352475
s1
 1.3651681194
-0.4826622022
-0.5339664921
-0.3215700589
 1.3748679575
-0.2384236693
-0.2237333315
-0.0297608464
-0.8052131429
-1.4214863544
 0.7608463134
-1.0393757804
 0.2415935481
-0.4041639480
-0.6193173539
-0.1829260957
-0.8933561336
 1.2357465920
 0.1939293592
 0.5807151019
w2
 0.4794344717   0.4567474905  -0.4726601704   2.1156414885  -0.5292522533  -1.5292565806   0.8708161486  -0.4489434928   0.1253593486  -1.2125865432   0.3141329094  -0.2640218410  -0.2384068257   0.9134853503   0.7097689580  -0.3401145464   0.2366710916   0.3938695141   1.3873721637   0.4537169796
 0.0144821437   0.5492470442  -1.3185022268   0.0672444455  -0.0734193950   0.1535914064  -0.7728496360  -1.3975811313   0.5615538414   0.3005665769  -0.4690858126   0.9823479176  -0.3037309603  -0.0592300589   0.5663780577   0.1042346686   0.2257421133  -1.1328112310  -0.8306470967   0.0650806564
-0.3423833920  -0.7656367982  -1.9426388803   0.5069346298  -0.3541580864  -1.2372247581   0.2925162263   0.3929449293  -0.7888293637   0.8080352354   0.9719715661  -0.3551731465  -0.8199445823   0.1158247347   0.5747608951  -1.7471072880   0.0710149007   0.8728616841  -0.2580760749   0.3204817206
-1.2870253990   0.6589014308  -0.6153681878   0.7412503896   0.8412789437   0.0026449778  -0.7790996320   0.1941464422  -1.5988389739   1.2555877030   0.2206998515   0.1880286400   0.9370462947  -0.2791600929  -0.9576541154  -1.6374021933   0.4744511608   0.6496686410   0.9353719733   0.2770339775
-0.2868167084   3.1933714595   1.2060058713  -1.3890560390   0.2198879023  -0.0238945180   0.7107667532   1.4622339025  -1.5681296863  -0.4726804057  -1.0732849370   0.8647365015   1.4022273712   0.2844260254  -0.3399770992  -1.8358045409  -0.4322768868   0.9759162015   1.2377036144   1.1359587091
-1.0850079605   0.1112260719   3.0999982423   0.0495978181   0.4116609501  -0.0175445299   1.5646889109  -0.5506723945   0.3018996275   0.7207253161   0.1336609795  -1.5738969780   0.4576511835  -0.4243014648   0.3589372912   0.1514302469   0.0770161612  -0.0570649704  -0.8256927522   0.2651551782
 0.5416158700   0.7574035533  -1.7332070251  -1.2196054567  -0.5117378449  -0.0030700901  -0.8891423752   1.8382962495  -0.5457551376   2.0700527746  -0.4068498616   0.0716714063  -0.0844792921   0.7585613435   0.3683237300   3.2789650698  -0.7975465329   1.1627859244  -2.3816857951  -1.7605565091
 1.1383448609   0.1599986455  -1.0211928640   0.0968348418  -0.6439628752  -0.2484424222   1.8406495350  -0.2223243042  -1.2381083412   2.1139939035  -0.8397591208   1.7669230135  -0.0954559532   1.4908151750   1.0521162243  -0.8773922299   0.9959497701   1.0716068315  -0.4956887295  -1.9873612359
-0.9292342219   1.1907999197   0.7873760469  -1.6330140809  -0.1828063066  -0.8135492130  -0.0647586260  -0.1761890909   1.0508441423  -0.1029323332   0.8584031537   0.7997159324   1.1274772203  -1.1868107224   0.9492590774   1.4725063567  -0.6491080956  -0.1513600657  -0.7303182764   1.3528277402
 0.6366808202  -1.2841937484   0.3855916519   1.0743412280   1.0166012655   0.7630648621  -0.5534223385  -1.3574948203  -0.0729981780   0.3217600207   0.3243751452   0.3943977925   0.5236103793  -0.2363653728  -0.9031807844  -1.5310907874   0.3574471610   0.2485393227   1.1057365473  -0.9248282221
-1.2038356601   0.4398122993  -0.6093679215  -0.0328282689   1.4457911987  -0.9933107740  -0.7520656975   0.8106905128   1.3710437675  -1.6945005063   0.9153848788   2.7110287193   1.3036871770  -0.4395255730  -0.9336183150  -0.1436123583   0.2126029918  -1.3610019171  -0.6136128061  -0.7056473901
 1.6834884312  -2.4201008541  -1.5683253482   0.1596433500   0.1004625028  -0.3118877663  -1.1336953357   0.2870789555   0.7141823307  -1.7276685883   0.2003871882  -0.1768584777   0.6320092989  -0.9143952105   0.6030194505  -0.9462749925  -1.3014824259  -1.1657626426   0.2122796789   0.9298444465
-1.5968484105   0.1829578110   0.8642007479  -0.1606100893  -1.2646902727   0.9116496308   0.4973113105   0.3659342499  -0.4310866045   1.2619220770   1.8074526171   0.8818603595   0.6144094073  -1.3563679959   1.6944983220   2.1491194867   0.8602497721  -0.2168511826  -0.7447401284  -0.9549678200
 2.8687854091   0.2999154497  -0.3235045959  -0.9081683552  -0.6048092179  -1.2201583431  -2.2310797284   1.1879280583   0.8558380019  -2.2016133049   0.1636776259  -1.3491416384   0.5311331728  -1.2597762888  -0.7924379486  -1.2018526903   0.2611322023   1.1734439566   0.1326765544  -0.4139047755
-0.4818245082   0.8446005056   1.1616143781  -1.2753233620   0.0894291522  -0.3679832263   1.9681492652   0.2811247928   1.1850763642   0.6675843545   1.2709608072  -0.9567858936   2.2715876371   1.4252561690  -0.1937347175  -0.4580046318  -1.1966586132   0.7388154605   1.1006001078   0.3869724442
-0.0160779929   1.8381625903   0.6630570035   0.7378404719   1.0462996149   1.8265743344   0.0537067662  -1.3676152789  -0.6757958303  -0.0314883826  -1.1768443660   0.0380386086  -1.5967946181  -1.2063342210   0.0961022164   0.8635110726   1.2952888137   1.2035399950   0.3514991237   0.6726630859
 0.8191759874   0.5566438648   0.3648321593   0.3412557237   0.3972183959  -1.2194306843  -0.3691749368  -0.1392228047  -0.8725192639   0.3070754806  -0.3738721271   0.3778373445  -0.9866013471  -0.5086217740   0.1261919113  -0.6354994907  -0.0557170676   1.5750121017  -0.0203324764  -2.5378747426
 0.8564765908  -1.4761416255  -0.9690365430  -0.1398922742  -0.1420086519  -0.1678643047   0.7366387103   0.9229687060   1.2868235114   0.8039448724   0.3310204340  -1.8540679366   1.1295332900   0.4801850538   0.1906512303   0.1734719852   0.1492775452  -0.0556155306  -1.3517943166  -0.2680445064
-0.6904058717   0.1500486646   0.8909755486   0.1201643645   0.5154071063   1.0672036636   0.1207019227   0.7832950660   0.7627836975   1.1688922076  -1.4239945427   0.1000027460  -0.1175435805  -1.2192993341   0.1086687575  -0.4802895902   0.8725175147  -1.2208127675  -0.5226411507  -1.5118434492
 0.4561569841  -3.0440861991   0.2609127269  -2.2813337115   0.4579837833   0.4903056096   1.5512547110  -0.4448942940  -1.3732412737   1.2281602648  -0.9921856996  -0.6190830684   0.5217699516  -0.0607505869   0.3159576825   0.1948949385  -1.5474491653   0.1678219447  -1.3158117601   0.2209232448
s2
-0.9233715731
 0.4993936409
 0.4494187891
 0.7498462375
 1.1014592624
 0.0706293676
-0.6505873215
 2.0309856203
-0.3042896639
 0.9032676368
 0.3161172556
-0.0143873166
-1.5075729714
-0.7399780849
-0.1433092686
 1.6372402955
 0.0266681016
-0.1036531778
 1.5510910874
-1.1269929183
w3
-0.8284790467  -1.4129833247  -0.0474929751  -0.7474789909  -1.5352487577  -0.1669068931  -0.3059789840  -1.5656707513   0.5806309581  -0.8136693953   0.2726054425   0.5756835282  -0.6127560766   1.8539820517   1.5367193318   1.4866973225  -2.1629335786   1.3562031079   0.7709524334   1.6317134705
 0.0216416485  -1.3845047958   0.6899894240   0.6244385826  -0.5449718235   0.3229172583  -0.0606285075   0.0712366825  -0.4878646913  -1.6603961728   0.2582300429   0.0435359977   0.1431055244   0.2621809054  -0.4169743557  -0.9832403909  -1.3724760358  -0.0065626989   0.3507946509   0.5670299764
-0.8393071421  -1.6247623730  -1.5427420471   1.4886681479   1.0161168077   0.4906007305  -0.4910447447   1.1463527688   0.4387694687   0.3739961989   0.8737168044  -0.9392848189  -1.3268912125  -1.8947130706   1.5186938037   0.7780896070  -0.2157110619   0.3078639213  -1.4204013543  -1.1783035763
 0.5270525202   1.0599946291  -1.3726987471   0.6931042638   0.2650903222   0.7245253266   1.0323463289  -0.9376164706   0.0859241181   0.9167241076   0.4661575608  -0.7967429572   0.2980038366   0.5481328974  -0.3763158486  -0.4385085915   0.2569360838  -0.0228922219  -0.0931195579  -0.2546067510
-0.5204974960  -0.0997715299   0.6863140765  -1.5069587752  -0.3986344874   0.5323892070  -0.4087633843  -0.1298637848  -0.1811673980   0.7515158351  -0.8709327931  -0.3446779239   0.8432376403   2.4761257048  -0.7532149666   0.3240820084  -0.1739884082  -0.8703746260  -1.5557090200  -1.4256083711
 1.1735987316  -0.8654369721   0.1084060170   1.3780111805  -0.3864853911   0.8981008969   1.9985528182  -0.3226303909   0.1168017243   0.4417912084  -0.6502914961  -0.5040712996  -1.3469699825  -1.1621227248   0.9293033237  -0.4709311674  -0.6668010540  -0.2008703649   0.6174010613   1.6187886649
 0.0195658838   0.2901774762   0.7673269252  -2.6429205634   1.1086131588  -1.4312806393   0.0778440949   0.8397752022  -3.0483852834  -0.1015628442   0.2126071519   1.7564945804   0.7384160300  -1.0083960054  -0.7172584815   0.1804973691  -0.9236633045  -0.5473156275  -0.0581691717   0.2956044199
-0.2446656996  -0.0042999610   1.2606916830   0.6646282796   0.4128164910  -1.7890849452  -0.2537090345   0.5393247872   1.7386104587   1.2942717182   1.5791906106   0.6150573678   0.1447023742  -0.1911417456  -0.4669311250  -0.2599477031  -0.0692834234   0.0726695222   1.5290239491  -2.2885371614
-0.3493543815  -0.2688823823  -0.0342506193  -0.0831206577   1.7348975493   0.3574379480  -1.5858162906   1.7947702946  -0.5345495987  -0.1711264869   1.4116512256  -1.2823115323   0.7956274903  -1.1329816965  -0.9751854647   1.6285542892   0.5577854809  -0.9658463172   1.1564265829  -0.1145562219
 0.4344373043  -0.3080767684  -0.2122787026   0.2221363833  -0.9397131682   0.5104951658  -0.4430697078   0.2400797187   0.7152187009  -0.7783759807  -0.8490641498   0.5016063204  -0.3891796165  -0.1582934296   0.2904243981   1.0064883290  -0.6292293214   0.0291542396   0.6643508810  -0.9823336564
 0.1917897938  -0.7693216918  -1.1198556433   1.8528541345   1.0036345800   0.1618280118   1.3573602003  -0.4916897088  -0.7543064930  -1.0990974164  -0.0227690898  -0.9940687259   1.3003523661  -0.1859297887  -1.1450966868   0.7534215207   0.0916021416  -0.5835903636  -0.4765141388  -1.3117250795
-0.0426613214  -0.8043721445   0.0873489993   1.0592083615   0.3178658842   0.4898804431  -0.6970252069   0.2782994947  -0.2480654454   0.3162945817   0.9045908993   2.5295538134   0.3251704734   0.1216572067   1.1073525079  -0.3970426713   0.0474249105   0.6966687592  -0.1516296931   0.7600894385
-1.3247260312   0.2084807870  -0.4884336116   0.8677620902  -2.3399250319  -0.9594865604  -0.0411922874  -1.3230628204   1.9019696807   0.6190719725  -0.4091837517  -0.0162573610  -0.1475317370   1.1900119176  -0.6159347712  -0.1814371553  -0.3983735553   0.7270238585   1.6097811850   0.9463285056
 0.5487204683  -0.3157695091   0.6015294890   2.0692481026  -1.5424052068  -1.5617413728   1.0587032978  -0.0765190066  -0.8390997307  -0.8501338271   0.3003292004  -1.4602816988  -0.8002831457  -0.3441316758   0.8105401440  -1.1325445293   2.0343644223  -0.4311607868   0.2347691404  -0.5355013151
 0.2619496350  -1.1634355374   0.0242804759  -3.4080192560  -0.3560127509   0.5654001363  -0.5679478920   0.1790638469  -0.7049591624  -0.7009075056  -0.9125874474  -1.2718500808   0.8303668058   1.8432150889   2.3483802788  -0.2327315742   0.3693532790   0.7738689100  -0.1445825557   0.6369861086
-0.6946893829  -0.8603600441   1.3381050543   0.1885295318   0.7061545214  -1.8298040443   0.1228608925   1.8877849202   1.0711484500  -1.7092078936   0.2459429650   0.9847662813   0.0306776672  -1.2783063504   1.2333776177   0.5928368425  -0.0835510390  -0.7105193422  -1.3648426757   3.3988812206
 0.9370363245   0.6824973901  -0.1306560858   1.5803687489  -0.6032048730  -1.4714677080   0.4190702742   2.0549217569  -0.4113274286  -0.9405057018   2.0906734883  -0.3597087785   1.3430865878   1.4387975729  -1.2891840051  -2.1415693829  -1.1196890647  -2.0703676000  -0.4906648603  -0.1142681156
 0.0953510712   1.4894952751   0.9127014711  -0.2771109785  -1.5938970204   1.0913467274  -0.4874421426   0.3498277319  -0.7110736070  -0.3326672072   0.2117487219   1.2822311204  -0.2096983111   1.3195001390  -0.1702203167   0.4954097157   0.1714391390   0.7178981318  -0.4864870576  -1.4597223859
-1.1053619586  -1.3117028113  -0.3728416071  -0.2338642969   0.6551380894   1.0312098333   2.5660618706   0.4902363683   2.9051743116   0.7757936122  -0.9801344488  -0.2595612317   0.3705876341   0.5704344131  -0.0411161384  -0.3727987840   2.0794865909   0.4025709136   1.5550092413   0.3132320022
 1.1484336608  -0.6064096129   0.0402472469   0.1666397856   0.5556876386  -1.6196788780   0.1136095609  -0.3118439077  -0.7438969210  -0.6596640298  -1.1966240472   0.2252390377   0.8366557071  -0.7003152547   0.2488961123  -1.2093462830  -0.0584132999  -0.0015788301  -0.9289285619  -1.4125405032
s3
-1.0341159993
 0.4854074226
 0.6058828508
 0.8250069582
 1.0683468452
-0.0584507222
-0.7025296602
 2.0590132441
-0.2583025594
 1.1699786491
 0.6147802359
 0.0669809472
-1.4958926912
-0.6870452051
-0.0672308105
 1.6604462184
-0.2020619154
 0.0355260075
 1.5926831778
-1.0844199733
w4
 1.3407838047   0.4730323120  -0.9205823667   0.5810469090  -0.0836088517  -0.3979192868  -0.1285733910  -1.2078294543  -0.4469818679  -0.1537637362   0.2500235318  -2.0936279533  -0.8502171930   1.3804893810   0.4575873828   1.7009319747  -0.7446153464   1.2316928843   0.3733031594  -1.3558075831
-0.3137473518   1.0237995161   0.0752172544  -1.3042699386  -1.1125303198   0.0676662874  -0.1710423747  -1.8090350146  -0.0140726587   0.5553478008   1.0045819652  -0.9347539954   0.9631004417  -0.2665446658   0.0392351197  -1.3037302129   1.7517126501   1.1379788491   0.1422767157   1.6801684659
-0.1243593799  -1.4357676740   0.2713113053   0.6778569787   0.1026260152  -1.6980807151   1.1975655214  -0.1428696887  -1.2556160257  -0.3541323334  -0.4528634810   0.0186106087  -0.5483425496   0.0588524131  -0.4176191778  -0.0808833506  -0.4616834742   0.5647183148  -0.1689005958  -0.6688801419
 0.3231749001  -0.1284010523  -0.6524443475  -0.8144036824   1.0798199170  -2.0297888360  -1.4670974456   0.1465147862  -1.1516150742  -0.7173991147   0.3876317300   0.1011628038   0.5335176960   0.3445856798  -0.2915627198   0.8296528242  -0.5172344555  -0.4058725966  -1.3312651573  -1.3538407812
 0.4042322658  -0.4081939770   0.5185630483  -1.7439304271   0.2421046631   0.6522744790  -2.6781009876  -0.6859065107   0.7658825715  -0.9020644162   0.0870740791   0.4153303622   0.1775682929  -0.6762044847  -0.6020181844  -0.3284347728   0.6177653292   0.0738171816  -2.2184813079   0.0175917055
-0.0834920280  -1.3080001741   0.2946830316   0.5304532890  -0.1138517677   0.6950711176  -0.4923383329  -0.6365697893  -1.0956099728  -0.5981845037  -1.6500047397   0.0099122685  -2.2311515383  -2.0523459420  -1.5802248076  -0.2009068227   1.4718697440   0.4553662492  -0.3756382651   1.1978825637
 0.8369163499   0.0619987833  -0.0546682306   0.3500292700   0.5368861887  -1.0324805676   0.6318191325  -0.9763491952   1.5647095448  -0.7666684870  -1.2476985817  -0.7760383166  -0.6568052703  -0.0748328138   0.2069994229  -0.5515672381   2.0613869945   0.1922159945   0.4219563202  -0.9741174548
 0.6870156049   0.4360798118   0.4794145578  -1.3807064205   0.6221017087   1.0149657967  -0.0089502002   0.1364674530  -0.4557440818   0.1927175752  -0.1435310264   0.3789139708   0.2952722189  -1.6024678475   1.1138374615   0.6704625901  -0.3249630309   0.7030917171   0.5027673234  -0.1800954120
-0.9687862372   0.2751832679  -0.6618480326  -2.4905175898   0.3585461820  -1.7363646149  -0.1317130701   0.0234077214  -0.7057784100   0.4731809956   0.5537166219  -0.8501450863   1.3380594815  -0.5500854942  -0.6606783130   0.6417021171  -2.2288522933   0.5805955613   0.4485133837  -1.2851170177
 0.4614534883   1.0924249455  -1.0904458745  -1.0129835526  -0.0008321753   0.4298748802   0.1269699409  -0.1746259716   0.3848808681  -1.1204370178  -0.6884686657  -1.8158649443  -1.6029238993   1.2332332846  -0.5103192431  -0.5702459873   0.4756355626  -0.7305601258   1.0171047013   1.4095517518
-0.1438156593   0.5679619686  -1.2686927373  -0.8074936918  -2.2414345967  -0.6409257299  -1.9775125517  -0.2948410874  -0.0539647544   0.9919925101   1.6827029172  -0.7508644789   1.4264166942  -0.1789996762  -0.4871131148   0.0754128302  -0.7985292634  -1.8378420948  -0.5803356103  -0.1674102552
-0.7477568449  -0.0459709011  -0.9827176002  -1.1645892402   0.9873898311  -0.0346664177   1.0431164999  -0.0804988492  -1.0495895121   0.7819296061  -0.3721509963   0.0700403697   0.7995894078   0.6449516718  -1.0573249832  -1.2329371186   0.0090707970  -0.6089058617   1.4733606241  -2.1324207751
-0.5385328973  -0.4386773394  -0.3379203379  -0.4877646108  -0.3116977819  -0.4462835097  -0.9385262522  -0.6066922962   0.5062286961  -0.2433001465  -1.1006361638   1.6066250537   0.3059582552   0.3005755421  -0.6825045017  -1.4482463178   1.1870931784  -1.1344228914   1.9599282607   0.5361075630
-1.2495119717   0.2694546413  -0.6142481625  -0.0265106897  -1.0630546941   1.3229424943   2.4346096381   0.8266269787   0.2440076937  -0.3196498812  -0.1161711465  -0.4840553899  -0.6070687570  -0.8003539130   0.7272836045  -1.6098414598  -1.3325307718  -2.3938946664   1.1099488426  -1.5310716029
-0.9668893061  -0.3649910198  -1.0141310590  -1.1717387708  -1.2261506333   0.3939544888   0.9459659799   0.3699554345  -2.4412878971  -1.1441968310   0.1010597456   1.8123048013  -0.6072872118   0.9080490223  -0.4869521675   0.6626989363   0.5788776610  -0.6685174399   0.5364584233  -0.9015368276
 0.3051121994   0.2822913951  -1.0102553748   0.6470474301  -0.2333084240   0.4547043656   0.6621979520   0.3807495239  -0.9908777619  -0.7585416669   0.2573863675  -2.0242167319  -1.6281281059   0.8276129264   0.1910050860  -0.2206102304  -0.9774233429   0.6995956373  -1.4221212616  -1.6803088365
 0.3770550968  -0.8721748406  -1.9636832536   0.4832329863   0.0925316391  -0.1162129315   0.8370982626  -0.5499112304   0.1121010084  -2.2318944479  -0.5284214493  -0.0421789357   0.7521177215   2.0703064574  -0.7674493900  -0.0451485583  -0.9156069163   1.2354282658   1.3911420065  -0.1713974464
-0.7238125571  -0.1825886368  -1.8899391253  -0.4251035233  -0.3303759669  -0.9618643274  -0.7242377118  -1.0634526126  -1.0664819517   0.2236973384   0.5874185094  -1.1402521290   2.1525552835   0.0946373108   0.7164146452   0.2935015807   1.9345080330  -0.3547088517   0.3097954380  -0.5699062346
 0.8233696781   1.0520182361   0.2174257552   1.6361044512   0.7920630015   0.2701897996   1.3253261967  -1.2608301944   0.1252148061  -0.3143158815  -1.3324881699  -1.7319448941   0.0484085555  -2.1896109502   0.1117882846  -0.7348650172  -0.3012233181  -0.8733953170  -0.2725431440   1.0143327700
 1.0725908215  -0.4434461898  -1.7092802767   1.7553130170  -0.0652043485   0.4765902416   0.2408391076  -1.0500590978  -1.4611854006   1.2037931786   0.2124621101  -0.5391147629   0.1165382091  -1.1964036782  -0.1537460744   1.0523955535  -1.2905901600  -0.5944418457  -0.5109044959   0.3029101914
s4
-1.2118113824
 0.3599097775
 0.2663581979
 0.4997459694
 0.7345621630
-0.2213300569
-1.0772134430
 1.9588514514
-0.5398768903
 0.6837426259
 0.1917146344
-0.1330393677
-1.9335617270
-1.0584840718
-0.3986037039
 1.5206834828
-0.2927601157
-0.1421491650
 1.0840784054
-1.2250323884
w5
0.0002355721  0.0822930469  -0.0401509589  1.7660537308  -0.0213560641  0.1972431645  -0.0274461224  0.9134801595  1.8360668732  -0.1538041272  -0.5132268512  -0.0183707707  0.0794141121  0.1682797681  0.1643585919  -0.1174255781  -0.1041348207  0.2891542733  0.0015605675  -0.1462502756
s5
-0.6253215873

