layers: 4
str: {2,20,20,1}
w1
 -2.8852806275   3.0370285290
 -8.0448238481  -2.2464920910
  0.2769680047  -4.1487795512
  4.3753200449   5.7533042109
 11.0785695602   4.4692285504
  8.6429819010   7.7526153192
  3.4602200676  -2.6697548097
  6.1372796218  -3.6058425864
  2.0200697808   3.8535953243
  3.6878104070   1.6800081053
  4.2213708379  -4.2208812811
 -4.5009176868   5.5915930440
  5.6481134584   1.6828852677
 -1.9832087559  -1.0782168478
  2.5430045057  -2.9455321674
  0.5260559703  -3.7471625680
 -3.0888339159   6.0368862476
 -3.2077359350   2.0273085350
 -7.8230240726   3.8539192595
-10.0465058061  -1.2471023208
s1
 8.5048957151
 3.4643964030
-8.6325738939
-2.9569441961
-7.1078634147
 3.0613034537
-9.8834978951
 1.7127166991
-8.4415291441
-4.8447558319
11.7206266174
-4.5939154537
10.1609447035
11.2724547826
-7.7811845724
-6.4309983301
 0.0531180266
 8.0312799329
-1.4885522192
 0.7434182620
w2
 0.4874764617  -1.7061113009   1.9452059909  -1.0622002280  -1.1373290062   0.0117562387  -1.1696732122   0.5546758822  -0.7741622964   0.5599745461  -1.6143938686  -0.3793064914  -1.4879945914  -2.6185502649   1.2503345150   0.5382195630  -0.9263911325   0.3674216637  -0.9033369126  -0.7282782982
-3.8451741273   0.0869533160   4.5894885450  -1.4268272141  -0.2415385164  -0.5184535521   0.9162824858  -3.0683260186  -1.5806400707  -0.6786203812  -0.3270160758  -3.4355395197  -5.6067838082   0.6141823715   0.0376034693   1.6847147379  -5.4409248833  -4.7701093564   2.1242127374   0.9549058847
-1.2346629478  -0.2523639479  -1.3163296930  -0.0392457933  -3.4836022889   0.2113895553  -1.2839181964  -1.4246765082  -0.7999222574   1.8274321833  -0.4373566802  -0.4226790320   0.0116774875  -1.4408913008  -0.1155039079   0.4938136806  -1.0139338186  -2.0550498084  -2.0546290424  -1.6567415857
-1.0042604087  -0.2407172309  -1.4117272092  -1.7010804546  -0.9635742860  -3.2182248882   0.7057025745  -0.3560414952  -1.6878372100  -0.7131716895  -0.9808647653  -0.4122280838  -2.2392062071   0.5205349205   0.7051323016  -3.3974887096  -1.8512079120   0.9418157009  -1.9201286172  -0.7881886407
-1.5070045180   3.7392753358   1.9399122304  -0.9451113553  -3.2945151120  -2.9666560079  -1.4480587466  -0.2272884625  -1.5834269449  -0.5883942380  -0.0738307964  -0.2154695600   2.6223368973  -3.7512347573   0.5794982008   2.0240633856  -0.8347203149  -0.7175211945  -1.9640170471  -2.7869529985
-1.8314616414  -3.1027840302  -1.9811224155   0.8943012494   0.4657836526  -3.5778744849   0.2983116230   0.9624289249  -0.2526317841  -0.8349907605  -2.2077624787   0.8220577669  -0.3312162447   0.0931169228   1.3994904033   2.9655578337   1.9379919502  -2.1438347045   0.7539585774   0.0904477550
-2.0156284803  -1.2730856514  -1.0044514689   0.3685836554  -5.3889806719   0.8614302029   0.5991704771   0.9145776091  -2.2045132982  -1.5685983070  -0.3236201741  -0.9255028299   0.1390407755  -8.0571381344   1.9176623436   0.4322127600  -1.5780091589  -2.1884203606  -1.7733808896  -7.3470915043
-4.8850216014  -1.1113476079  -2.0835723946   6.0749940348   3.7536027798  -4.3541779192   3.3564733215   0.7483229901  -2.3146843420   1.6824448832  -1.3551594138  -1.2243296107  -2.9680285311  -1.6887515133   2.7379612433  -2.4914709956  -0.7795456230  -3.7446186346  -1.3133838106  -1.6434985202
 2.5030982596  -0.8654773797  -4.6965819078   0.9152225462   1.0771485188   5.4277210359  -2.8960597210  -1.6272679136   3.3686403117   3.2788429142  -5.9819273021   3.0349063012  -8.2170184166   5.7383896622  -2.2599232267  -4.0689448136   4.9141278941   0.2362291572  -1.9365579363  -1.6743002450
-3.1625696769  -1.3772257386  -1.3034910895  -3.5317348478  -3.5929341274   3.1490042351  -1.5444442888   0.9405457104   2.8566689406  -2.0753206485  -5.3070327815   1.6933071046  -1.3661168508  -0.3332118305  -1.4934164569  -4.2370039234   2.1194486586  -3.4602758596  -0.3228742648  -1.5742421217
-2.2491208433  -4.5945398107  -1.7130945107  -1.4894197489  -2.1848295413   0.9322708288  -0.5200104744  -2.4786115014   3.5006814437  -0.5346909074  -3.6428214042   0.8117576869  -1.4919849781  -1.0320259539  -2.1908228803  -0.4276471227  -0.3036299673  -1.9010910475  -2.6279956454  -0.6573435145
 0.5045681683  -3.3531570936  -1.1387753975  -1.6260144844   1.7752429745  -0.9111395147  -1.0067609967  -1.8485662933   1.0819249079  -1.8632304768  -3.1047434192   3.0490133104  -1.7514054691  -0.3825178047  -0.4062388268  -1.6054229415  -0.3443493591  -0.9055076803   1.5676663925  -2.8526637922
-2.0591736817  -1.3050775705   1.5605098669  -1.6860101645  -0.9932342287  -3.3310771289  -0.4078888604   2.7551211620   0.2387591406   0.0003788175  -0.5447321316  -1.6644136075  -0.7659072262   2.5397671901  -1.5627223078   0.5124109657  -2.2801153662  -1.8515108097  -4.3483524571   6.3978832251
-3.1668779690  -4.2767160018   1.8560539224   2.9491351465   0.8891565274  -3.5290584978   2.5985076750   0.8095629497  -2.4903515770   1.3807907179  -3.2197445678  -3.0082882713  -1.3817856599   2.1743520790   2.5377006157   2.6065590756  -2.9421084085  -3.0990983642  -3.7544177402   1.6638661856
 0.5743186922  -2.2132615826  -2.1965624111  -1.7811570179   1.2600425626  -3.3147877959  -2.0687554659  -3.4387542803  -0.4495939561   0.1010532981  -2.5765696030  -1.5179435142  -4.4041350361   0.4949859828  -0.8984868832   0.2460881235  -0.6112340582  -0.9621405870  -0.1993541342   2.2332387297
 1.4592752438  -2.3449544560  -2.8984957322   5.1291861456   3.2747137409   3.1487094228  -3.1077016594   2.0389949709  -5.4486852872  -0.9568119652  -1.2955122007  -1.9093287695  -0.4385815445  -3.5354674166  -2.6310678696  -1.7075151077  -0.3409779120   0.0717789929  -1.9757701528   0.1129368306
-0.3390915576  -0.0156683665  -1.1816078713  -0.7082000985  -0.9570102130  -2.4710565122   0.9604656784   2.2435562269   0.1556306717  -1.3877312327  -0.7827002437  -0.1630613551  -2.5974260476   1.1641434556  -2.4723389641   1.3071499325  -2.1448577510  -2.5204436197  -2.1849779986   2.0715493552
-2.8553282399  -1.8284780909  -2.8060722867  -0.1619390775  -1.6468268818  -1.6305093046  -0.1234103203   0.2179803237   0.7222974990   0.9680185009  -1.6825685976  -1.9242833658  -0.9150809345  -3.1125460351  -0.2334459928  -1.7154303732   1.0544601103   1.3414445061  -2.7154061135  -0.6055357814
-1.2330853382  -3.3297966897  -3.4817396755  -2.0817495483   0.9463615747  -1.1878793010  -1.2724900335  -4.8249555776   0.6322419244  -1.1946728790  -5.4744213214   0.6374103220  -3.2000662648  -0.3396901722  -2.8769060901  -0.7958475920   1.0737658589  -2.0531961465  -1.0641566242  -1.1961695285
-2.3501793685   3.4824640014  -0.5917428162  -0.6262873595  -1.7527869706  -2.0842730005  -1.4894408861   1.3115696765  -1.9290789507  -0.9213482730  -0.1085551301  -0.8946874810  -2.1293219903   1.7487382201  -1.0645286858  -2.6615141591  -0.3462884870  -1.9143207603  -4.6595303051   3.0067784480
s2
-2.0775318509
-0.9731067818
-1.3771314114
-1.0767525739
-0.4888895787
-0.1200022441
-2.0216749991
-0.7376055991
-1.6381834392
-2.3601461920
-2.2529420585
-2.0077499156
-3.0854765136
-2.2898085905
-2.5862689230
 1.2262126753
-1.4941180639
-2.3550367913
-1.0767365793
-2.9640210380
w3
-0.5375814171  1.7033631645  -0.3931045412  0.2098483163  1.8177391287  -0.8534857813  -3.2587921981  -3.3998787604  -0.4370430593  -0.4664500998  -1.9066228684  -3.2063906931  -1.0200940490  -1.4260583643  -0.2798908917  1.4485521352  -0.6672229504  4.5998526992  -1.4141135846  -1.4762946041
s3
0.6760253695

