layers: 5
str: {2,20,20,20,1}
w1
-1.6084970369   1.6022891286
 1.5948121837  -1.2926632607
-0.9956509007  -0.3307206932
-1.0913015088   3.7272996768
-0.7014701684   1.8709242297
 0.8444302741  -1.8047077873
 0.0195263845   2.2066072064
 1.3703384172  -1.0702870953
 1.0483497755  -0.5758242384
 0.4398337099  -0.9616259026
-1.3076737786   1.5391281567
 0.9891244711  -1.3774969340
-0.2782652859   1.7758620874
 0.5830370135  -1.8644932791
-1.2860978773   0.2828924514
 0.5794039505  -2.8194438887
 0.9822218029  -1.5828628361
 0.1554228634   1.6245051391
-0.6316839423   2.6336018672
-0.6753539729   3.1335961107
s1
 3.1004541939
-0.6434438663
-0.7934804702
 3.6123186666
 1.7884657097
-2.2807717706
-0.7723960078
-0.3284849106
-1.5631217191
-1.4711281742
 0.0593465453
-1.9023941195
 1.7088376576
-2.7545954773
-0.8336232314
-1.7927564853
-2.6370130742
 2.2659696992
 1.0070217571
 3.5947916428
w2
-0.7508495049   0.2378140926   1.6840736895   2.3526056189   0.3535917639   0.0467828779   0.6220132663   0.2628416132   0.5271278593   1.4281766322  -0.6797230491  -0.1657471457   1.3635696363  -1.7071262163  -0.0440424641   0.3825719185  -2.0222221882   2.2097960873   0.3589991686   3.2539577708
 1.2232255715   1.0319395575   0.4026374327   0.9107927799   0.3457335052  -1.6746472501  -0.0862744514   0.0132817746  -1.7150154265   1.2825352360   0.8197196033  -1.9226352362   0.6219287305  -0.2913379742  -1.1874835695  -1.3855464725  -0.6480848974   0.0429910385   1.6530671530  -0.1311495526
-1.6206696069  -0.2392453703   0.8747199557  -1.7648742373  -0.7545365520   0.1958783356  -1.0411547683  -0.1100992065  -0.7148413888   0.6700103626  -0.0749417776  -0.5039575130   0.3800516715   1.3603004298   0.2825689755   0.3944887561  -0.8992277809  -0.7289527862  -1.0717527990  -1.8097314973
 1.5910147528  -0.0982210995   0.0963491652   2.6217074552   2.0003691292  -1.8459362737  -0.4445085775   0.9258386051   0.7657751734  -0.6807557734   0.0532284279  -1.4725738950   2.2323684733  -0.8327739431  -0.3736150921   0.1629255615  -0.4695593241  -0.4215141131   2.0195193447   0.5472053214
 0.6527585498  -1.1647027761   0.2854023876  -0.2436797845   0.6061327488   0.5373468417  -0.0835747446  -0.4130418431  -0.6461156234  -0.6675250411   0.5812515723  -1.5122258025   0.7099625397  -1.4991897482  -0.0655813773   0.2400468269  -0.5954490879   1.2859659011   0.4735322677  -0.4448504565
-2.0761303783  -0.5650588886  -1.9738731838  -2.3138667767  -0.1467172636   1.6787273885   0.0615576226  -0.1937025932   0.7292954785   0.3177080291  -1.0090253745   1.7605757894   0.5825590222   0.7626520174  -0.2530448653   1.0264760038   0.8810242804   0.2206773158  -0.8809847434  -0.5332493879
-0.8726532156   0.9629202570  -0.0657365485   0.4925205108   0.2284694781  -1.9831647281   2.0223483349   1.2667070046  -0.5452376040  -1.9531863484   1.6959022672  -1.9335382692   0.2518172826  -1.2573476026   0.8568578413  -1.5499209384   0.1502577193  -1.2052105394  -1.4713480516   0.3537329027
-1.9217494970  -0.6602288584   0.6838170279  -1.2373440549  -0.9401457547   0.0591247064  -1.5504694053   0.2496640019   1.5353172187   1.1531923743   0.0953643975  -1.3496004620  -0.7645637197   0.4976858238  -1.6972464433   1.6401959120   0.4845942390  -0.7728106071  -1.7342276315  -3.9901942763
 2.2643161775   0.1118837405   0.5314774796  -2.0064117111   0.0152390740   0.4057404861  -0.9221246086   0.4608894087   0.3392569347  -1.1292071461  -0.6012867462   1.3344241912  -0.2072426481  -3.7515335142   1.3772145427   0.1164347379   0.5100693745  -1.2043832979  -0.1031572047  -1.5221019171
-0.2874473638   2.3883471157   2.4092895834   1.4315987415  -1.2628936873   0.3043712476  -1.8182173775   3.0981899384   1.4474570571   3.4377515707  -1.2972719910   0.5485812798  -1.3030456688   1.2493339302  -0.4363943097   1.1871456111  -0.0571478463  -0.3720311902  -1.3447246129  -0.9027598471
 0.2004873626   0.0779849476   0.0281327318   0.8543502634   1.0472610579  -0.9195011400  -1.2267267079   0.6641699998  -0.4345141923  -0.5973193613  -0.5837139508   0.6513975812   0.6449725881   1.1681866840   1.7129937552   1.7716565947  -0.3687092225   0.7706462654  -0.6513961756  -0.3480117883
-0.3057771228   1.6727421054   0.9010124969  -0.0844777829   0.2225361861  -0.7799328237  -0.3257567928   1.7729631989   1.2094875633   0.6897554237   1.0339272069  -0.1425481656   0.6885680395   1.0145101995   0.6679279909   1.1725215667  -0.5261591260  -0.4977984983   0.2383847299  -0.5012522253
-0.4040958471  -0.6786154987   0.8084079363  -1.7583765151  -0.9087107054  -0.3842194198   0.6720781147  -0.3734217839  -0.8616649599   0.4778825311  -0.6177467003  -0.0408841020  -0.3760011803   0.5749027440   0.3180361204  -0.5632926115   0.0316822891   0.1308336772  -0.5160179037   0.7182214649
-2.0819394399   1.4588202503  -1.1566574197  -1.0047044820  -1.4309368656   1.1296447169   0.1785203758  -0.4442117868   0.1693533315  -0.6222179433  -2.1957274618   0.7544885827  -1.4578717053   1.0824693692  -0.7341508096   0.9086129099   1.7761318676   1.1603693650  -0.4637373735  -0.4900045818
 0.1328135860  -0.1916937739   0.5231059374  -0.5660103188   0.4359814199  -0.0181559968  -0.8708492034   0.8887486325   1.0037412509   0.6854830818   1.3661575430  -1.2890850952   2.3288294365  -0.6796588424  -0.2341724722  -0.2289780635  -0.0111047977   1.1206660227   0.1216890219   2.4003710539
-0.8940657819   0.5370045533   1.7284984569  -2.6499941334  -0.6844473944  -0.4274841942  -1.7794217852   0.0524060994   1.2474592824   0.9675506248   0.4010018104   0.0488180964   0.2336366634   0.5456935005   0.1937088622   1.1154251465  -0.5133328477  -0.1119803885  -2.4324280624  -1.4011385833
-1.5112818073  -0.5979666841   0.3756634212   0.6638838259  -2.0689720204  -1.3094301096   0.0009182923   1.9891365620  -0.8325966363  -0.7707326011  -1.2446420575  -0.2512126506   1.0369426824  -0.4497401784  -0.6742666549  -0.3212634229  -0.2388767156  -1.6889073041   0.9387593314   0.5772443099
-0.0677087698  -1.0819464250  -1.0427609242  -1.0436451366  -0.4516793392   2.2441246547  -2.1207019669   0.5886458487   0.6826949750   0.7914594624   1.9421939277   0.1220495931   1.8600302420  -0.7134986599   0.7305950409   0.3409769539   0.4822416750  -0.7448266322  -1.1017445010  -1.4421859190
-0.4691006170   1.7841086071  -0.7235786153   0.8318748371   1.9018230812  -0.2388679564  -0.4649403776   0.0789347924  -0.3882947829  -0.8505400535  -0.2654864973   0.2527774622  -0.1288219707   1.8206879247  -0.0641189491   1.3438591215  -0.7336811103  -1.0533047796  -0.3921946647   1.4209577239
 0.6267179705  -0.4876435761  -0.5410335256   4.0146979639   0.5685165134   0.1627981278  -0.2494281942  -0.0934175615   1.3670227009  -0.5540367092  -0.8732294004   1.4382434800   1.1182776780  -1.0964115464   0.7833974175  -1.4730510370   0.3949932770   2.3124440008   0.4529460841   0.7585841205
s2
-0.3960526428
 0.2906969855
 0.0183812589
 1.4041182538
 1.5264325680
-0.7136157555
-1.2344969675
 1.1863146085
-0.9607831237
 2.0351627668
 0.2073791993
 0.5055356054
-1.7952244533
-0.8359451009
 0.3188016093
 1.8005595893
-0.2210942022
-0.5701697817
 1.8896593247
-0.2809260927
w3
-0.8449537595  -1.4756355415   2.0141833853   0.8827924652   1.1954548192   1.2297594071  -0.9147208057   0.4435360279   0.2183484820  -1.8479509510  -1.3766371184  -1.4297220730  -1.2908090901  -1.0085165136  -0.3055342216   0.1057378739   0.4940832320  -0.3574960685  -1.2187476904  -0.4859908534
-0.3922965911   0.8740708485   0.5112400700  -1.8690694329  -1.0146403695  -3.2724750685   1.0608219969   0.1069073622  -0.8099917219  -0.2626132486  -0.2048279564  -0.7733092191  -0.1263115845  -0.7941065490  -1.6909246362  -0.7303166532   0.4216810800  -0.1914671588  -0.2757717403   0.4002680426
-2.6938850954  -0.9815570966  -2.4136315744  -1.8804531733  -1.2457377492  -0.7425437083   0.3441984403   1.5800468826   1.5232373358   0.1555953088  -0.1853966492  -0.6719669912  -1.8667284504   1.3368256379  -2.5151747822  -0.6244738087   1.0149346602  -0.4847228808  -2.8595163441  -0.5072997483
-2.3118298510   1.5440378858   1.7960019910  -0.3568359479   0.9501327702  -2.4323555406  -1.6233970256  -0.2415325666  -0.4478853652  -1.5104805392  -0.3379645262  -0.9096588343   2.6889017712  -0.6643277078  -0.8197381158  -0.0186393218   0.7862180343   0.6977463331  -1.2990452488  -0.4818089544
-0.9558505264  -0.2222342768  -1.9312827731   0.4929214370  -0.5536979173  -0.3032294554  -0.8702573104   0.4900810481  -0.5953658626  -1.8700208776  -1.4523794643   0.4315923914  -0.8694845259  -0.1128555116  -0.6630558426   0.2229994147   0.4317478438  -1.0728888659  -0.9185174216  -0.7903918942
-0.4462104489  -2.0326220110  -0.3261555507  -2.1417268418   0.1179413964  -0.0563773720  -0.1289310942   1.0558301159  -0.6378213685   0.3796770509  -0.1204191338  -0.5690596811   0.0751476873  -0.6709539818  -1.7094158500  -0.1840609423   0.4145032182  -1.2490335913   0.6021919508  -2.2665510738
-0.0593285994  -0.0322555954   1.3005237330   0.8341443660  -1.0661192312  -0.5091826537   1.3398909620  -2.0510324760   0.7186272404   0.7211596539  -0.5900988477  -0.5048288509  -0.4348664350  -0.8406471019  -1.4631493163  -0.0600456079  -0.2464101772  -0.9794236681  -2.4967849730   0.4215498576
-2.3079715805  -0.8246538693   1.1541492194  -2.0534872642   0.5647455993  -0.5371818077  -1.7180157732   1.8632788022  -0.3313534750   1.3031336784  -1.2986677979  -1.4034036904   1.9076426229  -1.3545254364  -1.0842609746  -0.7204113236   0.7339969343   0.4586171718  -0.8516323577  -1.6327478986
-1.4361668526  -0.7783413742   0.6585733095   1.5188540009  -0.5173328088   0.9855636583  -0.7883297884  -1.4365456682   0.2598177053  -1.5510559227  -0.0824262712  -1.9469888932   0.2053993063  -0.3748895481  -0.5325973285   0.4981585431  -0.7114781603   0.0508790895  -0.9846757527  -1.1275670910
-0.7782710412   0.9597973330   0.5173822465  -1.2020943429  -1.1982199934   0.0004061447   0.5287492743  -1.3025048066  -1.5875352591  -1.2933020582  -1.8031077339  -2.2703244857   0.6068658573  -2.3185178280   0.3299643308   0.5404372352   1.1121659713  -2.1135048166  -0.6656937265   0.0750284259
 0.0276126931  -1.7242811686  -0.6090011647  -0.7649958800  -0.8297655893  -0.2709848269  -0.4094113711  -0.6659050033  -0.3225630576  -1.1178120115  -0.3308400222   0.8851369062   0.3699592282  -0.5945697091  -0.8532797610  -0.2731048858   0.3573892374  -0.1961920535  -1.6962146775   0.3397383567
 0.3483794501  -0.2981415227   0.0609987463  -1.3044759536   1.7164657200  -1.1656397082  -0.7152270000   0.1714790461   0.2097762708  -2.0006244530  -0.7116302543  -0.3352852263  -0.2444071983   1.1246106063  -0.6018598271  -2.6170772832   0.0652000457  -0.0860208735  -2.4136081785  -0.5327527106
-0.8639882122  -0.7394251667  -0.5362943211  -0.5354910254   0.8665965006  -0.0381107421  -0.9909539427   0.0734131063  -0.0824486065  -1.2300947727   0.4410182044   0.0035839645   1.0406547292   1.0804994998  -1.6112931745   1.5052151672  -1.5924076013  -1.0459701229  -0.8337200116   0.7871258235
-0.9865851559  -0.2908002686  -0.1955577843  -0.0721377566  -0.9193855125  -0.0020878801   0.5388791541   0.3813167617   0.4206035613  -0.9835516005  -1.0576402719  -0.4535604120   0.9224335713   1.2448701178  -0.4793217974  -1.8630707943  -0.2660052769  -1.4163060059   1.4220752416   0.1499788731
-0.1739899783  -0.3556194112  -0.1676247374   0.0084176130   0.7320090000  -0.8453036316  -0.5069499486   0.5661317985  -0.4189231430  -0.2634531490  -0.0052395206  -1.0203853056   0.8357032847  -1.0590399208  -0.3352616960  -0.1771596631   0.4254251083  -0.1209771425  -2.3649580784  -0.4575116070
-3.9324047127  -2.4252730761   1.3874223455  -2.0759211799   0.3710573320  -0.6019743859  -0.7342288850   1.3205785367  -0.6022285903   0.1686144613   0.2884461437  -1.5550097667  -0.3980138136   0.2654921734  -1.3976445760  -0.6808075359  -0.8194994510  -0.4778662293  -0.8387987212  -2.7919914196
 3.4270500830   2.0810074985  -1.7195829446   0.7210849278   1.7509941217  -2.4523173593   0.9678716589  -2.7888523748  -0.7210787610  -4.0088433245   0.2401679752   0.4738439268  -0.0852406925  -3.0189040859  -0.2995231524  -2.7475605385   0.0963533530  -1.3763656137  -0.7564036006   2.9109216842
-0.6166222556  -0.4664288031   0.6715206775  -3.7555948749  -1.4563875651  -1.3560851736  -1.3893989004   1.9358897797   0.8840209325  -0.6621815279  -1.9611127509  -0.8890177932   1.5680973613   0.7026526555   1.2489613979  -0.5663913047  -2.0758843947   0.9020460218  -0.4811049400  -2.1115635699
-0.3150796840   1.3305143756  -1.4855176277  -0.9200746501   0.5845167291  -1.6886054030   1.8834283703   0.3709474848  -1.8478140168  -1.8425585661  -1.8304927129  -1.9440077562  -0.2607442771  -2.9265384271  -0.5256292142  -1.5177493958  -0.4707412546  -1.7153486391  -1.7471619350   0.9491255919
-0.3728587275  -0.6587208367  -1.2389596952  -1.1668892802  -1.4961175858  -0.1570115784   0.5669601274   1.0314677571   1.7959240154   0.5037823640  -0.2532107066  -1.2609264705   0.7776896659  -0.8377492329  -1.2664607415  -0.4946324892  -0.2559534062   1.2544685350  -1.8712029406   0.2024494851
s3
-1.4612244701
-0.2323141070
-0.3851568958
-0.1376245489
-0.1604419323
-0.9305824355
-1.0320874262
 0.6057475757
-1.5078750159
-0.4008759705
-0.2431794674
-0.8026195324
-1.7380287170
-1.4785622355
-0.9485580876
 0.2877966093
-0.5119227977
-1.0882451712
-0.3329350846
-1.9779580077
w4
1.0767560445  -0.2661687711  1.7316161961  0.3994129234  0.1120748129  0.3659110350  -0.0423533807  0.6196846287  0.3948762228  0.9134770025  0.1073165609  0.0708617560  -0.5286374213  -0.4818730483  0.2629495984  1.1259354486  2.8348263857  1.7477080640  -0.1302000316  0.3747436259
s4
-1.2431431361

