layers: 5
str: {2,20,20,20,1}
w1
-0.7410027326  -2.4763297006
 1.2617558840  -0.6403684285
 0.6938579747   1.8354474246
 0.9701548011   0.1621425288
 2.8621831372   0.9489973306
-2.7531728571   1.5988880968
-2.6563924669   2.1566461228
-2.4172372362   1.7399750720
 2.2147945806  -0.9682647044
 0.2930179858   1.4438740525
-3.1069874151   1.0114641343
-0.0092425193   1.2463555382
 2.6237226658  -1.2513061231
 2.7274825274   0.1185806731
 1.8272759710  -0.7937360721
 2.4010386719  -0.8631940775
 0.7262773202  -0.9193121712
-3.7282341945   1.1676811668
-1.8230278352  -0.3453361195
-2.1032658414   1.4167663460
s1
 1.4289895277
-0.3686757052
-1.3350604216
-1.8501829156
 1.8598628050
-3.0026855402
-0.4406267676
-0.4104883376
-1.7956625632
-0.5562058023
 2.9617085221
-1.5035169128
 3.0172239361
-0.2742899348
-1.6467595530
-2.4380965651
-1.7536355842
 4.3165373414
-0.6984674141
 0.3767026374
w2
-0.3503466027   0.3265834760  -0.1008479038   0.5713695333  -1.6241639044  -1.7929676888   0.7061406657   0.1523534004  -1.5528517154   0.1289641826  -0.3829857830  -1.6845156324   1.9334758947  -0.1207145620  -0.4807406742  -0.3541961089  -1.3534082045  -1.5447726209   1.3175150655   0.1987514364
-0.4218314607  -2.2164148677   1.6395125484   1.8421113241   1.5448430559   0.2438618878   0.4606970241  -1.4239377591   0.9502758961  -0.0771404898   1.4018559497   0.4966686349  -0.1379395918   0.0330070000   0.4879161904  -0.1472717009   0.8245307137   0.5073363764   1.4675751762   0.0423790868
-0.0707146198   1.5218493190  -0.3565301591   0.0984460988   0.3801601746   1.3731937916   0.6957916455  -0.3884303876   0.5652213883  -0.1911844217   1.1318890099  -0.4419484583   1.0307532789  -1.2333793521  -1.4162458360   1.0623881018   0.9197538318   0.2629532709  -1.6509623641   0.9028277192
 1.2228946398   1.2939357968   0.7557292692  -0.2498064468   0.5514320228   0.3893528090  -2.4027418442  -0.6175645341  -0.2434796110  -0.4341023744   2.0878908423  -0.1625385367  -1.5291481273   0.0868794307   0.1107780876   0.8208537390   0.8441003356   2.1746537254   1.9046888754   1.0323774055
-1.4472282037   2.1262107669   0.5245913690   0.8494044507  -0.5277399308  -1.1249839649  -1.4066443204  -2.4550643938   1.7521749758   0.1532534976  -5.2856079221   0.0327066785   0.1386176582  -2.1831246989   0.7436141316   2.2411576796   0.1504403770  -3.2939139443  -1.0849510347  -0.7296915095
-1.1900518170   0.5604826188  -0.7631227068   0.5300618393  -0.5066795741   2.0782381467   0.6461627483   1.5975104761  -1.3184138197  -1.1106388449   3.6606364722  -0.4973016955  -3.6756216394  -2.7933044514  -0.8950612161  -1.9916359108  -1.8300870662   2.3135887360   0.9576064918   0.3365058168
 1.9468002183  -1.7995815058  -0.5420412056  -0.0882415114  -0.3566544680   2.1194680056  -0.2547480287   2.6352108162   1.3063907353  -2.6584892093   0.8079818605  -0.8435460813  -0.8494676393  -1.1294254703  -0.2858621930   1.4263942252   1.8617847789  -1.6240759938   0.3895288379  -0.4312417981
 0.4309249009   0.7968586963  -2.1828382849   0.2151030661  -1.3544300845  -1.8364309042  -2.6461704821  -0.6660310732   0.6822695678   1.9031432841  -0.7865585184  -0.1016069845   0.0558779568  -0.9758824250   0.4522940978   0.8780596479   1.3628422582   0.0231690713   1.7887075817  -0.6260813608
-0.1104004322  -1.0433532775   0.5148877278   2.3890865992   3.1809671391  -0.0332787629   0.0871955192   0.3505546617  -0.2375402222   1.8541498965   0.5216123934   0.4508167043  -0.5849207215   0.7599197781  -0.5235852882  -0.8893775795  -0.3477242024  -0.5500921130  -1.8612948529  -0.4076999876
-0.4947233959   0.1990809152  -1.6047275391   0.2338537125  -1.6021873978  -0.1266314380  -2.1101986607   0.2128825061  -0.7801879453  -2.4205409125   1.1562972945   0.0965501719  -0.0518638149   0.8713732801  -0.0800598187   1.0325695268   1.5303078422  -1.8295597905  -1.1178537262  -0.4953928262
-0.4930472223  -2.9349220328   0.5883691996  -0.7880226923  -0.4134894981   1.3438461646  -0.1436226254  -1.1790097151   0.1659208380  -0.1868781412  -0.3299980506  -0.5474950750  -1.9785487810  -0.7261673605  -1.1961631462  -0.9608512277  -0.5300988855  -0.4939951977   0.8354417970   0.6195050108
-0.4100292581   0.9385490539  -0.7345610251   0.9068633294   2.2650895207  -1.7166001975  -4.7670527462  -1.8408000104   1.4167685431  -0.7165874133  -1.8527052002  -0.5408967585   2.2349228994   2.2876768031   1.6266614644   2.0209377558  -0.1326896529  -1.0843798355   0.4557115397  -0.6294155954
 0.5475367240  -1.1797410391  -0.1658260440   0.6503063952   0.2909294637   2.6835506757   0.4663423793   0.8900450810   1.3011137675  -0.6679089254  -0.2271423250   0.3049029499   0.4979314989   0.1747263052   0.4348758727  -1.4580305195   0.0229341583   0.9802641561   0.8575985566  -0.3657868146
-0.8676512287   0.5289289447  -0.0021013051  -0.5745901617   0.5667361749  -1.7918793837   0.4218020589  -1.1550757223   1.3840811752   0.2171239375  -2.4456153320  -0.7571990417  -0.5205983491  -1.1922411030   0.7546253725  -2.0875768783  -0.9590150664  -1.0017176387  -1.8307853752  -0.1522109342
-1.6881229122  -2.7716261409  -0.0863605312   0.1005986130   1.1714454900   0.0411271978   0.1972206475  -0.0026696368  -1.0677728752   0.5685123123   0.0733850477   0.2957934441   1.1268642750   1.0856733473  -0.3427611639  -2.0144265066   1.1113396009  -2.7708195566  -0.3221617420  -1.7616515276
-0.0685229650   0.3128233229  -1.2985404212  -0.3563635242  -1.9897848888  -0.6254464645  -0.7223471097   2.5066445050  -0.8909923951  -0.6378516883  -0.5699844571  -3.5052032499   0.4956603243   0.1604984854  -1.8138096693   0.2275140089   0.3922151357   0.0481505053   0.5674964930  -0.8883774986
-0.5807808457  -0.4574836692   0.7658855107   0.7989718926  -0.3980094291   2.4483780802  -0.0640647098   1.2879086962  -1.7264428239  -0.3692392829  -1.6084207247   0.0839479876  -3.8923002143  -0.0806268808  -0.7119337748   2.1261948676  -0.9010198879  -0.4686226353   0.5466507993   0.8705134322
-0.9909737117  -0.0011525139   1.2297613565  -1.2179361707   1.0092992157  -0.1488937418   1.8433928177   0.3666652161  -0.1013937014  -0.3376083829  -0.9300773079  -1.5237982095  -0.5485876457  -0.2000949338   2.4393853365  -1.4782692316   1.8644268734  -1.3057148003  -0.7346404916   1.3706597508
 0.9482911467   0.1839295069  -0.6678270764  -1.1875035251   0.2126980165   0.1207029951   0.5319416244   1.8945463743  -1.5724745135   0.7725570598   1.2955759876  -0.8078044600   1.2026909515  -1.9625526583  -1.9859121529  -0.7814208978  -0.3062201243   3.6402151687  -1.1464314689   1.9549434710
-0.1431956244  -3.4746042311  -0.4679569962  -0.2469352120  -0.6942855197   2.2421415199   1.1256840153   1.3515732189   0.2057921945  -0.5966004374   0.1339606378   1.1125396009  -1.6557383208  -0.0441448345  -0.0362957399  -1.1819348384  -0.8217752460  -0.2096714662   0.1179831656  -1.1431145223
s2
-1.3017903069
 0.6475299694
 0.5937188021
 0.7407455588
-0.4481061311
-0.3681999597
-1.0267131600
 1.8626455888
 0.2717580671
 0.2581376351
 0.2831954667
 0.5014024941
-1.7780077108
-1.2926522804
-0.3758421584
 1.1927588941
-0.8804786277
-0.1498324844
 2.2478001571
-1.6851219231
w3
 0.4595828234   0.2272703791  -2.4441998273  -1.7994009892  -1.0011547370   0.2721726044   0.8717201612   1.4654987915  -1.1253428452   0.8684395589  -0.3082603908   0.0570396608   0.5973651627   0.1878806621   1.2203115609  -0.5226826845   0.5070661954   0.5297404692  -2.0370160619   0.8449405936
-0.4743712291  -0.4696506639  -1.2984154107  -1.4436106760  -1.6314924436   3.1100210993   0.5540869693  -0.5374231786  -0.3706354257   0.1271439692  -3.1200591230  -1.3725104931  -0.3279364652   0.5314117505   0.7414327473  -0.1845228735  -1.9363862251   0.1324469351   1.1063815125  -0.9983341554
-1.3068472698  -1.3758479349  -0.1837512144   0.5168863597   0.3714619022   0.0363264635  -1.1838567288   0.6280439284  -0.4801023274  -1.0192197991   0.0447858273  -0.7934771286  -1.2256946476  -0.2236062856   0.7018674850  -1.9620599391  -0.5171969994  -0.3108364104  -1.4911145901   0.1595389935
-1.7699542435   0.0536459455   0.3296108806  -1.9293509089  -1.3450160446   0.1181924904  -0.2060447662  -1.6422102633  -2.1755016489  -0.1257651420   0.5284642915  -3.0552525343  -1.9528107648   1.2900918375  -1.5502821202   1.8358925635   0.7410708174  -0.5958043352  -0.8138873076   1.7351096185
 0.7201144374  -0.1816683024  -0.9115004820  -1.5956434105   0.2867249475   1.5270147216  -1.1347209637   1.2830096899   0.5268240530  -0.7125446930   0.4444037973  -3.0761128488   0.5933681831   1.2049895238   0.1080418433   1.4859583550  -1.4061254080  -0.3654395996  -1.7324264811  -1.5220721286
 0.0058705918  -0.4925331583  -0.0318528862  -0.7652924455   1.4665885410   0.6498671371  -0.2432853217  -0.5330231150   0.4477747954  -0.0429629229  -0.2844030594  -1.8085379502   0.0743322939   0.7794582241  -3.4193610677   1.3342850157  -2.0277204504  -0.8283010120  -0.4082852916  -0.3775239781
-2.6944363978  -1.4866893762   0.7086248189  -0.4922242034   0.5264425057  -1.0336196805   1.2373112207   0.7245214913  -0.7474210176  -0.8086021387   0.9568043013  -0.8510205516  -3.2328899489  -0.5636513258  -1.7133451546   1.2803587829   0.2765848445   0.3009167164   0.1577214390   1.9207615435
 0.7637679021  -0.1768497990  -0.8652194817  -1.3501133931  -1.6732586222   0.2101449533   1.2103557428   0.9382150269  -1.5177638949   0.6699664993  -0.7016023937  -1.3306348151  -1.7576366675   0.8914794516   0.0825379334   1.9275498572  -0.9073958324  -2.4270350436  -1.5313931617  -0.4967943617
 0.0077367163  -1.2908870693  -0.3496004450  -0.4175747231  -4.4088279022  -4.2459821636  -1.3718939425  -0.2205947334  -0.3790093095  -1.2484882063   0.5597192955   4.0366687865  -0.4600449470   0.9645545217  -1.1035526186  -0.1574995169  -0.5253973260  -0.6542558401   2.6601771486  -2.2114221841
 0.7173847290  -1.1933295672  -1.8464580029  -1.4137842157   0.5466300919  -0.7009022005  -1.9454364749   0.7614700105   0.8057887647   0.0779230988   1.0913317414  -0.3049544681   0.3125308245  -1.7962720951   0.5255502835  -0.0398699744  -1.2821175536  -0.9970025224  -0.5630840459   0.9200148729
-0.1641192522  -2.8525798816  -0.0500345208  -0.8421537268  -0.4748816868   0.5568489909  -1.3084793686  -0.0166265485  -0.3008740076  -0.2517148173  -0.8423379829  -1.3192211033   0.6992786794   1.2947189787   0.2178689538  -1.1934307687   0.4583055630  -0.0375784803  -0.4946020817   0.8516657207
 0.0042181115   0.4523185574   0.9602499139  -1.5920328187  -0.1190844336   0.6854273510  -1.2183814098   0.0004633099  -2.7221543788  -0.4090275734  -0.5742281094  -0.1195530479   0.1709768278   0.9003427319  -1.0725309473  -0.0648422797  -2.2134356872  -0.0665743534  -0.0395733002  -0.1944369674
 0.8483951439  -1.0093684085   0.0655613913   0.4389208076  -1.0938149110  -1.1024587295  -0.5696610495  -0.4738091923  -1.4678582038   0.3747036920  -0.8704003531  -1.4968771149  -1.7646575526   1.1059288576   1.3717289372   1.2953393679   0.2026791023  -0.4788159914  -0.3670766846   0.7851677883
-0.4571695864  -0.8318572178  -1.1733764749  -0.7641055735  -0.3183955213   1.9800857579   0.3060689685   1.5121894850  -0.7875123972  -0.9933960450  -0.3125349310  -2.7805468826   1.3031200769  -0.3845781641  -1.0599029026  -0.6943369959  -2.9839669461   0.1567905733   0.6877219745  -0.7633553457
 0.7139939705  -0.9050673439   0.2044491635  -1.0742966512  -0.1235974079  -0.4816590628  -0.0419007279  -0.7538561581  -0.8303283093  -0.5681685438   0.0797135806  -1.3971233340  -0.7650001928   1.3843413691   0.1621796768  -1.2785481509   0.2185790809  -0.0230228545   0.9317525416  -1.3455860680
 2.1536089593  -2.0953867046  -0.6604264683  -1.6762008328  -2.3445826759  -0.6038397839  -1.1535982921  -1.1139798607  -0.1887814300   1.1929225471   1.0963618964   2.2997658119   0.4069467836  -0.6829244737   0.2572068981   0.3237686774  -0.7456157933   0.6272893966  -1.2877536980  -1.7559078068
-0.2698912025  -0.3298582153  -2.1150344884  -1.9790573964  -2.0286545172  -0.7963519238   0.1405609067  -0.6349759463  -1.5455613825   0.5612787173  -1.6197430975   0.0409478018   0.0538853352   0.3736165086  -2.9318431762   0.9461906365   2.0785496155  -0.7287555581   0.7004177967   0.1357337965
-0.1503722338  -1.2582564528   0.2906269682  -0.2309875181  -1.6832219291   0.0887113758  -1.1880564707  -0.7059076969   0.0459631036  -1.7535598102   1.8844582025  -1.1791530392   0.5157551169   1.0074419714  -1.1679519742  -1.1044542140  -1.0296911138  -1.9321882267  -0.0163884571  -1.2479416933
-0.6676925467  -1.2735393666  -2.0264198901  -1.0812503996   0.5262186508  -2.1091777598  -1.0184219122  -0.3565429738   0.0605433582   0.5883397544   0.5904846967   1.6319864885  -1.7070078333  -0.3516471884  -0.7224401254  -0.4388570177  -0.7637026128  -1.6247198887  -2.1271079017  -0.4814607140
-0.9223152780   0.1061457151   0.3051852657  -0.8095303157   2.3362469458  -0.9110494011  -2.5782599668   0.8007623817  -0.4299696876  -1.2951052487  -0.4504346556   0.2991438122  -0.8672291469  -0.4490400467  -0.1904062367  -0.3562009768   0.6166376473  -0.8303812414  -1.5665436379  -0.6788375446
s3
-1.4784144388
-0.6246224105
-0.1580652602
-0.1392463941
 0.6526801609
-0.7563854134
-1.2223696622
 1.2150699558
-1.3739416996
 0.5193106587
-0.5255381880
-0.5349776495
-1.6062673453
-1.3434731607
-0.8382019766
 1.0041907696
-0.6855872544
-0.3862274725
 0.1562260485
-1.8431477593
w4
-0.1789660611  0.8256498406  1.4372853237  -0.8591360866  0.9076673735  0.7897894521  -0.4904723143  0.6931061052  -1.3306039770  0.4328287045  0.4575252599  0.7621384872  -0.2029344779  1.0399766761  1.0676575606  -0.8932816180  -0.2165347132  0.5440832836  -0.9192866723  1.0910911472
s4
-0.0794823783

