layers: 6
str: {2,20,20,20,20,1}
w1
 0.2766748732  -0.0499266419
-0.0402976731   2.1482468714
-0.0261113765   0.2697015436
-0.7805098765  -1.5020219620
-0.8861345077   0.1051658310
 0.1020565051  -0.2636189917
 0.1746053313   2.7244569503
-0.1101391919   0.3206935908
 0.7641937287   0.7704272133
 0.0388016059  -1.1456040887
-0.1223528011   0.3617995309
 0.0146436967   2.2960369553
 1.1468736431   0.6039404238
 1.2635699401  -0.5332178647
 0.2223958625  -0.1178590357
 0.4185390802   0.1041855080
 0.5140069525  -0.4320097208
-0.0361588451   0.3744742216
-0.9966065564   0.4337791155
-0.5081132412   0.2790113681
s1
 1.3069024757
-0.4443590529
-0.5320654079
-0.3141518742
 1.4007136696
-0.1982034465
-0.2310743612
-0.0117401639
-0.8607618780
-1.3950745099
 0.7598936387
-0.9886776136
 0.2664903858
-0.4046851029
-0.6472510186
-0.1890800612
-0.8937999503
 1.2280244744
 0.2009038860
 0.5785293669
w2
 0.4751243799   0.4630742100  -0.4727030158   2.0925925221  -0.5552722108  -1.5338728898   0.8767146919  -0.4550573841   0.1370190347  -1.2289979035   0.3070224299  -0.2585728356  -0.2196002011   0.9328396266   0.7108384134  -0.3320383225   0.2393244275   0.3859325675   1.3596706161   0.4363558248
 0.0142180992   0.5622969779  -1.3131459543   0.0669326606  -0.0520379391   0.1502499509  -0.7581297817  -1.3880512631   0.5572961261   0.2924404071  -0.4596590721   0.9946009959  -0.3145374510  -0.0735585117   0.5610488007   0.0992533396   0.2155443747  -1.1233623157  -0.8125653954   0.0794721355
-0.3926081132  -0.8049291642  -1.9636081003   0.4628737634  -0.4130655471  -1.2592724919   0.2539145674   0.3483387690  -0.7986359612   0.7948819601   0.9175803734  -0.3902271512  -0.8350583057   0.1039131538   0.5576607479  -1.7638586179   0.0580468958   0.8136157590  -0.3182496127   0.2643797064
-1.1696410741   0.7335222415  -0.5638053438   0.7806163620   0.8989595531   0.0690618336  -0.7020151608   0.2536251413  -1.5137657571   1.2944372891   0.3058586211   0.2589066661   1.0588016172  -0.1764172470  -0.8953826278  -1.5498979648   0.5386489411   0.7451267660   0.9653989048   0.3367410246
-0.2494505595   3.1948568378   1.2153678777  -1.3558275126   0.2433514243   0.0007820488   0.7123042366   1.4774592694  -1.5531831568  -0.4426318999  -1.0494540765   0.8656784690   1.4273016363   0.3130991671  -0.3191001467  -1.8145542188  -0.4051981504   1.0039235672   1.2558316436   1.1552411461
-1.0951193210   0.0984601949   3.0844364557   0.0604832554   0.4115707832  -0.0267875533   1.5493984981  -0.5526325800   0.2894100546   0.7291217257   0.1282544885  -1.5837824454   0.4353555044  -0.4371557814   0.3511971863   0.1354778247   0.0725334493  -0.0630551194  -0.8169698940   0.2630954131
 0.5586847286   0.7640125239  -1.7279298442  -1.2173015336  -0.5142654865   0.0069072476  -0.8815192581   1.8429663126  -0.5319966478   2.0734239422  -0.3989153963   0.0775444279  -0.0643648277   0.7978208527   0.3786779964   3.2946723035  -0.7823913718   1.1733391422  -2.4000260127  -1.7621899164
 1.1309603146   0.1604696180  -1.0217117732   0.0817582995  -0.6574469166  -0.2516580303   1.8418069226  -0.2286689098  -1.2351485212   2.1079253064  -0.8477794221   1.7677645477  -0.0911815054   1.4937164413   1.0504749271  -0.8763649359   0.9950145712   1.0628714170  -0.5103817020  -1.9980604173
-0.9285668565   1.1951108643   0.7868594174  -1.6301170591  -0.1765872872  -0.8156081820  -0.0604901291  -0.1724499343   1.0482948866  -0.1048303794   0.8622913941   0.8041096883   1.1227604854  -1.1917222556   0.9475534177   1.4695367803  -0.6525489543  -0.1475607139  -0.7233722806   1.3582614074
 0.6390970816  -1.2790042133   0.3865606773   1.0743733829   1.0251373979   0.7621075599  -0.5473845571  -1.3507668003  -0.0726051246   0.3201893199   0.3309810518   0.3997794878   0.5221062011  -0.2412181307  -0.9035996810  -1.5322435699   0.3566015258   0.2552629360   1.1150615870  -0.9174001471
-1.1672224306   0.4636732836  -0.5882776898  -0.0236293432   1.4628910295  -0.9702323926  -0.7264986795   0.8283824799   1.3930018849  -1.6894805099   0.9420311906   2.7308512768   1.3404273405  -0.4075318277  -0.9128550197  -0.1145376302   0.2332699027  -1.3312902241  -0.6052268069  -0.6868066328
 1.6806977039  -2.4292245092  -1.5750525115   0.1757733981   0.1215876302  -0.3132723079  -1.1425663862   0.2892966479   0.7029421520  -1.7107199495   0.2007615004  -0.1829997737   0.6127937810  -0.9318417145   0.5977660803  -0.9572692951  -1.3063626987  -1.1641597018   0.2310171475   0.9387873185
-1.5673025526   0.2067621775   0.8823428752  -0.1381540343  -1.2247907118   0.9287222416   0.5223787341   0.3908649206  -0.4254106015   1.2722306600   1.8383611796   0.9035923400   0.6252160267  -1.3501019749   1.7056858990   2.1622473087   0.8688077217  -0.1831368316  -0.7109241392  -0.9215709716
 2.8239063375   0.2858675728  -0.3379594317  -0.9439058416  -0.6370265587  -1.2453224742  -2.2447986646   1.1628074206   0.8330578861  -2.2250167899   0.1279601893  -1.3610761079   0.5021874595  -1.2905032734  -0.8139725892  -1.2267020925   0.2379153955   1.1329996758   0.1048918103  -0.4447639107
-0.4930881000   0.8433606921   1.1567822044  -1.2888283070   0.0760004733  -0.3761133543   1.9668993128   0.2752584712   1.1839381664   0.6582789374   1.2622714976  -0.9577745272   2.2689976266   1.4203096845  -0.1988930964  -0.4629666980  -1.2016659658   0.7291241397   1.0908673545   0.3767274571
-0.0165291449   1.8384205950   0.6622782694   0.7389651867   1.0456460089   1.8261737054   0.0534158498  -1.3676064907  -0.6761500281  -0.0299867641  -1.1771149746   0.0387652540  -1.5975296196  -1.2074479931   0.0957484749   0.8627884688   1.2952826018   1.2034651839   0.3524020248   0.6725246563
 0.8235432819   0.5578096389   0.3673496527   0.3387608942   0.3933242072  -1.2151364448  -0.3670957889  -0.1403230917  -0.8657698974   0.3103069683  -0.3738041416   0.3794961469  -0.9779644918  -0.5015799079   0.1308418404  -0.6284705252  -0.0494233275   1.5747116094  -0.0263843416  -2.5413363332
 0.8519833930  -1.4971560529  -0.9794905974  -0.1147581491  -0.1333005108  -0.1687897268   0.7139359312   0.9193090228   1.2699877402   0.8226684590   0.3268019167  -1.8730632196   1.1026005776   0.4673992110   0.1871575430   0.1599664454   0.1487195967  -0.0598205275  -1.3383506863  -0.2652690587
-0.6853379186   0.1513273301   0.8919046666   0.1269521813   0.5147721500   1.0676313157   0.1206919194   0.7851832731   0.7652981713   1.1646974381  -1.4190792194   0.0991061138  -0.1173101820  -1.2166400436   0.1101983551  -0.4786567793   0.8708503682  -1.2156752367  -0.5186039775  -1.5076086979
 0.4493620036  -3.0451134655   0.2595423393  -2.2874252653   0.4534017854   0.4857242564   1.5502293295  -0.4476777702  -1.3756693086   1.2224687349  -0.9964540356  -0.6201596274   0.5175359947  -0.0650543375   0.3119769724   0.1911807386  -1.5521339451   0.1632572028  -1.3193545417   0.2171737651
s2
-0.9364823099
 0.5047677690
 0.3782542496
 0.8832855036
 1.1476075527
 0.0625824060
-0.6353936757
 2.0193853219
-0.3019656952
 0.9093363034
 0.3574952205
-0.0107744684
-1.4645696982
-0.7964757047
-0.1585891733
 1.6370044399
 0.0296920413
-0.1038501604
 1.5552770414
-1.1353235361
w3
-0.8423542089  -1.4211165397  -0.0522623049  -0.7591396875  -1.5510003285  -0.1825825073  -0.3221990525  -1.5875903465   0.5699876978  -0.8306058216   0.2639601284   0.5706851069  -0.6259695643   1.8507145440   1.5185274884   1.4679947279  -2.1655202714   1.3342112378   0.7571426690   1.6302312218
 0.0006075612  -1.3889900582   0.6827236708   0.6005996035  -0.5697081811   0.3079738376  -0.0641440149   0.0456039216  -0.5072089109  -1.6765493454   0.2356555967   0.0425126033   0.1295792480   0.2601994852  -0.4390341503  -1.0077001970  -1.3795205590  -0.0125930070   0.3408436033   0.5670063712
-0.8211822929  -1.6061166537  -1.5351108876   1.5110302262   1.0285931613   0.5115547696  -0.4606527945   1.1779387355   0.4478276014   0.4029964019   0.8774957634  -0.9332534101  -1.3007630425  -1.8911203704   1.5478554181   0.8065650548  -0.2116185757   0.3392845047  -1.3946277955  -1.1757295500
 0.6183274740   1.0708924437  -1.3082366967   0.7917534850   0.3619189468   0.7695883255   1.0423759073  -0.8536949512   0.1437547702   0.9969443485   0.5263078141  -0.7723385096   0.3146112517   0.5663028452  -0.2847240079  -0.3408216447   0.2935216805  -0.0094074763  -0.0577193404  -0.2543443179
-0.5452467350  -0.1057031012   0.6831391889  -1.5259489879  -0.4250456665   0.5085877524  -0.4306144027  -0.1499990624  -0.2046738009   0.7351378183  -0.8886322130  -0.3517957050   0.8281166683   2.4693278013  -0.7844674751   0.2992713513  -0.1775321512  -0.8830483195  -1.5604966913  -1.4255286596
 1.0970602458  -0.8752088315   0.0508215014   1.2873762880  -0.4788680370   0.8453191259   2.0219510578  -0.4110105871   0.0773035805   0.3579826308  -0.6905384680  -0.5321195473  -1.3615382157  -1.1752037860   0.8547326936  -0.5648958436  -0.7070926692  -0.2193813848   0.5707189527   1.6173463481
 0.0371377948   0.2877556712   0.7983995482  -2.6215152392   1.1286853300  -1.4349756829   0.0629662653   0.8539394164  -3.0533819141  -0.0803746130   0.2118323365   1.7705097516   0.7260081505  -1.0014278840  -0.7077674036   0.1992077313  -0.9091130400  -0.5509645830  -0.0487619956   0.2955421303
-0.2422483238  -0.0029516453   1.2614909230   0.6675763257   0.4152206834  -1.7867267959  -0.2513979292   0.5425909074   1.7401084945   1.2969362058   1.5806587060   0.6156187197   0.1468898273  -0.1908511976  -0.4638992863  -0.2567748164  -0.0686893955   0.0751502330   1.5310737083  -2.2883981356
-0.3156006897  -0.2434473049  -0.0266415089  -0.0427042401   1.7624957592   0.3951859453  -1.5421882877   1.8438251279  -0.5090981239  -0.1293551671   1.4299307520  -1.2750767723   0.8401849513  -1.1260838175  -0.9237745948   1.6761186809   0.5651268619  -0.9238939054   1.1902170308  -0.1117570470
 0.4831828507  -0.2966213569  -0.1719641618   0.2856900185  -0.8927148672   0.5302192518  -0.4285061995   0.2862671989   0.7331625856  -0.7364904808  -0.8250016581   0.5223156149  -0.3760179756  -0.1531365623   0.3334468780   1.0579770581  -0.6094645582   0.0426652263   0.6842596733  -0.9827158676
 0.2420929238  -0.7524100220  -1.1077603617   1.9127230679   1.0600777027   0.2137278543   1.3891835693  -0.4369221692  -0.7163802143  -1.0488650002   0.0093881312  -0.9776157527   1.3333309851  -0.1792939980  -1.0840578086   0.8142124239   0.0999512154  -0.5505651633  -0.4466808739  -1.3104052235
-0.0361067458  -0.7978033579   0.0860238432   1.0677800836   0.3215825215   0.4967774476  -0.6847435146   0.2882426075  -0.2450841579   0.3235365128   0.9093331539   2.5292509394   0.3356818287   0.1215594477   1.1152923377  -0.3890656422   0.0468237288   0.7079463369  -0.1442542255   0.7606771196
-1.3285433789   0.2049423770  -0.4895114294   0.8625224436  -2.3435589824  -0.9638988800  -0.0480080399  -1.3300792454   1.8991214954   0.6133344380  -0.4112618848  -0.0164362719  -0.1536219460   1.1889694064  -0.6227406637  -0.1877275887  -0.3997325433   0.7201682786   1.6051210675   0.9457945791
 0.5193255984  -0.3102517643   0.5470032605   2.0354858601  -1.5733951728  -1.5503408110   1.0845295626  -0.0993396254  -0.8355285522  -0.8817780780   0.2950557773  -1.4800036794  -0.7774912327  -0.3560712913   0.7950166997  -1.1604891954   2.0132771881  -0.4202568544   0.2219956907  -0.5350674075
 0.2100563907  -1.1785585871   0.0081411955  -3.4507017691  -0.4220785512   0.5156338565  -0.5991271614   0.1094624734  -0.7568580987  -0.7492713723  -0.9598638475  -1.2806189320   0.7909365925   1.8270373934   2.2804052597  -0.3017319654   0.3558922700   0.7333732062  -0.1760193242   0.6345358498
-0.6902136602  -0.8593025046   1.3396345566   0.1998024363   0.7137407415  -1.8238859069   0.1195209830   1.8941644362   1.0702109517  -1.7022979971   0.2474945590   0.9853979364   0.0310740813  -1.2809656927   1.2364065312   0.6003391545  -0.0820725958  -0.7086564227  -1.3583864485   3.3990012930
 0.9254901210   0.6893943557  -0.1861431296   1.5559016754  -0.6145739333  -1.4388428962   0.4546843026   2.0572990491  -0.3716860790  -0.9497985794   2.1133624870  -0.3884526346   1.3779080476   1.4366122088  -1.2697842801  -2.1444386055  -1.1417546456  -2.0514510579  -0.4894584404  -0.1122667800
 0.0414309931   1.4795127239   0.8622554745  -0.3212645084  -1.6504420399   1.0598840001  -0.5018401975   0.2940817340  -0.7390613984  -0.3894799614   0.1929856751   1.2573322399  -0.2200308657   1.2982406751  -0.2313743054   0.4325815129   0.1410143298   0.6933728511  -0.5081656628  -1.4616942510
-1.1051469985  -1.3116263317  -0.3716050071  -0.2337577171   0.6551644430   1.0304218518   2.5659602815   0.4908706876   2.9045825679   0.7760818954  -0.9803398357  -0.2595378530   0.3703577782   0.5706475508  -0.0412449260  -0.3725774851   2.0801709537   0.4028132221   1.5551974125   0.3132382791
 1.1372068738  -0.6055326255   0.0207372190   0.1529885233   0.5432465022  -1.6178726003   0.1237555715  -0.3226510013  -0.7413860949  -0.6728473234  -1.1971087880   0.2174823424   0.8436319854  -0.7040525745   0.2431159952  -1.2211068711  -0.0675292083   0.0003210595  -0.9353825502  -1.4125566486
s3
-1.0553207655
 0.4604895701
 0.6380642674
 0.9234644114
 1.0413296145
-0.1505998142
-0.6852333291
 2.0624006021
-0.2057694239
 1.2227326826
 0.6784978087
 0.0763259393
-1.5028651774
-0.7131812794
-0.1384216079
 1.6669469724
-0.2025888250
-0.0289595178
 1.5928967800
-1.0954163892
w4
 1.3322611492   0.4621746829  -0.9586607498   0.5043457995  -0.0755228686  -0.4322006371  -0.1264243150  -1.2416276259  -0.4763184011  -0.2040120597   0.1862893142  -2.1269021440  -0.8516120589   1.4028240017   0.4670170559   1.6736672694  -0.7437362426   1.2403791739   0.3383341711  -1.3540942758
-0.3202129540   1.0098889304  -0.0299396915  -1.4153276469  -1.1222341942  -0.0191464634  -0.1744516820  -1.9155982534  -0.1172712762   0.4648533585   0.9083358179  -1.0379581121   0.9608887379  -0.2709393875   0.0312365175  -1.4041453018   1.7020665938   1.1118743451   0.0354407574   1.6786974938
-0.1535251880  -1.4499856070   0.2090397980   0.5638506609   0.1117630361  -1.7577684903   1.1987160218  -0.2031984435  -1.3075104143  -0.4390280437  -0.5444594692  -0.0379623767  -0.5525370289   0.0886911000  -0.4307108670  -0.1211071759  -0.4527145652   0.5663570541  -0.2312989002  -0.6669709710
 0.3048479557  -0.1366886948  -0.6897103571  -0.8943101249   1.0878558658  -2.0761065114  -1.4597972738   0.1140333779  -1.1797100433  -0.7584558812   0.3210474181   0.0709688936   0.5301087269   0.3676175499  -0.2891809611   0.8024280107  -0.5262643749  -0.3972905136  -1.3655747730  -1.3520125014
 0.4084872363  -0.4168151509   0.4547434550  -1.7995153627   0.2354600801   0.6034516852  -2.6869820666  -0.7508666524   0.7018756285  -0.9600915257   0.0300441050   0.3495679485   0.1766851960  -0.6846613354  -0.5942042337  -0.3875779696   0.5920906184   0.0561173894  -2.2827189482   0.0159769363
-0.0923684538  -1.3162887753   0.2378388833   0.4600930071  -0.1160365807   0.6421623616  -0.4918857644  -0.6917523309  -1.1494093728  -0.6535243770  -1.7012871806  -0.0437318658  -2.2326630258  -2.0464797328  -1.5795820931  -0.2517294502   1.4575078700   0.4505048977  -0.4313250811   1.1979250493
 0.8103003983   0.0505340930  -0.1158632683   0.2677982458   0.5309501951  -1.0812999240   0.6233215686  -1.0439851388   1.5092888362  -0.8316788024  -1.3249467861  -0.8391080399  -0.6611187038  -0.0688688406   0.1737182700  -0.6047408656   2.0405642248   0.1740069818   0.3532971931  -0.9740605859
 0.6203855067   0.3696416896  -0.1491897571  -1.9993337502   0.5137172720   0.4619644087  -0.0269759185  -0.5096890206  -1.0679497192  -0.3703659638  -0.6522332212  -0.2492213960   0.2794517470  -1.6397174126   1.0096797319   0.0699532219  -0.4898832907   0.4099553459  -0.1448371957  -0.1927960370
-0.9736787293   0.2767262819  -0.6517917777  -2.5286296897   0.3754102322  -1.7403866622  -0.1222079823   0.0385818690  -0.6875871139   0.4699563907   0.5250851475  -0.8345638409   1.3337883091  -0.5323381647  -0.6476778253   0.6621741632  -2.2258130567   0.6083702454   0.4620343072  -1.2821825974
 0.4811518245   1.0879601600  -1.1139423270  -1.0068708374  -0.0074140284   0.4035974845   0.1176484185  -0.2021789380   0.3564428609  -1.1356865394  -0.6912316508  -1.8452302671  -1.6026096753   1.2107227594  -0.4956886797  -0.5980032603   0.4606169478  -0.7473860587   0.9911543179   1.4069195562
-0.1624597968   0.5524738638  -1.3512507689  -0.8969646380  -2.2419441633  -0.7035979574  -1.9843277241  -0.3811255096  -0.1352996122   0.9071723235   1.6014333775  -0.8332988206   1.4240664532  -0.1802565352  -0.5111036017   0.0082747686  -0.8221741652  -1.8510061572  -0.6670816846  -0.1680645078
-0.7550493417  -0.0538585774  -1.0382957758  -1.2278356432   0.9799507473  -0.0858292181   1.0394158852  -0.1382882865  -1.1029909198   0.7293654202  -0.4149520992   0.0137836350   0.7972333032   0.6459490550  -1.0604181905  -1.2833290501  -0.0040556045  -0.6228833822   1.4153188102  -2.1330892124
-0.5533809483  -0.4533379820  -0.4276567189  -0.5943011082  -0.3147284439  -0.5234032358  -0.9440901703  -0.6955589198   0.4213179509  -0.3360626546  -1.1860936899   1.5191603400   0.3036950647   0.3071733341  -0.6790874486  -1.5249852916   1.1684397179  -1.1446246599   1.8707018996   0.5358089864
-1.2665808725   0.2502765196  -0.7115850915  -0.1847223964  -1.0491897983   1.2398122989   2.4411942728   0.7380873123   0.1574589980  -0.4259305431  -0.2644986491  -0.5708501436  -0.6111064115  -0.7662701221   0.7274686139  -1.6804539205  -1.3575839596  -2.3873416717   1.0190774446  -1.5283995534
-0.9743551847  -0.3788743926  -1.1061756333  -1.2677780750  -1.2392120271   0.3063996359   0.9409772607   0.2741749132  -2.5318349229  -1.2249425957   0.0339534922   1.7197029051  -0.6107075031   0.9036348551  -0.4946641765   0.5734566851   0.5461655332  -0.6902961951   0.4405650609  -0.9030548248
 0.3012005550   0.2761258147  -1.0492546376   0.6017810655  -0.2361525886   0.4190961284   0.6574105680   0.3381871080  -1.0281001471  -0.7989194009   0.2213580610  -2.0649674375  -1.6298330993   0.8257365946   0.1858289579  -0.2543061642  -0.9851961752   0.6840824460  -1.4649698963  -1.6809966654
 0.3821449398  -0.8777761533  -2.0057561890   0.4449359062   0.0837239159  -0.1593317360   0.8290120386  -0.5981026332   0.0698316673  -2.2695211378  -0.5571476512  -0.0900407560   0.7495965051   2.0600707732  -0.7611083961  -0.0872853504  -0.9303047022   1.2127453914   1.3433814270  -0.1730220921
-0.7255819509  -0.1837619865  -1.8968770224  -0.4335109447  -0.3313366561  -0.9708082160  -0.7241714489  -1.0708617893  -1.0727686103   0.2181588873   0.5791324685  -1.1470459986   2.1519153002   0.0946034389   0.7134134559   0.2870665952   1.9317956440  -0.3584588109   0.3022032572  -0.5701127338
 0.8217516476   1.0344695913   0.1365293872   1.5092761182   0.8086328518   0.2086950797   1.3260355362  -1.3336106086   0.0498121697  -0.3977518009  -1.4503385567  -1.8029011475   0.0476472174  -2.1655882939   0.1194889551  -0.7969903609  -0.3352325283  -0.8509760966  -0.3463415090   1.0161402851
 1.0558950982  -0.4548475618  -1.7591835433   1.6928565593  -0.0677462622   0.4287953234   0.2353819124  -1.1061554686  -1.5082821013   1.1499876754   0.1662414275  -0.5905791738   0.1132193695  -1.1951720161  -0.1802194493   1.0111407735  -1.2987073131  -0.6076853902  -0.5677705937   0.3025653090
s4
-1.2457505676
 0.2528968627
 0.2052462901
 0.4669124498
 0.6693775622
-0.2767771821
-1.1456246680
 1.3086593570
-0.5249269202
 0.6562328646
 0.1048299398
-0.1912294527
-2.0228857392
-1.1476340069
-0.4948641522
 1.4777129305
-0.3413057460
-0.1496782780
 1.0111181162
-1.2817468604
w5
-0.0323087468  0.0045423440  0.0507780232  1.7505643622  -0.0089924638  0.1632977621  0.0400809145  0.0181681243  1.8463751742  -0.0214798859  -0.2859307764  0.0606421999  0.0998693666  0.1748180215  0.2068931232  -0.1160978194  -0.0293133755  0.2799603611  -0.0227213699  -0.1243730926
s5
-0.3340243569

