layers: 5
str: {2,20,20,20,1}
w1
-1.4810822941  -0.2749744560
-0.3021180667  -1.1476860849
-1.5743725807   0.0347454402
 1.1736559788   0.8752157645
 0.2682569217  -0.1865349606
-1.0489612093  -0.5337428921
-0.2159670415  -0.3044529706
 1.2394407937   0.4116809174
 0.5261788583  -0.1056414176
-0.3823896244  -0.5891224903
-0.4169393516   1.1177012053
 0.3116473589  -0.2844948311
-0.4012886250   1.3964726208
 1.4239142747  -1.2278716548
-1.0414129299  -0.3866645063
 0.3420401673  -2.9881787899
 0.3451529348  -1.4026364473
 1.0446386315   1.3644728138
-0.9508602517   0.8997377669
 1.5756829753   0.7366898165
s1
 1.4804558227
-0.3887251604
-0.6420632214
-0.4055094679
 1.4172513673
-0.1660772695
-0.4298433920
-0.0199461521
-0.6732988086
-1.4452963347
 0.7392197692
-0.8459590835
 0.3342130048
-0.4492110457
-0.5724271738
-0.2252898453
-0.9455341352
 1.2134512388
 0.2281420822
 0.6628912926
w2
-0.4603411240   0.0838936337   1.9639023082   1.4316391532   0.3672100718   0.4595515483   0.7656726110  -0.4243575597   0.6626966560   1.3895968971  -0.8381568626  -0.1897579662   0.6031131202  -1.4403099231   0.5426567816   1.0011421334  -1.3527645064   0.9844415319  -0.2280856684   2.3186602974
 1.2243594887   1.4684808539   0.4856963609   0.3090564090   0.3498432278  -1.1535703841  -0.1427896650  -0.1128175527  -1.2267439502   1.5935524650   0.4148716894  -1.3296065105  -0.2414219607   0.3707318962  -0.8125746115  -0.1411438605   0.2536003486  -0.5597811040   1.0516616831  -0.6105159374
-1.2405740868   0.1117865297   0.8884132293  -0.9625149926  -0.3385117637  -0.1590633931  -0.7327930175   0.3991905284  -0.7077226426   0.7294029993   0.0752456499  -0.4594110829   0.9155148864   1.2110446618   0.1108738004   0.2617425032  -1.1107405425   0.2409411211  -0.6392701797  -0.7500533615
 1.1250229577  -0.1589047023  -0.1350571492   1.7143810853   1.3682193015  -1.4588820881  -0.7419073802   0.6900711489   0.8720180732  -0.5600155482  -0.4142139730  -1.4006388318   1.2080369964  -0.5420743311  -0.3955983613   0.4598377228   0.2054028608  -1.6119185069   1.3872350644  -0.2901061206
-0.0061627623  -1.0563409290  -0.0079950380  -0.8490601608   0.1034620690   0.6410339093  -0.4704518552  -0.6100788198  -0.4409133376  -0.5223681728  -0.0738835642  -0.9874078420  -0.0673343719  -1.1758843564  -0.2160094821   0.7472886907  -0.2661360446   0.6953588844  -0.2148962677  -1.0031571037
-1.2375921357  -0.6646693915  -1.4747932662  -1.7457747233   0.4671524516   1.8279425203   0.5162307339   0.0992099078   0.5828036195   0.1845977511  -0.1997802609   1.5088575830   1.4720371454   0.7143013846   0.0589748851   0.9452785594   0.6747741715   0.8037870773  -0.1393591894  -0.0118289854
-0.9027395727   1.5166742095  -0.2147828318   0.5790559532   0.5008881919  -1.7322325106   1.7097420058   1.8679268178  -0.0806242461  -1.7360825086   1.4485060800  -1.5480390294   0.0573911982  -0.6873657279   0.6868452931  -0.7988744369   0.5494187946  -1.0448510771  -1.7716858496   0.5758958902
-1.7614304175  -0.7698030277   0.6271418109  -0.4160359395  -0.4043743732  -0.3045927762  -1.5160084351   0.6813367146   1.2943131476   0.8141679745   0.4540312304  -1.7714909176   0.1429401518   0.4250512955  -1.9864036785   1.2672932845  -0.0901342665  -0.0675221109  -1.2637233822  -3.5200160000
 2.6085348270   0.3819645785   0.8060935836  -1.5172460831   0.3766772874   0.6974586718  -0.6470535697   0.8754836902   0.6096581009  -1.0189155306  -0.0518530125   1.5578739797   0.3091848607  -3.4666963482   1.6144235311   0.2634220941   0.6478283543  -0.6060682383   0.3331557072  -1.0381463741
-0.5337452414   1.6120515360   2.3110509862   1.0266576764  -1.8037636378   0.1063690933  -1.3142919305   2.1990727106   0.7944905357   3.1305560108  -1.1119735769  -0.1505938488  -1.3158649510   0.2103918396  -0.7054874339  -0.0194247545  -0.5901925835  -0.8148671929  -1.0082892754  -1.7138025927
 0.2778152053   0.1540365641   0.0342232411   0.9092784897   1.1263516760  -0.8210912168  -1.1161804478   0.7701125410  -0.3383022138  -0.5264299884  -0.4615357625   0.7371131970   0.6906650914   1.2799091253   1.7537720172   1.8995647468  -0.2795698455   0.8832637998  -0.5899906293  -0.2355526869
-0.5183459435   1.4098779340   0.7849255544  -0.3496237105  -0.0955740830  -0.7933393257  -0.4670241330   1.5709762881   1.0587930274   0.5989733895   0.9986182218  -0.2712730260   0.6097230918   0.7195047304   0.5852118097   0.9293255165  -0.6954993657  -0.7288132947   0.2292885827  -0.8438643184
-0.3941592319  -0.5880303857   0.7708388954  -1.5993754737  -0.7262211345  -0.4946586284   0.7336550924  -0.3574550655  -0.8090597829   0.4428969167  -0.6360629639   0.0049362657  -0.3576529246   0.5802789531   0.3118968405  -0.5095751839   0.1127228453   0.1765276385  -0.5195671547   0.8410233895
-1.2790620689   1.2702319233  -0.7360430698  -0.6359228234  -0.9137031063   1.1660202742   0.5224963266  -0.5168073027  -0.2289173867  -1.0643373135  -1.5152612413   0.1864968380  -0.7753074104   0.7211141848  -0.4180247088   0.5553335204   1.4608460441   1.4441051698   0.0779058844  -0.2461926430
-0.0772435575  -0.0681869231   0.3608075158  -1.2050982213  -0.0503294506   0.2216713004  -1.1286996046   0.6302902501   1.1179615980   0.8011815610   0.8596362399  -1.1084739381   1.6242951781  -0.4465336534  -0.2634800279   0.0900775941   0.4396302597   0.3988248122  -0.4148253708   1.8354278905
-0.0435234129   0.1534405513   2.1110777841  -1.9443241010  -0.2275869540  -0.8390788194  -1.2242494456  -0.0990821713   0.7208224428   0.6101506157   1.0610766998  -0.6785191504   1.2186748373  -0.3654497796   0.2310067719  -0.0107642093  -1.2023763091   0.5679739617  -1.4924679435  -0.7581497945
-1.4600788300  -0.6319947204   0.3748341185   0.6463218515  -1.9495209961  -1.2564056944   0.0757043567   2.0054928275  -0.8795953717  -0.8110754612  -1.1597780575  -0.2932040460   1.0489785854  -0.3383465333  -0.6528392397  -0.3022256668  -0.1642742318  -1.6950015834   0.9656086094   0.5757400586
 0.4462545601  -0.9612265941  -0.8617434268  -0.3687610639   0.0271188863   2.1822594951  -1.6242293558   0.8038004039   0.6730017941   0.7895569985   2.3388324357  -0.0249963848   2.5957473026  -0.9818578327   0.8095182141   0.1105528618   0.3041256824  -0.0589334566  -0.4151881410  -0.7335242662
-0.5743303787   1.7169561630  -0.8371130314   0.7064504427   1.7242469930  -0.2131191046  -0.6780296551   0.0826278315  -0.4318804192  -0.7937952111  -0.3509818799   0.2563420606  -0.1633042052   1.7177323604  -0.2078352006   1.2872642508  -0.8145668279  -1.0690793406  -0.3483506901   1.3301468264
 0.5670846840  -1.0080757626  -0.4645032887   3.1115102168   0.6465679031   0.0444874889  -0.2303270054  -1.1177145252   1.1373137218  -1.0851503636  -1.1585456292   1.1625034345   0.1430448039  -1.0357312233   1.2329268142  -1.0498959283   0.7341103971   0.9266340987  -0.2768188971  -0.2723634367
s2
-0.8252192027
 0.3141857961
 0.5810827376
 0.8511694461
 1.0677617528
 0.0223960100
-0.8428221826
 1.6573022405
-0.2408781947
 1.0251480635
 0.3734499564
 0.1777509991
-1.7424551849
-0.4412668652
-0.0620686973
 1.9426027823
-0.1643728662
-0.0862447111
 1.7633819944
-1.1796216096
w3
-0.2224759386  -0.9283282318   1.6649135073   1.1146708880   1.2032136648   0.9398335599  -0.4854233362   0.1309151022   0.1164507918  -1.4754834788  -1.0338918885  -1.1066647908  -1.2941076562  -0.5664920150  -0.0518507649  -0.2955481080   0.4845366655  -0.4160376207  -0.7746247767   0.2377486212
-0.1447566852   1.2048001343   0.5993586793  -1.4746626973  -1.0326886027  -2.9617657519   1.3659856952   0.2733911735  -0.8223839787   0.2778946294   0.2701401458  -0.3496523225  -0.1141601330  -0.4397958258  -1.3884231649  -0.7203111384   0.3652956910   0.0114918905   0.2826576773   0.5237645961
-1.7769576002  -0.1080202037  -2.2998109356  -0.8523938997  -1.0472047316  -0.5071541896   0.9331444598   1.5820475536   1.6699457719  -0.0358500470   0.5343989383  -0.0461042759  -1.8634486956   1.1600746274  -1.7772708283  -0.0944256117   1.0703973956   0.3580119835  -2.3033020577   0.3639186987
-2.1758265058   1.4293258432   1.8001661179  -0.1778930214   0.9277472589  -1.9463260156  -1.5898999761  -0.1116652609  -0.4329210145  -0.6117450024   0.0837059823  -0.5153470457   2.7035617471  -0.0114261653  -0.5694530562   0.1657390800   0.7629229063   0.7964664996  -0.8478347405  -0.4673137985
-0.7671255713   0.0278414603  -1.8129225798   0.8684084279  -0.4114389710  -0.0411237246  -0.7272240814   0.7655289239  -0.5737641617  -1.4431563216  -0.9492512721   0.7854336599  -0.8518709564   0.2165434548  -0.2854018860   0.4228097505   0.4887149783  -0.6751011463  -0.3623741263  -0.6080318994
-0.0951166272  -1.3785468985  -0.2146272754  -0.8309152620   0.2779715195   0.1276785829   0.2032509640   1.3128921221  -0.6324845512   0.8524438740   0.4390274257  -0.0726106068   0.0761884732  -0.9221690075  -1.2463156891  -0.0035568212   0.6563485623  -0.7859944983   1.1983519334  -1.5946549071
 0.0769814850   0.1582257022   1.3140454477   1.0512182270  -1.0664505008  -0.4190006856   1.5267198693  -1.9939794640   0.6656923593   0.9104547147  -0.3645130958  -0.3024171078  -0.4340242013  -0.7038827193  -1.3038163427  -0.0673032955  -0.2559532875  -0.9071307770  -2.2076571382   0.5192215064
-1.4415809329  -0.0514932766   1.0154904640  -1.1693550901   0.6490206464  -0.4495322501  -1.2566829048   1.6389506681  -0.3588859212   1.4028431596  -0.6077341990  -1.0749357991   1.9062546642  -1.0943247203  -0.4192058480  -0.5092074096   0.9161170413   1.0921838652  -0.3123688093  -0.5462490033
-0.4489509299  -0.0325131508   0.6447330028   1.9479381895  -0.4008418584   1.3665325405  -0.4296101202  -1.2214185293   0.3584665644  -0.8910115049   0.7806946113  -1.1157989260   0.2241373401   0.1889664512   0.0605694457   0.9201526308  -0.7869453088   0.9515219746  -0.1039324145  -0.3763577629
-0.3472962854   1.5193791797   0.6783853817  -0.5677788097  -0.9833240012   0.2941587911   0.9384974715  -1.1122449837  -1.5579528199  -0.7125357320  -1.1213731254  -1.7283033747   0.6312344854  -1.8239591301   0.8820747531   0.6502186047   1.0467498045  -1.9099243626   0.0286180533   0.3263930546
 0.2222642460  -1.5733579334  -0.4968632063  -0.6118114686  -0.7287467349  -0.0141511733  -0.3303363988  -0.5075842769  -0.2639238788  -0.8967683189  -0.0067572582   1.1717516307   0.3883708847  -0.2994400977  -0.6073076874  -0.0859280343   0.2880698334   0.0728895168  -1.3953587819   0.4092573195
 0.8609455858   0.0393730890   0.1708661001  -0.7454543934   1.9881260854  -0.8739085574  -0.4455166971   0.2711596636   0.2281693973  -1.6360294852  -0.1108855285   0.2008441549  -0.2238614579   1.4610928186  -0.0480090939  -2.5075497899   0.0755652986   0.2161656148  -1.8213706812  -0.1631851606
-0.8220392980  -0.6389783649  -0.5153614903  -0.4006921788   0.8883123745   0.0313416076  -1.0175784628   0.1794065158   0.0065647712  -1.0195651717   0.6437145126   0.1809976386   1.0429558770   1.1058481681  -1.4769944993   1.6644731539  -1.5798975626  -0.8112377150  -0.6344216451   0.8697523878
-1.0775001488  -0.4348162976  -0.0962942363  -0.0328441552  -1.1083036805   0.2699163103   0.5756209740   0.8036111468   0.2018512073  -0.4676339252  -0.8378030868  -0.2543545400   0.9272518725   1.5087725476  -0.3988843323  -1.8503570888  -0.1640008548  -1.2758682152   1.8193911578  -0.0078884752
-0.3629545471  -0.3958547875  -0.3478302414   0.2160263620   0.4574541637  -0.6492865410  -0.3032298947   0.6299905657  -0.7036453034   0.5453001640   0.2681700774  -0.6734909516   0.7793812951  -0.3090619836  -0.3917263735  -0.5570630170   0.3557498015  -0.3095734364  -1.4863536121  -0.7990191387
-1.5746297259  -1.4023676939   0.8360007226  -0.4523142386   0.7730182991  -0.4838429373  -0.4326259612   0.1856793529  -0.7578336676   0.2538361033   1.2379394208  -0.7394371704  -0.3931946246   0.1328901191  -0.4741110103  -0.7048073641  -0.6330233310  -0.1406641279  -0.0074234159  -1.1465252645
 1.4671188342  -1.3598025708  -0.8436346226  -0.8514616508   0.5298115377   0.6222034919  -0.0793209806  -1.2599911758  -0.0577647795  -1.7558335973   0.4135455198   0.4975061370  -0.0225133202  -0.2333647585  -0.9695405686  -0.1377277463  -0.0734824098  -1.1140297107  -0.7442763094   0.2847999139
-0.1082635739   0.4995945715   0.4751935545  -2.3028207004  -1.1162487535  -1.4601381623  -1.0780314022   1.6111566469   0.9823711642  -0.4923475363  -1.3460512341  -0.3808121089   1.5945596827   0.4648030134   1.8538623339  -0.6528081122  -1.9663240647   1.1857585265   0.0989635323  -0.8142731346
 0.0509946569   1.2985578425  -1.5945345657  -0.5472893264   0.7023708478  -0.5504147310   1.1215589162   0.7790735296  -1.2317419866   0.5215423606  -0.5705071384  -0.6715759331  -0.2422312022  -1.3855565220   0.1182773458  -1.2790281072  -0.5562784894  -1.0244663577  -0.5055393682   1.0869212907
-0.0263810525  -0.3653806197  -1.1349747455  -0.7314753487  -1.5927428605   0.1808898093   0.9700620788   1.3193707220   1.4856388718   0.9018399502   0.1723458737  -0.9087358936   0.7832181666  -0.5610335389  -0.8717004825  -0.4250839665  -0.2349215732   1.4250208292  -1.2932575328   0.3603248558
s3
-1.1086882790
 0.2183209061
 0.4051951685
 0.2618949152
 0.3463840568
-0.3666420169
-0.8194369250
 1.3030895445
-0.6115110640
 0.2860675384
 0.0945216757
-0.1957266139
-1.5521254613
-1.2971440119
-0.7671913509
 1.2642433722
-0.6538480111
-0.4586497081
 0.9156581136
-1.5774332823
w4
0.2507627552  0.5839548247  -0.5828596950  -0.0330031793  -0.0087283006  0.1321395273  0.1525978354  -0.1359778409  1.1852211685  -0.0388802367  0.0957558204  0.1920790347  0.1704338414  0.0713778433  2.0105617317  0.0152049890  0.0798299381  -0.1108639934  -0.0554520627  0.1244595074
s4
-0.7915342381

