layers: 3
str: {2,20,1}
w1
-0.7152089941   0.0696061461
-0.1899493433  -0.0113555077
-0.4058851059   0.0594264589
-0.0765530979  -0.0450989812
-0.6115467523   0.0925865197
 0.0851211677  -0.0432186628
 0.0771315933  -0.0462887569
-0.2450561650   0.0074514823
-0.2316434798   0.0028078960
 0.0836326420  -0.0424830399
 0.0068877666  -0.0567547012
 2.4094880688  -2.9363380475
-0.3820100309   0.0520587337
-0.4128942424   0.0614118099
 8.1579481732  -4.6135230719
 7.7626294556  -2.4173870968
-0.0063913210  -0.0561716883
-0.1698440439  -0.2185878522
 0.6357778281  -2.0478268337
 0.0408757781  -0.0546919988
s1
 -3.4936602134
 -3.2886453321
 -3.2757690263
 -3.2991121736
 -3.3108890462
 -3.3460056445
 -3.3434307432
 -3.2826688650
 -3.2855425760
 -3.4000215969
 -3.3094158421
 -9.0084912140
 -3.2835600626
 -3.2758292801
 -1.6687472347
-11.1537369666
 -3.3188893674
 -4.0958217731
 -2.4750123848
 -3.3206157132
w2
-0.4508882106  -0.1602485593  -0.3222933979  -0.0647130673  -0.4377575038  0.0908367024  0.0823831105  -0.2039740760  -0.1935012137  0.0894304861  0.0117691173  -2.1732736414  -0.3058278723  -0.3271108325  -2.2161286131  2.9707669509  -0.0008666777  -0.1900890525  0.0430174945  0.0450965244
s2
0.3280770051

