layers: 3
str: {2,20,1}
w1
-3.5181987878   1.2400277811
 2.7165348212  -1.6277543335
-0.0788839365  -0.0578278465
-0.0721957542  -0.0234021216
-0.1101258282   0.0737462786
-0.0701839365   0.0231003579
-2.8289683145   1.0966556598
-0.0796158998   0.0697793348
-6.6553479042   3.2492577941
-0.0983333988  -0.0617639155
-0.6310895395  -0.5196215565
-0.0929228671   0.0003968467
-0.0723717167   0.0444995411
-0.0750254584   0.0350832358
-0.0755985604   0.0396980938
-0.0721782075   0.0255769001
-0.0716733826  -0.0436745697
-0.1864887704   0.1138608757
-0.9413508568   0.8553773857
-0.4144744449  -0.4528793419
s1
-4.9543701726
-2.8975661631
-2.8039559302
-2.7411520099
-2.7102202633
-2.6752502388
-4.3500860520
-2.6896393576
-0.8425905101
-2.9156756952
-3.9299868436
-2.8310790218
-2.6641816838
-2.7088404051
-2.7057882907
-2.6932062759
-2.7885163232
-2.9340882298
-4.5382104147
-3.5653613279
w2
-2.2647100743  1.3953602711  -0.0277715646  0.0048801192  0.1020569701  0.0492480189  -1.2856129743  0.0913215742  3.1504130440  -0.0346693667  -0.2853857378  0.0254653559  0.0690633604  0.0587898083  0.0631724212  0.0507726921  -0.0167330625  0.1422776215  0.9299229949  -0.3110519693
s2
-0.7257449377

