layers: 3
str: {2,20,1}
w1
 0.1265151572   0.0017638250
 0.1305140064   0.0049943557
 0.1320465423   0.0062392176
 0.1299734041   0.0045561347
 0.1110135162  -0.0108073932
 0.1300682826   0.0046329345
 0.1294694230   0.0041477230
 0.1384232151   0.0114082718
 0.1309175639   0.0053213825
 0.1330639536   0.0070650055
 0.1284153352   0.0032955172
-0.2568500896   0.5345186208
 9.0192577620  -4.0333699442
 0.1328823868   0.0069135374
 0.1442035101   0.0161954716
 0.1291989803   0.0039290071
-0.2594007040   0.5144100230
-8.7017824557   4.5832695315
-0.0195368642  -4.2251041517
-0.6564133554  -0.9168858643
s1
 -4.2182375492
 -4.2240870027
 -4.2259147664
 -4.2233837683
 -4.2594503851
 -4.2235191299
 -4.2227402985
 -4.2373030115
 -4.2246452924
 -4.2273415709
 -4.2212278216
 -4.9115790458
-13.5302336948
 -4.2276093913
 -4.2373138597
 -4.2223494329
 -4.8040264952
  0.5193766500
 -7.6715419799
 -6.2426484217
w2
0.0904224546  0.0935611261  0.0947478152  0.0931401783  0.0807368237  0.0932147144  0.0927489597  0.0999416860  0.0938776580  0.0955503154  0.0919225103  -0.7406511082  1.0687249545  0.0954370472  0.1041308685  0.0925365564  -0.6884724334  1.9295808292  -1.3119375739  0.6422421462
s2
-1.7025305056

