layers: 3
str: {2,20,1}
w1
-1.3458184214   7.9124223762
-0.2216968401   0.2876986059
-0.2217264382   0.2876918938
-0.2309459701   0.5940694099
-0.2218418501   0.2876655920
-0.2219935588   0.2876308180
-0.2217376480   0.2876893423
-0.2218454970   0.2876647598
-0.2216965524   0.2876986711
-0.2224873024   0.2875183294
-1.3589833683  -1.3858330568
-0.2310218166   0.3289993675
-0.2219679303   0.2876366998
-0.2216997962   0.2876979355
-0.2479299178   0.3341454693
-0.2216873275   0.2877007617
-0.2218750924   0.2876579799
-1.5730886687  -1.2968506848
-0.2217679756   0.2876824480
-0.2222233407   0.2875783002
s1
  6.9815419865
 -5.2631360339
 -5.2638664701
 -6.9780799144
 -5.2667235219
 -5.2704999517
 -5.2641433964
 -5.2668140163
 -5.2631289395
 -5.2829416397
-13.5292883456
 -5.2175493668
 -5.2698603790
 -5.2632089500
 -6.7662634615
 -5.2629014632
 -5.2675490646
-13.5216397327
 -5.2648931351
 -5.2762612749
w2
2.5887509356  -0.6769420945  -0.6774284623  -2.1441473494  -0.6793344252  -0.6818623119  -0.6776129605  -0.6793948849  -0.6769373723  -0.6902574604  2.1576166540  -0.6030387523  -0.6814335119  -0.6769906303  -2.7487269685  -0.6767859802  -0.6798862087  1.8830368893  -0.6781127087  -0.6857370694
s2
-1.5735035169

