layers: 3
str: {2,20,1}
w1
-1.2601901645   0.4043752932
 1.6947439728  -2.1053706258
-0.8654711678  -0.7788986950
-0.3628696890  -0.1749041046
 0.7035745386  -1.7495702639
-0.2166487822  -0.1235648159
-0.2466648110   0.4145428889
-0.2434260694   0.0411699694
-4.2756120504   2.0544719987
-0.4487239928  -0.1304694724
-1.9768582211  -0.0618895536
-0.4606924940  -0.2333730698
-0.2243014496  -0.0771936142
-0.2482794235  -0.0355834613
-0.2182884718  -0.0107471253
-0.2288297209  -0.1093234466
-0.2098134454  -0.2450137784
-1.1260780840   0.8606270156
-1.4390812760   0.8951869183
-0.1500960867  -2.2556608376
s1
-0.9609008802
-1.0022772874
-1.9188448455
-1.8983104102
-0.3121917998
-1.8126385669
-1.8076049059
-1.7950732134
-0.2966742590
-2.4214207222
-0.8708484887
-2.2017052550
-1.7608412887
-1.9127488601
-1.9154887902
-1.8618026152
-2.0955829507
-1.1090312350
-1.9076747141
-0.7461138946
w2
-0.8983384199  1.5801077542  0.2959509358  -0.0910449298  0.4802688836  -0.0704230723  0.1857486510  -0.0450461477  3.0347738792  0.0138479442  -0.7274461153  0.1339121661  -0.1000059751  -0.1221613759  -0.0229253198  -0.1173317469  -0.2312539384  -0.6721106861  -1.0902754586  -1.5332549334
s2
-0.8796158420

