layers: 5
str: {2,30,30,30,1}
w1
 2.2100142252   0.5661956446
 0.0000601693   1.5369328990
-1.4845775557   1.6332566271
 0.3348667496  -0.8456582513
 0.0104019804   1.6059888577
-1.2046666101  -0.1838720919
 0.0056201053  -0.6410983486
-0.1318529886  -0.0394951392
-1.1496682025  -0.3940394837
 1.0002879567   0.1588399457
-1.9136350048  -1.7842788721
 0.2831939718  -0.2727086345
 0.2001227815   0.7458521148
 0.6862302032   0.1331487917
-1.8849481512   0.9781390757
 1.8798579161  -1.1599799420
 1.0175733473   0.1439369027
 2.2657947546  -0.7707825609
 1.5388817516  -0.6704986434
-0.1868309592   0.4079543408
-1.1205255259   1.1011848589
-0.2609124960  -0.0757199129
 0.1091964555  -1.4773655749
 0.6262238898   0.7830645542
-0.0609216592  -0.4712593890
-0.8574026299  -0.6499282257
-1.3498199248   0.7479619983
-0.6212410399   0.4747821977
 0.4539829096  -0.4611320271
-1.6535700376   0.5057332849
s1
 1.3548519592
-0.3191174191
-0.6154183434
-0.3472369377
 1.2415539515
-0.1729809460
-0.2447124855
 0.1676118231
-0.9177558356
-1.5143686416
 0.7015438137
-1.0460481228
 0.1597227489
-0.4017861287
-0.3607380798
-0.4024010209
-0.9556983504
 0.9405382659
 0.1284218450
 0.6364331176
-0.5443247479
 0.3653721154
-0.4100474829
 0.8887138576
 0.8781898438
 1.1351491051
 0.2557364837
-0.5342730470
-1.8287127905
 0.0514861194
w2
 0.1462357072   1.0366448205  -0.3139108509  -0.9043545443   0.2870245562   0.8141571342  -0.4960891226  -0.7492168054  -0.7950544603  -0.0145230896   0.9383818471   1.5327560696  -0.9856762357   0.7487148282   1.3439080882   0.0354315797   0.8819423673  -2.1980526440  -1.5847018633  -0.9051029941   0.9970029285  -1.5352634488   0.2967912634  -2.2481011781   0.3144539710  -1.7007676282  -0.6098902667   0.0648801360  -0.7206524023  -1.4111037507
 0.3653142607   0.0039958633   0.1238204761   0.5481527208   0.2636032360   1.9034060550  -0.6648259144   0.4703720033  -0.7503823774   0.6010516893  -0.0670847389   0.7872975352  -2.7098408467   3.2942286613  -0.6453996242  -0.9056246515   0.5703814858   0.7612507889  -0.8593808458   2.3631907790  -0.3943598558   0.4722397856   1.0314491214   1.2685023450  -0.5780522050   0.1267015096   0.4859301735  -0.4971028252   1.0102633616   1.0066528836
-0.1626418114   1.1599113259  -0.4267449829   1.3831403560   0.2069810714   0.9421832235  -0.1240547637  -0.3994050562  -0.1133401497   0.9330061180  -0.0402746661  -0.4088395070  -0.2711429278  -0.2645921945  -0.6320928313  -0.4308883314   0.9171004680  -0.3795685102  -0.5443044227   0.3449686181   1.4194520255   0.1451561942   1.9402548085  -0.3385204268   2.2019540714   1.8531038489   0.2892677947  -0.4439155657   2.0577701257   0.4747923019
 1.9262526045  -0.7732280163   0.6679262255   0.3019898609  -0.7244621087   0.3560825374  -0.3814963833  -1.4109667031   3.0916469885  -0.6676528018  -0.6843975124  -2.1782220028  -0.1996336122  -2.3161825398   0.2072187695  -0.0548232320  -0.4150651547  -0.0332832301   0.8048067092   0.0708724661   0.5198910675   0.6810111113  -0.6738746485   0.1923660796  -0.9792275684   0.8149536477   2.2816740115  -1.4522421479   0.6448472753   0.0865637659
-0.1731110943   0.2582802549   0.5378825200   1.7302631852   0.6042127532   0.4884060590   0.1592381897  -0.8025817763  -0.8765094035   0.3229780759   0.5342869989  -1.6529086053   0.1206213347  -2.3985526563  -0.7702248511  -1.1720823326   0.9446741390   0.2450247870   0.0099091759  -0.2929928706  -1.0085805109  -0.1671962518  -1.5438417258   0.8638736520  -2.3004754440   0.7628931231   2.4247050233   0.7556185108   2.1132315988  -2.2109069944
 0.7741921261  -0.8799358950   1.0536674716  -2.1715009741  -0.5685284849   0.4117847164  -1.2077812021  -0.2980316444   0.2799749908   0.4569056346  -0.2174278784   0.6843137240   0.5865981642   0.6454210402  -1.6383524622   1.5577003768  -0.8923945547   1.2626062279   0.8900337158  -0.9226742684   1.1848123605   1.5424226082   1.4876515214  -2.0999476244   0.1542168028   0.0421441681   1.0078006565  -0.3132607372  -1.6980213758  -1.7434935044
 1.0853474424   1.1173082331   0.4525631192   2.1580941305  -1.2305713229  -0.4069078047  -2.6230576773   0.9861120038   1.6334813741   0.9072849973  -2.2632197883   0.8493264415   0.4727956276   1.0433887810   0.7008374985   0.1556786942  -0.8273318376  -0.3538735231  -0.6844276499   0.2066308300   0.5240183807  -0.2968606420  -0.2488788135  -0.2268370196  -1.2253193178   0.5538740279   1.7489868391   0.2220334163   0.1286719031   1.1540237246
-1.4704187818   1.2064969418  -0.3452559419   0.8585979655  -1.1936851388  -1.0660205012  -0.7279235947   0.6170358671   1.9987720923  -0.0096353312   0.2212150218   1.1534372178  -0.5083871611   0.0002200162  -0.2273506520   0.5093689066   0.8073556905  -1.9013099203   0.2921699599  -0.2011609181  -1.6032333460   0.6465082869   0.3114816662   0.4370545925   0.3457657725   0.0733108302  -0.4755637763   0.8051404859  -0.4394346528  -0.2213262750
-0.3157113138  -0.9162367574   1.6164486714  -0.4991775467  -1.8302079953   1.0408323721  -0.6646545398  -1.6045100099  -0.5893980893  -0.2319917920  -1.1155351190  -0.5324285345  -1.7760575733   1.4739433867  -1.0386322074  -0.4875087564   0.1152861963   0.4682501584  -0.7881072950  -1.1119710520   0.6024874485  -0.2249618062   1.9655632831   0.6200768292   0.7486382127  -0.6748019793   0.5449074644  -1.1439002833  -0.4207098406   0.6911077489
 0.0254903132  -0.1739970094   0.2383380328   0.7475870205   0.0668135107   0.5405066511   1.8577311275  -1.0838782552   2.1102685606  -1.3638187067  -0.8457890370  -1.1025182710   0.3331371156   1.0329685228   0.1694221290   2.2943555886   2.0183450362  -0.1945350842   0.6178319255   0.6199398712  -0.5369710729   0.0240603245   0.6175244547   0.6265705263  -0.0035864744   0.5839378988   0.6088510102   0.9934499952   0.0468378869  -0.5348062191
-0.1925165718  -0.4488510192  -1.4136307947   0.0074379073  -0.2176871712  -0.0692385571   0.4178029540  -1.2288303163   0.7917729396   0.9595255204   1.3184675966  -0.9132164696   1.2364930736   0.2710423825  -0.2550641183   1.2960883643   0.2711489033  -0.2428378042  -0.3736158042  -0.7454795409  -1.4130822787   0.3623317333   1.8882007437   1.0050776686  -0.8193546136  -1.5086327345  -1.1327557919   0.4608605776  -0.4083139950  -0.4642020417
 1.0348482768  -0.5659609300   0.7769858455   0.0125966644   1.7897568158   1.0510261430  -0.7783591226  -0.0369980861  -0.0235747178  -1.2415347826   1.1722672245  -0.2549499306   2.1686537903   1.3761851770  -0.1532274233   1.2232226239   0.3541966460  -0.5546380001   0.1026660879  -0.0362881905   0.4464496104  -0.6540922959   0.2035432565   1.1274229752   0.3434876353  -0.5294035169   0.1011497595   0.2299570509  -0.4625868252   1.0764451448
-0.7592449045   0.2612669975   1.0610215389  -0.9700753760  -1.4214414122   0.9578901224   1.3965384933   0.0590026063  -0.0184393965   0.8735178548  -1.7864496914   2.4272566351  -0.4581224716   0.1153239810   1.3435669798   0.1009179024   2.1391679350  -1.0857236460  -1.3705197640   0.1580435653   1.5799075324  -0.5368473949   0.8871267789  -1.1487737390   0.2689459323  -1.5236389354  -2.3800427865  -0.1489842886   1.1312249198  -0.6022217565
-1.3790792489  -0.7337368321   0.1512437512   1.3397020999   1.4737803176   0.8204269433  -1.2441731429  -0.2956288770   0.0275633226   1.4375716382   0.7704040046  -1.1917909147   1.0431588925  -1.0132952689  -1.6512950383   0.5486545365  -0.8650613850  -1.6046713635   0.4990267230   0.4999555910   1.4315349176  -0.9490587306  -0.6609973698   0.8116205269   0.7773528398  -2.5402728016   0.8280075248   0.4600682739   0.7522358099   1.4423050786
-0.3241937330  -1.2882518175  -0.3047129423  -0.9743863849   0.6566996764  -0.1149853052  -0.1684678317   0.3193534772   0.8006491663  -0.1589704629   0.2374862317  -0.3504611849  -0.4649083769   0.0588946774   1.6379606331  -0.6742949359   0.9493295517  -0.4482396564   0.3094332753  -1.0815748066  -0.1727422995  -0.1255277480  -0.0560090069   1.0904976438   0.5394160636  -0.9014124348   1.1855840909  -1.2959980165   2.2198330303   1.3908920469
 1.1255789136  -1.2969982968   2.6453716439   0.4956950000   0.8460002443  -0.6770822422  -0.0772578658  -1.7123166933  -0.7406518032   0.3677561686   1.0373533776  -0.6792777902  -0.7562725564   0.2691204168   1.1186631140   0.4253892102   0.5695532912  -0.4661435749   1.4958183387  -0.6424088233   0.5868015864  -0.8497567994   1.0536983362  -2.1264935168   0.9569661944   0.6898429523   0.1262788503   0.1383379927  -1.4203505539   1.1028253122
-0.1294767078  -1.5165273036   0.5672025300  -1.0870607136   0.9291813903  -2.3000744281   0.6541661422  -0.0983364742   0.6372428411  -0.1038803760   0.0169893388  -1.0231766107   0.6407995749  -0.4124746751   0.7065436153   0.9127188163   0.6392758782  -0.1405352058  -0.9889675005  -0.3949201235   0.4792785451   0.4569352355  -0.4319782078   1.9364085026  -0.8126547938   0.9301781938  -0.6322224791   0.6244964231   0.9565462985   0.4922604385
-0.4139766588  -0.6110415824  -0.7857654153   0.7677467397  -1.9286495142   0.2650862954  -0.7459045356  -0.5543021790   0.0740953790   0.4492033649   0.9992459963  -0.8231542218   1.0904902074   0.4551267532  -0.1000339610  -1.7678975033   0.5823763186  -0.6655737988   0.5816497658   0.2787902627   1.8404709487  -0.1951452481  -0.9688892724   0.2496276590   1.5463997638   0.8834365649  -0.5827185797  -0.0028150753   1.2111176258   0.6829665333
 0.6116095844   0.8128012757   0.4098626576  -0.1854267758   0.6977625651   0.4157556651  -0.2095403460   0.2753258545  -0.5054976583   1.1768729445   1.1403926065   0.9854815986  -0.6043477932  -1.6897236642  -1.2635216548   1.4902768510   0.3960582112  -0.4589367648   1.4181340999   1.2458517193  -0.7413151568  -0.2896140024  -0.2270851354  -1.0905649529  -1.6840409627   0.3213796907  -0.0577039716  -1.9585654668  -0.7457450882  -0.7735867405
 1.7932086310   0.7729812572   0.5309949875  -1.9168742695  -1.2788540431  -0.3147689484   0.0486295044  -0.3728061368  -2.2625651751   2.0132440285   0.3834932855  -1.4653046216  -0.2656232821   1.0222480431   0.1368879663  -0.0409651906  -1.3864401087   0.4739567876  -0.0111223896   0.0243757912   1.9054389716   0.5048508289  -0.3487949758  -0.2950564656   1.6166467406  -0.7631963149   0.2977753286  -0.0086919522   0.8595152422   1.0019873788
-0.6220554793  -0.0769751139  -0.7953206476   0.1234177647  -0.9483028634  -0.1491740398  -0.5445464784   0.8984020320   0.1189647424  -0.1619257076   0.2851616011   1.9750920177   0.5047747776  -0.4282793291  -0.8945079755  -0.3614367089   1.8150028431  -0.1169769933  -0.0937797113  -0.0397420000  -0.6338479743  -1.0637618520   1.5456782142   0.0135590383   0.2841758565  -0.8124542951  -0.7142262245   0.0347742313  -1.1195953771  -0.7381504939
-1.3500950416  -0.9275414539  -1.9645712130  -0.3855809561  -1.1871623217  -0.6295888100   0.8639095210   0.0907296622  -0.4483629556  -0.1594573673  -0.1577771803   0.2507687560   2.2117743375  -0.4345355883  -0.6160517245  -0.1021568243   0.7796396728   1.1638853982   1.3547769374   0.0138664759   0.1130457661  -0.5083095946   1.1824998044   0.3051677351   0.3987948792   1.7720769812  -0.7038709568   1.2291942406  -0.6207064470   0.7788304919
-0.6022584216   0.2288395224   0.5875763193   0.0438786425  -0.5706681391   0.4951266985   1.2470072140  -0.6590948361   0.2069587069  -1.0374735826  -0.2692771412  -0.2189894177   0.2041295865   0.7097519661  -1.0831135206  -0.1277058506  -0.7443091844  -0.7980997714  -0.1862738314   0.5285138928  -0.4178591220   0.5277920010  -0.9491814470   1.2582226165   1.2399734103   0.9307265330   0.4824460229   1.2795385054   0.5281949069  -0.9896750744
 0.6559498941  -0.5632660484   0.8831555096  -0.4539327352   0.0407450650   1.5603437841  -0.8076274601   0.7187117546   0.2625572623   2.1798054780  -0.8833714498  -2.3640272840  -0.5335361881  -1.0025392548   1.3999372511   0.2900051328  -0.7769803974  -0.8247448119   0.4546849639   0.0339225921   2.1152105448  -0.7476779937  -0.5375710275  -1.1511504276   0.5815008031   1.5457632262   0.0367761061   0.7283064752  -0.7331358861   0.1446348997
-0.9912804094   0.0682613628  -1.7612874476  -0.6591720853  -0.7403635334   0.9317407142  -0.1561886999   0.3433406029  -0.2118661132   0.1035843468  -0.1548531914  -0.5271270574  -1.0546456523  -1.9550307802  -2.1403513276  -0.6307723124   0.9605537122  -0.2329818170   0.1038717374   0.6232840734   0.9780046138  -1.3762355881  -0.6402324801  -0.3611579500  -0.0232288698  -0.2412815483  -0.3556833264  -0.3675704024   1.7212362493  -0.5056631260
-0.7755101992  -2.1165237108   0.3434595145  -1.4181687444  -0.3642929360   0.2361196283  -2.3990819614  -0.6878330807  -0.1967851299   1.5657101161   2.8076836228  -0.6316407054   1.2494631412   0.5541210838  -0.5071986717   0.3033728655  -0.2986880280  -0.1479084543   1.3201935042  -1.2699030806   0.4190664510  -1.8218181484  -1.3932570509   0.6600256975   0.0053441302  -1.3669478014  -0.6945645252  -0.1125713930  -1.8609645133   2.2368372260
-1.7694919799  -1.3439848747  -0.7051017897   1.5400003252  -0.6479928481  -2.6967488192   1.6181183328  -1.0981901136   1.1541628275  -0.5770698989  -0.4312015606  -0.5357551043  -1.3350298878   0.3791193236  -1.4305416020  -0.5553546811   1.7923900870   1.5461347373   0.6412273205  -1.0069649245  -0.8812585732  -2.1593457380  -1.2268779708   0.2262541518   0.0492230654  -0.1006552131   1.3820550235   1.9195391144   1.4142506926   1.0807768227
 0.3241172689  -0.3996741383   0.1700839639  -0.7186288321   1.9383989130   0.0746592488   1.2201868387  -0.6164144497   1.2329823846  -0.1131802264  -0.4728415131  -0.1567293186  -1.4878007419  -0.9865685417   0.8264353552  -0.1755725798   0.0028014294  -1.1531189216  -0.1180705861  -0.4955988235   1.0352999450  -2.2504748775  -1.0139415389   1.5189934479   0.5086525387  -0.2732043870  -0.0050365396  -0.6798320535   0.9855166663   0.0668414240
-0.5537166910  -2.3222286948  -0.6846831256   0.2147726159   0.1657085446  -0.5346779752  -1.1942343363   0.0054558717  -0.0163423451   0.5081188085  -0.1570545555   0.0918701332   0.0262695506  -0.9825666777  -1.7575744696   0.7125871491   1.1905616866  -1.0586670389   0.3282347751   1.4235516063  -1.1012753524  -0.0998551235  -0.2373887484  -0.1925878123   0.0860498731   0.5608890934   0.1066648390  -0.4403141836  -1.7938926460   1.3143478416
-1.2453895588  -0.1915174760   0.0991319519   0.3618023446   0.4865454923  -0.3423824728  -1.5653863194  -0.6023463250   0.3747654685   0.4009379148   1.2634138453  -0.5671217662   1.8730080976   0.8965719043  -0.4015713293  -1.7709622718  -1.4768884693  -1.3920123886   0.3144929346   0.1966930606   0.4801464705  -0.2753730952   0.4964248404  -0.6127469107  -1.0573728341  -0.2695931467   1.1979240643   0.9422171308   0.9584146291   0.5608090911
s2
-1.3910363919
 1.6431426880
 0.7329693119
 0.7776324655
-2.1879405956
-0.2645892763
 1.3298246548
-1.1917062906
-0.1647087556
 0.9030886548
-0.3433111819
-0.2407142161
-0.7702401911
 2.5082080309
 0.0349475133
 0.6571375294
 0.5422726928
-0.6795963835
-0.7870980859
 0.1568840812
 0.6335838882
 1.1769861727
 1.1698265260
-0.7411801623
 0.6362792336
-0.7404909662
-1.3206950926
-1.0471900622
-0.9045764790
 1.2417241850
w3
-1.7153508928  -1.5140342967   0.4805293725  -0.4159974311  -1.8374890183   0.4039078348   0.7788987835  -0.9299653476   1.0378328646  -0.5490700542   0.2505384744  -0.4628160981  -3.6079986058  -0.3452349512  -0.8854589122  -0.4924549690   1.1778059757   1.2828955795  -0.1917920323   0.2984635765   0.1897990850  -0.8490920550   0.1778869698  -1.2136327447   0.4202379130   1.3326654064  -0.3198343276   2.0381515445   0.7270978590   0.2219550137
 1.6610619693  -1.2602779995  -0.7088297965   0.2697790373  -0.4648588272  -0.2333142902  -0.1695916416   0.4054853333  -0.0670681992   0.0815640572   0.6325668955  -0.0346965724   0.2590881063  -1.3874966322  -1.0148871122   0.1228574999   0.0414806037  -0.2762018197  -3.3904349096   0.1800598274  -0.0974583208   0.4325292969   0.8906596179  -0.6503386243   0.9274999083   0.6041901834  -0.3969986379   0.0358021685   1.0474149213  -0.4962665367
-0.3199976322  -1.6029179388  -0.8347173779   0.5542553733  -0.2825037073   1.0587657807  -0.7587373002  -0.3416554092   0.2409982563  -0.1921861783  -0.1846652446   0.1802205894   0.2754659499   1.6803524983  -1.2578744442  -0.4311474889  -0.3367198427   1.6271691599   0.5365048060  -1.8948138729  -1.2653284153  -0.8071410483   0.7516223508  -0.9396143795  -1.5673750760   0.3314720071  -0.1896164249   0.4690549501   0.8131430254   0.0371045638
 0.5171805719   0.2825918471  -0.2431343004  -1.0206502260   0.0906633977   0.4726120192  -0.2821642955   0.4945138349   0.0227136743   1.6777414619   0.0103913452   0.1216557007  -0.1517985600  -1.4358985475   0.0290258712   1.3250810951  -0.6855086715  -1.8613185705   0.4857000329  -1.7386124928  -0.9836372588  -1.3974372937  -0.3021822498  -2.3475123649   0.0197270597  -0.6041469545   1.5138222958   0.2432943215  -2.2540565391   0.7098362283
-0.1463494188  -0.4209605132   0.2182786468   0.0288802989  -1.0683929244  -0.9898664927   0.9858040941   1.7086684696  -0.6179542157   0.2107162137   0.5082660226  -1.2801811688   1.3875983499   0.2903342936  -0.4718475405   1.5108415246  -0.7251474359   0.0165022814  -0.0787581005  -1.5106270799  -0.7025089883   0.1485690980  -0.1215782365  -0.3788797010   2.6339262986   0.4640332323  -0.4339611037  -0.5789775251   1.3887227135   0.1280251845
 1.0031130830  -0.3994101586   0.2792133974  -0.5825385623   0.6475431372  -2.0910286549  -0.9578482206   0.5346153623   1.4705569943   0.7791415899   0.3469133492  -1.1665713272  -1.2664804717   0.5206457438   0.4250425296  -1.0147617565  -1.5762533630  -0.8545674316  -0.1647470597   0.8333619934   0.2577367596  -0.0474595647  -0.1229199146   0.5588028325   0.9984852514  -0.3175408662  -0.3091861790  -0.4930226995  -0.8498648450   0.3971406594
 0.4859732465   1.0807679557  -0.0913894303  -0.2614240569  -0.6061442759  -0.5079842678  -2.1297838578   0.6237341891  -0.3489791761   0.4338687858  -0.0548550122  -2.6355818366   0.3191122618  -1.5672330682  -1.6715573163   0.4224251552  -1.3703911635  -0.6596448359   0.0103573082   0.0822122831   0.2584818060   1.0237050630   2.2589949398  -1.0842119853  -0.6067524035  -1.1816093986  -0.7753114260   1.0714765122   0.7838073129  -0.4876346991
-0.5252179944  -0.7142779218   0.3296545846  -1.0263622154  -1.4243506746   1.1515086507  -0.7825263399  -0.7823520951  -0.5193462137  -0.1565434835   0.2365332147   1.5153893522  -1.0423372711  -0.0940750545  -1.2486135716  -1.0277525965   0.2170894130   0.9797426935  -1.5226879300  -0.1854660067  -0.1470400491  -0.3719854192  -1.8824442239  -2.3960376390  -0.7506095590   1.5351012898  -1.2399921402   1.0084436306   0.2025986658   0.0409585114
-0.4411787334  -1.8794092819  -0.3463369376  -0.5660326742  -0.3291005064   0.5408518435  -0.2001880952   0.6090531322  -1.4019324688  -0.9277733970  -0.1583983050  -1.0735957813   0.3112493188  -0.1134693891  -0.6805015233  -1.3359887077  -0.3295621544   0.4571034473   1.3464271776  -0.7089081189  -0.6967482959   1.5734097330   0.2897236757   0.2379942604  -0.5551609053  -1.4601287490  -0.1959384579   2.5518608846  -0.2193151648   0.1567770630
 0.0627936187  -1.3458148975  -0.2599145286   0.1691571384   0.3968901134   1.3111885626  -0.0160875199  -0.4448417674  -0.4645980377   0.3035280362   2.0071100682  -1.5833653253   0.4959424562  -0.1947005471   1.1153341575  -0.2872681173   2.0466924059  -0.8769589949  -0.1419406969  -1.4216785924   0.0012140589  -2.4129844740   0.4176861095   0.2445917727   0.3244641311  -0.0396942565   1.2227047800   0.1805852322  -0.2056303434  -2.4339747854
 0.9437850275  -0.7529348153  -1.6767578140   0.2641920962   0.2762090691  -0.3347205699   0.0599599204   0.4064936974  -0.0175486604  -0.2309346720  -0.6716350532  -1.4572484004  -0.9247025209   0.6216030989  -0.2820615097   0.0030467514  -1.2582012145   0.4522499222  -0.1690557406   0.1329956986  -1.5360865540   1.2985134114  -1.2466318146   0.6789894451   0.7017414498  -0.4132996995   2.1828403552   1.5839671030   0.8139093262  -0.0511197653
-1.3880883987  -0.9164230144  -2.0519180356  -0.6826348406  -0.7509241541  -1.0346579078  -1.3730017887   0.1560114966  -0.3025331180   0.8215049334   1.1718554973   0.0664557804  -1.5471867866   0.8788379159  -0.9670350097  -1.3022113746  -0.6381900580  -0.2296622547  -0.1456496310  -1.9708080292   0.3395166591   0.7008968545  -0.6681593480   0.9284340232  -0.6382681956   1.4052897678   1.0444713976  -0.2966020440  -0.0716730579   1.9487206776
-0.2891486577  -0.9180063266  -1.8442071372  -1.5699420002   1.1218524081  -1.5727410666   0.1239538911  -1.6419473859  -2.1165930415  -0.3962011183  -1.1188379583   0.8252580037   1.8571960965   0.6319666103   1.4407170432  -0.2052758258   1.8540280028  -1.5806182131  -0.5093537992   0.3104082561  -1.0727308880  -0.9207739631   0.3349318208   0.3718046551   0.6506536870   1.4878232993  -0.0411965811  -0.9807057730   0.7721067838   0.7713251711
-0.1959424620   0.1864217650  -0.5521200139  -0.2454648278   1.0227256340   0.7971640703  -1.5803871551  -1.4708746965   0.7204272316  -0.6382082258  -0.5123145969  -0.8546873234  -0.2329119408  -0.9088484647   0.4100042750  -0.2458604075   1.1414063372   1.7796526465  -0.2222064853   0.2553784383   0.1016530108  -1.3974028620  -1.9858595267   0.6210921701   0.1041210071   0.1578634875  -0.6011156599   0.2648919927  -0.4341265546   0.8562012720
 1.4906436524   0.1923720535  -0.1460790107  -0.1854725537  -1.4893368606  -1.5835823386  -0.9576050131  -0.2967619166  -1.6367860488   2.2083694113  -0.1767342849  -0.4152229737  -0.4947349132  -0.4554922933  -0.0537256920  -1.6473265814  -2.3766856001  -0.8875951123  -0.8199935908   1.4287802374   1.1085432640  -0.9093215917  -0.7927241899  -0.7613551866  -2.1629689072   0.5696478308   0.6501967056   0.5385785438  -1.3148031831  -0.7915467514
 0.0545273395   0.2413335764   0.9852074308  -0.3860664917   0.0221577586   0.0467592364  -0.5894878150  -1.3331124173   0.5006139127  -0.2215118945   0.6203569579  -1.7755117957   0.3113915971  -0.5028611203  -1.3846846401  -1.3208441957   0.1813422247  -1.3174121882   2.0260009249  -0.2624663347   1.6871515221  -0.4267123122   0.3999544539  -0.2437949110  -0.3963240939  -0.1371421129  -1.2325258497  -1.9379219138  -0.7908380436   0.4746204142
-0.2783313865   0.9139275229  -1.6626596413   0.0311937825   0.3269785018  -0.6336367765  -1.1129302397  -0.3293001181  -0.2292983482   0.0326464479  -0.4053848302   0.7957458737  -0.0107434697  -0.0613781797  -0.1004220811  -0.3935684940  -0.0606030923   0.5751768652  -0.5980258839   1.2389814435  -1.0218149856  -0.1569456050   0.2668419811  -1.0823249055  -1.2050802424   0.9496394230   0.3492816789  -2.5862752719  -0.1600818485  -0.6448348187
 0.5065396019  -0.4318968099  -0.1432494309   0.5753465526  -0.4685033246   0.7266836617   0.1939502249   0.8670159695  -2.4235746487  -0.5398173402  -1.3383653708  -0.5719275025  -1.0972523914   0.4678495649  -1.7490487678   0.6525820098   0.8863264478   1.8231074746  -1.8507818957  -1.7826449862   0.6457990387   0.2416265311  -2.1848451369  -0.7967756112  -0.7302724962   0.9968513110   1.2590022185   0.6934136278   0.8417358671   0.4764777028
 0.6327410431   0.3787816471  -0.6058365565   0.0325752008  -1.1630257293  -0.2833635449  -0.4276970127  -0.3176184022   0.3115832608  -0.8695657741  -0.5651297821  -0.2115672634   0.9026212117  -1.0744501977  -1.2860972221   1.0826660486  -1.9712061203   0.1599400479   0.1204503223  -0.8735296002  -0.3829687918   0.9605807981   0.6857382654  -0.2458386498  -1.1292791110   0.3655017117   0.4925801288  -0.7684383834  -0.5059481771  -0.4315251157
-0.5872950172  -0.3584779832   0.9701439350   0.3817941855  -0.2750501565  -0.7718728908  -1.3858044633   1.4073060145  -0.5333252877  -2.1220974803   1.5319754588   0.1275397840  -1.1861005048  -0.1337378453  -1.4157410421  -1.0837293173   0.1147218354  -0.9080525468   0.2295347071   1.1507623317  -1.6759113086  -0.2459629651  -0.5591837709   2.3150127016   0.0328293402   0.4664867316   0.5086979828   1.3900866369  -1.1142714451   0.5417763901
-1.1571699761   1.3241852242   0.1529110944  -0.2850157823  -0.1341429443   0.2274247741   0.8271120601   0.0236600274  -0.9344320285  -1.2353766966   0.4843041449  -0.2099411234  -0.0615945371  -0.6963623668   0.0269574055   0.1549057968  -0.9736510154  -0.3906065827   0.0160135651  -1.5228309146  -1.0346440511   0.1175575516  -2.1809176422  -0.8596375121   1.0358242854   0.3428636899   0.5553368714   0.9649927937   0.3054256918   1.3450951484
 0.7516490190  -1.3520067398  -1.4445111435   0.0077731040   0.3468143380  -1.8532458074  -0.4289014000   0.1636486088   1.2163995832   0.7421297056  -1.4049218750   0.0645269919   1.0762699129   1.9007336337  -0.2473078569  -1.2797017741  -0.0939370983   0.1960280426  -1.0086556948  -1.7283112473   0.1137841382   0.4021952452  -0.6383671119  -0.5373282814   0.1431880644  -1.3182609796  -0.4082578951   0.6040174910  -1.1533300393  -1.5143866670
 2.2185619936  -0.2167450140  -0.7809015890   0.6102447819   0.2424977935  -2.8003459206   0.0272303592  -0.7456246937  -0.0731458745  -0.9040355720  -1.7234979938   1.3705787008   0.1497741819   1.1309591869   0.8447122491   0.5675341026  -0.0979517444  -1.2847504672  -1.4238864073  -0.8518269438   0.9725648297  -1.0671938436   0.1283866181   0.6013094263   1.3769580636  -1.8457413496  -0.4072744569  -0.5997218090   1.2590200232   2.3742429990
-0.4638162710  -0.1405864849   1.0876384960   0.0428045336   0.4956925675  -0.7730012344   0.9028628839   1.7123457164  -0.8349816779  -0.9188584888   0.2438868494  -1.4951029999   1.3883552754  -1.7387168117   0.9589844021   0.4030921686   0.1446167534  -0.3040134978  -0.1423472083   0.4083014884  -0.5984322295  -0.6691680858   0.2059030082  -1.0106257387  -0.6362553854   1.4676194100  -0.1657383761   0.9480644148   1.3928991159  -0.0794037688
-0.4856110704   0.8049093917   0.3001841915  -0.6689116645  -0.2297207542  -0.2961409552  -0.7139513685   0.5289511303   1.1526022184  -1.5168536170   0.8681602803  -1.3485634314  -0.2056768732  -0.7654215183   0.3371816362   0.0916261243   0.5071808562  -0.5885009950   1.2007754806   0.0452694010  -0.3239431158  -0.7938668213  -1.2604351727  -2.7482478720   0.2046036809   0.8449813646   0.8772946810   1.2623191942  -0.0518866846  -0.5322201049
-0.7399200236   1.3018033791  -1.0021395992  -0.4747487626   0.4237124889   0.5751102540   1.0296975668   0.6459063356   0.1980669860  -0.0260176303   0.2260247101  -1.2121348535   0.5949740863   0.5921794371  -0.9486605943   0.7591839216  -1.9481558173   0.8350680464  -1.3834611753  -1.3071049488   1.0914101583  -0.4438905974  -1.2313322848   0.5210253861   0.6818017389  -0.4022006281   0.3612191213  -0.5329312331   2.3909922787  -0.2408871544
 0.1055024253  -0.4017462927   0.5819473015   0.7008085153   0.8552321500  -1.3959846186   1.0065550341  -0.8525464875  -0.3150250558   0.3060965212  -0.4400917877   1.2389455343   0.9378579159  -1.9285781619  -0.1718691431  -1.0114732584  -0.1041722989   0.0654470224   0.0952600252  -1.0638471163  -0.0697105466   1.0406487411  -1.8093528422   0.5343664065  -0.6979321200   0.4582475634   1.0540726106  -1.0718773988  -1.2093958677  -0.0797678618
 0.1441609888  -1.0539759465  -0.8490493918  -0.8220967341  -0.6591417231   0.0542869884   0.7942182122  -1.8978216853   0.4847615197  -0.9540891884  -0.2129721299  -1.3350138116  -0.3864133248   0.3852633789   0.9952290797  -0.0768915020  -0.2482345608  -0.8846552369   1.0412692370   0.2101423241  -1.8506649182   1.7910529320  -1.1408013280  -0.8162191927  -1.0946254811  -1.0764875455   2.4466728072   2.2458264582  -0.3427029030   0.8077777139
 0.4629587782   1.2558352396   1.0213375003   0.6743279483   1.2342382619   1.6557638754  -0.3132101339   0.1762148994  -0.6931971255  -2.0116465603   0.5421139818  -0.4744239494  -0.6282608852   0.7460157438  -0.1435869890   0.4692472070  -1.3756159603   0.5439526798  -0.0895073972  -0.7002627060  -0.6887533866   0.0911861422  -1.3072506555  -0.6334030263  -2.1005976263   1.5972646873   1.7254741417  -0.5485635420  -0.2773169354  -0.3263389692
-0.1418858798   1.0845106335   0.1090868423  -0.8800614479  -0.3104004205   0.0792898722   0.3604449551  -0.3540592610  -1.2014141958  -1.3898584759   2.0122229741   0.8093656142  -0.3243812667  -0.6445917795   0.0624305771  -0.1954349847  -0.9489493476  -0.3424677325   1.6340095087   0.5855761880  -0.2206154616  -0.6311615973  -2.8808559253  -0.9916721954   0.7752325918   0.6285999322  -1.6967826301  -0.3385183887  -0.9014298119  -1.2383875215
s3
-1.5999770758
 1.3211923558
 0.5735755237
 0.5521843410
-2.4549677033
-0.1194202090
 0.8989295355
-1.1493911505
-0.3834885661
 0.5623793415
-0.2164268178
-0.4349679140
-0.9057804239
 1.9133043703
-0.0021201757
 0.6490642979
 0.0079298824
-0.7282304065
-0.7983762727
-0.3474212223
 0.3224362925
 1.0012048278
 0.6851198877
-1.2433728398
 0.2427232299
-0.8228166855
-1.4098343789
-0.8905222244
-0.9937388671
 0.9169612808
w4
0.4283565849  0.0762250484  -0.4040411012  -0.0123896918  0.2947480646  0.0262926454  0.2473312919  -0.7149487039  0.7216453188  0.0799442825  0.1307296303  -1.3078349755  -0.0165787309  -0.3372644297  0.9100830653  0.7687062467  -0.0282994873  0.0579386929  0.4791031529  -0.0594958094  0.0727873204  0.9670272263  0.8501168843  -0.1339797165  -0.2482116351  -0.1646723291  0.2612750900  0.2304981450  -0.0694127168  0.7682750528
s4
-0.5359722177

