layers: 6
str: {2,30,30,30,30,1}
w1
-1.4148756931   0.5377075372
-0.1356939764   0.5951255435
-0.0802568975  -0.4388872343
-3.2067329524   1.9724796352
-1.9978360723   0.6815388673
-2.2935144562   0.9666304348
-0.5650860468   0.2770816620
 0.6439744946   0.2146496364
-1.5442769352   0.1695700352
 0.3640152721   0.1848319407
-1.4855912524   0.3256861166
 0.2288897326   1.2549837200
-1.5124133708  -1.4656368183
 0.8349890426  -0.1308656055
 1.4385492026  -0.0263145827
-0.5633351572  -0.2206115338
-0.5446928862  -0.0020172006
 3.9212783187  -2.2830940508
 0.5798944357  -0.7400420316
 0.1783219320   0.4954428506
 0.4963110404   2.0321437802
-0.3995201693  -0.9884646788
-0.8835682766  -1.6360671336
-0.5674025777   0.7441907079
 0.9795439541   0.9594220993
 1.5906101529   0.9526582656
-2.4635732084  -1.1318661620
 0.3827292747  -1.2892016076
-0.3283723816  -0.6726419150
 1.9584463803   0.2707592847
s1
 1.4397060970
-0.5379428260
-0.6719642620
-0.1849915669
 1.8065567059
-0.3025333981
-0.1165719152
 0.2254739381
-0.8865655516
-1.4401943842
 1.0893352236
-1.0449892477
 0.2473814777
-0.4796235235
-0.8365680883
-0.3588287623
-0.7087130282
 0.8675372898
 0.0086105164
 0.9068386712
-0.6302024559
 0.2266611039
-0.3223139951
 0.9107550178
 0.8980818905
 1.1440036212
 0.3351339064
-0.7226360685
-1.7489309013
-0.1152415370
w2
-1.2118441458  -0.3662911844  -0.8629823253  -0.1317908446   0.3760203283   0.1918364911   0.2441336107  -0.4373656389  -0.3973234009   0.1836631162  -2.0192964812   1.4003772002  -0.0932317392  -0.1103888249  -0.6985248428   1.4118858014  -0.4092894833   0.1168963624  -0.0246679946  -0.8106924358  -1.6220124590  -0.0824023931  -0.5631821938  -0.5022760538  -0.0940566202  -0.5251903233   0.6557550177   0.7939355335   1.0570575505   0.2277238197
 1.9912505108  -1.0990349686  -0.9039100879  -1.1022182398   1.0156244936   1.8743347049  -0.3626506197  -1.5367913882  -0.3298940719  -2.3863379626   1.4005598324  -1.1271554929  -2.0226802694   0.9889975749  -0.2923723689   0.6587969746   0.1688148669  -0.9148353300  -0.3650480538  -2.7611640161   2.1155719159  -0.5991963823  -1.0682589379  -0.7001218952  -0.2452168136   0.1198106897   0.8588991829   0.0032596897   0.0249474906  -0.2008452562
 0.3913859058   0.4220596441   0.0505467339  -0.2230201405   0.5006079493   0.1994377534   1.0608361050  -1.1844940367   0.7349694924  -0.2905939842  -2.8760484990   1.5486563332  -0.7933010183   1.8430088155   0.3646663150  -0.2670311474  -1.1586861743  -0.4984678263   0.4987350591  -2.0048033669  -0.0763342976   0.4457980794  -0.9107175118   0.9832366862  -1.8028093122   0.5214575571   0.3367944005  -0.1456686006  -0.6696226858   0.0383309471
-2.1546840298  -0.9222148055   0.2834168412  -1.6435859588  -0.5377558760   0.7693459451  -0.9902657570  -0.7533532129   0.5711134306   1.3462051916  -0.8131623563  -1.2114977083   0.5081427983   0.1711646059   0.2467501697  -0.0790286977   0.3354280369   0.8543695267  -0.2833559476   0.3038126248  -0.7101817424   0.4441968518  -0.8104909835  -0.3776269786   0.3979654996  -0.5536024058  -0.8434363744  -0.7659498324  -0.9659969856   1.1786503266
 0.1539535306   1.2524102389  -0.8233322030   0.3932439268  -1.2490644567  -0.4126064726  -1.9897967705  -0.2788011428  -1.8747164317  -0.6905946677   0.0092165618  -1.3294539012  -0.0765155212  -0.4373223621   0.0042762740   0.1175034536  -0.9475615802  -0.2735350207   1.2488727796  -0.5973009104  -0.0420423267   1.1673317570   0.5557056287   0.4232899961  -0.3231272395   2.6416301962  -1.3676315436   1.0089400817   0.5260297774   0.7449156503
-0.8818829512  -0.3078334662   0.7724937768  -0.3248036193  -0.4651316065  -0.1214690216  -0.0611329257  -0.4489639335   0.6742343638   0.2309179996  -0.5694940026  -0.5836778501  -2.3303621766  -0.8236192058   2.1962640823   0.1527237956  -1.6796408686  -1.7996488325   1.8438423222  -0.0022619240  -0.4650288810   0.3561615293   1.2907527116  -0.1342643528   0.1163076104   0.1838188687   1.6642425240  -0.4108586346   0.4445534702   0.6089954972
-0.2172570599   2.9764808377  -1.5506304760   0.0581204348   0.4573769442  -2.1629359173  -1.7537010036  -0.8361634220  -0.1585870148  -0.7289678054   0.4897277771   0.5068034654   0.2044593012  -1.5806055326  -0.3144739963  -0.2329768692   0.8119009861   1.3187796626   0.4082947242  -0.7306312592  -1.0267739665   0.4085551689   0.0820018080  -0.2753024518  -0.5682415821  -1.1000738923  -0.4801514032   0.0447609564   1.2648220194  -0.8009182224
 0.8918847775  -0.0020839170   0.8456902552  -0.4718341643   1.4528122234   1.5968264892  -0.4892828781  -0.8615201867   0.2083194551  -1.7293659734  -1.5726410509  -0.4105051782  -0.9187882867  -0.0809162383   0.4866403310   0.9814520496  -0.0346456591  -1.5890690131   0.6080106367  -0.4791694104   1.2200207056  -1.0109118602  -2.2420474082  -1.4135225715  -0.4198225326  -0.0043667833  -0.4165302338  -1.2288635781   0.3002583788   2.5572866949
 1.0216227369  -0.6337347083  -0.7350492349   1.4518688576  -0.7212894337   0.1162105906   0.4079353181  -0.0045434041  -0.1841662832   0.2029925687  -0.7389119870  -0.6181786355  -0.4073007098  -1.3622170262  -1.1411004127  -0.0238515055   0.1284827299  -0.9765561362   1.0156551643  -1.5051457062  -0.1703147914  -0.8510109741  -0.8349375191   1.3222533274  -0.1360653339   1.7743607066   0.0756587953   0.0297654623   0.7250645858   0.4298872545
-0.2820240339   0.3370200136  -0.9818574788   0.4012671990   0.2245284688   0.0521733194  -1.6714675384  -1.7820087609   1.1258515671  -0.2832953025   0.6317371648   1.5787264669  -0.0543252057   0.0933450408   1.5276228730  -0.7318165895   1.3211438683   0.1907821216  -0.3856354831  -0.5446600912   0.4968085856  -0.2454999174  -2.0150040219  -0.8117178764  -0.1689922107  -1.0758994810  -0.6709444612   0.0953554319   0.0985164946  -0.5553785891
 1.2256558721   0.7991219663   0.6476769229  -0.7103945552  -0.3910733956  -1.8225762034  -0.8477693695  -0.3029406499   0.3537247311  -0.0619345010  -0.4237175700  -0.3506722299  -0.8537331460   0.5302054912   2.0943228096   0.2821194600  -1.3063315096  -1.3826835973   1.7296039557   0.1243400804  -0.8720418932   0.3735956307  -1.2198662928  -0.3617067018   0.6232494651  -2.3828814615  -0.2502209650  -0.3262773825   0.5362335801  -3.2781724661
 0.8578469772   0.3618575782  -0.5423719628   0.3068956582   0.8196050853  -0.2549205478  -0.2668861109  -0.2501463701   1.4224725196  -1.8720531816  -1.0686013886   1.5005284884   1.1793920022  -0.0123135614   0.5613514265  -1.2024028385   0.5832143928   1.6123131117  -0.3384182520   0.0703725961   0.3602703399   0.7549935475  -0.0465078705   0.0818089208   2.8653553953   0.8721160578   0.7819822068   0.6149428947  -0.0077359534   0.8431527576
-0.0281994131  -0.9645515897   0.7173901051   0.9019257522  -1.7839800565   1.3534248936   1.1760809873  -0.7374249722  -0.1455191366  -0.0371799666   0.6706945815   0.1106463626  -1.2671349857   0.6437565995  -0.1341439771   0.8820286109   0.9746144269   1.8031542761   0.1297484417   2.0415110507  -0.3462387242  -0.5568121173  -0.1509389556   1.0243178104   0.5201827007  -0.0575168122  -0.8101429347   0.2230493734  -0.8923382265   1.0384571930
-0.8519962180   1.5973816442   0.8829642856   1.9338143151   0.4441198158   0.2514138097   1.9285804645   0.1913553907   0.5682080572  -1.1436478190   1.0395515481  -1.3896706655  -0.2269587479  -0.9263945363  -1.0039853206  -0.1204097833   0.1770951272   1.9818618135   1.2612704861   1.1895805715  -0.6058931253  -2.8786723704   0.0424674102   0.0212263051  -0.6863513098   1.0713286614   1.1341084677  -1.2394259423   0.1650638868   0.3359630857
-0.3465146551   0.4035122193  -0.2809634461  -0.3625605138  -1.0968587987   0.5621663695   0.3644686814  -0.7822560764  -0.8635764018  -1.0155793899  -0.7329311701   1.3779479636   0.1829843737  -0.8332306149   0.9116446175  -1.1783059604   0.0903473402  -1.9105881232  -0.0740525019   0.9561056834   0.3258491324  -0.1813513310   1.8295183699  -0.6670351394   0.2817771475   0.5432910570   0.2064086316   0.8644479740   0.4055874912   0.4048630589
 1.0654879164   0.6306839484  -1.3789274248  -0.4213595922   1.3601408313  -0.8176651393  -0.7772472344   0.4561015057   1.0895454457  -0.6177705862   0.4524412515  -0.1137053366  -2.3750436602   0.6899167449   0.4437267473  -0.7847545660   1.0943347883   1.5551072341  -0.0209382875  -0.6811051743  -0.3255369543   0.7618102299   0.0022855625   1.4306923900   1.5549537340   0.3033984417   0.1923581323  -0.6552468257   0.3217988206   0.1116100492
-1.4732184538  -2.0841636201  -0.1337236979   0.2283767766  -1.1231504950   1.4632338867  -0.5902137268  -2.9563780519   2.0752421497  -0.8273594012   1.7723668664   0.5388976251   0.2115160031  -1.4793815664   2.2341599204  -0.0175050019   0.9671764278   0.4231533723   1.2667889392   1.3231288869  -0.2043730371  -1.7077701018  -1.0392128999   0.1407592994   0.9651605337  -0.7512481717  -1.6507190368   0.0136406143   1.5501717154  -1.5938572871
 0.3034013172  -0.4038909772   1.6252232422  -0.4475208551  -0.3396424651  -1.9875557445  -1.2105273580   0.1753157342  -0.2400782372   1.6232594199   0.0416354471   0.2814078540  -1.3080551280   0.1090844012  -0.4827581169  -0.5308445714  -0.1432521505  -0.9541581049  -0.0122382888  -1.1773500498   0.3475679333  -1.3676156187  -0.0095687745  -0.5773023814  -1.4020150094  -0.6619667808   1.2644914643  -2.2874697466  -0.3040603654  -2.1140746345
 1.1704784186  -0.0492736368  -1.6303923442   0.8058596415  -0.6422157173  -1.7643918035   0.5596797500  -0.7893253215  -0.3763876283  -0.3338211985  -2.2019706736   0.4899634325   2.3160677568   0.1535632709   0.1299452340  -1.5760635921   0.6039430737  -1.1335749658  -1.2064806916  -1.0283024403   0.9669071550  -0.1420516253  -1.1447574843   1.1545338892  -1.9065812596  -0.6485734955   0.2998842011   1.5008152156  -0.9748031172  -1.6196587028
-1.9472081224  -0.4505661338   1.4767719829  -0.3791306055   0.4766015662  -1.2037352148  -0.1105119080  -1.0944761691   0.5807773339   0.2429360289  -0.9297267958  -0.2655304297  -0.4855537562   0.0362921963  -0.6709208279   1.3038671252  -0.4733715957  -1.1168191497  -0.1616501388  -0.4733678427   0.9819252979  -0.0848886363  -0.2621693847   0.5927088659  -0.0952169594  -1.0211601650  -0.6102407071   0.8988256284   0.6292170567   0.7358879186
 0.2549872035   0.3383644958   0.1933917505  -0.8699676147   1.0184500379   0.7824071149  -0.0385282783   1.3673760130  -0.9968176290   0.2052548023  -0.3741618907  -0.2762657770  -0.6203414608   0.2303931358   0.2125458060   0.1010544529   0.7168370639   1.1037642548  -1.0403595657   0.4076670283   0.2522973770   0.5991771785   0.3965194350  -0.7550778562   0.4265520379   2.2462487937  -2.8053513601  -1.7165373438   0.8684615834   0.3352973823
-0.2565842856   1.7185072427  -0.6442594864   1.4859373029   1.0384783224   0.3553919359  -1.4028337466  -2.0864226181   1.2239243660   0.6004547142   0.5336985001   0.5083215722  -1.9237834990  -1.1950180599   0.1502147520   0.1542466357  -0.1999704513  -0.8020768195   0.6750593883  -0.2441167846   0.4849785402  -0.1574088097   1.4105997420   0.9845750489   0.4290933535  -2.5311979901  -1.1386369521  -0.9494148299   1.7625227856  -1.0068452141
 0.3667705660  -0.3528617187  -1.0799556661  -0.5703263593   1.3547421495   0.6286353294   1.2114897674  -0.7141075351  -0.3654272693  -1.0624561632   0.0449337487   0.7797335512  -0.9912274850   2.4322059229   0.5342012167   1.0958278172  -0.0259540126   1.6160895674  -1.6701817884  -0.4077333584  -0.5432882681   1.3416818194  -0.0714952438  -1.0262978206   0.1107707913  -0.8801933028   0.4447886794   0.1398195161   0.4096111083  -1.2428823104
-0.9385500274  -0.5541725068  -0.1231244454  -0.3556854248   0.2682308304   0.7329846588  -0.0266016585   0.6268868276   0.1556053373   1.9446355307   1.8562278123   1.3535232697  -0.4997348436  -0.2358835939   0.6117714171   1.0027700523  -1.3866631636   1.5112007558   0.4817927046  -0.8881070306   1.8068559125  -0.4419315355  -0.0475393613   0.5929665313  -0.4158693714  -0.8272895245   0.6658430336  -0.9409089504   0.8680240741  -1.5835813566
 1.6777445617   1.3590008865  -1.7976080653  -0.8036479536   0.9944090790  -1.3549577581  -1.2018994996   0.9929943770  -1.2720220520   0.1079911929   1.1056918363  -0.7115109281   0.3064416135  -1.1511589545  -1.2185082983   1.0670149140  -0.4253637985   1.4784294133  -0.9323818770  -0.5105475441  -0.2455120965  -0.6514472851   1.2579204848   0.2024066851  -0.3753988441   0.2026372948   0.5046493100  -1.6492680764  -1.2860519477   0.0010395175
 0.3293111110  -0.5180263258   1.0788577454  -1.8146373900   0.0265925267  -1.6668551851   0.0418477375  -0.4047846547   0.2545046131   2.1207599153  -1.4946262039   1.0459470152  -0.6523184718  -0.5459799750  -0.6695556599  -0.0179235580  -1.4639391728   2.1466488975  -0.2994240376  -0.4964664030  -0.3506359519   0.0928062556  -0.1669607809  -1.2180728203  -0.0081305732  -0.1426917810  -1.8794480104  -0.4437937118   0.3114839853   0.8581758419
 0.8346681138  -1.0222508632  -0.0787390060  -0.4861700125  -0.0219783571   0.1082645844  -0.6068867949  -1.4542896013  -0.0398152709   0.1987073040   1.1555771769   0.6026284022   0.3972437171   0.1406892000  -0.1842136298   0.5652336050  -0.0573033380  -0.0348406930   0.8219524772   1.0051868238   0.8417928180  -0.7289745478   0.0029577624   1.7433686801   0.2457769697  -0.5914095711  -0.6927418113  -0.3179054220   0.3807759276   0.8329754203
 1.4533395263  -0.9123551533  -1.9619842130  -0.6339866113   0.7676223477  -0.7386546121   1.6759289792  -0.2828636233  -0.7890619714   0.3138792203  -0.1058145980  -0.2721928393   0.1865506697  -1.2861195316  -1.4766966876   0.1708869693   0.3959413436   0.8981239887   1.0515517263   1.9158900532  -0.5244287153  -0.6489656549   0.9998900985   1.0678710471  -0.0389092825   0.2711269694   1.3415103159   0.2866675186   1.3406251138   0.0815238836
 1.1469948587  -0.4607206054   1.2821182742   0.2773178194   0.7037306376  -1.8124254044  -0.2561012087  -0.3574663082   0.0227964911  -2.2976955952   0.9618287206  -1.3930966726   0.1037921945  -1.1966167964   0.2298797835  -0.2872700803  -0.1870047942  -0.3383199421  -2.4599916964  -0.5956111133   0.8604171779  -1.0758985209  -0.4329571854  -0.2348363236  -0.0443904183   0.4120541744  -1.1412023666  -0.1141154187  -0.3628151743   0.7262312103
-1.4106790272  -1.2194601769   1.5292162955   1.2649080858  -0.6260661573  -0.5261134159   1.6210362894   0.0792032696  -1.7294089809  -0.0797201750   1.0525326417   1.1432715200  -0.1058907907  -0.8738420215   0.2998835815  -1.7832486148   0.1071696274  -1.0826561591  -0.6348043317   0.4768381994   0.1650392625   1.1089604717   0.7626953586  -1.2363843413  -0.6503890944   0.0279772323   2.1970632334  -1.4631405702  -1.7239874188   1.7941060295
s2
-1.3961077068
 1.5581927163
 0.5223913629
 0.8262071341
-2.1976291050
-0.2717373678
 1.0399903324
-1.1453913734
-0.4261638980
 0.9028196940
-0.1563641985
-0.2736073141
-0.5964482853
 2.5729490396
 0.1039455534
 0.7951887440
 0.5966768661
-0.5763388913
-0.7212094405
-0.1095076100
 0.5606666626
 1.2291235243
 0.9072571387
-0.9311540559
 0.6564264432
-0.6249863368
-1.3603633806
-0.6903145517
-0.7959596698
 1.4429931034
w3
 0.5503634224  -1.8823750613  -1.7516947229  -2.0970443059  -0.0621633948  -0.8205991442   0.2747175458  -2.2392675644  -0.0991172690  -0.6763773250   1.6206075009   0.1305961896  -1.6442006284  -1.5424462154   0.7695523046   0.4657912162   0.0553769300  -0.8779320319  -0.5471953511   0.7887812740  -0.3382470535   0.8454092404   0.9844300517  -0.2158185732  -0.3069073213   0.1970464487   1.7137298665  -0.0056932184   0.9057317503  -0.0430256973
 1.2704092605   0.7566444719   0.8096154113   2.2740923745   1.0864491384   1.2456551904  -0.6566147989  -0.2150753648   1.5157343712  -1.4877034292  -1.9940066651  -2.2460461809   0.7554635613   0.5926460703   1.1625084662  -0.5463428861   0.8546390451   0.5553264715  -0.6006980514  -0.9174646819  -0.8155177508   2.0243296108  -0.7440017561  -1.3013358883  -0.7014488795   0.8135405152  -0.8319129076  -0.2348984476  -0.1184524983   0.9527689135
-0.0460292923   1.1228239466  -0.0272373477   0.5275516556   0.5852037887   2.5220741653  -0.3971429445  -1.4823569126  -0.6684573419  -2.2221229132  -1.4989936230  -0.7032895756   0.5222149213   0.7858547487  -0.3080813053   0.2325728135  -1.0650322106   0.5168958038   0.0673031699   0.0859442685   1.1084334343   2.5945418194   0.6555392933  -0.6635994146   0.5618165164   0.8660174368   1.8985499731   1.4759184171   0.4574678629   1.9064668597
-0.0731509577   0.5458851549  -1.0726859980   0.7757539071  -0.2395953060  -0.2875819874  -1.8372304754  -0.6663748157   0.2149918391  -0.2768930205   0.3001639785  -0.4942623841  -0.3851228452   1.8527691052   0.3333821652   0.2136668962  -0.2865916658  -0.3973685852   0.6594239150   2.1629527612  -0.2359124051   0.9884202911  -0.8080197670   0.4293323145  -0.1043807542  -0.4293683369  -0.5955395185   2.0268205209  -0.8334216891   2.0249689734
 0.0720160520  -1.0216158075  -2.2116795974  -1.4518361711   1.8808845147   0.2790513379  -0.3116047536  -0.2090673354   1.1645159068  -1.3442670782  -0.4382997149  -0.7048954556  -0.8114677725  -0.4122144207  -1.1423319032  -0.5265494943   0.9766850884  -0.1933330504   2.3811589891  -0.7999144116   1.2918589490  -0.6591881819   0.8477458783  -0.2108182436  -0.0323942888  -0.6967453988   0.6383424717   1.4355923340  -1.2727158074  -1.4278206343
 0.4826466336   1.7746918775   0.1636100167   0.6719421137   0.5294487301   0.7321558873   0.0791663898  -0.1079708683  -1.7272666553  -3.0817251988   0.2460961530  -1.0550423743   0.6958058310   0.7778990750  -0.5801964844  -0.4526954312   0.5078496253  -0.5347872955   0.7771378386   0.2879374559  -0.8946017359  -0.5834446706  -0.8121630454  -1.0197246418  -1.0301860227  -0.6410178106  -1.2336721641  -0.3572204563   0.1871098631   0.2096463291
 1.8014702365   0.3284656002   0.2505418534  -1.3271023609  -0.2877409889   1.5245866476  -0.3380135157  -0.7780655566   1.2207951871  -1.6333865490   0.1833036684   0.8231660633  -1.5327971220  -0.9697727102  -1.4092798630   0.0551120516  -0.2172965238  -0.5893983087   0.2016450145   1.1992719907  -0.1818153605  -0.7775621362  -0.3837650909  -0.4800587605  -0.5993078484  -0.3936291772   0.2585420148  -1.7425780601   1.5030439811  -0.2401286233
-0.5414707335  -1.8417621986  -1.0468001419   0.8170529871  -0.8033614923   0.3246607702  -0.1102786336   0.1380238978  -0.5013554101  -2.1948734166   0.3475473337   0.0040574320  -0.9698557397  -1.0220870718  -0.5811991925  -0.3615462537  -1.6898306276  -0.4378603147  -0.7404118415   1.1585832609   0.2568434108   1.2684528639  -0.3060749860   0.9310541281  -0.8898060665   0.0149209180   0.5139271541   0.2104302639  -0.5802830447   1.7873151898
-0.4452966596   2.2210299514  -0.4613468066  -0.1543612560  -0.9484943131   1.1607744785  -0.4253310248  -0.0053493092  -0.6499408056  -1.3064165045   0.9689587921  -1.9006762013   1.5161745113   2.3152875412   0.9862442499  -1.0647816648   0.9802692685   0.6395194775   0.3518854740  -0.7927533326  -1.4864973742   0.9237356556   0.8289124140   0.7066911596  -0.2723043705   1.0659833998  -0.1129330431   1.6773368170  -2.2633206076   0.3938967877
 1.9665948996   1.3419273925   1.3387814405  -0.2769490035   0.7983544367   0.8851476546  -0.0052301836   0.8847974714   1.2463744259   1.3501488775   0.6114674412  -0.7531945347   0.0068262877   0.5228444160  -0.0255994396   0.3994607022   0.9817406367   0.3614365733   2.4825877431  -0.0140107038  -1.0765958983   1.1596428453   0.2884951560   0.2636768982  -2.2783351402  -0.4091973244  -0.3850494704  -0.5962821921   0.6212268518  -0.6231349889
 0.3195314609  -1.2858023755   0.0647458394  -0.3759789180  -0.5700053660   0.2337697991   0.4058028975  -1.1499327719   2.5318104467  -1.0569309033   0.4158687533  -0.7666592569  -1.5412152983  -2.0966109452  -0.0566324567   0.1695910050  -0.0779429829  -0.5691813729   0.2257270875   0.8389378395  -0.5573570388  -0.0151658627  -0.1088951262   1.3335541171  -0.9625976417   1.1247737834  -1.1703301552   1.4913717765  -0.1745076639   0.7504178295
-0.4337396881   0.9960695482  -0.7445750887  -1.4540320741  -1.2036516907   1.8657932437   1.7615164209   0.5449101068   1.0353426477   1.3689965154  -0.7377426631  -0.9109079783  -0.4035704451   0.0088417600   0.7675361677   1.5349073198   0.5105591908  -0.7629421459  -0.5594164839  -0.5101169091   1.7363668458   0.2555421282   0.4803727927   1.2727484287   1.0055719649   0.3911271969   1.6106273559  -0.7682772505   0.2089751345   0.8260530953
-1.1971735664   0.1363211926   0.2268837878  -0.5337056192  -1.0575411609  -1.2786424838   0.3480686718   0.9761411565   0.0233160165   0.6842328022   0.2615609855   0.4592415907  -0.4343273428   0.7521936601   1.3045780993   0.4983990529  -0.5925573782   0.0529176604   0.3698176245  -0.7705589341  -0.1465986158  -0.0784017277   0.5688101363   0.0505911271  -0.9641319888  -0.4824228259  -0.0008686789   0.2929220628   0.7446762887   0.2069793907
 0.9475603390  -0.6347021132   0.2524235064  -0.8505003473  -1.4760660902   0.8975106984  -2.0009259738  -0.1616214625   0.0641418892  -0.6822742290  -1.3986772930   0.0845776849  -0.8617166376  -0.4178903803  -0.4728099085   0.1070907885  -1.6487513597   0.4006458033  -0.7192059931   0.2366703411  -1.7481560688  -0.8448493456  -0.2026841024  -1.8841418254   1.2588191931  -0.5412964333   0.3010606431   0.5212342794   0.0074208107  -0.0743741302
 0.5262847236  -0.4677583181  -1.0112216127  -0.4404300243  -0.0155254608  -0.2552288940   0.7470757718  -1.3829844116  -0.2942344927  -1.8421146536   0.1925286186  -0.5222646949  -0.1147813013  -0.5215778568  -0.0067722640   0.0382672830  -1.0131338881   1.6036839379  -0.4223973825   1.6612637029  -1.6080005035  -0.4398606725   0.4586646047   0.4946539540   0.3005042602  -0.0731202068   0.4629663912  -1.7390595841   0.2661600615   0.2649420861
 1.7087521845  -0.6044678345   1.8636141637  -0.4991569186  -2.3369056676  -0.1945349427   0.2420559027  -0.3238261995  -1.5398903899   1.2255895115  -0.1472904538   0.3938383109  -0.4442431203   0.1660028518   0.1389243838  -0.3569779675   0.6218609186   2.2157642096   0.0606425188   2.0618070765  -0.8997834584   0.9504927017  -0.7294045696  -0.5312897016   0.3204025500  -0.6281362843   0.1261172265   0.4132598260  -2.6575113990  -1.6177129177
 0.0974655698  -0.5666734405  -1.0442524986  -1.1672263989   0.5532758494   0.1696614107   0.3485552173  -0.5892737155   1.4127568519  -1.4409700096   1.4231190941   1.1201317087   1.1449324251  -0.3827945894  -0.7466812059   0.3817890479  -1.3649633445   0.0505383004  -0.0631555287   0.3129464649  -0.0175699509   1.1827933741   1.8518892278  -2.5755985157   0.2704354441   0.2463919721  -1.0912488222   1.9089561322   1.1655424199   0.4681321368
-0.3301708093  -0.1877877336   0.4519222649   0.8811772147  -1.4931660056  -1.3431537048   0.9580740093   0.5889402587  -1.0124721078  -0.6766271589   0.5354545866  -0.6294235811  -1.4828619708  -0.4600202383   0.8459549235  -1.3165631589  -0.0872697503  -0.6836326848   1.0406526438   1.3429070896  -1.3310812957   0.1633854821   0.5961276712  -0.2239424768  -0.7037144929   0.7869186309  -0.0097515460  -0.2752548767  -0.5554452806  -0.1750614870
-1.1745661255   1.6043636976   1.4135867098   0.7013339652  -1.3466218119  -0.9597537772   0.3497510026   0.5532789037   2.3652847366   0.6663446836   1.3764465068  -1.8922798477  -0.7223517893  -0.8341621892  -0.1073150468   0.6236149858  -0.3790999853   0.9783332649   1.1794686626   0.0880821994  -0.1629134807  -1.0072491393  -1.2002222278  -1.0122765738  -0.1877016203  -2.3419590137  -0.7353510787  -0.5556927745   1.4917699577  -0.2314430985
 0.1945985695   0.5773992522  -0.6062096553  -0.0169287533  -0.4713895437  -0.7077742010  -0.7256019551  -0.9964681111   2.0850132194  -0.0088322342  -0.0926413969   0.1661565838  -0.6458110288   0.3999061241   0.0184923694  -0.2270046364   0.5302249546  -1.1832171100  -1.0637848924   0.0736997080  -0.7819912187  -1.0243200130  -1.0629328142  -0.5182245994   0.5458638953  -0.5116967230  -0.0350556317  -0.3595836359   0.8117230268   1.1536297243
 0.2780396794   1.2145811840  -1.1505713947   0.3288241246   0.2835822589   1.1194029460   1.6444646801   0.4362239296   1.6463981060   1.8313847598  -1.2853531806   0.6717290132  -1.4024044433   1.7958293221   0.3495183756   0.9593407672  -1.4608966807  -0.4465291521  -0.5975127010   0.3364422174   1.3765907352   0.2597465696  -0.8766359689  -0.3683224230   1.6585079478  -0.9643390652   1.9011902514  -0.8508306441   0.7846074883  -0.2149110846
 0.5079725530   0.4337261173  -0.7762684312   0.9846326955   0.1911000299  -0.5236116294  -0.2458648440  -0.8324869035   1.6747507420   0.3700687895  -0.4399392243  -0.0377664915  -1.1570556202  -1.0161661360  -0.2531010295  -0.0291362150   0.6619941293  -0.2791234378  -0.1020846352   0.7707029639  -1.1067443486  -1.5741142048  -0.4687536984  -1.1610877422   1.2054444032   0.0541425753  -1.4379397249  -1.2724654865  -1.1902988235   1.8869505593
-0.9876900630   0.8641779743  -2.2705247229   0.1990560429  -2.1740872471   0.2323575606   0.1591293193   1.1392748089   0.9721835286   0.3661347650   1.5193544072   0.3447783535  -0.3922207307   0.0326818762  -0.0920337952   1.2958434909  -2.0522959266   0.6024775114   0.3700723629  -2.2045016942  -0.5029622627   1.8074128025   1.1002008510   0.5458265012   1.8073539160   2.5425542935   0.9539334660  -0.5104397236   0.5534894925   0.9058041406
 0.2982308089   0.5025785360  -0.1710742110  -0.7818663208   0.4911608687  -0.1750641815  -0.1353704355   0.0924226669   2.8504234675   0.6163520874   0.4192621535  -0.8178554934  -2.3868894540  -0.5588818221  -2.3428569970  -0.5763682229   1.6754519259  -1.5641299599   0.5246678100  -0.1454137096  -0.6609589164   0.5316224114   0.2505728891  -0.3466062973  -0.2036218843   1.1829662489   1.1575886191  -0.3653718135   0.4566866245  -0.9252954004
-0.3471554789  -1.1343494200   0.7511499425   1.5341974057   1.0639391803   1.1424030279   0.7466147619   1.9556489256   0.1538964963   0.4173406551   0.5533099544  -2.6944846094  -0.3797949236   0.2620494973   1.9452365436  -0.8809296835  -1.0418593640  -0.6829056491  -1.2923866874   0.3231209684  -1.7201267790   0.4249856223  -0.8516830246   1.4434587095   0.2865684838  -1.8709580026  -0.6305828161   1.1289171922   0.2589695814   0.2156810746
-0.5068602147   0.5086481126   0.2795550430   0.0873173408  -0.9296698081   1.3285882740  -2.6270984241  -0.1360088861  -1.0848635084  -0.9927554944  -0.6006259281   0.1899121063  -0.2504347959   1.1266568142  -0.2831910734   0.2432534242   1.1914752738   1.3118256167  -0.4450297349   1.1517738173  -0.0702601862  -0.2600633854   1.4032814127   0.0714634273   1.6148882338   0.3414425958   0.8893999161  -1.0641235888   2.0845081510   0.6473752532
 0.4053439312   0.7487277411  -0.2519342450   0.2966988451  -0.4003677120  -0.4447236184   0.3190519804   0.4621662809  -0.9485703863  -0.7364059826  -1.0385026051   0.5038625476   0.0432749958  -0.0123767069  -0.0627433702  -0.3935797381  -0.7234316825  -0.5662474940  -0.2627938661   0.6421968118   0.1266307086  -1.7963963716  -1.1718901006  -0.7798727201   0.0847180813   0.2959388738  -0.9042795377   0.1342122886   1.1608468178  -0.9943368687
 1.0357463625  -0.6252348414   0.7691988190   0.6484722295   0.7050714446   1.1117857351   0.5421009880   1.6975068751   1.5002930156   1.8711743253   0.6764948001  -1.1665240321  -0.2868902516   2.1866088895  -1.9049627000   1.5952876957   0.7284003806  -0.5609224143   0.0475681597   1.4572993126   0.0307020115   0.3863036087  -1.8677383551  -0.6928252562   0.6298460818  -0.8546458317   1.0917093466   0.4192432640   1.6535069599  -0.2025249013
 0.1845796420   0.1310504067  -0.6322208051  -0.4214916250  -0.8495882268   0.9222818814  -0.4287262404  -1.0770868032  -1.0622670472  -0.5432277325  -0.6650788440   0.9613954005  -0.1198385362   1.6717806001   0.3630901340  -0.8812700229   0.1019723616   0.3535705133  -0.1376356870  -1.4734906822  -0.7569406882   0.9592583665  -0.0524082893  -0.2345540754  -0.0530999424  -1.8420632468   0.0518888193   0.3511711830  -1.5881941094   0.2970619463
 1.1699893951   0.0559348250   0.2574477013  -0.1160097037   1.3933093599   1.2966911836  -0.4990226796   1.6477410734  -0.5745332341   1.3418825743  -0.9961738872   0.1999220120  -0.2786568459   1.7433254758  -0.6594737774   0.9668769325  -1.5038456448  -0.4499800240  -1.1447115975  -1.5183365737   0.2432708828   0.7924282859  -1.0831848973   0.1902396556   0.0015193383  -0.3049159885  -0.4768270239  -0.1120766088  -0.8419126468  -1.7256346562
s3
-1.4136127857
 1.5766903033
 0.7296012666
 1.2597503688
-2.2023322683
-0.2103223791
 0.8991541693
-1.3614322069
-0.2491447784
 0.7643437574
-0.1525237603
-0.2487417306
-0.3735612797
 2.4321331033
-0.0369179219
 0.5648574727
 0.5536469561
-0.5712421356
-0.8060213109
 0.0204711494
 0.4836647941
 0.9968937535
 0.9404916530
-1.1080566006
 0.3877345619
-0.2099456133
-1.3298728179
-0.7280296926
-0.6697935465
 1.4320006754
w4
-0.5314659854   0.3699982794   0.1574558389   1.8227140967   1.4527296904   1.4032855687  -0.6068189142   0.8756535254   0.9717059328   0.0885075653  -0.8513342889  -0.3251952607   0.1779239332  -0.2778329530  -2.5587997847   0.6500096580  -1.2042453110   1.0766359039  -0.9430565842  -0.1496128166  -2.1133563889  -0.2893137329  -0.4523993518   1.1562191341   1.2266312822  -0.9546061000  -0.8513975458  -0.6621618890   0.6191496820  -0.0683850024
 0.7979428398  -0.2647962969  -1.7341137200  -1.2119759215   1.1417740331   1.8300144594   0.2538752589  -0.4847544132   0.2305075431   0.4317237521  -1.2771991051  -0.6156572470  -0.4479102610   0.6643923540   0.9262016755   0.2180773959  -0.9016353294  -1.2413827922  -0.5392161346  -0.4706921639  -0.1564255423  -0.5168232380  -0.5328803646  -0.3483828230  -0.9010666611   1.3378039033  -0.5670310833  -0.1954500960  -0.0588130041  -0.5343728341
-0.4332652815  -0.4164784933   1.0674311142  -0.8708568575  -0.4290531993  -0.1091229280   0.9589506803   0.8340331154  -0.3599463649  -1.9084707191  -1.1403584556   1.9330383425  -1.5065038315  -2.5579374268   1.3523056481  -0.6427733430  -0.9615919440   0.2865265464   1.9635801211  -0.4999801287   0.6411692183   0.6987061017  -0.8369777327   1.0484918835   0.1757797192  -0.9135913996  -0.6235909553  -1.3418877035  -0.3655180699  -0.0025502656
 1.0292502335   0.0213497333  -1.1405311449  -1.4419191838  -0.0238653183   0.3218874469  -0.2855203490   1.7186714476  -1.2967151714  -0.5148059832   0.4422364530  -0.0427409606   0.0833205406   0.0645363445  -0.5618013619   0.1245856787   1.3508340595  -0.6059127491   1.7488493266  -0.5819923073  -0.6708550891   0.1167204125  -0.0072230220   0.0569324295  -0.6068792590   0.0015759853   0.4350007946   0.9810731597  -0.9257571267  -0.4854113144
 0.8407194973  -1.8716592585   0.2379198156  -2.2615191259  -0.4082837447  -1.7907613085   0.5217464985   0.7402108762   0.2146371844  -1.1990685493  -0.6439687159  -0.2517818211  -0.1633712325  -1.1281352423   1.0468017457   0.5915002366   0.4252269599  -1.3711225909  -0.4622834303   1.1580461416   1.0573080632   2.0651593032   0.0692967639   1.0945485617  -1.3532091370   0.8628168973   0.3964446618  -1.0171632941  -1.4548069769  -0.4433050693
-1.3141917641   1.6263869887  -0.7505313939   1.1093459673   0.1704152708  -0.0963226657  -0.2867614492   0.6475483294  -1.7253391411  -1.0358951499   0.0769177234  -1.2810548156  -1.3733764298  -0.2828541746   0.7961158009   1.9143832795  -1.2094832274  -0.5405108931   0.3535363969   0.2313449251  -1.1552429109   1.3955712787  -0.5919907086   1.0938599557  -1.1077788822   1.3569904817   1.8139727131  -0.3822098923   0.8777289585   0.9699051501
-1.0535750067   0.2044357203   0.4595189466  -0.4708076123  -1.6962948451   0.4188813191  -0.0555196097  -0.7358578944  -0.1941577854  -0.6520954656  -0.9039678911  -1.7452466819  -0.5576677584   0.4006210685  -0.0711100234  -0.6886097274   0.2997842671   0.6097779626   0.2986780000  -1.0258812155  -0.9144065243   1.1489307977   0.8183656309  -0.2841901752   1.4015483744  -1.2878567862   1.6090850150  -0.5938843555   0.3240326661  -0.4910522341
-0.0485335569  -0.2391010087   1.8187720317  -3.8721479912  -1.0697771984   0.4119720149   1.7649186356   0.4600409696  -1.4732297898   0.4756894449  -0.1805331160  -1.2609090805   1.1203679102   1.4028031267   1.1115957850  -0.1958536269   0.1579874194   0.2103324330  -1.5820315047   0.6460950348   0.9556539241  -0.4962314472  -2.1627170094  -0.7727955248  -0.0107859082  -1.5547470268   0.6683868156   0.9387547920   0.2938120145   0.1899925656
 0.7099767118  -3.0530358279   0.0178138198  -0.8677091324   0.9137145732  -0.8878079909   0.4351274530   0.7674632812   0.8970361360   0.0447286069  -0.3726196352   0.9157032352  -0.0591112185   0.8708629055   0.4974209684   0.2003469326   1.0485365203   0.6205036026  -0.0542502658  -0.5063284042   1.1762706185  -1.9707341450  -1.4423727014   0.2560398557  -1.2641721434  -0.4689501499   0.9445052521  -0.2936903795  -0.4509567444  -1.8504754220
-0.4895385499  -0.5068365039  -0.3242798087   1.1979973374   0.8798146963  -1.8723266572  -0.0271813093  -0.4593099837   0.5067368560   1.5975067384   0.2431401895  -1.0533411793  -1.6579370597   0.4660389947   0.2310789687  -0.1283695598  -0.5304389310  -2.5972824011  -1.6666485864  -1.0479310682  -0.8750353313  -0.2471187735  -0.5678578558  -0.2582232954   0.9222735046  -1.0510510006  -0.2612310596  -1.0982211191   0.5069688596  -0.0227050044
 0.8798327283   0.3600854609  -1.2732786564  -0.9108063833   0.3597975484  -0.7550417629   0.9585215257   1.4098010704  -0.2262289186   1.0650176671   0.6471081248  -1.5061361873   0.9762974987   0.3078287332  -0.2638486884   0.7644449283  -0.0825293650   0.2363968944  -0.0738731071  -0.8194195529  -0.0876925110   0.3332976602  -1.3867930873   1.1936140568  -0.6532887761  -1.9439463424  -0.5798267940   1.5732000534   0.8801114454   0.2456050265
 0.6907088235  -0.3107592921  -0.7332656010  -0.8810082647   0.2964237255  -1.4124551495  -0.0677148078   0.4627448110   0.3582353830   0.3299575105  -0.7752283529  -0.0457510585  -0.1199327800  -1.0314080886  -0.9830030346   0.6367022073  -2.4033309736   0.6675826660  -1.6970834778   0.5567403478  -1.5391784343   0.4646082142   0.9567409118   0.1251394070   0.0858287131  -1.1704696806  -0.8785458653   1.7321782368  -1.2305989166  -0.5110028634
-0.6568187608  -1.1141290446  -0.4533470656  -1.4243013549   1.1358184848  -0.3653987501   0.8262345777   1.1296343144  -0.2782815013  -0.5145171578  -1.7284260075  -0.1735716468   0.2587212868  -0.5173924320   0.4903860895   0.4934497229   0.0709408749   0.5469340065   2.2171844810  -0.2050099199  -1.1837562396  -1.2115754456  -0.1446441028   1.0702780869  -1.1452862484   0.1224768545  -1.0258095213   1.2261860729  -0.7498617022  -0.7337795159
-0.2468697536   0.7575763374  -0.6563952784  -1.0102567603   0.9999011673   0.1008657622   1.7557121816  -0.1991038447  -0.6061954852   0.0889816683   0.6212093525  -2.1182574071  -1.2005533743   0.8129464392  -0.7464601871  -0.5137908378  -1.2320351931   1.0666880268   2.0534555354   0.6309535018   0.3066816224   0.8998107216   2.0957069081   0.1600247055  -0.0051997422  -1.2462194183  -1.2171947061  -0.1361893793  -0.8287908050  -1.0099957205
 1.8754046649  -1.1999580080   1.7432049819  -0.5572003965  -0.6981286073   0.2625998936   0.5053992371   0.5887063511   0.4122975477  -1.5367873119  -0.6834443524  -0.1445121114  -1.0268243475   0.1035384260   3.0023111445   0.8825698463  -1.1865657209  -1.5970530072  -0.6752786153   0.9506333734  -1.5615208791   0.7673890110  -1.9305559628  -0.7568402262  -0.2831270338   0.9341869396   1.0707031437  -2.6759814515   1.3760043154   0.3152673499
-0.2083848429  -0.8405949604  -0.8133671230  -2.5369604637  -1.2426178218   1.4783739984   0.5958138706   0.7603823070   0.8975137407  -0.9284423574   1.6204954905   0.1473557587  -1.3296596794   0.8667384327  -0.0841228426   0.2685094390   1.0693254939  -0.6588939111   0.3388375596   0.4064996902  -0.1235731287  -0.0726462050   0.0087034419   0.6240634054   1.4569711817  -0.4993163767   0.3022057329  -0.3621945040  -0.9717039286   0.5790304909
 0.7110610408  -0.0770398052  -0.9769903897  -0.8645191410  -0.7547148628  -0.8167410064   2.3874011215   0.5423775080   0.3101245706   0.1561138342   0.5778372740  -0.0685863894   0.1073334625  -0.3209523447  -0.0764202680   0.2022386768  -0.8057177206   0.4606579891   0.4726716707   2.2509441625  -0.6247064139  -0.3197359106   0.9469240231  -3.0648607577  -0.6030170527  -2.3906092115  -0.2819185246   0.0657277282   0.1571866683   0.0031485297
-0.0494422104   1.0363434504   0.2687713955  -0.6950861728  -1.3839791603   1.0935795113   1.4516890307  -0.6855167842  -0.0995381144   1.5532384428   0.7233352526  -2.9861003817   0.1524513947   1.0949516339  -1.0072459343   1.6707017810  -1.4104524527  -0.5808008929  -1.4926418009  -1.9390825595  -0.6488362914  -1.7657337817   0.0152686371   1.5086140973   0.9103373053   0.7449326190   2.5240084896   1.1414637865  -0.4593674363  -1.3466717871
-0.3053318163   0.7065663003   0.6971552740  -1.0508864259   1.7159829900   0.2035754067  -1.7394961608  -0.7461241867   1.8709604417  -1.1516681382   0.2315090702  -1.9249854866  -1.4902602034  -1.0177436575   0.7896734103   0.2885603190   0.7921278537   0.3583237790  -0.8507470609   1.1889700480  -0.6405590911  -0.1366462627  -0.1856094174   0.7750985596  -1.1417642136   0.7015211520  -0.1226716730  -0.9680437364  -0.8332731357  -0.2073363789
 0.8950930327  -0.1891268434  -1.2546164747   0.6182479822   0.2097265159  -0.7612567414   1.5614054970   0.5465987539  -1.6203712700   0.0815426910   1.5233854046  -1.7677303419  -1.0395749684   1.5612028220   0.5083369132  -0.1380734192  -0.0854168672   0.0245959427   0.9841768554   0.4971349632   1.0701351639  -0.3708834085  -0.5499596885  -1.3722023731  -0.7940015742  -0.5344504363  -0.3335477615   0.5847153670  -2.1495447893   0.6615352458
 0.5807050525  -3.0909537001  -0.2373922467  -0.6347324357  -0.5567535725  -0.5846751724   0.3413813081  -0.5549123507   0.5292894246   1.0003575166   1.6378945471   0.7127386156  -1.1468493692   1.0774379263   1.1305200834  -1.8400036765  -1.3547084382   0.7714184700  -0.8422136004   0.3175301548  -2.4910974276   1.2279744714   0.0447185420  -0.4312395923   1.1079507449   0.0263027098  -0.6201455114   0.1840269661   0.3290485218   0.1615803250
-0.5596119335  -0.8714010239   0.4317376824  -1.8903056109  -0.2413789244   1.5256860156   1.7587086099  -0.2775502311   0.3976846432  -2.1789724868   0.2507948328  -0.1056831052   0.3478856837  -0.1141866418   1.2948451463  -0.6798546820   0.4580886213   0.6003283638   1.5944747603   0.3765234934  -0.5729027174  -0.5832718025   0.2927489937   0.7049233811   0.4591154387   0.4863529108   1.2107109645  -1.4687917053  -0.5401858231  -0.8201818127
-2.2825369203  -0.6324903940   0.3945521043   0.2495182682   0.2006696227  -0.2781498706  -0.8414067171  -0.8780038107  -0.6828965162  -0.9836217050  -0.6390343718  -0.5303208063   0.9007863451  -2.3106372223   1.3685245454  -0.2525102740  -0.8626483599  -0.8202076971   0.4476847636  -0.5322514304  -0.9358366451   0.1842040548  -0.1281577383   0.5058143115  -0.5840306051  -1.7086317617   1.8457779196  -1.2594641213  -0.9248223415   0.0156339332
 0.1582931090  -0.2134445096  -0.0708347267  -0.3038413330  -0.8474425394  -0.1639327436  -0.4728838245  -1.3318306136   0.6277385672   0.9592911677  -1.8922747767  -0.5125219658  -0.6969426295  -0.3282223991  -1.4965034911   0.6858033737  -0.7562612154  -1.8084068986   0.1568762577  -0.9014614087  -0.2251652984   0.0914032065  -1.2504623774  -0.7960870355   0.4838323503  -0.3925010394  -0.3065271836  -0.4663607272   1.2245515685  -1.8030865528
 1.3757308221   0.5188717395   0.0912552761   0.4632236182   0.2063912355   0.1437765272   1.1511543089   2.7180711243  -1.2815130359  -1.1170608196  -1.9336039968   1.4918946500  -0.0401479792  -2.4180389745   0.8188003542  -0.4961462977  -1.5420487684   0.3760548827   0.0846680653  -1.9587733761  -0.5261342404   0.8661434215  -1.5176657527  -0.2388127057   0.0518795058   0.4927102064  -0.2332056756  -1.1030889256   0.0600405554  -0.0864144293
-0.7165209894  -0.0289896637   0.7223775530  -0.6343258262   1.0283434928   0.1818945165   0.4537798876  -0.3459612842  -0.7372988071  -1.2064562924   1.4446024997  -2.2233527359   0.8411210295  -2.3629214616   0.1469604117   0.5765353810  -0.4068630777   1.0161054811   0.3359342534   0.1597296146   0.7073193622  -0.7383805407   0.3201632471   1.2826110518   0.5976940789  -2.3630523640  -0.5933252859  -0.2295567729  -0.9256347961   0.2940619681
 1.2746698443   1.4155788276  -0.1495087590  -1.1754432051   0.2205168014  -0.7166964133  -0.7056147335   0.0862541111  -0.6704806843  -0.6394576971   0.5112760210   0.5009256961  -0.1333138182   1.3735811240  -0.0486655540  -2.0625573087   1.9802748266  -0.5739420823  -0.1823371128   0.8628296589  -1.3687170229   0.2939069133  -0.1632218332  -0.3715672938   0.6773745853  -1.4943151106  -0.1567902797  -0.6963412154   1.9651127486  -0.2936505981
 1.0061250014  -0.3375690498   0.6630313871  -1.5219152256  -1.0659006951   0.4704348272  -0.3693853064   0.0246028515  -0.8559050390   1.5440744187   0.5996153764  -0.7407113465  -0.4289043372  -0.5637358594   0.2356502714  -1.2155994672  -0.4428604648   1.6643125785   1.2714306970   0.6223563131  -1.2069475457   0.5913419927  -2.2481753576   0.2128000070  -1.2591726117   1.0225695255  -0.7980818303   1.7737633563  -0.2408859255   0.3315276689
-0.5680306940   0.3895738105  -0.1544215926  -0.6426173644  -0.1577840959  -1.5292280671  -0.6366464124   0.3277416696   0.3232518036   0.0881569412   0.9145038900  -0.9204998170  -0.2261902285  -1.5181734449   0.5893558328  -0.1030006955   0.4885637855   0.1512029157   1.8338852791   0.2974307101   0.7740076556   0.4588524029  -1.1903668818   0.8230106302   0.8536158749  -2.0535571232  -1.0891461821  -1.2764236805   0.3974346340  -0.9669184529
 0.1335976020  -2.0992403738  -0.4394691243  -0.9138289622  -0.8397121313   1.3639184924  -0.4148893565   0.6544599782  -1.0374938183  -2.6538251419  -1.0215878620  -0.2126208297  -0.2306753855   1.0926193826   0.8346350246   1.8376764169   0.6445419847  -1.8529199801  -1.5183515360   0.0939124659  -0.3723210086  -0.6284542024   1.1686587268   0.1642690002   0.2962423932  -1.2361812457  -0.6713081945   0.5031710220   0.5821908326  -0.9029609020
s4
-1.6963036395
 0.9992039473
 0.5015179393
 0.0363605778
-2.3039188454
-0.2383101820
 0.8756501194
-1.0579477805
-0.5850377725
 0.5416523565
-0.3559747215
-0.3256982112
-0.8602530228
 1.9648533134
-0.0724249997
 0.2194035936
 0.0851071643
-0.9167960511
-1.0097359455
-0.0461122618
 0.2027573572
 0.9460806734
 0.6225808162
-1.1513245735
 0.3202898244
-0.8785461053
-1.6553500181
-0.9553867300
-1.0414447384
 1.1430127902
w5
0.2661517316  -0.0532851224  -0.0161760327  0.0675760311  -1.8478764646  0.2528422911  0.1455345811  1.5450142690  -0.4202805026  0.1706450791  0.2106034901  0.4839211528  -2.0712292726  0.1551985300  -1.8848477430  -0.1593405409  0.1351827980  0.2030121910  -0.0596312768  -0.1894085411  -1.5310291637  -0.3136259272  1.1560411685  1.5644686519  -0.0293051364  1.9750276863  0.3661673467  0.3600978341  -0.8782030328  -0.5456225119
s5
0.1273413307

