layers: 4
str: {2,30,30,1}
w1
-6.0255145558   2.5895905023
-1.8743116772   5.3204571951
 0.3832113837  -0.5845105262
 2.6516174399   4.9833143257
-6.4480795061  -6.6627094082
-3.5081499032   5.5322421908
-9.1191908471  -3.1322049264
-7.6721415489  -3.4734396901
-1.4023103031  -2.3834381008
-7.3751613530  -0.6986172539
 4.5566756588   4.9291339879
 1.1607117733   4.2665021368
-0.8106199177   3.2391801845
-4.7827639435   3.6296985467
-1.4641330133   3.1940134518
 2.5911450254  -3.4440695177
-3.6154804186   2.2442613936
 4.6945744280  -2.2386897011
 8.3740141824  -4.5772367086
 7.3966014223   2.8106334829
-7.9048946183  -2.4253341557
-1.5762342302   4.3152926301
 9.2938164665   1.6478581251
-2.3463639336   2.8457225708
 1.8754173623   4.4517072328
-3.0097585755   2.5415607219
-0.7480351697  -1.3378407445
 8.0991802569   3.3518549123
-3.6217749732   2.1041304206
-3.9395514295   2.1528328719
s1
 6.1782692306
 3.0764233187
-5.6983697161
-0.2346249156
-3.5123249076
 0.0871946938
 5.9183982012
-1.5156876107
-7.1452247091
 1.0002442744
-2.0454037213
-6.5041245165
 5.9924715145
 2.3787244241
-2.8884059211
 5.7815188965
-2.0774561874
-4.3595718593
 1.7999120109
 0.9684566096
-2.2864914936
 3.8941394363
-7.3214270923
 8.3282606510
 6.6450636405
 9.4422262091
-7.7251511896
-3.1709714268
-7.1244155468
10.4832439224
w2
-1.2596777648  -0.8770802846  -0.9836227310   0.8976748609  -1.6647693297   1.1481060060  -2.7508849775  -1.2178731663   0.7495527970  -0.6232461675  -0.2573136814   0.2892919709  -1.8995203204   0.4081285518  -1.2034903575  -0.9803811816  -1.1435846485  -0.1873779040  -0.6385543579  -1.1871648756  -1.5836562357  -1.7104648422  -2.7029602254  -1.8690896349   0.2386250830  -1.0483653873  -0.8787856790  -1.4346693950  -0.3066652557  -0.6902877596
-1.3154946817  -3.2746190376  -0.0194752348   3.0935151859  -2.9254765289   3.9620090457  -3.9498522743  -0.8246997309  -0.6567997848  -1.8226572832   6.6864369971  -0.2339145197  -0.0311729670  -3.5157440928  -1.4925848565  -0.1786388695   1.7243008771  -1.6470036926  -1.1201399824  -0.0422049199  -2.5976599456  -1.9474571169  -1.4113747521  -2.7553006845  -0.1921897916  -4.9148025608  -0.0223490939   1.0854814664  -2.1321344411  -6.2853484766
-1.7223388879  -1.1189218276  -0.3182301056  -1.3517328428  -0.0374450374   0.7188000457  -0.9658917602  -1.8249750519   1.7985742481   0.2928921979  -0.8834568478  -0.5117193685  -0.0104567011  -1.6551717936  -0.3886714424  -0.5709737329  -0.1724933623   0.3275380395  -0.9854446524   0.2654978607   0.0918858939   0.4881045911  -1.7558968309  -0.6342930074  -1.1018493966  -2.0474396076  -0.8743608427  -0.4168254282   1.6416616161   0.5610068003
-0.7575235419  -0.4160280132  -0.8129061457   0.5251653473  -2.1812748325   0.3942364515   0.0742189109  -1.3686034610   0.1152778363  -0.2134712513   2.0409248921  -0.7251535928  -1.1939062457  -1.5054218815  -0.9903454350  -0.3066960700  -0.3021554519  -1.2231944510  -1.6982625031  -1.7114972283  -0.2604398542  -0.1194396863  -1.3620968756  -0.1222181244   0.0595527399  -1.4223021469  -0.9928237914  -1.5955925069  -0.3104304931  -0.3953537436
-1.3445633935   2.9099368359   0.1656673729   3.3730977367  -4.0094840319   4.7268691417   0.9834962886   0.7013815786   1.8193592108   1.7109293707   1.6606378650   2.3572746643   0.8113647624   1.4332749473   2.7892473344  -1.6314006161   1.3242000202  -3.1157996248  -3.2095190829  -0.0285180353   0.1172005723   1.9645071894  -3.4413517019   0.4816974936   2.6757405638   0.3633161248  -2.4921963231  -1.0237861033  -0.2059275609  -0.2194736182
-3.4103183024  -0.5505563156   0.1106639448  -1.9013141273   1.0666617978  -1.1620589886  -1.2843894654   0.4022438317  -1.0439621378  -1.9640105397   0.0462743818  -1.1687554320  -0.4425429130  -1.2734895696  -1.3231745011   0.8875257738   0.6540769303  -2.4937414940  -1.4374504002  -0.0954844964  -0.7251668649  -1.0259322584  -1.4405767852  -1.5562226569  -0.3928772358  -2.8941194152   0.4364076941  -3.3367160827  -1.8585887046  -1.9138364821
-1.4171386859  -2.4783479684  -1.2693944500  -1.0400088486  -2.2194066621   0.0151426956  -0.8144719740  -0.3163199307  -0.3787887843   0.3162970765   1.7356814246  -1.4002835733  -1.1180311438  -1.3578771942  -0.1700696371  -0.0845621292  -2.6682851294   0.3954052659  -1.8608148277  -1.2158649561  -0.6774168010  -2.4338400808  -0.2306643894  -0.7968418096   0.8813589960   0.0584489687  -1.5221088403  -0.3472078319   0.5908562234  -3.7110236677
 0.7251017498  -1.3410656057  -1.2898779732   0.2084682051  -0.4163638222  -0.5699000797  -1.6974350202   0.2045876996  -0.1584885249  -0.1336132572  -0.2562141614   0.5965564083   0.8077027688  -1.7063229649   0.2852072489  -1.0110789864  -2.1294981957  -1.1040788210   0.4068661412  -0.0471387084   1.3533451952  -2.0932642774  -1.8373756740   0.6529985142  -0.6553685159   0.1147031020   0.8374334596   0.3857667673  -0.2251402415  -1.0840158391
-3.1046263337  -4.2067581195  -0.8073902263  -1.6310191953   1.2340184996  -2.4881518095  -1.7731037177   2.3412709229   0.2572402403  -1.4874026618  -2.6618946009  -0.1692115744  -1.5004803706  -1.2789356371  -2.5279374089  -1.1573109680  -1.5374636911  -0.1897022537   1.1023888621  -2.0112446518   3.2100898215  -0.0830919563  -0.2660843350  -0.9967248511  -0.0605732868  -2.8411333083  -0.6486332537  -0.5337566464  -1.1827696706  -0.8749996609
-0.4885067594   0.5283948250  -1.4523098372  -1.0781775304   1.9822741907  -0.3751669453   0.0745415895  -4.8189715052   0.1220213933  -1.0901354733  -0.0741873136  -2.2137015935  -1.2522752991  -1.9352443777  -1.6645177418  -1.0453198975  -1.9582189204  -1.4383026121   0.1777422618  -3.1468819880  -2.0001706509  -0.3940931112   0.1419179969  -2.9841503384  -1.5611336985  -2.0566920013  -0.7786350962   1.2044373893  -0.4308008391  -0.1012818665
-2.2617704221  -2.7126652851   1.3465753897   1.9475940156  -0.1940786248  -1.1993562192   0.9378962533   1.4062437494   0.2257103409  -0.4551944319  -2.7053307208  -0.0250374604  -2.0794500468  -1.0712649232  -2.6906504912   0.4283833937  -0.2508980383   1.9658542768  -0.3587496601  -2.8021647796   0.4897591895  -2.8247480699  -1.6735507450  -2.8252022367   0.0599859791  -1.9799558244  -1.6367131115  -2.5432620705  -1.3756885596   1.5064686971
-1.6584267754  -1.6751669902  -0.5400618191   0.8386864358  -1.2594866619  -0.7697704671  -1.6464402728   1.1130084300  -0.2829665933  -1.7568168455  -0.4963215194  -0.1296648322   0.1256706853  -2.0277884950   0.3739196997  -1.2552740442  -0.8389252971   0.5893229610  -0.4628235690   0.1703493569  -0.1244557660  -0.8753144449   0.3314994156   0.5006697008  -0.9818382983  -0.6723178334  -0.6429876512  -2.1186736156  -0.6786623878   1.3762569539
-2.6755029767   1.0604740225  -0.4691934750  -0.1589523224  -0.8463170207   0.7094730539  -1.7968277028  -0.4570481761   0.4119051205  -0.5406740734  -1.5933374305  -0.2886045513  -0.3685544835  -0.5301873761  -0.4768229525  -0.6702041973  -1.0350883442   1.3341530022   0.6793409624  -0.2489964856  -2.4951586743  -0.6268048375   0.0002327161  -0.5470385705  -1.3119694045   0.3808392634  -0.4189941439  -1.7847124066   0.0575829500  -1.8429776540
-0.8850528719  -2.0011667661   1.4278162630   1.1665381044   3.4819564015  -1.3972629602  -5.0005186279  -5.6281144507   1.2197559458  -1.1181512921  -1.7104330043  -1.1862195170  -2.7780874503  -2.9023595540  -1.2524841702   0.3824567758  -2.3311758363   1.2656821008  -1.7643465476   0.1064451681  -2.2019183086  -1.9302047907   0.9150666745  -5.8253851781   0.9956883724  -5.1906376462  -0.3294938140  -1.5549889226   0.5140749184  -3.6800589957
-0.6673096932  -1.3734814009  -0.8887340788  -1.1248059773   4.4794527722   2.2765559371  -3.1190472735  -2.8214193733  -0.1292682119   0.6254369545  -1.2399351553  -0.4932017362  -1.1551789819  -1.3305115539  -1.1412387160   0.6466485095  -0.4696145346  -2.1896546245  -0.6066251908  -0.4775711476  -2.2681463848  -1.8087453834   3.2462001165  -3.3346238956  -0.5989514488  -4.3722748369   0.1093518137  -3.9442418162   1.5143714413  -2.5310514086
-0.6719363807  -1.4003439168  -0.0204101573  -1.3377818886  -1.3772498872   0.1852028509   0.3287126867  -0.9884660459  -0.1292645105  -0.5283689883  -0.9296311298  -0.5354509926  -1.3436092871   0.0866541702  -1.0221877154  -1.2826681364   0.0614948416  -1.0300547083   0.7625873899  -2.5186336121  -1.3356364754  -1.5343999316  -0.2754295994  -1.6532182534  -2.5208545607  -1.1336049618   0.1350627161   2.0816429496  -1.1020621808  -1.3269092073
-3.2545231828  -2.5746392489  -0.0513125571  -1.8255811230   0.4435621378  -1.6658817182   2.7878815557  -0.0659460899   1.2458848196  -2.9755590274  -1.4519633779  -2.6425457724  -0.4451882474  -0.2248254378  -1.1628540221  -0.3252562596   0.0394971433   1.9185238657   0.5756517116   0.4968111159  -3.0517050137  -1.0700848310  -5.6082648731  -1.7052051721   2.8415488785  -1.5679651108  -0.7860663959  -4.6217844384  -2.0352723313  -0.3823559661
-3.2843486402   1.6034042162  -0.5483079163   1.8760932886  -5.5502945022   1.8859349217   1.8937090356  -5.2808115327  -1.0277552806  -1.6426401113   2.3975866517   5.4581028300   2.0811961215  -1.5753795135   0.7536727165  -5.4685593024  -0.3505876720   1.1097576445  -1.7233191094   4.9181789494  -3.3068340501   1.3765497536  -1.0110572522   1.1946477047  -5.6012989145   2.7375945009  -1.8048339688  -0.6710986422   5.1216118153  -0.8028852329
-1.4278584498  -1.6098384921  -2.7022205147  -1.2632772885  -3.8322283330  -1.0330136445   0.7571482064  -1.1988686314  -1.5960858200  -0.0527622859  -0.7509839807   1.7429463595  -2.8819996792   0.1514647396  -0.8488520551  -1.4097093915  -0.1481089036  -3.0291313952  -2.4600621345   1.5379046372  -2.1432711019  -2.0719686072  -3.2533878208   0.5603617796  -4.0481268553   1.0042038779  -0.9619056720  -1.8666396919  -0.3143698738  -0.3529944157
-1.4229734776  -2.0683425851   1.6570463481  -0.7318858551   0.0484902406  -0.2202024640  -2.4726047019   0.6633930566   0.9911264815  -2.1325360175  -1.0625837261  -1.4928187368   0.8238778938  -2.2666006019  -0.1369775400  -1.1605808351   1.7103658787  -1.2444708468  -0.0397348935  -0.6356044757   0.6507814397  -1.6623584798  -0.2637654944  -1.8700909838  -1.7822706577  -1.8929766061  -0.4560845997  -0.6373800101  -1.0505898462  -2.6347452062
-5.2339605614  -3.4243867320  -0.6579100784  -2.4914234009   0.7313031601  -2.0501192697   2.6457201119  -2.5447903260  -1.4176320121  -4.5116649545  -1.3648951015  -2.0059334738  -1.7188271660  -4.2845068430  -0.8464554064   0.5918027802  -2.1139229203   1.4724986878  -2.6909899466   3.3795904293  -3.6009094633  -2.1706735425  -2.7824130683   1.5872508444   0.2702180428   1.0220296578  -2.0482632587  -3.4189049338  -1.9429281187   0.4828174063
-1.6052724790   0.1765069244  -2.8997449519  -3.1485788515   1.4627558308  -3.9452295257  -0.9849102149  -1.9894648830   0.4836443191   2.6754978018  -2.1668204913  -0.1344648054  -0.7102900111   1.9650079982   1.4960436063  -2.7061745620  -3.1464925605  -2.8114991011  -2.6343101564  -1.1824447696  -2.6727928942   1.0824250913  -1.7093225353   1.0132125173  -3.6538992869  -0.7884052912  -3.0762116097   1.2333050801  -1.1665354320  -0.9440784148
-3.6580216237  -2.2512989475   1.2317469349  -4.4030407432  -0.0418901157  -2.8681784660   0.8034527174   1.6046457738   2.0831504578   2.2968312831  -4.2826851758  -0.4046521514  -5.2662689390  -1.0444356152  -1.0753750606  -1.3273898392   1.2058659172  -1.2840539998  -4.5570569354  -1.3135524464   1.0449221397  -3.2437034673  -4.2494310151  -1.4623747739  -2.3662285523  -0.7969178919   3.4386757958  -4.4230833283  -0.9140179172  -3.3480311266
 0.5992823052  -0.8689302005   0.2060616470  -0.3992120053  -1.3282167916  -2.0634840689  -1.8263169861   0.7322248030   0.7215567865  -0.1524784245  -1.1932157260  -0.6954244476  -1.5105716563  -2.5088275518   0.4010085077  -0.4022362729  -1.3730652715  -0.7532616859   0.1617280622  -3.7507501708  -1.0418688991  -3.4618908473  -0.0779757196  -2.5276941194  -1.0193717053  -1.1082737625   0.7755418761  -0.2923747004   0.1348474156  -1.5013966601
 0.0834209600  -2.2027711578  -1.4396109242   1.8048338386  -1.9069670749   2.2467426507  -3.4255839554   0.4723706561   3.0965785136  -3.1556969652   0.4739373117  -2.7598620969  -1.9921986599  -0.6439880147  -0.4386896959   0.2150152777  -1.4613494211  -3.1152326285   3.9952936969  -3.9398421828   2.3911247120  -3.3076253783  -5.1766717807  -1.1161604613  -2.2834932180  -1.4679701323   2.0257258079   1.4610139597  -3.2779703228   1.8081527928
 1.2762096926  -1.0900713930  -0.6791232660  -1.5091555235  -1.1884017742  -0.9288576036   0.0159974628   1.0682785836   1.6571592289   0.7653517455  -2.1301206362  -1.7273504434  -1.5748347239  -2.7539425769  -1.2852027066   1.4263436976  -1.7194340130  -4.9609307878   3.4167215518  -2.7949523470   1.7062212359  -3.9349438566  -2.8286186078  -1.4818612941  -1.2905027380  -1.4900570226   1.8538032821   0.0666572035  -0.0928010307   1.3377268642
-0.5556840908  -2.1520658568  -2.0480979326   0.5928133498  -1.3975273463  -1.8682410052  -4.4207796644  -1.6751432644   0.2089710960   1.1824709267  -0.8482281132   3.8739792418  -2.3907974423   0.9225292349  -1.9419158457  -3.9403425161  -2.1643290881   2.2629507043   0.3967273932   0.7956132364  -3.4983898619  -0.8082537072  -5.9317386835   1.8672720648  -3.0079391403  -0.0095329758  -3.5099571688  -0.9157984831   2.3566829842  -0.1630212714
 3.4465727138   2.8349458311  -0.3118119973   1.0371757756  -3.9471416407   4.0529922559  -0.4686202644  -1.1239618969  -1.2956213202  -1.0475816202   0.2580159805   0.7926847531   1.9959326639   3.4317722030   0.7264175977  -4.7659279080   1.3985225682  -4.0516169916  -1.1938713971   0.5936117523  -0.3164544499   1.4087957476  -2.4233530175  -0.8795943860  -0.5991045405  -0.7649063823  -1.0243377170  -3.8403433597   4.6633272603  -0.2940269502
-0.5578817452  -0.2985136127  -3.4070688506  -3.7947489637   2.1309795850  -4.1193984759  -2.8773324247  -1.6260807894   2.7501623298   0.9618145557  -2.3542143614  -1.3185054462  -1.0897169831   1.0479721669   0.0411116784  -1.9491607596  -1.5543812311  -0.0313587805  -1.2440946895  -1.7746193059   0.4654108106  -0.2896810618  -1.8625394490   1.0340839240  -2.7694396897   2.1659994321  -3.1923226780  -0.5653926169  -3.4845135005  -1.1551202116
-1.6052677644   0.5873830459   0.9193534617  -1.2567570325  -1.2984757058  -0.6752502613   0.2027062297  -1.9863211294   0.4613798655  -1.4891035872  -1.0281596214  -1.8458347610  -0.2642667579   0.0543388690  -0.2174298057  -0.3210871315  -1.7164618339   0.0694896958  -2.5038454093  -0.3699466422  -0.0724888221   0.6284001636  -0.2575839456  -1.7127514992  -2.9432177394  -2.8912155664   0.4520491123  -1.4826214193  -0.2339401575  -3.5364464639
s2
-3.7386961030
-0.3528582194
 0.0954384744
-0.5421778382
-1.7071315091
-2.3717593875
-0.0158488796
-1.6665569217
-2.3853462130
-1.3785655919
-1.4465522541
-1.1193843888
-1.7195328621
 0.6512604860
-1.5419555528
-1.1107657685
-1.4372421052
-1.2571648696
-2.0379204442
-2.1298190724
-1.9301491834
-0.1736128377
-1.5045232789
-2.6303439603
-1.6234169875
-2.3908323814
-4.4169815165
-1.6582290227
-2.3543800416
 0.8138921681
w3
2.9027002044  -1.7931324049  -0.1558328052  -0.9670701813  1.4290317178  2.6618315426  -1.6340407037  -1.0463861575  0.9339374332  1.0204584710  1.4236751117  0.9277418982  -0.7813387003  -0.7414906022  -2.0274937825  1.4373096972  1.6747826693  0.3994858300  -5.9052002901  2.0516423729  1.0830540275  0.3460943848  2.0646175401  4.1603074379  -1.2278950903  -0.7872750546  -1.0750734225  -1.3874272841  0.4027428565  1.1899487767
s3
0.2670416698

