layers: 5
str: {2,30,30,30,1}
w1
 1.8775577413  -0.4974427171
-1.1760643493   0.1556791287
 1.3508042013   0.2331638939
-1.7812542309   1.2228030071
-0.0681184752   2.0042594891
 1.3030418735  -0.8002130838
 1.3458827584  -1.0699449055
-0.8719800146  -0.6759331863
-0.1241230614   1.2289286238
 2.1008482221  -1.1048619829
-2.6120533283  -0.1986877809
 0.7697077582  -1.0447121982
 0.0238160561  -1.2334582861
-1.4052256908  -3.1026823314
 0.0301913853  -1.9801485164
-2.9890516053   1.6385399131
-1.9873073124   1.3340259709
 0.8169133422   1.3727574613
-2.1344854624  -0.8843773053
 1.3222701905  -1.0787337616
 1.7759555957  -1.9707587762
 1.3446147910   2.7321603910
 1.6431235476  -1.9462459995
-1.9594219437  -0.2263825872
-1.5664420503  -1.1600513871
-2.0944357100   1.6266239509
 0.0843317986  -1.1550566081
-1.3604940478   1.6947275654
-0.0484238976  -0.1533472875
 1.6500270814   0.6519726730
s1
 1.2044039703
-0.7989280161
-0.7200837789
-0.8158737296
 1.3271736520
 0.4301485170
-0.3268440623
 0.0345225234
-0.6551679701
-0.6953500952
-0.2592802550
-0.7618791033
 0.1276962465
-0.5458912779
-0.3148135355
-0.3095138573
-0.4694528676
 1.2773245962
 0.1548224664
 0.1965554992
-0.3703719758
 0.0652927420
-0.3714988357
 0.9618543966
 0.9685889166
 1.5154689636
 0.3913271797
-1.0711877852
-1.9146310303
-0.2066425580
w2
 0.9280165610  -0.1100904443  -0.2891689500   0.1730085882   0.9154960487  -1.1526020433  -0.6292947550  -0.6286622766   0.4723507255   0.8160129093  -0.1366455669  -1.0036824886  -0.6957406366  -0.1611668036  -1.3000564288   0.2971488379  -2.1540984071   0.7066806360   0.5379985061  -0.9047686091   1.6830721417   1.2654243448   1.7172438014  -1.8349200350  -2.2687538057   1.8482543126  -0.5812541506   0.3772907957  -2.3365365595   0.1755016624
-0.3862094749  -0.8753684439  -0.5845407011  -0.3251161199   0.5230781756  -3.1973084776  -0.2054127578  -1.9930210467  -0.4355636192  -3.1828025438  -0.1591258936   1.0867250589   0.2416731070  -0.5307451725  -0.6465594399   1.9370816714   1.4301357326   1.7003762433   0.2791442459  -2.1288129946  -0.2191380983  -0.4272446930  -0.2031700053   2.7124861643   0.5657995989   0.3595402592   1.0648831672   0.6881456282   0.3881448565  -1.1226994473
 1.9395242208   0.2252879115   0.6356696660   0.5678458617  -0.2080926879   1.0181546639   0.8124183694   1.5658612749  -0.8133283685  -1.0404038789  -0.7389842731   0.2603616727   0.6420831753   0.4033659831   0.0356288105  -0.3900878225   1.6869602528  -0.0153639303  -0.8640826702   1.2338506621   0.9161414721   0.4343070755   0.2368462901   1.0989341338  -1.4125065419   0.0921654154   0.9061968800   1.4181525755   0.3386620164  -0.3968333274
 2.4096707905   0.4218981103  -0.7749055429  -1.4583372906   0.8581792283  -0.6096995567  -0.2005042563  -0.6662506168  -0.1053802762  -1.0391170034  -1.0482392748   0.1208091249  -0.3247929301   1.2140858874   0.9777761613   2.2621669790  -1.0271574642  -0.8335569043   0.5438113216  -0.0440626138   0.8206540524  -1.7513648599   0.7868528710   0.5097310583   0.9954208322  -1.1598282895   1.4391872120  -0.9495193226  -0.5131067299  -2.1510709999
-0.4335336839  -0.3461107869  -0.9897645801   0.1891533841  -0.2613852733  -0.3070739213   0.2261979701  -1.5315357153   1.1373040080  -1.2229020913  -0.8409579464  -0.4782944403   0.1956006906   0.1504506021  -0.4871018782   0.2666035042   1.4272847668  -0.5295132398   0.6430183557   0.2819964266   0.7589614158  -1.3042808203  -0.1275378320   0.5371247240   1.1033940125  -0.0139058407   0.7877096949  -2.5849870046  -0.5516044011   1.3257616403
-0.2978213667  -0.5076946921  -0.3322252886  -1.6093036382  -0.3169470650   1.1530903259   1.1053217208   1.0808570917  -0.4818502461   1.1247300237  -2.7760409393   2.3600894285   0.1997817409  -1.3418080845   0.5785419704  -0.4210704650  -0.5086542129   1.8516006343   0.2883367595   0.6008874019   0.4486914071   0.1475847621   0.6157810954   0.2225545114   1.7162468867   1.3381848149   0.8666924539  -2.5560326159  -0.4936905679   0.3506610829
 0.5929948285   0.5084891526  -0.4370773270  -0.1983756195  -0.5991527599  -0.0956938431  -0.0449412877  -0.3899956480   0.4887535378   0.2641706715   0.0564782369  -0.7912052731   0.8388610149   0.8702585577   1.8830801767  -0.7808388797   0.6229108601  -0.1242756090  -1.0737503840  -0.4868331780  -0.4862143276  -0.2462948819  -0.2222656548  -1.0428333274  -0.6647191724  -0.5253218795   0.1353720567   0.4628497663  -0.4820722526  -0.8167993826
-1.1213436408   1.0003165921  -0.7039480598  -0.1863567142   0.0001271148  -0.8840348316   0.3310909737   1.0729203314   1.5047257277   1.8049506826  -0.3380276802  -0.5315218119   0.1645686340  -1.5561248165  -1.0360550785   1.3760040376   0.5305939909   0.6078061773   0.8953069583   1.1545096848  -2.6181301327  -0.0914885463  -1.3788975215  -0.9162988298  -0.5747288624  -0.5566620864  -1.5760559040  -1.0647959689   0.0755696230  -1.3976820159
-0.6177585009   0.1018675187   0.4090008326   0.7336108283   0.6595814816  -1.6551798807   0.4641579847   1.3504153106  -0.2422657220   1.3262195726  -0.3595897934   0.5058118253   0.6396860347  -1.0595971114   0.2106264915  -0.3502495365   1.0992328809   2.0395378113  -0.5430417894  -0.6937504152   0.1734617475  -0.0628150011  -1.4562209234  -2.1698634732   0.0643616538  -0.1816910019   0.0617964355   1.3423522279   0.9357807740   2.1258102924
 0.7612687613  -0.8505500989   2.0339501982  -0.7522970478   0.5335381222   0.4244193324  -0.6968399643  -1.3566733617  -0.6227195539  -0.6175574571   0.5705764449   0.0654097308   0.6471086489   1.2067335337  -0.2831472664  -0.5656137271   1.3103080331   1.3479702024   0.1181071313  -0.1634205400   0.2108558869  -1.2506775592  -0.4970147829   3.1208076334   0.5801333954  -0.8742936665  -0.5657526484   0.1122636651   1.2701205428  -0.0038768569
-0.8020246099   1.7804571462  -1.5476767926   0.0247709738   0.8543055041   0.5123933353  -2.4654305559   1.8216162228   0.4942443063   0.1685127374  -2.3937256933   0.9925255994  -1.7496723367  -0.0963103588  -0.5013635406   1.6260836771   2.1800846606   0.6772514798  -0.5108181400   0.9288437606   0.7232233027  -0.6440084747  -1.5682155905   0.2040910568   0.2596033123  -0.2065340062   0.6743009202  -0.8993111866   0.9934281082  -0.5536492864
-0.1237521781   0.8127006931   0.3880028208  -1.5488017882  -0.4470092699   0.2375919485   0.0331319859  -0.8521936653  -1.4477025874  -1.2180369662   1.2547749237   3.1762612677   0.5102873749   1.2903381039  -0.4064888579  -0.7724963612  -1.0232558994  -0.7672844858   0.1161419609  -0.0445592420  -0.9414780843  -0.3526899398   0.5337591682   0.0078712583  -1.1952538906   0.3771857526   1.6312247034  -0.1926656132   0.0717597218   0.7119972358
 1.2318186201   0.5187236708   1.9402383244  -0.3814619860   1.1095266927  -1.7385717950   0.0206249620  -0.2704640901   0.3031256370   0.7212120345  -0.3822068894  -1.5226905195   1.6270764124  -0.5512591301   1.2203454689   0.6974101509  -1.2689000494  -0.4147995281  -0.8738152689  -0.9369071778  -2.2423048248   0.3573944645  -2.4293317203   0.0406075255   0.3583498066   2.4898255008  -0.2541260635  -0.8167399430  -1.5093752159  -0.0411512118
 0.4807488770  -0.8222919934  -1.8971508622  -0.3094412939   0.5931796567   0.5657887622  -0.3009485448   2.0447801338   2.0195946729  -0.0731809309  -0.5109997024  -1.7514723438   1.7559056312  -0.2609450319   0.3979220159   0.0797727000  -0.0101916332  -1.4751354222   2.3331264921  -0.5508432510   0.5518899241   0.6663322271   0.4245817389  -0.5513328137  -0.0934030915  -2.0226669983   0.7294514631  -0.4439451625   1.2786833796  -1.0302847870
 0.5289479975  -0.8895365947  -0.7382811149  -0.4693833465  -0.4475122532  -0.3462149424  -0.5225114927   0.5504680059  -0.2111804681   0.0901670452   1.3055151654  -0.8639551960  -0.8464305204   1.0370224665  -1.7191341809  -0.1781476885   0.1140904700   0.6684967113  -0.5155276663  -1.7783229449   0.8333335329   1.3890224087   0.0792076339  -0.4605537975  -0.0440090958  -1.0143202591   0.2602964932  -1.3599590993  -0.8030506811  -0.2810368541
-0.9482687418  -2.3082224512   0.5764166600  -0.2380245995   0.7000010239   0.0640355169   1.6746681677  -0.1622814290  -1.4470394267   1.4709409350  -0.7384728075  -0.1733087847   0.6577850573  -0.2346465391   0.5923431479   1.0451197391  -0.6641878412  -0.5376738299  -0.6827950847   0.3519251910  -1.0035089262   0.1895929831  -0.9410607592  -0.0634651090  -0.7869795731  -0.9743041328  -0.6865039711  -1.0517332286   0.2372373628  -1.3439633962
-0.6923783746  -0.7976398315   0.2230615190  -0.9350623576  -0.5869514252  -1.0035843064   0.8461904084  -0.3446582664  -1.7185929454  -0.9465413543  -0.5159926936   0.9333369209   1.9645968952  -0.6979088495  -1.7726077999  -0.8747960221  -0.8279448691  -1.1609858145   0.1004065593   1.9554773280  -0.7945067271  -1.7392786603  -0.6901959287   1.7855838142   1.1731580031   0.2470099429   1.9757404119   0.4871286104  -0.5912217629   2.1752305992
 0.8881761280   0.9592125964   2.0622113261  -0.4368605804  -0.1392726577  -0.2531282222   1.4409217329   0.5211154761   0.7134500450  -0.3537024353  -1.4402434084  -0.4116319125   0.8303451604  -0.2988812891   0.6209095164   0.0115885967  -1.8601173268  -0.6109045217  -0.4766156103   0.5442981840   1.0191565796  -0.2742854578   0.3984885517  -0.3811849906  -0.5533715862  -1.0656672282  -2.2291827820  -1.6006639580  -1.0430641514  -0.4847237499
-1.1061264036   0.5067360745  -0.1609088583  -0.2681162303  -1.0398829017  -0.4661163384  -0.6020179226  -0.2702664451  -1.1025278027   0.2136287647   2.3129015153  -1.9847323059  -0.6908889908   0.1403181723  -1.2554314109   1.9060806755   0.1288019579  -0.1786385652   1.1617215874  -0.4347913860  -0.1675743144  -0.8238173328   0.9108120486   1.4131826337   0.1408377698   0.2379257872  -0.2019749978   0.1544467338   0.5045565086  -0.4398033648
 0.4648410876  -0.6203541765   0.2107546151  -1.3012892853  -0.2418100369  -0.8581547966  -0.1561694164   0.1809586040   0.4051881968   0.3646743465  -0.7039022768   0.3636393098  -0.0537147579   0.5399631613  -0.0264690139   0.4505396651   1.7720549442   0.2104159407   0.1958918683  -0.5095475003  -0.2288070041   1.2483502266  -0.6396716235   0.9955197627  -0.6294829313   0.9888344558  -1.2628167321  -0.7280889970  -0.3077960788  -2.2474863336
-1.8405453914   0.5961525499  -0.4384165461   0.2898081631   0.8750526245  -0.1817635131   1.5469594074   0.2556663508  -0.7286794135  -1.3690340644   0.6885764689  -0.8451463398   2.3486284800   0.0300081700   0.1261289267  -1.4469515886  -0.8604928543   0.8985826306   0.0477717241   0.5720705043   2.2675539246   0.3619136290   0.5321489407  -0.0802090134  -1.1494765860   0.3050178235  -1.6605208124  -0.6002827256   0.4620421694   0.0072129905
-0.6006011991  -0.2777803499  -0.4775106968  -0.9400513813  -1.7060093578  -0.7217971920  -1.2920573400  -0.5067807089   0.0265529810  -0.1997687783  -0.0179649287  -0.1181106721   0.9317146696   0.0333298648   0.4058860657  -2.0969687735   0.3734380920  -1.0559163639   1.0276626082   0.4743398365   0.0367541790  -0.6520945284  -0.4958323782   0.4507567052   0.2055290280   0.4573219146   0.3267775231   0.3186679024   0.9942722755  -0.8203733746
 0.4479401132   0.7189655148  -0.5702505286   0.8135624122   0.1239040293   1.5303917491   0.1905709262   0.5261497935   0.0558633720   0.8711239927   0.0966338457   1.0126438323   1.1037656896  -0.7014463550   0.2814032764   0.8412297107  -0.9347408163  -0.9196110960  -0.0071469320  -0.6921799102   2.1394430011  -0.1231217928  -0.4633202146  -0.1186534184  -0.6059127624  -0.5088406590  -0.4944830020   0.0693827909  -0.0086702898  -0.1023045746
 0.1789535594  -0.0446454429   0.7392389201   0.2591741969   1.0637610765  -0.1964131523  -1.4880029687   0.1651415018   0.5120241369   0.0182020595  -0.4422250784  -0.1411569963   0.8134203640  -0.0608974302   1.5335137424  -1.3052798132  -0.5735627759  -0.7444826619  -0.3460958852   0.2034248217  -0.9419556013   0.6134294475  -0.6519284449   0.1611147139  -2.4537409628  -0.3497888793  -1.9480640100   0.3768690962   0.6262274049  -1.4105215472
-0.6210884746   0.6133619822   1.0288023367  -0.2279680556  -0.1412218727   0.1820262619   2.2271836800   0.8922647671   0.1749410271   1.0137220123   0.3135164971  -0.4148177708   2.1203244809  -0.0138948848   2.1900051540  -0.9303196499   1.2741265266   0.8382115400  -1.1483103322  -1.7196951456  -2.3994662667   2.0401886458   0.6999102931  -0.2535203064   0.6399400280   0.7382277727   0.7134753026  -0.9138943753  -1.1246463545  -0.9854862974
-1.1914956454   1.4119614988  -0.9504564860   2.3214162821  -1.5617265504  -1.0129754116  -0.4391983711  -0.9977046977  -1.4149037739  -1.3981668210   0.8001491474  -0.0298977613  -0.1359847308  -0.6001037796  -0.3821721861   0.4888744052  -0.5678259392  -0.2778300106   1.1283631009   0.5393401857  -1.6680575672   1.6037340703  -0.4849176490   0.2665766100   1.4655885368  -1.9969266294  -1.0774922074   1.5911016830  -0.1578910034  -0.3044069048
 2.6222115128  -1.7934374274   0.3087956655  -0.1215877473  -0.0578857186   0.8364706980  -0.5727658798   0.5097475564   0.6221714432  -0.6050480707  -0.5800753231  -0.1019015360  -0.1878924374  -1.6801685496  -1.6956064150   0.3861521509   1.1805980761   1.7522644276  -1.1795654561  -2.4770586287  -0.1872059532  -1.4650303299  -1.2832239280  -0.2090173295  -0.3782084436   0.4999571919  -0.3195849843   0.0621563437   0.4751083322  -0.4252658293
 0.1594335167   1.2866424167   0.8243865817  -0.6882892783   0.0072330591  -0.2339573792  -1.6969043902   1.9095528863  -1.4331946457   0.0325382758   1.2360713438  -0.3592941424  -0.9235698423   0.9625696584   1.0206921686  -0.8205471510   1.0457078538   0.6450613302  -1.1656073813   0.3125034102   0.1266658884  -0.2505935105  -0.7859011131   0.2865981672  -0.2343942850   1.7965065609   0.7478724082   0.0438259906  -1.3213119977   1.2307213389
 3.4725628468  -0.1677798271   0.4356482430  -1.3860741981   1.0624166043   1.1769234156   0.1650307601  -1.1911538534  -1.4627349625   1.4335703777  -1.1204217386   1.2445311323  -0.1930202454  -0.2411903642   0.0184881447  -2.3846946215  -1.2701770412   1.1183015694   2.3247799797  -0.0847707838  -0.0630252650   0.0602271340  -0.9114593363  -1.2047022151   0.7003886868  -2.8974418080   1.6849783795   0.2698316042   0.4925997318  -0.5826446757
-1.2754314387   0.0946179839  -0.0272499936  -0.5599123144  -0.6390868829  -0.3439602670  -1.0054014097   0.9220771241   0.2377432579   2.0360046835  -0.3977480219   1.0598213239  -0.5790507383  -1.7429367919  -0.8914341778  -0.1855631969  -1.0542938173   1.3884863052   0.1416651080   0.3920317440   1.4670330702   0.8867439832   1.2131263693   0.7158969024   0.4893117920   0.3904223811   0.1577051164   1.0989145096  -0.9333520637   0.8478216394
s2
-1.6323208444
 1.5737398510
 0.7388227796
 0.8278288958
-2.1960580983
 0.2465719766
 1.5423614888
-1.1775669427
-0.3599991644
 1.0654606283
 0.1230215431
-0.4438865705
-0.4398166929
 2.4115528076
-0.3018091432
 0.8105857785
 0.5756935901
-0.8074561213
-0.6264856030
-0.0675865139
 0.3658767950
 0.7101944299
 1.3743260349
-0.9967552044
 0.8023063866
-0.7225035867
-1.4684933925
-0.6550797916
-0.6743141561
 1.5107965253
w3
 0.6868651880  -0.1866256803  -1.0804976783  -0.1080463766  -0.6032293800   0.1311058636   0.6806988449  -1.0649417396  -0.4162568058  -0.4358447054   1.0583444862   1.2977406967   0.7895272993  -0.5693280877  -0.4849690343  -0.8140546807   0.4548587436   1.1327362205  -1.0201223313  -1.0727485920  -0.6977112135  -0.2923533813   1.1891793924   0.1781210080  -0.4298883657  -0.5695511163   0.1555168476   0.5010869106  -0.6744569858  -1.8702103046
 0.4948505755   0.2027504508  -0.4809769602   0.2364376291   0.7097244474   0.7185114183  -0.9322761028  -1.1492630088  -1.2795488224  -0.6722370457   0.0336268818  -0.2699347763   0.8347314365  -0.7164914478   1.1968558133  -2.2082556915  -1.6822989548  -0.5648630810  -0.2913826566   0.0311767510  -1.7640173045  -0.0174845692  -1.0625241632  -0.2663527950   0.3325790573   0.2197765776   0.0439967533  -1.3568738667   2.7738754385  -0.3495168395
 0.8740365306  -1.6564907728  -1.0976399661  -1.8982643735   0.0033741496  -0.3777271944   0.2965357213  -0.7561090872  -0.3161820707  -0.3974885173  -1.5941638197  -0.2569056227   0.7011585159  -1.0943404831  -0.0801173964  -0.6468848496   1.5623409387  -1.6823677378   1.2190407312  -1.1364088936   0.3733367323  -0.4219308027  -1.7647390381   0.2220421055   0.3664429228   0.2560701878   2.0268276673   1.3409385239   1.2287904628  -0.1776770252
 0.0968840578   0.4500223590  -0.4223999516   0.0758381741   0.5864063171  -1.1396637658  -0.3784019881  -0.6328814895   2.3966564136  -1.6981604339  -0.8070161207   1.4278983688  -0.1490151426  -0.4267607912   1.0781467982  -0.1730166261  -0.0333689003  -0.9917408196   0.6717767982  -0.3280183989  -0.4691925535   0.2532709503  -1.0414694655  -0.7317044460  -2.2769341788  -2.1635116756   0.1920207092  -0.0762586540  -1.8495066448   1.0926823358
 0.2284692143   0.7326560120  -0.7474606115  -0.2149812216  -1.5605316539   0.0914644740   0.0373206461   0.1649899016  -0.6772420626  -0.8254730912  -1.1507968908  -0.9974614453   1.8863145520  -0.3998594241  -1.0777317448   0.9763749930   0.4898792384  -0.4592031082   0.1083977749  -0.0076788396  -0.0793021703  -1.1273596349  -0.7589566453  -0.1268975354  -0.0155863930  -1.8205527740   1.0624113375  -1.8900795655   0.1028387152  -0.1352560340
-1.1408113539  -0.0120086732  -0.2689574337  -1.6638514238   0.7940121572   0.4041092230  -0.7782220345   0.5348889537  -1.0671041699  -0.5110348664   0.5652973163  -1.9489158355  -0.4931377055   0.6352454762  -0.9835638155   0.7840157846   1.6927117686  -0.8530044760  -0.2954472664  -1.2029771936  -0.2647378701  -0.1262003677   1.7968888716   0.5040505342   0.6187030484  -1.5336985520  -0.2564631681  -0.3969980879  -2.0803304433  -0.0555016901
 0.8353020922   3.3271922384  -1.3906418560   0.2844201496  -0.0412077715  -0.9430444723   0.0885095827  -1.4857747444  -0.8149745719  -0.8149085339  -0.1148061819   0.7798728495   1.0070981411  -0.5381358172  -0.4565231359   1.2036231279  -1.9221749669  -1.7905527219  -2.7982928445  -0.7084023070  -1.7619175272   0.0470637604  -0.5189886257   0.7890175519   1.9981026623  -0.9142488001   2.2189581945  -1.1958228429  -1.7007517830  -0.6209148680
-0.7428855132  -0.9334660900  -0.5908570881   1.1160043513   0.3249793814  -0.9386990659  -0.1335215543  -0.9630747301   0.1873569401  -1.0853431908  -0.9937963271   0.3830051266   0.5028430275  -0.2906878044   0.9561148287  -1.0329264806  -0.4676455023   0.8016376809  -1.0442955385  -0.1659356769  -2.3632922630   1.2091681806  -1.3017932846  -0.1437264551   0.3439972378  -0.8578804207   1.1518069713  -0.3389857601   0.3841015319   0.0269745016
 1.0799881685  -0.3925167808  -1.1073317872  -0.5937285241  -1.2242244283  -0.3550428634   1.3454551004  -0.5435942117  -1.3449573225   0.6369965057  -0.4232713515   1.8611122325  -0.8396132561  -1.2951334784   1.2160384380  -1.0129715510   1.3715605232  -1.7357585843   0.2970264158  -1.3407110100   1.1265487039   1.0235944823  -1.6515178811   0.5509166126  -0.6418605463  -1.3495155551   2.0515169139   0.6331329217   0.0228667411  -1.9474625898
-1.4031572529  -1.1038373832   0.2261757607  -0.4589970922  -1.0312809520  -0.2663243135   0.5264187468  -0.3901252760   0.2111882407  -1.4674175470  -0.7578862771   0.6064934871  -1.7422902996   0.1689992272   0.8994088468   0.8573840594  -0.5435412045   0.0315343143  -0.0452274760  -0.9671752057  -0.4576456198  -0.0577956640  -2.1734209393  -0.5277566383  -0.0261353610  -0.8521540296   0.2077898424   0.4247825580  -0.4863540742   0.0142515818
-1.1767671395  -0.7404150504  -1.2774040011   1.1298764266  -0.7971635708  -0.2041774173   0.9824844756   0.4701809856   0.5994961230  -0.2879689244  -0.1901468523  -0.2194898837  -0.5990837309  -1.0101320727   0.8327799214   0.6636286014  -1.5378769448  -0.4380022979   1.9250593694  -0.3517856538   1.1167170210  -0.2242676193  -0.5237927204   0.5943797876   0.1500560134   0.0447357673   0.8222111231  -1.6532765342   0.6734800992  -2.1940314052
-0.1915958643   0.2488240425  -0.7281324436  -0.1514543873  -0.0665752595  -0.6002915151   0.0073811032  -0.7415103149  -0.2687581742  -0.2005774849  -0.3209661487   0.5903314587  -0.7418653526  -0.7962925851  -0.9128652960   0.7553949822  -0.2613575526  -1.1268277946   0.1667808699  -1.0035685433   0.9038644398  -0.6560844867   0.2993005238  -0.6054254705  -1.3211663911  -0.5066169923   0.2989769821   0.6546503015  -0.3834322084  -0.4489126752
-1.2751251516  -0.7295463680  -0.2564933664   1.2081321648  -0.0560095013   0.1296315418   0.4828082782   1.2817472253   0.1994774388   1.2300713767   0.9792675393   0.1164779188  -1.5360024738   0.1676136158   0.1160227027  -0.2393197505  -0.0420548794  -0.3240598554  -0.7790703363   0.1980895290  -0.5731470637  -1.6503859359  -0.8582549449  -0.5865866511  -1.6566215248  -0.7022081540  -1.1240581965   0.0807564876  -1.7587046598   0.3257393283
 0.2802430599   0.2422355154  -0.9498712329  -0.1667273164  -0.9351024561  -1.1814264766  -1.4782246760   0.3965770159  -0.4040743518  -1.6592011160  -0.4354660317  -0.2850606944  -0.5722654004  -0.0481799921  -0.3109928298  -0.5160871791   0.3110429309  -0.8246908207  -0.3415452102   0.4545804819  -0.3607796049   1.8053450743  -1.5688778240  -0.6595124554  -0.2645098792   0.0019837008  -1.2096753658   1.0926964683   0.2625129524   0.1621986878
 1.3906787389  -0.4571308711  -1.4894730306  -0.2977395879  -0.4652654422  -0.3644339954   0.7435296851   0.5558366952   0.5662273447  -0.1750215753  -0.6514725767  -0.0218108586  -1.6944370300  -0.1345575495   0.3224708271  -1.2822022397  -0.3829442030  -0.7252691941   1.6958025426   0.5431389771  -0.7037473981  -2.1464787179  -0.5872774011  -0.4447833684  -0.6111184432  -0.6347899758   1.3757032982  -1.0488743008   0.7846109953   0.3379126065
-0.9607308468  -0.8271365294  -0.0118244068   0.0146160336   0.6605308423  -0.6863423494  -0.0812963892  -0.5743029772  -0.7024040956  -0.7794145349  -0.1432263828  -0.5184399314   1.2710696946  -0.8699986167   1.0260117494   1.4727684940  -0.9303222907   0.7857333602   1.4711412267   0.3163000304   0.8399112368  -0.1585918816  -1.1629251376   0.0495482435  -1.2123518781   0.0092686163   0.3418177355   1.2141998996   0.6438089255  -1.1424270505
-0.2279431057  -0.1334349118   1.4629061824  -0.5046569229  -2.2546217176  -0.5845180941   0.1102173130  -0.8108127989  -1.1982895647  -2.1298122613  -0.3571362832   0.0361743179  -1.0431279855   0.1787260969   0.5239392046   0.5964845163   0.2803017344  -0.3836021544   0.6716093177   0.8772434809   0.2865342083   0.0433775398  -1.3838319798   0.4925784673  -2.3433414801  -0.2135980006  -1.8450648426   0.6006928600  -0.6784374563  -0.9000085212
 0.1634912004  -0.9440330709   0.6779467942   1.0290587804  -0.7518924933  -0.2507919946  -0.6959678069   1.5418385886  -0.2970805098  -0.7999619060  -1.3751926693   0.5657221205  -0.7574749461  -0.0407346445  -0.3393529768  -2.1532221367  -0.1569778543   1.5747542777  -0.0354483792  -0.1438326460  -0.4016805244   0.3209546294  -1.2302859877  -0.5785005217  -0.6025500183   1.2389070384  -0.9221132318  -2.6246238723   1.3528400792   0.5473776100
 0.8583046287   0.3602792455  -0.3719992941   0.1295455763   0.1180179516  -1.9922956107   0.9879593120  -1.2516852796  -1.1139752740  -1.2171088821  -0.0176015042  -0.3019936679   0.0417655426   1.7083024164  -0.2794386887  -1.8347602050  -1.5336810990  -0.8735322927   1.8185341009  -0.6119368789  -0.9520606364  -0.1957272301   1.4090764883   0.1747561415   0.7480143401   1.1512717912  -0.0450252411   0.3850562142   0.0313927006  -2.5614947095
 0.1067815204   1.7654842056   0.3527359844  -0.1449537683   0.0262863703   1.0863986343   2.6946480144  -0.6887588407  -0.7688456484   0.3363254700  -0.4705374275  -2.1435154856  -1.3388114801  -0.6660695738   1.0882661405  -2.0674651721  -0.0831812473  -0.9320211193  -0.4293610986  -0.0896852100  -1.4714566076  -0.0093367479   0.0035879682   0.5236746504   0.0535946938  -0.3420196520  -1.5475805799  -1.0523272929  -0.5738399355  -1.0555647105
-1.0797186068  -1.2595415795  -1.2508399719  -1.0884360923  -0.1352747732  -0.2838924275  -0.5017696731  -1.2516485318  -0.1716548484  -1.2491186573  -0.8752700763  -1.6389037684   1.6110842862  -1.0066254999  -0.2755187527  -0.5694674599   2.0536797211   0.9908180066   0.2383436463   0.6531019201   0.5224711845  -0.1101848301  -0.5486679879   1.3325929440  -0.5941305024  -0.2559721356   0.3759698339   0.2925508071   0.1677536296   0.8868493604
 1.0990990102  -2.5578255917  -1.3554646747  -1.3146385111  -0.2767121646  -0.7989777417  -1.8008273518   0.5716618387   0.7205455702  -0.6307163691  -3.0778687783  -0.0957525555  -1.4355630403   0.0420174420   0.7500869422  -0.1496769689  -0.9534790696   0.9115905791  -1.6668058837  -1.0707989037  -0.3981302615   1.4994777712   0.2831876338  -0.3701877561  -1.4166481652   0.3121872646  -1.0589226596  -0.7069162127   0.9883793734   1.0702131181
-0.7736778967   0.4777328092  -0.0198461169   1.9438290246   0.1524176759   0.4050791744  -1.0372310140   0.5929483375  -2.3492832426  -0.8603940898  -1.0183926148  -0.3305422307  -1.4100011557   0.6089785352   0.9421493713  -0.1724456641  -1.5984046952  -1.6214889163   1.8955345859   0.1321905598   0.2021597806   0.0096938647  -1.4717470435  -0.6284827174   0.8609019522  -1.3018327861  -0.6839264028  -0.1520954531  -2.9888668826   0.4088163495
-0.6024305403  -0.1171501958  -2.1909400853   0.2911696032   1.4066430378   0.0134852664   0.6195814735   0.0225114325  -0.1093780287   0.0404587513  -1.1393300138   0.3279901544  -0.7435753181  -1.1320701277   0.8266219507  -0.3657057109  -0.7732067666  -0.2803318011  -1.4468354103  -0.6663293804   0.3277733312  -0.5867928419   0.6103633471  -0.1773644014  -0.0750675848  -0.4830760880   0.0549504028   1.1480669298   0.2175035602  -0.0372028421
-0.6934708480  -0.7203950763   0.0394073261  -0.8501185824   0.2457183451  -0.3349755937  -1.0215253637   0.0346674619   0.6191572775  -0.5817246580  -1.0083203078  -0.7316598495   1.7315648407  -1.5184942783   0.5207329255   0.4133702816  -0.0769129309   0.2201197537  -0.4750218586  -2.0872988849  -0.2858226224   0.6773781692  -1.2924098319  -0.3035144004  -0.1494730967  -0.9920253920   1.2192218920  -0.0296494347  -1.0884694314   0.4922684602
-0.5590339560  -1.0056820496   0.2250119759  -0.7474957111  -1.2791971901  -0.6177431227  -0.6875913764   0.6469048561  -0.8393116919   0.5926458158   1.6443460612   1.2239777927  -1.4845864027  -0.7750417273  -0.7630616507  -1.5024803700  -0.4131363562  -0.3637577009  -0.8245369441   1.2308829830   1.4087867503  -1.2237680429  -0.7751712667   0.1508717247  -1.4088626460   1.7952584908   1.6640915538  -0.8325031126   0.6152695428  -1.0080377899
 0.4126514525   0.0385019261  -1.1175219753  -2.0906034168  -1.2941551418   0.8229785502   0.3051216904   1.9750764533  -0.6826141929   0.9245587546   1.8430904798   0.3137630330  -2.3497147708   0.0510533648  -2.5991745290  -0.1051646176  -1.3883825786   1.5627538836   0.6737732834  -1.4365463467  -0.4645187846  -0.5907496912  -0.2170540815  -0.5776209795   0.2299015240   2.2361755695  -1.4775622712  -0.2779057311   0.3802104523  -0.9674587652
-0.3647532264   1.5661209848  -1.2900366310   0.1444297357  -1.0731419414   2.2377858517  -2.6271321116  -0.5378431544  -0.8985407463  -0.1257062456   1.3675800791  -1.0753708810   0.6724823617  -0.4999063596  -0.6777579520  -0.0276361766   0.5868034264  -0.5626921623  -0.4184210639  -0.0319471392   1.8915011738  -0.8241928380   0.5183318947  -1.3422101673  -1.4366751234  -1.2535737902  -1.2693505781  -0.3726737985  -1.3575999475  -0.2822390678
 0.8984373256  -0.4680282116   0.3861293010   0.0561729747   0.4722070078  -1.3210751066  -0.6939534130  -0.0795014461   0.8156723373  -0.4126870345  -0.6255507842  -1.2084894153   0.7244820876  -0.5366347545  -0.0772917139   0.8243841835  -0.3240905018  -1.7089111895  -1.1199847412   0.1177867501   0.9992041058  -2.2115988965  -1.3995398183   0.7524824409   0.1686481723   0.1218621787   0.6628112332  -1.0058642823  -1.3436385827  -2.1439138741
-1.2929624804  -0.2126617355  -0.6558289216  -0.1287255674   1.7804458632  -1.0508455721  -0.9773001370  -1.1516930902  -0.9801087018  -1.0042817419   0.8536119819   0.6191998041  -1.2712980437  -1.1405306368   0.8489013788   1.2966543719   1.6308445983   1.8096959525   0.9666928583   0.6500145619  -0.7522242211   1.4395489414  -0.2807896980   1.7001498697   0.4284213360  -0.6936644225  -0.2947139906  -0.8380079683  -1.0268380924  -1.5045734436
s3
-1.7704417315
 1.2714227367
 0.5143290131
 0.3449090960
-2.1885100760
-0.3638501482
 0.3539444213
-1.6197041649
-0.3485175739
 0.6600521259
-0.5258298782
-0.4185598490
-0.7425944839
 1.7678230450
-0.4730444076
 0.5114825432
-0.0153524500
-1.1725508139
-1.0031150630
 0.0214427594
 0.1010067267
 0.3064612558
 0.6444260549
-1.4349263812
 0.4240501950
-0.9291303115
-2.0244161108
-1.4113350970
-1.5444534447
 0.3596448375
w4
0.2336911388  -0.7562872731  -0.8755072441  0.1887954502  -0.0035110640  0.7491878017  1.4909715050  -2.1851075175  -1.0991812961  -0.2253226524  0.7325843196  0.4507073013  0.5434189870  -0.3474229055  -0.3181701820  -0.4292648340  -1.6672467722  0.5069103903  -0.8521416708  0.5899419907  -0.4871061836  0.7795140819  1.0209959149  -0.1258987337  -0.1584438612  0.0481663650  0.5546685804  0.5908442264  -0.4084075913  0.1919426100
s4
-0.5267910743

