layers: 4
str: {2,30,30,1}
w1
 0.0278974892  -3.6707351244
-0.7101071769   0.2453245240
-0.1252427384   2.0804285898
 1.5410263476  -1.8711213175
 1.5563486126   0.1313187197
 1.3854451276   0.9649448525
-0.9201362191   1.7753269268
 0.5134902217   0.1532767232
-3.0296938447  -0.4122404262
 0.4387427998   0.5188030221
 0.6320672537  -0.4210269779
-0.9893494533   0.5244463822
-1.9131794612   0.9079500210
 0.2428121400  -0.1206471507
-0.5373859054  -1.3641330183
-1.4351258050  -0.5028613227
 1.4762753983   0.4934709716
 1.5546503895  -2.3751682967
-0.3195367223  -0.9781846431
 0.2803409587  -0.8257679896
 0.6521665006  -0.9968433676
-0.4005757220   0.1435106954
-0.6743339153   0.4293287354
 1.1040558068  -0.4519780233
-0.8196604916   2.4632374910
 1.4932088343   0.2062811486
 0.6759769524  -0.5430512549
 0.8977938872   0.2665135169
-0.5676501481   0.3136607243
 0.0104434651  -0.8485810720
s1
 1.4032761790
-1.0237657442
-0.6999283034
-0.4750142493
 2.0026792135
 0.1556685213
-0.8113608810
 0.0754340863
-0.7022144686
-1.3120936540
 0.8778522257
-1.2766319331
-0.0549525589
-0.4973376905
-0.4293720393
-0.3698009792
-0.5489188486
 1.2773340204
-0.2459016809
 0.8655494085
-0.1098528500
 0.2063657398
 0.0556084903
 1.7528044515
 0.8126994834
 1.0544665324
-0.2292262303
-0.3555358783
-1.6998474241
 0.2169988469
w2
-0.2797766956  -0.5792427170   0.6369527355   0.5875596528  -0.5174992188  -0.1545893622  -0.3407145778   0.9460194913  -0.8104888859  -0.1135109127   0.7648646272   0.3118986565   0.4711158844  -0.2341191308   0.2313073674   0.4301799155  -0.9102820342  -0.6751072053  -0.5826603482  -0.5147025600  -2.2160662125  -0.1753825128   0.3614102262  -0.9011391374  -0.4809626208   0.3954593397  -0.4909458572   1.6934397039   0.3331895080   1.2231480070
-0.7536171340   1.3612947241   1.1022872193   0.9824771722   0.9132430595  -0.4485706320  -0.8243331644  -0.2904392756  -0.6898650619   0.6015600220  -2.2530507312  -1.2893531765   0.7289188078  -0.8244652213   0.3759500853   0.3150011385   2.1438754827  -0.5644260956  -0.1255032629  -1.6308249511   0.3868672406  -0.2067054782  -0.8180116371  -2.1617254287  -0.9872108946  -0.6337138260   0.4621981398  -0.7673765076   1.6053304451  -0.6634439938
-0.2907868797  -0.1127895504  -0.9166802986  -1.0795182463   1.1698836427   0.0849958730  -1.0759367818  -1.1045808687   0.8717312792   0.6787086626   0.5444242907   1.2807348380  -0.8197384241  -0.3621291640  -0.4856235077   0.1213327188  -0.4829084629  -0.8563782926   0.2197626378   0.0294345641  -0.8889669894   1.3829485560  -1.3300140501  -0.3408987663  -1.5673506362  -0.9532601341  -0.7969052200   1.4647180509   0.3004543853  -0.0562644058
-0.9874865757  -0.6638935716   1.0098418922  -0.7074245265  -1.2123610601  -1.5187612616   0.5201193282   0.6407110789  -0.1730117167   0.1814031138   0.1163330550   0.6184941107  -0.7420146759   0.1110173926  -1.0561032397  -0.3390554258  -0.1486589688  -0.2395497225   1.1633192480  -0.7616053409  -2.5202722315   0.7107620656  -2.1653997621  -0.3030890239   0.2550533444   0.5120115207  -0.5909273342   1.6314760726  -1.6385488631  -1.5995673297
-0.6460084157  -0.4232015222   3.0413230627   0.1930663998   0.0389536226  -0.9755996756  -0.2259093753  -0.5792747535  -0.0329808739  -0.6151626002  -0.9396349491   0.7472172847  -0.0377446582  -0.6742946810   0.0449435587   1.0631615503  -0.9275384016  -0.2044926511   1.1625264609  -0.3235167331   0.8378084779  -0.1696415983  -1.0095201536  -1.4598951526   0.7353200686   0.5809981952  -0.5152326364   0.2021123616  -1.7416427680   0.2748130295
-2.0722569367   1.0547927276  -0.6622934125  -0.6392639147   0.8167749398  -0.6634676902   1.1113022556  -1.1809358276   0.5362273922  -0.0398125971   0.6339528706  -1.5230664508  -1.3289936318   0.0357140360  -0.9134282379   0.3848091052  -1.4622397676   0.2949947597  -0.2322769399  -0.8379197117  -0.6372372516   0.6166177511   0.1989047601   0.2697354894   0.4737017796  -0.0278018655  -0.2885433733   0.1384490465  -0.3461321639  -0.7727064460
 0.5120904856  -0.0730110694  -0.1610778224   0.5474951887  -1.1866841837   1.6117306761   0.2259775579  -1.6763932137   0.0414260604   0.5723707222  -0.1661638519  -1.3409193976   0.2096086168  -0.1495446929  -0.5029932087  -0.5787928234  -0.5791778879  -2.3719121147   1.3016805705  -1.2007313430  -0.0862236661   1.1815862727  -1.3532243892  -0.5858973632  -1.0998610100   0.5847055967  -0.6127502099  -0.4338141055   0.4065139529  -0.0595461208
-0.0952133738   1.0882331559   0.5831562620  -0.8698903858   0.0182780832   1.0812792003   0.8397986047  -0.5062851387  -0.6226272151  -0.8021086680  -0.5847993723  -0.4529414341  -0.8490796095   0.2776626989   2.1433366066  -0.8714196355  -1.2754504049  -0.2391980087  -2.0960132338  -0.3008383338   0.5245310569   0.7897343869  -0.5503766075   0.2655240578   0.3188650533  -0.9769576454   1.1088794391  -0.2214790315  -0.7370590878  -0.5455708982
 0.1221023437   0.2916169333  -0.4671451885   0.8629426670  -0.8100057905  -0.8104601086   0.5751616164  -0.9869805637  -0.8157563383  -0.2282724105  -0.0071632930  -0.7148283517   0.3434603954  -1.0341781521   0.2817703022   0.4789375158  -1.0209011536  -0.7380694726  -0.2480128513  -1.8496018153   1.5238516651  -0.0132357359  -0.5084427338  -0.4924919459  -0.0984995209   0.1555825240  -0.8057122264   0.6094508939  -0.8127825832   0.5220452240
-1.2800876742  -1.0324468212  -1.7111364982  -0.6784641089  -1.2201452727  -1.7518680111   1.5058695472  -0.3061329518   0.3458567009   2.3992775241   0.5447720643  -0.3067682688   0.1187874968   0.8533094729  -2.2619241879   0.7223819175  -0.2314370622   0.0062126895  -0.3031904908   0.7883808455  -0.0528973439  -1.6604424201  -0.6305857659   0.2314374501  -1.5264051273  -0.2999318016   0.4653561352  -0.2722858451   0.4385213520  -0.2441858044
 2.3219029189   2.4912165031   0.0505375590   1.4219064302  -0.0070492149  -1.0184740249   0.1733927141   0.3544587656  -0.7067026369  -1.0486545450  -0.0658612898   0.0647866283   0.8623547265  -2.1921983925  -0.1274576862   0.1699371524  -1.3643100585   0.6243612519   0.1382414338  -1.1866724956  -1.8446820194  -0.2228504497  -3.0067262135  -2.5144379604   0.4353250638   0.1873787803   1.7927650044   0.4500944350   0.3344912888  -0.3902663065
-0.8859642935  -1.0500811317  -0.8361012006   1.6228034322   1.2932428133  -0.6492965935   0.6999424543  -0.0152749293  -0.1590226108  -1.3132266223   1.1868335624  -0.4571144585  -0.7538857491  -0.7073636976  -0.4988966303   0.0525811095  -0.1824378703   0.0544095418   0.3158935387  -1.2517914974  -1.4556406247   0.3611013563   0.2933379643  -1.5705159467   0.9573596110   0.0923535413  -0.1241640476  -2.1165869382   1.4229451061   0.5989175149
 0.8316157412   0.4030759374   0.6455523075   0.8698071590  -0.4851846940  -0.7416038153   0.8670361332  -1.3799795611  -0.7124147171  -1.2671075412   0.1564392714   0.9527407379   0.0249578907   0.5260803790  -0.8052652635  -0.8851782825   0.2640442043  -1.2974675085   1.3680920928  -0.7234017470   1.1183994345  -0.4875970929   1.0596394966  -0.5745340331  -0.6162237852  -1.0321010068   0.9143832013  -0.8820072936  -0.3487032927  -0.2808509554
-0.4067083698  -0.0130622280   0.0438381989   1.1571770063  -2.6925817454  -1.5675893209   0.4676096041  -0.8733550860   1.0070916063  -0.0272823785  -0.9536856097   0.4641744870  -1.5801493374   1.0608821534  -1.2876007802   1.2734191984   0.2396299001  -0.0079188712  -1.1050772226  -2.1996817351  -0.9384722546  -0.5461911124  -0.8785868001  -2.9639264394  -0.0945225707   0.9234159860   0.6968301699   0.2960194698   0.8046918241  -0.1308383129
 0.6736393512  -2.4699747821  -1.1975574924  -0.9751258191  -1.5378845333  -1.3627982001   1.0367375972   0.5913002876  -0.4850388992   0.9902865108  -0.4828239869  -0.5691442683  -0.5982698816  -0.7924201194   0.7038346147  -0.4503960585  -1.9988437877  -0.9968116280  -0.1057560015  -0.0155967846  -1.4234433364   1.1830617655   0.5529683212  -0.1480807052   0.2768770883  -0.2609668791  -1.2306587898  -1.6906122063  -0.4893340518  -0.0880286398
 0.9214379669   0.2747679700  -1.7771436607   0.5703542376  -1.7780639752  -0.3684867414  -0.7444444852   0.1718973306   0.5833437141   0.6391796815   1.1677857759  -0.2525346732   0.0897634465  -0.7463355037  -0.8359352899   0.3917079023   1.2362039853  -1.1470160660  -1.3526521881  -0.1506861139   0.1358035131  -0.4885404341   0.2597500587   0.3688930755  -2.1543956399  -1.7194635899  -0.4137034435  -0.6322713826  -0.4602810138  -1.5527123398
-0.2777872553   0.2138445978  -1.2943276681  -1.0776138537  -1.9247667091   0.1638707316   0.0058351090  -0.0496702549  -0.9143334380  -0.2987579718  -0.4244167125  -1.6381090950   0.4283108864   0.6925871098  -1.2998144281   1.8724634288  -0.4395079241   1.6662755779   0.2781413710   0.2169075222  -1.3600081964  -0.4347083018   0.7866843237   0.3002737781  -0.0385834191  -0.8081097216   1.2644694726  -0.4047278902  -2.3920797457   0.2661327415
-0.7461973614  -0.3495779923  -1.2018262917  -0.7776425337  -1.4750070945  -1.7015675973  -1.0195845113   0.2336111374   0.7677007553   0.9049423975   0.4679504183   0.7074314872   0.1264172143  -0.1943204875  -0.9396566356  -0.7281024132  -0.9269347270  -0.6034246676   0.5006516895   0.1426547798  -0.0020184087  -0.2063747864   0.1998460707   1.5324812670  -0.7402013330   0.1949044702   1.4827280483  -0.1970669202  -0.2863046778  -0.1820934238
-1.1443553669   0.5480842634   0.2639648679  -0.9300293392   0.3109206556  -0.7811153785  -1.1358305128   1.1434695127  -0.2018500316  -0.4765644427  -1.0197767289  -0.9314833492   1.5632178808  -0.8145614658  -0.8114457726  -0.0813661911   0.1203148868  -1.4201883757   0.3554545560  -1.4072464574  -0.9389406359  -0.1390747740   0.2612670857  -0.3800474056   0.0065493555  -1.4567204992   0.4905181374   0.9371762386   0.3027832350  -0.4035244417
 1.2064180939   0.3851590641  -0.7109372696  -0.7747396438  -0.6034245959   0.5940072414   0.1148920634  -0.3234409419  -0.5127083395   0.0680718518   0.1950742326   0.9161753087  -0.5500555574   0.9112443877  -1.5481653047  -1.1899064698  -0.1274828174  -0.6073809364  -0.0527487677   0.6357109387  -0.3930645112  -0.2639957778  -0.7781906570  -0.7601855872   0.4740360134  -0.6927601401   0.9633496357  -1.7317296112   0.6344919446  -0.0084288259
-1.1595315633   0.0255041981   0.7060507243  -0.4466820809  -0.1934513482  -0.6855986541   0.8478295644   1.1840865775   0.5799968114  -0.2009663642   0.0535420557  -0.6148650005  -0.9035920931   0.1367099981  -1.2093035618  -0.7602652532   0.1457626474  -0.0238534349   0.4346477235  -0.3135330723  -1.2470876696  -0.4965967323   0.5694670713  -0.1679024112  -0.4222896840  -0.3277637784  -0.0396287739  -0.4216725377  -0.2404113855  -2.8614591068
 0.6080232050  -0.9689962317   2.2387176444   0.9919362938  -0.7865688451  -1.4068744315   0.5828213952   0.1417998207  -1.5284580932   0.3937058969  -2.6418935576  -1.8037271340   0.8981334927  -0.0432496274   1.7549138177   0.9449985435   0.5842710116   0.0142845052   1.1704806414   0.2578172761  -0.4347527411  -0.8765722562  -0.4244253995   0.9584467209   0.8019113323  -0.2924654684  -1.4469422999  -0.4146052876   0.0897116075  -2.2653314367
-0.8428847933   1.3792300725   0.1781837114  -2.4702304654  -1.2589919740   0.1616060038  -2.0417955142  -1.0885191471  -1.7804377779  -1.0145635181  -0.0145179129  -0.4242097475  -0.5118771973   0.5532605579   0.6274172717  -1.0330769174  -0.1056715170  -0.1933107052   2.4035301878  -0.4928426961   1.6229335490   0.1435401163  -0.3046179337  -0.9936306921   0.4922212723  -1.1173057552   0.4815674965   0.3193982268   0.7109895388  -1.3134118246
-2.1800512424   0.9256167956  -0.3968562143  -0.8199633453  -0.0438472295   1.4047297874   0.4442583705   0.1786402819   0.6587619522  -2.1189814961  -0.2080298699   0.7822882822   0.8643267558   0.6316820975  -0.8102425039   0.7081452252  -0.1066478962  -1.7117992034  -0.7851524814  -0.7346019150  -0.9599426174   0.2250350645  -1.2822178867  -0.9552145488  -2.8805386121   0.1845880726   1.5999771984  -0.9045938543   0.9885714833  -0.2772959054
-0.3372066778   0.8711304390  -0.7461366586  -0.9241543414  -1.3104704273   0.4726463708   0.7287569262  -0.3077841605   1.4985086442  -0.7017565155  -0.8603988808   0.8089356817   1.4609903729  -1.8843033734   0.3868824913   0.7220306556   0.8063928821  -1.8546743345   0.3929395055  -0.5336626586  -0.6381994520  -0.2987841242  -0.8934045490  -2.8981656553  -0.0198060394  -0.0659205976  -0.9110257058   0.6501977660  -0.8880253140   0.1575399151
 1.2039526467  -2.1598832929  -1.5597967132   0.3986994105  -1.2813029803   1.1254417658  -0.8497432921  -1.1942239869   1.0468509515  -0.2011280963  -1.5802714183  -0.1877705886  -0.3454187933  -0.4766755041  -0.1457703028  -0.9796637273   1.2917420785  -0.2628338022  -0.0028466138   0.7992675201  -0.8126616664   1.0909637205  -0.4643376095  -0.0993364988   0.8547295549  -0.9654938742  -0.5293335777   0.5114284644  -1.0392438410  -1.5817011425
 1.2687855890  -1.1174320791   0.3546943424  -0.5366004282  -1.3623712793  -0.2876640641   0.8234018603  -0.8136315508   0.3263268814  -1.4114545762  -0.7587832505   1.1280535437   0.7558715496   0.0612147726  -0.8955129469  -1.8873129867  -0.2896686926   0.7851875151  -0.5346398292  -1.8055709604  -0.8467300031   0.7034687462  -0.3208429617  -0.3419065812   2.7133101941  -0.2387745060   0.0143194203  -0.4792527125   0.0367965894  -0.3990553564
 0.3688981646   0.4319154478   0.1531556198   0.1330629799  -0.7562160744   0.2696509978   1.6264615022   0.9653995751  -1.3645907563  -1.5800773623  -2.0052428373   1.5070819599   0.2318123735  -0.1798231151   1.0237573491  -1.0908882950  -0.6694325733  -0.4909970084  -1.2764066413   0.1304532455  -0.5691492525  -0.0043435103  -1.0821358615   0.7705763757  -0.0349869738   1.6526117329  -1.1254707584  -1.1558146505   0.5264754255  -1.3849837497
-0.6976384200   0.3669033090   1.6528962265   1.5354970436  -1.1143205159  -1.3211166111   0.6367480530  -1.2181777004  -1.1414864262   0.7459266042  -0.9375346009   0.3121243240  -0.1722550639   0.4442192681  -0.0341638947  -1.2511053619  -0.3381236176   0.8526915202  -0.9636867000  -0.7441294071   0.0280245834   0.2537248206  -0.5719064769   0.3328379728   0.5690929554   0.6771242132  -1.0966405307   0.1585729324  -1.5749666926   0.2663894543
 0.3674583881   0.7409786695   0.9795637979  -0.2046717171  -0.1697915916   0.4207253576   0.7630065877   1.6589947512  -0.3648308651   0.4138358260   0.1449756046  -1.7915801815  -0.9080119200  -0.2021383918  -0.3863064012  -0.2413254764  -1.9926071754  -3.0328154652   0.1976252828   1.9239872849   0.7000232136  -2.2090328353  -0.6024025789   0.4168509325  -1.1384851027   0.6226514280  -0.3488401633  -1.5259130641  -0.8628704547  -1.2192108533
s2
-1.8523715731
 1.1762988679
 0.1653369689
 0.6100250946
-2.4803249924
-0.5184615769
 1.0269822955
-1.3200438147
-0.3828604066
 0.5671719115
-0.7083947870
-0.8185745240
-1.4051896409
 2.2023438917
-0.4656758522
 0.7773344894
-0.1418116888
-0.9026254685
-0.8270948487
-0.4009344857
 0.1562556594
 0.7660878119
 0.7149807473
-1.0572320819
 0.4718276282
-0.5170547860
-1.8784279946
-1.0054380723
-1.1789498039
 0.5873807257
w3
0.2258769276  0.3285703236  -0.0912774535  -0.5236166537  0.4909778377  -0.1155288964  0.1222239246  -0.0025121035  -0.3286806280  0.5526144377  0.1784881926  0.1613128126  0.2218303360  1.5448637964  -1.4680600967  0.6507353334  0.2922649213  0.0741322615  0.6177428219  -0.1752970181  -0.3284683987  0.6202558396  -0.7232376355  -0.3236579530  -1.0746666627  0.5015182966  -0.0276287165  0.3317485744  0.8134199864  -0.2740654084
s3
-0.0450276473

