layers: 4
str: {2,30,30,1}
w1
-2.1833753588  -2.9037921890
-2.2214381185   1.0505883679
 3.7931936462  -1.6552697178
-5.1564806302   2.8076272346
-3.8686592402   1.7493385083
 0.5283038063  -0.7694931601
 1.3630161233  -0.4677995962
 2.7904482593   1.6841208569
-0.1473735264  -0.9548370259
 0.3741368792   1.8174592817
-0.2664475032   0.2401151006
 5.3833499115  -3.0546750305
 2.0121594435  -2.0736683665
-2.8759033433   1.2759384107
-0.6681117253  -2.4774050658
-4.7392753017   2.3806112541
 1.3198717816   0.6499679905
 0.9044621887   0.3154648027
-4.6425867956   2.4661649513
-0.0569079817  -2.4792135614
-5.2714262622  -0.5657645004
-0.8408769985  -0.1389640548
-0.7687662761   0.1126515183
-3.3983991220  -1.6564950995
-2.9133738395   1.4160873600
-0.3977178777  -1.7451111391
-0.1044721539  -1.5537006032
-2.2410887122   2.2020529683
 0.0399677039  -0.7720255389
 1.7717098225  -1.5289335071
s1
 0.5919297305
-3.0457472001
-4.9103700036
-0.2159283440
 4.8871795356
-1.7437756760
-0.7639058620
 0.4962123229
-1.3602422537
-2.2293764774
 0.5668015310
 0.2387649485
-0.0239021917
-4.3807298357
-0.3845558095
-0.3144277477
-1.5483373296
 0.5170270057
 0.0265143942
 0.3554033306
-2.1652580559
 0.0286827042
-0.7221524528
 0.6557351721
 3.2525282701
 1.1556251162
-0.5042820622
-1.9706745392
-2.0310940943
 0.8840480201
w2
-1.0372502226   0.0897564498  -0.6970648363  -0.1302115904  -1.1526402635  -0.0220293319   0.4466146234   0.5213514359   0.1952465300  -1.2105873964   0.8035305924   0.5412318801  -0.2863788937  -0.3952858918  -1.4119345496  -1.6382568688   0.3037925422  -1.2333331406   0.8596129464   0.0773257352   1.6368347595  -0.4437511785   0.9127866033  -1.1545842111   1.0771696670  -0.0916406538  -0.9886383664  -0.3621380462  -0.4680850397  -0.6852687349
 0.1337253742  -3.0226002347   0.5866589271   0.3507482389  -1.1589425398  -0.1139337088  -0.8702781761  -1.1001066095   0.7419243133   0.5316843582  -2.1865327783   0.7000135902   0.5770333239   0.9146031437   0.4386959549   0.4382439330  -1.2469873982  -0.4715491073  -1.2354083635  -1.9173941123  -0.0269897511  -1.3148281846  -0.7137450420   0.5411365910   0.5957847916  -0.5560014551  -0.4156465465  -1.4996616560  -0.6385421003  -0.4521147722
-0.7696368234  -0.6570817423   0.4471132779  -0.9887547372  -3.2460587710  -0.0323173606   1.6706491607   0.4450301723  -0.4882122156  -0.9939405219   0.8208412256  -0.8049408335  -0.3961757593  -0.8325466071  -0.6924232356   1.6084507843  -0.8869028775   0.0129706345   0.1584890896  -1.0067687034   0.7497508178  -0.6245349525  -0.7277055043   0.6309265584  -1.9708274036  -1.4724374828   0.8380840941  -0.8387740254  -1.6020544488  -0.3911682403
 0.2012449052  -0.9428183370  -1.5133555286  -1.0876256823   0.6380611907   0.4940932269  -2.0445570082  -1.1819222430  -0.0183227239   1.3280335285   0.4032752290  -0.5815846151  -0.9773412026  -0.2073723564  -3.0115330080  -0.7690700434  -1.7076433407  -0.3248539200  -0.6432368711  -0.7515953527   0.3299098151   0.4894282076   0.1603646671  -0.8477887133  -0.6405580547   1.1565911549  -2.8686341426  -0.1153256690  -0.6589964675  -0.8919111477
 0.4990705747   0.8426085876  -2.1805418568   1.1451457370  -0.2225599917   0.6892905812  -1.3631499474  -0.7323031166  -0.5826310413  -0.5822447102   0.2415181058  -2.0738445861   1.5903568845  -3.1999648125  -0.7931551245   2.7695630137  -0.9341121976  -0.2266337231   0.6503252834  -0.8811192175  -1.5858279868   0.5526842007  -0.7933849684  -0.8703486820   0.5062329048   0.3239302313   0.0674926608  -1.0866288906  -0.1862430522   0.4495659277
 1.1635479021  -0.7701700456  -1.4463407257   0.3764525443   0.0169070907   0.4951749031  -1.5752985983  -0.9380447265   0.2346752961  -0.1811681989   0.4558256453  -1.4320582699   0.7674790903  -0.1513691709   0.9802049824  -0.5241988498   0.5812356491   0.3850409733   0.0036122652  -0.9248144807  -1.2485754481  -1.0689296962  -1.9488158359  -0.9062247523  -2.3127343597  -0.3217940790  -1.1436293152  -0.7967455284   0.0367823093  -0.9363053439
-1.5480003326   0.7202028864  -1.3324954429  -1.4810279597  -0.1527883840  -0.8356735615   0.1586827555  -0.5563203659   0.6434473647  -0.7652016248  -0.4627495155  -0.4757528329  -0.3795591324   0.4737177171   1.1884521344  -1.3768883421   0.6323511513   0.6195003315  -1.4346629901  -0.2678795710   0.8140738803   0.2970269705   0.4768475164  -0.2947851020  -1.0971131718  -1.0585549151  -0.0704275586   0.6896095926  -0.4083493835  -1.0200635577
 0.3992516448  -2.2392319396   0.9578674123   2.8727657597   1.5744305523  -0.1915051522   0.5361730262  -1.8177764662  -0.4142971580  -1.2893217276  -1.1521498800  -3.8338818577   0.8078095322  -2.1676830250  -0.7712686637   1.4382190632  -0.8797352433   0.0795572980   1.6620434496   0.3035102873   1.4244915565  -0.3462577036  -1.7726768838   0.2331954980  -1.0408019792  -0.2504593253  -0.2374973179  -3.3199946572  -0.4763639057   1.9480603714
-2.8557216957  -0.2894508244  -2.6010337298  -2.3833986053   2.1165460769  -1.5127205490  -0.7352103725  -0.7587007256   0.3850463709  -0.8275491352   0.6729355062   2.4932456435  -0.7318078064  -0.1518751684   0.1343822991  -3.0314599316  -0.9845258210  -1.0259358601  -2.6176290890   0.8633993327  -2.0248314322   1.2197919437   0.5034230137  -0.4863091394   0.8334597181   1.0488103639   0.1833057564  -0.2441487988   0.5697136724  -0.4896951371
-0.6559639292  -0.5162222218  -1.7038850823  -1.6179337690   0.2173277803  -0.3203500848  -0.5058868962   1.2155146143  -0.6539110541  -2.4729543200  -1.7413341782   1.0894898924   0.5493010360   0.7495518778  -0.4818269628   0.7536706918  -1.4667545821  -0.9754692353  -0.7414263705  -0.7965233590   1.8901525654  -1.5305718667  -1.9566453341  -1.5973089891   1.2382920552  -0.4020787560  -0.6871677100  -0.5877474189   0.5607648360  -0.4232880213
 1.5484687900   0.6637256317  -0.9436324557  -1.4350485614   1.1858448554  -0.4540388541  -1.2942969071   1.0210378728  -0.0931131778  -0.2790517895   0.0544087285   1.0126913899  -2.0109179824  -0.0266994842  -0.8344138890   0.1012476713  -0.3083826159  -0.8279488579  -1.3893307272   1.2104143820  -0.7841485878  -0.4465426628  -2.1269556560  -0.5441294179  -0.3045810111  -0.8655887217   1.1224163206  -1.1658637341  -0.3860494954  -1.1033197646
 1.0701358504   1.1405954198  -0.7517050206  -1.2705710505  -1.2826948404  -0.0433981585   0.4335159998  -1.1178977991  -1.3669227609   0.2052079190   0.2416054582  -0.5437695695   0.0604916816   2.1914071540  -0.6611479373   0.7929417638  -1.7087333322   0.8431766743  -0.6922895765  -0.2192797352  -1.6680021277  -0.4827512609   0.4412154324  -0.7274903934  -1.9773091794   0.2424343730  -1.5282572170   0.1105783069  -0.5558047173   1.5914755355
-0.0749434626  -0.3750637172  -1.0146866621  -0.1122465419  -1.0023815229   0.7041580500   0.5752597145   0.7165810942  -0.7405267869   0.1622886888  -2.9588391466  -0.6754008114  -1.1983531002   0.5533985021  -0.9959611314  -0.8833283760   0.7905841845   0.0012196083  -0.4077195966   0.0862035473  -0.3531765663  -1.0461070130   0.9441445915   0.7787612363   0.2986283515  -1.3496497814   2.0362806062  -0.5579853465  -1.0458807047   0.8353777340
 1.2622703985   0.1796488035  -0.2084759480  -1.2756967452  -1.0387928014  -1.2681201876   0.1140283587  -1.1302946124   0.0721214876  -0.2090549204   0.1461979848  -0.3323005712  -0.3441715047   0.7762992661  -0.5991732013  -1.0200867506  -0.8357129197  -0.8899517356   0.1800873457  -0.5950340158  -0.6454314094  -1.7000112508  -0.7520065857   0.5202583177  -1.2394890602  -0.3444472291   0.9803340174  -0.8987449041  -0.1640036132  -0.7133902440
-1.7032754344  -2.1462566161   1.4706218688   0.3776235405  -2.3796150569   0.2263383711   0.5716401230  -2.5351620613  -0.3660787783   1.0114991728   1.1778583731  -1.4974043066   2.3600564326  -0.1807846415  -2.0452193185   0.8297227314  -1.1961389477  -1.0258461906   1.8676587087   0.2408230384  -2.4140038522   1.0079287051   0.9342855148   1.5663868734  -1.6455078645  -1.5307093021   1.8975831578   0.3598558204   0.0135465699   0.5303295009
-0.7502394849   0.4337248612   0.5606685642  -0.9596651943  -2.0630497710  -1.4663172917  -0.3147537660   0.0591716009  -0.7453085966  -0.6530159273  -1.1142561549   0.3271528415   0.4767645763  -0.5975934211   0.8892292640  -1.3338498780   0.5728260072  -0.3191795791   0.1183596312  -0.8275674008   0.7142849430   0.1094290690  -1.7566708731  -1.7385288430  -0.3589321277   0.8755958219  -0.9624830374  -1.4098761582  -0.2867577441  -1.1529742311
-0.2886748256   0.9728401325   0.3858440830   0.6112296261  -0.8892490811   0.0292661253  -1.2519281622  -0.3017227682  -0.4299836241  -0.3725650755  -0.5258637383   0.1085330073  -1.6517058528  -0.0994269219  -0.1131761708  -1.2605279415   1.1429216142  -0.9939618665  -0.1568452263  -0.1279830434  -0.4663662258  -0.3141063518  -1.2252531979  -2.1095500814  -0.8404303593   0.3148784988  -0.8936873048   0.4397531824  -0.0947485170  -0.2211853264
-0.4106605992   0.4198356625  -0.1319757782  -1.0350153581  -0.3992885477   1.5174929679  -0.7183944837   0.6204330416   0.9671334526   0.8378335475  -1.0386033465  -1.7830966812  -0.3953519560   0.4442351854   0.9095253799  -0.3641044383   0.4585820878  -1.7604640598  -0.4902368599   0.8621237573  -0.2312985151   0.0116781152   0.2914329594   0.1600969423   0.1211100740  -1.1498280788   0.4461510052   0.0067760452  -0.9416626508  -1.3764455676
-1.1047937477  -1.0870966424  -3.2316965803   2.7271428714  -0.2490176678   0.7658409414   0.2221320038   0.7146102021   0.2145364719  -1.1474493927   0.4035534809  -2.6414965540  -0.2505317325  -1.8730329005  -0.3597102201   1.8340955174   0.2266441042   0.0405690531   1.6752110678  -0.8372823896  -3.2455078823  -0.1627801620  -0.5173164789  -1.9719664829  -0.5630236954   1.3283842061   0.9771001572  -0.6804598186   0.8143714783  -0.6252328483
 0.8461629204   0.0173488177  -0.9194665439  -1.1282848429  -1.0091827897  -0.6795052840  -1.4782282329  -0.0691849423   0.2826859189  -0.8699297716  -0.8846204978  -0.7652500455  -0.3269400998   0.4431085977   1.1030087149   0.9089392429  -0.7970455344  -1.0710590172  -1.6441376505   0.6894957361   0.1984306704   0.8689839977   1.4579015130  -0.8500588785  -0.9272560524  -0.4609383692  -1.4660172724  -1.1411063579  -0.9653248172  -0.6648147235
 0.7758518454  -1.2634502091   0.1163648950  -0.0856149957  -0.2329487038   0.2551552837  -1.1122339790  -0.1962242738  -0.3743254305   1.6781200613  -1.5490049504  -0.1177260958  -0.2042547880  -0.2156713394   0.6100877329   1.6904741111  -0.1868571379  -1.5518504088   0.8491641754  -1.5582306292  -1.1306142961  -0.1596894270   0.5755386592   0.0974555841  -0.7489766039  -0.6439803928  -0.1191702522  -2.1257453446   0.5438605449   0.1908957462
 0.5819385390   0.0283781906  -0.9701889403  -1.3042084289   0.0253640235   1.4439273557  -1.1582775449  -1.1204857250  -0.2757031737  -1.3874755816  -0.3693366544   0.6099701668  -0.5444104243  -0.0066932101  -0.0068245587  -0.1946813802   0.8437429550  -0.1363666673  -0.8682307850   0.0498937002  -0.5908179961   0.0414447857  -0.0384535260  -1.2377803648   0.5242328559  -1.1889011468  -0.8862884258  -1.7104258187   0.3109839737  -1.4785825195
-0.2851782550  -1.0160403137   2.7715593414  -0.7263976056  -1.9832317734  -0.3227312422   0.1115635777  -0.4950329295  -0.9340584293  -0.1595714233  -0.9706744206   1.1663572765  -0.0193866364  -0.9588703877   0.3033729887  -0.0435049273   0.6391133499  -2.4043570954  -1.6240912984   0.4005596171   0.1352915588  -0.4560072809   0.7259818157   0.9320902498  -1.5789190273  -0.8224798765  -2.0325504150  -2.6357658031  -0.6323856566  -0.1225035453
 0.9468373543   1.2022531671  -1.1973188285  -1.2048371283  -0.7259727381  -0.4241837423   0.8947253117  -0.5534759014   1.2848517089  -1.7871401461  -0.9002843159  -1.5638093387  -0.1672894760   1.1124978065   0.0539222241  -0.2846173987   0.5682741690  -0.2659130481  -0.7087570008  -0.1569376305   0.3941047726  -1.5788331591  -2.2325331076  -0.3651641073  -0.2042323204  -1.0660929825   2.0037815036   2.5095995140   1.2595838450  -0.7220630657
-1.5451589140   0.3322602012  -1.5606656393  -1.1024096149   0.5803112674   1.0986356671   0.0693570671  -0.5537961723   0.7485613549  -1.0050973411  -1.3453792165  -2.4899908683  -0.4346067159   0.3615409258   1.1445870132  -0.3760096754  -0.3795991634  -0.2497522134  -0.8003820816   1.2921120316   2.0053144424  -2.9549995894  -0.4384424897  -0.4686140144  -0.7407437577   0.1449060683   0.9245701817  -1.3599103349  -0.1390051400  -0.9887619665
 0.4174454804  -1.2596473548  -3.5923306965   0.7176985200  -0.1466860690  -0.3635711625  -0.2091862659   0.1436029899  -0.8042475778   0.5784630430   0.3860951141  -0.7195632996   0.2145772664   0.8525853941  -1.0460318283   0.2047586092  -2.3012042598   0.4846149781  -0.1495014456  -1.3010877736  -1.7499643031  -0.8715859612  -0.1126018131   0.3155854470  -1.5659777016  -0.8117984252   0.2224960012   0.0242911817   0.1499233910  -0.1650344064
-1.3935220994   0.7094954234  -0.0480043461   0.1916112514   0.2059576718  -0.7457475458  -0.2022383286  -1.4270581141   0.9656131947  -0.3444703014  -1.7354667183   0.0233118490   0.3985295795   0.2803596863  -1.0883092614  -2.2435765969   0.6247547727   1.1657544562  -0.7161429403  -0.7641587284   0.1685236320   0.7416272443   1.2245897668   0.3958371592  -0.0220251412   0.0482484579   0.0702854030  -1.3438150784  -0.1306761896  -1.0121697148
-1.0965533166   0.3943667487  -0.9091951468   0.1181266802  -0.0853503882  -0.4616538131  -0.1540110400   0.3145459223  -0.9247591256  -0.0775412652   0.1082363063   1.1562766392  -2.3238781607  -1.4332927272   1.6715876917  -1.0461694674  -1.2530963934  -0.0177431464   1.1234855205  -1.5359358176  -1.1448137165  -0.1932461663  -1.5096586365  -1.0480018476  -2.1188286670   1.0588929132  -0.5738721191   0.7233448691  -0.8060907138  -0.6241736199
 0.6920630664   0.8574596206   0.1462779768  -0.5877111283   0.7404135731  -1.2797713869  -1.1439975190   0.6885100231  -0.8514723249   0.7876470448  -1.2594489686  -0.7452626047  -0.8851448192  -0.8938605015  -1.0283510215  -0.6638082340  -0.3775115483  -1.2058654508  -0.8444157781  -0.5500724314  -0.2954136943   0.3582016736  -2.0746913463  -1.2145296009  -1.0298425719  -0.6405027295   0.2635554342  -0.1315057341  -0.1285972532   0.0688302223
-1.4709974274   0.5202795435   1.0780819856   2.4661508239   0.7292312970  -1.7050667469  -0.2134747296  -1.3185825334  -2.0838983280  -1.2425312584  -1.0106920237   1.1791889438   0.9291822572  -0.7558142746  -0.7524511324   0.1088872186   0.1716832686  -1.1243687095   0.3756074338  -0.9595839948  -0.2773484612  -0.1895323253  -0.7524632809  -0.3030526626  -1.3082933220  -1.1254371444  -0.2628964191  -1.5994813442   0.6614500396  -1.7169520166
s2
-1.8660640613
 1.3487106517
 0.4873489590
-0.0691509934
-3.0048774196
-0.4249087416
 0.1025623972
-1.9474284169
-0.8893314767
 0.2434279782
-1.0317175898
-0.9942262861
-1.4418081891
 1.2167168642
-0.2109023908
 0.1204703301
-0.1993026567
-1.0691808381
-1.2394842911
-0.1252824013
-0.3308010529
 0.5379369757
 0.4880006435
-1.4773145847
-0.7770297366
-1.0143464059
-1.6769466510
-1.1028621045
-1.2066083543
 0.2380729896
w3
-0.5873749003  0.5008003415  0.9201434938  0.0591397972  0.7106774507  -0.7700007784  -0.5863202124  1.1406690485  -0.8438439894  -1.9234113722  -0.4959880082  0.5743256846  -0.2136306477  0.5822297409  1.0467597026  0.7375118158  -0.0398363992  -0.3846258748  1.2705349146  -0.6692666891  0.5682846152  -1.1417861245  0.9057772792  -0.5763413257  0.2232292382  0.5066355461  -0.1103683769  -0.3076975449  -1.9563423333  0.5212786337
s3
0.0006197320

