layers: 4
str: {2,30,30,1}
w1
  5.7463547205  -2.7578774696
  2.1823839257  -2.1634483404
  3.4713553637  -1.6276328890
  2.9903187273  -1.4582449054
  1.4644212329  -1.9858266623
 -7.9507301194  -2.3792784783
 -1.7209640588   2.9483969280
  1.5335996645  -0.9540096766
  4.6435996920  -2.3891019392
 -4.0324061553   3.1255170953
  4.2062121430  -1.7411807519
 -2.2706385582   0.7584002754
  3.1027152060  -1.3792461050
 -0.1034992765   2.1339459466
  4.2842302922  -1.8728863539
  1.0349191672  -2.2363403343
 -1.6078686386   0.9115141038
  6.1625881385  -3.6493377135
  0.3589913040   2.4978113062
  1.9289840160  -1.1156045813
  1.1973863974   2.0121150067
 -0.5356382787  -3.1347685123
  9.9574438962   2.4874418239
  1.4721451379  -2.3051435340
  8.5482517083   2.0268453860
 -0.7563150687   2.5411818257
  2.5082341312  -1.3529940874
-10.9532290364  -2.7711247604
 -0.4634799408  -0.0273644559
 -1.4241246557   1.7429791400
s1
 8.9661314326
-3.0225634584
-4.3448852090
-4.0945690979
-2.6556996454
-6.9235312302
 1.7789717004
-3.0045859015
-1.0565295233
-2.5427348998
-6.0620705729
-1.2602509718
 3.7352156881
 0.6714116720
-1.8461763736
-4.8126782651
-4.2647565782
 0.8676654763
 0.1024875804
-2.6608949468
-1.6151827941
-3.4658577272
-7.0943754843
-1.6873601004
 0.5679048442
 4.9620867592
 2.5890147951
-0.9299881927
-2.9528415020
-4.2932129649
w2
-0.1171523769  -1.2108581403   0.8203930171   0.3815066670  -0.2959439374  -0.2682937759   0.3348868425   1.1574919078  -2.1610268770  -0.8013479227  -0.9580716067  -0.4871337866  -0.1968916534  -1.5508050030   0.5785591355   0.4254654865   0.0507369482   0.9806689203  -2.1369552926  -1.3805187406  -0.9756024443  -0.3818929908  -1.5865983970   0.2377331794  -0.1671547967  -0.0238091772  -1.5010372445  -0.5443062454  -0.2798696077   0.9892581686
-1.2837045867   1.4766796292  -0.7190179232  -3.8057208272   0.8616552400  -1.0573199905  -0.0880621179   0.4003839277   0.1459369781   1.1747051494  -0.7346258958   0.4218805508  -0.4024532620  -1.4268300748  -0.4217678300  -0.1762454188  -0.5445759559  -1.3835542171  -0.8395578426   0.5603730360  -1.2367180057  -0.9573494350   0.7858124536  -0.4074167088  -1.8956783735  -2.4075798367  -0.4817915763  -0.6871492491  -0.8982826817   1.7456144550
-1.3020761878   0.5548269843  -1.1397487757  -1.2217064149  -0.3301638877   0.1154867028  -0.3982384078  -1.7887436695  -0.3447852292   0.8864793356  -0.2029740048  -0.1053862665   0.2158112827  -1.1022003377  -2.0695792018   1.5559241684  -0.8894875049  -0.1908126016  -1.5956497328   0.2911392091   0.7238273646  -1.7541757971  -1.3403372435   0.0133801203   0.2342779251  -0.7948587407  -3.1926873306  -0.3034148677  -0.0120154321  -0.6690939362
-0.9957304848   2.0268920821  -0.5828546282   1.3955322809   0.4780698705   0.0927358255  -3.1665304284  -0.4500837702  -1.3871800998  -1.5237682981   1.6639616810  -1.0861618485  -1.1403631685  -0.7736869383  -1.0535636228  -2.3739408698   1.7550546359  -0.2041621603   1.2387065616   0.9740337355  -0.3313313572  -2.2713985117  -2.5017807243   0.5822353795  -0.1333606843   1.6922271219  -1.3562361590  -1.9860245121   1.7827295767   1.1433866108
-2.0254721733  -2.4032922867  -0.9381028192  -1.2471602676  -0.9267318374  -1.7226257087   0.7130102469  -2.0710313149   0.8402188097   1.2128365400  -1.3130535248  -0.2643547646  -0.7768376773  -1.4590132651   0.4584434507   0.6857140372  -0.0812905699   3.2119018602  -0.8409364032  -0.2129530674  -1.2917647949   1.5019923219  -0.6268713449   0.9980996672  -0.0881622257   0.4702524372  -0.3158993647  -1.0293037264   0.9213862242  -0.4235160642
-0.5960991147  -0.0266918323  -1.9116950778   0.8661522921  -0.3585241591  -1.3647209298   0.4580245046   0.7409004211  -0.7274256711  -0.0082041901  -1.1634381055   0.1614747454  -1.4930252261  -1.1581795491  -0.1746015958  -0.2763236830  -0.2810236235  -1.2699391431   0.1919040629  -1.0203894342  -0.7276920047   1.5380949963  -0.0859038402  -0.2939050077  -1.0325798798  -1.4164786806  -1.4943630643  -0.1937666568   0.6428851908   0.4772812914
 0.6828005627  -1.2156694479  -0.1616201430   0.0644617127  -1.3394908554   0.0233690113  -1.2114721140  -1.1160525394  -1.8934433071  -2.0335006212  -0.6702244845  -1.3674449874  -1.7909714036  -1.1134477517   0.0246988852  -0.4215797987  -1.0271933340   0.0308682278  -1.8882992377   1.1483765131   0.7462599720   0.3604009998   0.2407327365   0.5238700372  -1.1250620092   0.2805581420  -0.8606393230  -0.8473614722   2.1772046461   1.2886290377
-0.5520175551   0.0563714022   0.0771452218   0.5551790670  -0.4162246709  -1.9210186025  -0.0646335838   0.2125919831   0.2617774342   1.9639940009   0.2522050267  -0.2522834732  -1.3704260544  -3.1580656404   0.0214706886  -1.6114758397  -0.0302542499  -0.3489331033   1.0155453569   0.0184471796  -2.4192598132   0.2503371661  -4.5455360381   1.1547197453   1.6816660791   0.1524864110   0.5745642469  -1.6267397662   0.0949251962  -2.3929039832
 0.1062074841   1.1556200651  -0.8050813236  -0.9825405477   1.7536339188  -0.9973882705  -2.8654025691   1.2883292564   0.6168297391  -0.5345447091  -1.4150153927  -1.5522917634  -0.2785993068  -2.0625162310  -0.3644620723  -0.3618774369   0.4845048646   0.8213428680  -0.0572085541   0.2859290326  -0.4472224634   0.1568570695   0.4175201280  -0.8309144986  -0.1930901216  -1.6076988473  -0.3470029363   1.2494489881  -1.7073237613  -0.3581267995
-1.1769681110  -0.8181308016  -1.7172644604   0.3075159793   0.5442692034  -2.9656325988  -1.2192260346   0.1111124578  -0.6568571042   1.1676486822   0.4184013163  -0.3952519018  -1.1389029035  -1.2983901673  -1.7155529796  -0.5603275962   1.1614558602  -2.8068713540  -0.1731355072  -1.0264795980  -1.1409884648   0.8547078250  -0.1704201637  -0.5751550208   0.2623989899  -0.9956413041  -0.1690024215   0.3514644348   0.4974193794   0.7100934875
 0.6771339040  -1.2623602375  -2.2719655519  -0.4090294140   1.3281632074   0.9891304774  -1.5885359728  -0.3575724117  -0.9889736447  -2.4820033763   1.4653011812   0.9560295805   0.2748131531  -0.4501721792   0.0885471400  -0.6442034530  -1.6870399001  -1.7264656763  -0.6796051663   0.5374471350  -0.1046683193  -1.0458774294   0.2868721841   1.3329680049  -0.8995420108  -0.5458066440  -2.2725770459  -0.7785053646  -0.1657645851  -0.6905443226
 0.0416718413  -0.3345647404  -3.1732236223  -2.5274527117  -0.1566675021  -0.3249814750  -0.6632512159  -1.1057914572   1.7140594977  -4.1210838960  -5.2853376601  -1.7196730569   1.2268016002  -0.9463400895   2.0170591876  -0.1021804711  -0.6622211863   3.9778771614  -1.3259793483  -1.5806296591  -1.5758581876  -1.3254324466   1.2923756084  -0.3202354970   0.1419641288  -0.5785998131  -0.0050293766   0.9003392494   0.7456805621  -0.7535195449
 0.0149620581   1.7290631520   0.1047386841  -0.7346927211   1.8642330002  -0.5461163516  -2.7963669358   1.2762365874  -0.3151835344   0.3556130760   1.7301642029   0.0221216624  -0.6395527034  -0.7130665032  -0.0435008045  -2.8807157419  -0.4341942079  -1.1561484691  -0.1992081815  -1.9327914306   0.1455860709  -2.0351247907   0.5561959794  -0.2516145295  -0.6744559110   0.8389063794  -2.7791081710  -1.5053083406   0.8962973766  -0.9474270581
-0.7263727707   0.0720232188   0.7763491295  -1.0121573253   0.9601943729  -0.5276755512  -2.1971596525  -0.4609278934   1.3726416184  -1.4578025817   0.3845908885  -2.1020624526  -1.2766235944  -0.4864064413  -1.1716079000   1.4620240151  -1.3920362776  -0.6705221335  -0.9224556552  -0.2323424233  -0.8022677608  -1.8716011814  -0.0185962929  -1.6772706889  -0.2563855432  -1.3550184120  -2.5405420868  -1.5036045987  -0.9121654335   0.6531578171
-0.0078690323   0.4188565938  -1.0492530532   1.2591522874   0.6108171878   1.0290233088  -0.5611074530   0.6389376848  -0.1488037046  -0.7609073334   0.2459940227  -0.6557468816  -0.7418173910  -2.8129551815   2.3061980766   1.2803375035  -0.0521756734  -1.5424596895  -1.0937509403  -0.2519257028  -2.3060519727  -0.8737819732  -8.8433679498  -0.0294326653   2.9578287446  -2.9198827472  -0.7096005706  -3.3367497527   0.6057130005  -0.9978452010
-3.1918024874   0.5854561159   0.7453848723  -1.6374835297  -1.8237143603  -0.1024889531   0.1422083160  -1.2579716465  -1.0064573268  -0.6210348474  -0.0574082961   0.2637387743  -2.9612610150   0.1628579202  -1.1365821561   0.2920006163  -0.9638442718  -0.9623973082  -1.2885590115   0.7783859219   0.0037899912   0.0402171882  -0.1059214395  -0.9941696253   1.5051720232  -0.7933481528  -1.8052458144  -1.2115041247  -1.0338641843   1.1657388253
-1.4910580840  -1.1851258404   0.3043212351  -0.5883887412   0.0965275324  -1.4171808234  -3.0481248183   0.3060004302  -0.7547772055   1.5148376088  -1.4321261536  -0.5025527034  -1.0773840960  -0.2453969093   1.1904315207   0.5773004214   1.3195894920  -0.4091707210  -1.3500708144  -0.4896745675  -0.8769638184  -0.0345562491  -0.4941469618  -0.6283544384  -0.6989488191   0.4469819313  -0.4962884107  -0.7482547446  -0.9336140524   0.4106109936
-0.7355964408  -2.8258885197  -1.2335762759  -1.1837558200   0.4602773691  -0.3069261336  -0.2197115226   2.2881275481  -0.8535488686  -0.2757074785   0.7420129862  -2.5664872509  -0.1332317288  -0.4114653844   0.4153416251   0.0577814813  -0.7846001348  -0.8724533167   0.6457642307  -0.3273911871   0.5092271270  -0.2071424132   0.9626712385  -0.8004604929   0.4932586730  -2.5260098196  -0.8634603891  -0.8418724630   0.7374493087   0.1295204051
-0.1232924563  -0.7756665526   0.6555270799  -2.0099195417  -1.1626216022   0.5706152332   0.7670919293  -1.1324158038   0.3927145955  -0.0382216879   0.4763859939  -1.2096405834  -1.7035045149  -0.5926342905  -2.3907922121  -0.7878363702   1.0074149059  -1.4231818381  -1.8378481996  -1.5101441776  -2.5611782084   0.3277713579   0.3547831620  -1.3690353742   0.3149002853   0.1882040461  -1.9289178078  -0.4227058706   0.5486983137  -2.0653701914
 1.3773000613   0.4165574909  -1.4355601068  -0.5338393468   0.6255719854  -1.9974206208  -1.7704669433  -0.1390149656  -0.3453246941   0.9020753896  -1.1065639388  -0.4007781973   0.8783137867   0.1657033046  -1.4722244668   1.4977482968  -0.2933358988  -2.0700322973  -0.4578390315   0.5629133112  -1.2273787128   0.2490271203  -7.2831625429  -0.5848940958   3.2145397681   0.1011326800   0.2327851785  -4.6867714980  -0.7279137073  -0.9891958952
-1.9042158391  -0.7850060535   0.6609123285   0.0407066479  -0.0665626513  -1.5710493273  -0.9796605028  -1.3491489430  -0.7566597235   1.3841151006   0.2836103527  -0.3558405447  -0.3540909152  -1.6675031912  -0.4221836945   0.7496363262   0.0894346183  -2.0054499172   0.3259480610  -1.4507526257  -0.9328443765  -2.0035694546  -0.0001380843   1.0102916279  -0.7191806211   0.5558088338  -0.4709059974   0.7244625811   0.8792161294  -1.9918299095
-1.7682019576  -0.4986587307  -0.2016774218  -1.7377832365  -0.2263964849  -0.7594771798  -0.1736679348   0.1457182495   0.8478203613  -0.8807557969   1.2405150849  -1.4473913917  -1.8840926162  -0.1107925661  -1.5947220301  -1.2677503589   0.7661916615   0.7495135307  -1.4299504641  -1.7364101636   0.0129581300  -1.6048687634  -1.2273691679  -1.1052279441  -0.3997161663  -1.7267252074  -1.2448323258   0.4397538809   0.9896492545   2.4777981741
-1.5948453156   0.4744403291  -0.8312537264   0.1814853724   0.3320215574   0.6461563381   0.8748423364  -0.2392537035  -0.8263453775  -0.7922417419  -2.7305715497  -0.3958549963  -2.6406603265  -1.8083674424   0.6727920399  -0.1724774844  -0.4169864776  -2.6409341788  -1.1723165659   1.7975045114  -1.4237433388  -1.7116170043  -0.0330618845   0.8728347219   0.8694900168  -0.0522859654  -1.9491130016   0.1786313253   0.4942140328  -1.1095143450
-2.0778819106   0.5638900689   1.3670818934  -0.5602442251  -0.7069376771  -7.3709919251  -0.1597196236  -1.8978226045  -0.7081725163   0.1574141343  -1.0937491044   0.7815735989  -1.6329680104   0.9771376751  -0.0254116388  -1.8620391785  -2.3804483822   0.7602456493  -1.6330711125   0.3631929645  -0.0412361158   0.4251120552  -1.4769233379   1.0700310144  -4.5169617157   0.4436281664   1.6331630116   4.9097533781  -0.5924498930  -0.8508845311
 5.1834676906   0.4909569799  -2.8380491638  -1.1432660717  -0.4242545379   4.1592457565  -0.4933189588  -0.4720214493  -3.4908671041  -0.6457699504  -0.7241965794  -0.3424184862   0.4573261481  -1.8240448133  -2.6165874897  -1.2226152260  -2.0919571018  -3.6704391378  -0.7311361613  -0.1256141771  -0.4126165852  -1.6185776417  -3.4138473603   0.8771525778   2.3042069099  -1.6815215467   1.5000324008  -4.7112335696   0.2772231054  -2.4143358623
-3.6200635366  -0.6640627330  -0.4878462940  -0.4814716807   0.1975511008  -5.7600010886  -0.8635295513  -1.4741188696  -0.6307861066   0.5275098026  -0.2718602549   0.6022492010  -2.1325757762  -1.2281061328  -0.4183621500   0.1406250599   0.4654233694  -1.0642793243  -0.8857918594  -0.0393846164   1.0175541266   0.0210375860  -1.8561609045   0.7462243688  -0.5348174620   0.9137684368  -1.6928415709   2.6492244117  -0.5121246655   0.6612300389
-2.2592069287   0.9059357138  -1.2774673354   0.1832071713  -0.3834307273   0.6850545205  -1.2589795780   1.7748067811  -0.7169317513  -1.1620387129   0.2730041609  -1.4337040615  -1.4335253605   0.8005205131  -1.7269910713   0.0608756175   0.9087860782  -0.1853960614  -1.5262462717   1.3996979462   0.8960634087  -0.1287399636  -0.2263910705  -0.2484502672  -1.3133189660  -1.9035475635  -0.8249652795  -2.4057433285  -1.3925213639   1.0397278966
-0.2918274022   2.4076458833  -0.4743588989   0.8259343881   0.8502611377  -1.0213177143  -1.6532537590   0.0734340216  -0.8123266040   0.9897263482  -0.3115994723  -1.1979728578  -0.7210990897  -3.3094990838   1.0457048430  -2.4677352536  -0.9775146648  -1.6064255909  -1.7187095175   0.9209215568  -2.1432382564  -1.8641566924  -4.0508165571   0.5735099753   0.5613068531   2.4841100664   0.6889517608  -3.4000793036  -0.2945339028  -0.9872456285
-1.0874541660   0.3065293129   0.8081240023  -0.7259601784  -0.6534552792  -1.0814506420  -1.8501064568   0.0325928158  -1.4250647770  -0.4660490601  -2.1362569547   0.0441411943  -0.0698047708  -0.6137791870  -0.9410738365   0.8135946453  -0.6885048109  -2.3009518963  -1.7183171964   0.9423866017  -0.1043124276  -0.2525890200  -0.4649878606  -0.6442797700  -0.4686424949   0.4586302396   0.4690041726  -0.0317448574   0.3093159636   0.6372031513
 1.4377152397  -1.9404022686   0.0590755540   0.0315349800  -0.1387071917   1.4337139704  -1.5738713740  -1.3975760298  -0.1169253638  -0.4862118372  -0.8045778580  -0.9079363771  -1.4187897318  -2.4245286041   0.1294957290  -1.6174776309  -0.4129955190  -0.6262724692  -1.3123956210  -0.0419463252   2.0692164752  -1.1142245418   0.5322108645  -1.0175637177  -0.5182301623  -0.3223888959   0.0458004330   0.5209006738  -0.5106482433  -1.1999909103
s2
-1.8014520930
 0.4476243628
-0.9184181726
 0.2129352255
-2.6617458520
-1.3074656490
 0.3994899452
-1.3606855581
-1.1583111737
 0.3367648665
-1.1458260543
-1.0385105135
-1.7799381767
 0.7718318369
-1.6084881453
-0.7534351061
 0.2260682197
-1.1470505454
-1.6639788280
-0.6645512841
-0.2906135069
 0.0950666168
-0.4825164320
-0.9581556516
-0.3690528789
-1.1599432530
-1.6046257151
-1.2129260893
-1.5948661587
-0.1317191992
w3
-0.0671104401  -0.9170338753  -2.0822271384  0.2541854065  -0.5949747743  -0.8810629012  0.6666202285  0.9246636353  -0.7480307635  -1.0699169457  0.9797182868  -1.5405381719  0.2406981068  0.0328311940  2.0220354962  -0.2723214030  -0.8832374869  -0.1823291562  -0.8270538218  1.3648055174  -0.8157864834  0.6697600319  -1.0284056202  -1.4751981930  1.0646130971  -2.3835531282  0.9796703508  0.4989940361  -0.0208977464  0.7553641396
s3
0.1576616937

