layers: 6
str: {2,30,30,30,30,1}
w1
-0.2726764382   0.6978376957
-1.4219360700   2.5574272129
 1.8920860720  -1.1656876405
-3.4990796587   1.2600706034
-0.2713001713   2.8906903616
-3.4603216442   0.7994327991
-0.0534254875  -0.9130938994
 3.1821651982  -1.1473773901
-2.2406743120   0.8455829248
-1.0017148766  -1.7703804103
-2.6565365676   0.1516469520
-1.3936608040   2.1434547169
-5.1107372171  -3.3246550502
-0.5995433861   2.5783490538
 2.3612733574   1.1197233512
-0.4421973874   0.8740809340
-1.2094682552   1.7910047964
 2.7135312069  -3.4268859888
 0.4366780469  -1.6825191111
 1.5759966202  -2.7864803958
 0.3635312889   0.8354186734
-0.3665770878  -0.4417951182
 0.4050904620  -0.8574048760
-1.7763288434   1.6157778390
 0.0706548104   1.2646062266
 4.4733137934   2.0529326433
-6.2647027165  -3.3167921816
-0.4217731470  -0.4480253808
-1.8278611846   2.2142571631
 2.8530344262   1.8622895101
s1
 5.0063181380
-0.4893497926
-1.4775145348
 0.3577753549
 4.2956628615
-0.2782277424
-2.7904380293
-0.3808220362
 0.8371635924
-4.9677405519
 0.2643048002
-0.1501953386
 0.6053263866
 1.9741762398
-0.6795847031
-0.3848394865
-0.4432839520
 2.2134364396
-2.7364207614
 0.1702715009
 3.2974625580
-2.2999448952
-5.0220633374
 1.6024500884
 2.7835581521
-0.8300500023
-0.1878641396
-2.4232870150
-1.5182236054
-1.3807101272
w2
-1.1922873476  -0.3381756781  -0.8602490532  -0.0937566007   0.4162121783   0.1704482423   0.2563914168  -0.4423888867  -0.3570928336   0.1829500278  -2.0160498238   1.4325314910  -0.0855708213  -0.1180613805  -0.7037545693   1.4064056510  -0.3850993071   0.1030559887  -0.0515269259  -0.8116944001  -1.5912760945  -0.1063499757  -0.6079662999  -0.4772380793  -0.0847710968  -0.5292087347   0.6813242510   0.7782668527   1.0805058606   0.2388665782
 2.1653747438  -0.7878469273  -0.7509495350  -0.8713165963   1.4381888180   2.0007221776  -0.3911598392  -1.4316597884  -0.1483213407  -2.5150089258   1.4715786885  -0.8735119138  -3.1043781328   1.4106804921   0.3185862782   0.8415134739   0.3956854884  -0.6912594185  -0.5481552862  -2.6542694610   2.3694146203  -0.6760720547  -0.9947942133  -0.5456814422   0.1477472751   1.0277491393  -0.1948647176  -0.2056409696   0.3952534993   0.0481933704
 0.8421359405   1.1551595421   0.0226489887  -0.0985974428   1.0439610937   0.3182879190   1.0590824677  -1.0925746866   0.8323635901  -0.3980778981  -2.7708143964   2.4503314767  -2.0187934125   2.1162101950   0.9188846672  -0.0732356226  -0.6250974054  -0.7648999208   0.2287318066  -1.8410232708   0.5989446110   0.0887327537  -1.2587403108   1.4424880120  -1.2082018755   1.5862533138  -0.8562329129  -0.6115512808  -0.0286457205   0.6037761237
-2.8185051035  -1.5224142935  -0.3729089347  -0.9658702328  -1.1202904984   1.8403607275  -0.9471947862  -1.7598483433   0.9987101352   1.8624278368  -0.0663713840  -2.0630452735   1.7382919188  -0.6141425166  -1.4613436097   0.1297647390  -0.1076284909  -0.0826026608  -0.3019545933  -0.4482231287  -1.7229708115   0.8166511982  -0.8667166060  -0.9803412573  -0.9097359191  -2.4872638075   0.9219445478  -0.3136694024  -1.2045833066  -0.8271754636
-0.0816235018   1.1742241228  -0.8995389288   0.2846814354  -1.5150010916  -0.5637993455  -1.8187725661  -0.3231073250  -2.0086281204  -0.5150831847  -0.1498749134  -1.3681079320  -0.1034221199  -0.7356062364  -0.0561053751  -0.0085605570  -1.0812044100  -0.3334906963   1.4650055271  -0.5619117606  -0.2790253092   1.2027790593   0.7279083782   0.3445557877  -0.5113161297   2.6681074381  -1.3846827140   1.0583836215   0.4336831590   0.6913891429
-1.2759524211  -0.5595636136   0.3932047129  -0.5888207478  -0.9643850177  -0.4195507599  -0.2824281375  -0.8927824993   0.4745860999   0.1814639016  -0.9074400840  -0.7811909337  -2.5611217822  -1.2694894775   1.9659552367  -0.1628567619  -1.8144326871  -2.1767211363   1.8345197845  -0.3748130482  -0.8340250801  -0.0078500726   1.2797618218  -0.3568580841  -0.1948346397  -0.0522158622   1.6024975758  -0.5912041111   0.3922471412   0.1623813342
 1.5167905656   4.4432493241  -1.2293288728   1.2376553940   1.8408034570  -1.1202777795  -1.6225077627  -0.5424544871   1.0721829564  -0.8423100069   1.4895135816   2.0845707273   0.0160296542  -0.0620443762  -0.1529769413   0.4892986933   2.0487997232   1.2267400114   0.2071807125  -0.4575149702   0.7402691014  -0.0577997241  -0.2207947707   1.0928865036   0.9583652761   0.0431729261  -0.9572086304  -0.4178095420   2.4634734282  -0.4434922275
 1.7012087164   0.4344331155   1.5450927425   0.0819013333   2.2704914861   2.0216357576   0.2016974680   0.0307495691   0.5560254221  -1.3240457990  -0.9606554832  -0.0791433931  -0.2286057807   0.4993818025   1.1236799245   1.3437833889   0.2986017431  -0.5616233607   1.1215355611   0.5208184673   1.8939122027  -0.3377059223  -1.8315919275  -0.7287634512   0.4916436722   0.9329296975   0.1670946992  -0.7258944276   0.3954743867   3.3634747538
 2.1205253633   0.4461624918  -0.3724700541   2.2214207878   0.3096265072   0.6739982023   0.5520955804   0.4615553125   0.6421984283   0.1503488108  -0.0930995321   0.5643059770  -0.5499992700  -0.1359539594  -0.5935022054   0.4138741048   0.9623327687  -0.4065762723   0.8843769737  -0.9588499374   1.2667003463  -1.1958652250  -1.0850424602   2.3081461595   1.1676535341   2.6917086521  -0.1826192171  -0.2803075178   1.5415009639   1.0810339026
 1.2945640649   1.2496974755  -0.4501288058   1.1974878587   1.4761541541   0.4618231869  -1.1855663819  -0.7762765797   1.4252374667  -0.6597544206   1.0151224622   2.2603800792  -0.2595250787   1.2612911713   2.5969650366  -0.4804792237   1.8529304679   1.2391748390  -0.3724840574   0.3165311875   2.0743687320  -0.2307459677  -2.0251966503   0.3680828612   1.3686656376   0.6496391676  -1.0228627825  -0.1465541350   0.1477491758   0.6997578636
 1.3961672306   0.6093383709   0.8925230599  -0.8150627147  -0.3828038132  -1.9679007793  -0.7785982785  -0.0078504010   0.2893025463  -0.0849530038  -0.4555711175  -0.5380348668  -0.5588648383   0.4680440430   2.0021753238   0.2012737845  -1.4860519722  -1.0475648258   1.7954082536   0.4444516804  -0.7738242230   0.3746814667  -1.2669961998  -0.4637009164   0.6879107268  -2.4819861308  -0.0065451848  -0.3714511025   0.2943861547  -3.3082294053
 0.9010882430   0.4126507415  -0.4445009825   0.2674806384   0.7842571107  -0.1264470325  -0.1595502975  -0.1422224175   1.3611820989  -1.7923426853  -0.9158890903   1.5282787135   1.3590650064   0.0163360452   0.5451610206  -1.1360401075   0.6105023602   1.8008856884  -0.1976011753   0.1830565750   0.3867931695   0.8664512669   0.1001267371   0.1328823718   2.9108556227   0.8647434203   0.9620164922   0.6988092125   0.0122851906   0.8651563411
-1.2358051482  -1.8911000821   0.3417577644   0.2148717113  -3.0168079150   0.8057011395   1.0191149897  -1.2256240497  -0.9151187231   0.1140898274   0.2732934622  -0.8805230519  -0.6299428921  -0.5848354954  -0.9976590695   0.3765424901   0.1126784681   1.3211285457   0.3834380298   1.5786601882  -1.6471784082  -0.3473060714   0.2476956142   0.0804976222  -0.5743251271  -1.4758678562  -0.0689998362   0.3481732799  -1.5259677298   0.2545626491
-2.3822217276   0.8464978375   0.2116225412   1.0566387067  -0.9344918126  -0.6783094729   1.7287048584  -0.5632444072  -0.5181195139  -1.2561851674  -0.0980356360  -2.1186635701  -1.2368188720  -1.8674354141  -1.1695967382  -0.7316254053  -0.5384217678   1.0400273601   1.0590360917   0.4061566442  -1.9973957783  -2.9280865356   0.1058971983  -0.8463322123  -1.9249214286   0.6755112168   0.1972368496  -1.4825726140  -0.4945524505  -0.0459481459
-1.2632955598  -0.1853657804  -0.5132362979  -1.1342790803  -2.1042856135   0.2349095296   0.2585934211  -1.0737127898  -1.3355129753  -0.7474099584  -0.8738184633   0.9145665478   0.4456352963  -1.3819123157   0.6225179217  -1.2363325808  -0.2102760471  -1.8361159079   0.3904449847   0.7119883356  -0.5446156588   0.1203412219   2.3509599403  -1.2736099598  -0.3269432268  -0.3471751594   0.5882274074   1.2535977038   0.3526244449  -0.1654005307
 1.5211594916   0.9864841689  -0.9792646753   0.0037708127   1.6445424474  -0.5011798504  -0.4842167504   0.7560509413   1.2631660818  -0.6449701112   0.5263853340   0.0922708548  -2.4726439335   1.0837996954   0.8175869721  -0.7460082775   1.2728474460   1.7922704449   0.0010873137  -0.4352682527   0.2035597037   0.6921338559   0.1070887914   1.9082081114   1.9628551351   0.8769784073  -0.0462189390  -0.8519948258   0.3382644182   0.4937198331
-0.6992983771  -1.4746522412   0.1552917744   0.6754765397  -0.4395117887   1.9892340844  -0.4723998168  -2.6050822626   2.8148688158  -0.7102408711   2.4592566705   1.2232084713   0.6119513179  -0.8415881922   2.2208019481   0.3106809540   1.5446010587   0.9066428295   1.3593746130   1.7344983560   0.6146383468  -1.8232541694  -1.3965571556   0.7057732698   1.6889461394  -0.5746633737  -1.2808377270   0.0596658303   2.0307670752  -1.5758368298
 0.2528579576  -0.4017429471   1.5702279798  -0.4431144873  -0.3538604249  -1.9880884829  -1.2330473495   0.1165067520  -0.2397906190   1.6135820621   0.0368227509   0.2835079800  -1.3676808854   0.1062127826  -0.4896743796  -0.5365342793  -0.1424937865  -1.0118207510  -0.0479959995  -1.2338281182   0.3015836199  -1.3771396734  -0.0132494419  -0.5769471278  -1.4306462122  -0.6584982510   1.2031350552  -2.2984459068  -0.3015020527  -2.1257394910
 1.0728121679  -1.0148391857  -1.0415001249   0.6384555420  -0.9879925640  -1.9288385248   0.8035839895  -0.4475124959  -0.5132978259  -0.0854835249  -2.1450082033  -0.4984110603   3.3343929095  -0.7025237299  -0.5659188875  -1.8237115771  -0.2498225374  -0.3083602865  -0.9231222214  -0.3552038523   0.7471275701  -0.0122474895  -1.1647591228   0.3137136558  -2.1755830954  -1.5999891789   1.3272739989   1.7467676040  -1.8334337441  -2.0909942555
-2.2996214008  -0.6512523140   1.4849737181  -0.4635986103   0.1428446158  -1.1598655983  -0.0586095465  -1.1053568984   0.4783304097   0.4564926429  -0.9618606487  -0.4702017140  -0.2414311818  -0.1374925968  -0.8372392215   1.3137448167  -0.6660491552  -1.1307711257  -0.0177349748  -0.5056157126   0.6833697541   0.0870000740  -0.1483447360   0.3537671230  -0.3521836951  -1.3540926982  -0.3228661770   1.0997384387   0.5285491318   0.5783362632
-0.1375975978   0.7516150312   0.1989206704  -1.1393501074   0.1295771877   0.2510129646   0.1999401242   1.3151117331  -1.4708135857   0.2721573863  -1.2143745515   0.2314612480  -1.8993472527   0.0616349606   0.8609267668  -0.1498376000   0.8788543287   0.5104354554  -0.6509164038   0.1895299455  -0.0124890290   0.2475464275   0.3713382309  -0.8369654346   0.0670073957   3.2525113554  -4.3512854002  -2.0167961038   1.2888394532   1.1029977376
-0.1685722675   2.2296051972  -1.1289681604   1.4835405267   1.0076596235   0.4827642351  -1.9309660924  -2.5419783697   1.6709346366   0.3775114205   0.6927277897   1.0840055650  -2.2722061410  -0.6455120061   0.0032901507   0.5421819038   0.4768510733  -1.1098003406   0.4042357746  -0.9091108995   0.6507413835  -0.3962839095   1.3870574940   1.2189871896   0.7007767142  -2.3584625797  -1.5757245322  -1.1147756345   2.7294053394  -1.2466118449
 1.2058475333   0.0729960795  -1.4350299103  -0.2732957999   2.2294470813   1.1909905582   0.7455536763  -1.1450466123   0.1221684345  -1.3882089702   0.6245094247   1.1599392631  -1.5246269684   2.8732747993   0.3487349371   1.0811781208   0.2894997373   1.5969726301  -2.2303137687  -0.5800965921  -0.0707202607   0.8955950184  -0.5815326278  -0.4480248273   0.4991489974  -0.6174912942  -0.2611572936  -0.3072753961   0.5679939382  -1.5057543711
-1.2723720269  -1.9450014133   0.4487287104  -1.3913857992  -0.0256662926   0.1363541036   0.2090596875   1.2302925693  -0.6188756620   1.9989795076   1.7377238112  -0.0665251214   1.2667645274  -1.0807200649  -0.2076773664   0.6667854294  -2.4510429504   2.9835447964   0.7094739796  -0.0045568519   1.0761104150  -0.0289821304   0.3912751380  -0.2888896283  -0.8344363742  -2.2219480394   2.2738216980  -0.6313901993  -0.4772200406  -2.2037962014
 0.9612386488   0.9407711947  -2.2062972589  -1.1390675465   0.3103009762  -1.5774090520  -1.5313005460   0.4634976479  -1.6623261114   0.0345601572   0.7867726224  -1.1017032318   0.0531938490  -1.5208885285  -1.5075720914   0.8547605560  -0.6435634026   0.9090025928  -0.9882121370  -1.0507220820  -1.0078096918  -0.6853570608   1.4564066903  -0.3847817677  -1.0599838524  -0.3777844391   0.2635781425  -1.5386041749  -1.2460011773  -0.4827103207
 0.6383411509  -0.5957125218   1.7503067258  -2.5231636085   0.0126178228  -1.9502057862   0.4879282497   0.4945237880  -0.1895422762   2.3233493675  -1.5936979754   0.9861215548  -0.1927146882  -0.4474343698  -0.1402112413   0.0954424450  -1.5283006852   3.0240044193   0.4080605257   0.3312671723  -0.1045341224   0.4780126246   0.3054782492  -1.2358748853   0.1969899948   0.3760802917  -1.5037296105  -0.0157076666   0.2132808561   1.6668538339
 1.6222370452   0.0532793176  -0.6258652545   0.5797228113   0.7404406082   0.7829759343  -1.0359240325  -1.8532469805   0.9098977854  -0.0073459162   1.4382424073   1.8948745941  -0.9694462903   1.1205263957   0.6241227085   0.7303800193   0.8051066241  -0.4748236046   0.1318422933   0.6763422772   1.9407767116  -1.2808246246  -0.5010442031   2.7708966810   1.3254075399   0.7183114010  -2.3772794023  -0.8860398010   1.1422213103   1.4095367268
 0.9584009277  -1.5361511583  -1.8367106651  -1.1824533894  -0.1215064516  -1.2514206991   1.6266223012  -0.2377912546  -0.9602099729   0.7139940843  -0.4873079211  -0.7899694935   1.3760250055  -1.6995981222  -1.9441625720  -0.1557070644  -0.0543446451   1.2902472379   1.4604971474   1.9224204320  -0.8823275361  -0.6306889631   0.8766574602   0.4626233157  -0.5677674704  -0.6533824409   2.2683893473   0.6746673609   1.0838345528  -0.2396435436
 2.2300114054   0.4198896929   1.9412796255   1.4742712312   1.8713537923  -0.9789866262   0.4697738248   0.5956312148   0.6883645352  -1.9523138127   1.7288305794  -0.6594569228   0.5903743165  -0.2839207732   0.8692963075   0.1296587307   0.2720370603   0.2703669191  -2.2260137786   0.3698417353   2.1040968624  -0.7017418541  -0.4204293552   0.8799881352   1.1985585649   1.6229204587  -0.7317243539   0.0238063591  -0.3271003665   1.5951813751
-2.8301887691  -1.9280948852   0.9289397678   0.2857128405  -1.8371963170  -1.2211165045   0.9483928420  -0.6621345047  -2.3260437494   0.0086583703   0.3480686959   0.6179987677  -0.4012312946  -1.4502083956   0.0658377802  -2.1151984298  -0.2677874753  -1.5248251729  -0.4278641105  -0.1755454794  -0.8937225656   0.9060184934   1.2885562902  -2.1254914077  -1.4181878230  -1.0304909965   2.1059481056  -1.2234146822  -1.7357572894   1.2104959537
s2
-1.3907956951
 1.8474358592
 0.9079325591
-0.2457892184
-2.3251670544
-0.8424073123
 2.4539143431
 0.2542966109
 0.8067527778
 2.5393127373
-0.0259984605
-0.1102131475
-1.7751116896
 1.0567290879
-0.4411438848
 1.4338777209
 1.4661837885
-0.6312303635
-0.7884795508
-0.2776789498
 0.4534832214
 1.2507423422
 0.9870504604
-1.2068629724
-0.1087223324
 0.0648772039
-0.7800891356
-1.0027920682
 0.7641669792
 0.3058093027
w3
 0.5512384634  -2.0135894179  -1.8898637777  -2.0765473769  -0.0538709615  -0.7989452722   0.0856282922  -2.4267818511  -0.2946523026  -0.8651253291   1.6215049623  -0.0197787284  -1.6057251630  -1.5271734798   0.7957975957   0.3019944571  -0.1208994938  -0.8794846943  -0.6251139169   0.7886222972  -0.4864411314   0.6949202247   0.8068386546  -0.2833946008  -0.2880580199   0.2028545900   1.5336080363  -0.0203474324   0.7154881347  -0.0058283255
 1.2966969006  -0.4461866037  -0.7031059158   3.2386199217   0.8258909248   1.8213694400  -1.1549291852  -0.9424010095   1.0824353534  -2.3380799592  -1.9838897585  -2.5800840204   0.4423892680   0.3825349634   1.2760297954  -1.5889637721   0.2930435596   0.5540699398  -0.7330855574  -0.7775284522  -2.5216782030   1.1048735554  -1.4469001760  -0.5156389086  -0.2457799524   0.6346827862  -1.9126421450   0.3662515151  -0.8318411512   1.5493751517
-0.0429743245   2.4559044484   1.3923916560  -0.5906983143   0.6861322917   2.5455784780   1.1490787980  -1.1589678616   1.3367992080  -1.6242921739  -1.4680025433  -0.3970702226  -0.8738028372  -0.3186562040  -0.2325563284   1.1377462113   0.5910526421   0.5187679127   0.6007138902  -0.0310377788   2.9683943298   4.2073013242   0.9223058929  -1.3549749830   0.4557947927   1.4858661099   3.3872832279   1.5277259699   0.8216626354   1.7948416605
-0.0502221390  -0.5961273674  -3.1110930404   2.6365561417   0.4110263247   0.9110886524  -3.9447533237  -1.1027155204  -1.1430264208  -1.0821208384   0.1942041469  -0.5286643755   0.4423342253   1.9807881832   1.5312101297  -0.5736570457  -1.7662806747  -0.4097685365   0.3462212835   2.2792587625  -2.8482111951  -1.1509567973  -1.2154713140   0.3555406152   0.0916786610  -0.4417336142  -2.1324891864   1.9144168862  -0.9773075544   3.1602166215
 0.0703020230  -1.8783268104  -3.0544387977  -1.4477442743   1.8384529626   0.2564508707  -0.7471163517  -0.6155835059   0.7460368372  -1.7584407837  -0.3314427433  -1.1200232250  -0.8170774796  -0.3562586267  -1.1483383655  -0.9394585538   0.5173568514  -0.1856686782   2.3893614851  -0.8017823558   0.5492556841  -0.8875133109   0.1166541437   0.1466146343  -0.0140296643  -1.0242609277  -0.2520204257   1.8187714001  -1.6787668307  -1.4144424258
 0.5163582454   1.3813712540  -0.4521500665   1.8682956795   0.2536414113   1.4662366191  -0.4969128218  -0.3088413002  -1.7914038591  -3.9391691852   0.2417608875  -1.1141116552   0.8212188790   0.7714953233   0.0021229092  -1.2402798071   0.3488299219  -0.5348049839   0.7423358073   0.4446666974  -1.6068247096  -0.6624623978  -1.3168663648  -0.6386566831  -0.9646173740  -0.5646841385  -1.7549819832  -0.0334720853  -0.1431158239   1.0888114246
 1.8056166655   0.8136073653   1.0400285716  -1.8150881365  -0.4272148475   1.0879153815   0.6411628044   0.4698264910   2.0133135374  -0.4155204766   0.1905672557   1.8932779425  -0.8514506929   0.0220070141  -1.6182592171   1.1990336317   0.6039929159  -0.5888206763   0.2275885142   1.2189040825   1.5874711228   0.0884546738   0.7383797438   0.0726022170  -0.6292520263  -0.3147823795   0.9942977940  -1.6887555181   2.6564403277  -0.4496810564
-0.5060088440  -1.9129969108  -1.1369677971   1.3211073474  -0.9138198074   0.4336134458  -0.1140465364  -0.1236277091  -0.5564474082  -2.3545319408   0.3384099091   0.1450049728  -0.7293088818  -0.6546256328  -0.2886206625  -0.7975004492  -1.6681618406  -0.4384870190  -0.7809734438   1.1090803386   0.0380289438   1.3075622909  -0.2671194252   1.4222186907  -0.8081040615   0.3698304980   0.4091831198   0.6689460954  -1.0399221516   2.5117467988
-0.4710784121   2.0496815071  -0.8490887388  -0.9150026535  -1.2927049352   0.8395132437  -0.4774260568  -0.3081520072  -0.8147044284  -1.7356592716   0.9600187627  -2.8969513781   0.5077071765   1.3235780859   0.4959570762  -1.4845643693   0.8683597084   0.6382594544   0.3469396392  -0.9400277531  -2.2599020598   0.8614407316   0.1306050150   0.1034838121  -0.6346667276   0.4327319254  -0.3623463336   1.1332385312  -2.4434840812  -0.3708613371
 1.9328348478   1.5755748977   1.6738552983  -0.3159134155   1.0268398843   0.5658362120   0.0573216284   1.5392582697   1.3032869159   1.7978280388   0.6061122610  -0.5124135393   0.0609028541   0.6171179293  -0.2361274880   0.9416917141   0.9920013286   0.3621551906   2.4874704036   0.0606734746  -0.5356795702   1.0991152378   0.4327142082   0.2500588936  -2.3117902577  -0.2040101814  -0.1117067459  -1.1104909000   1.4577865104  -0.9571206979
 0.3128725133  -2.1977381599  -0.8254308590  -0.2599246908  -0.7195393215   0.1526666544  -0.2879703203  -1.3327864778   2.1426620598  -1.2005621787   0.4887029062  -1.1458567463  -1.7305295060  -2.2323178170  -0.1614026448  -0.0502296663  -0.5177877589  -0.5449219700   0.5356927142   0.8816087893  -1.7691864469  -0.7808457310  -1.3571431124   1.7513446535  -0.9215135780   1.6743573315  -2.4718009499   1.4488367374  -0.3512666250   0.6497547634
-0.4543667727   1.1035854927  -0.6271139917  -1.7392830574  -0.8880986474   1.8082315997   1.8428597120   0.3008601561   1.0508911852   1.6338850564  -0.7383759883  -0.8321539148  -0.4809814376   0.0649696893   0.9739319060   1.8260463203   0.7075504233  -0.7630253924  -0.5797809972  -0.6207484566   2.1090710314   0.2911260416   0.6851526281   1.1260896685   1.0237197318   0.7024978815   1.6988277995  -0.7031165895   0.0272616297   0.8441170860
-1.2321202442   0.5631531334   0.7910087796  -0.9886849578  -1.0001702552  -1.9656193635   0.4317388485   1.5123463599   0.2773962330   1.6158690861   0.2737333514   0.3408316447  -0.6847976711   0.4545427855   0.7261626095   1.1047830518  -0.3372197915   0.0537674193   0.4230522362  -0.8007127643   0.9421650256  -0.0621892435   0.6659407195  -0.5653192961  -1.4507974323  -0.5353913461   0.2009389562  -0.6411007963   1.2508039040  -0.7350506252
 0.9482013790  -0.6809750371   0.0504159037  -0.4483679935  -1.5042351053   1.0308602666  -2.2693092041   0.0338982477  -0.1492176173  -0.8141498436  -1.4077832160  -0.0604537793  -0.6992070107  -0.4565772577  -0.5516929391  -0.0492850038  -1.7749622690   0.3987942688  -0.8915248985   0.3366121906  -2.2129381871  -1.0719013001  -0.3630648746  -1.9814113600   1.0110935520  -0.7371469737   0.2026794561   0.1063241389   0.1452736768  -0.3150947760
 0.5257044433  -0.5213969979  -1.0672343511  -0.6461196502  -0.1154220318  -0.2461965653   0.7313030087  -1.6726823395  -0.2913405856  -2.0227986451   0.1928011227  -0.6833985935  -0.2949127339  -0.7062590630   0.0038237693  -0.0501426491  -1.0397793881   1.6038153281  -0.4128872510   1.5937538083  -1.7601490509  -0.4105712065   0.3496922790   0.4144622925   0.3666558124  -0.1145584191   0.4668166948  -1.6053705946  -0.0573055006   0.2321138270
 1.7088248972  -0.6649717532   1.6453940931  -0.8416085472  -2.5022909120  -0.2323905351   0.2390302001  -0.6907609593  -1.7497192632   0.8776814835  -0.1535832539  -0.0149638524  -0.7380692693  -0.1198146734   0.1187093126  -0.6926363602   0.5024654190   2.2159613358   0.1331618674   2.0086841585  -1.3560390637   1.1582624811  -1.0833767907  -0.5236898404   0.3811573478  -0.7624497466   0.0164862363   0.4613617639  -2.9812873198  -1.6079747816
 0.0786628089   0.4568495707   0.6288234312  -3.5012470965   0.0063742905  -0.5456692459   1.9439448966  -0.6221645646   2.8205984204  -1.1257649100   1.4636381334   1.0506557507  -0.4642228169  -1.2533075577  -1.6863600181   0.7843375635  -0.6180995997   0.0495131699  -0.2432902760   0.1624883927   1.8353839038   2.6578765247   2.3424590460  -3.0455840231   0.1868528978  -0.1784417063   0.1890641961   2.1416906918   1.0774489413  -0.3183392536
-0.3353770560  -0.3619342061   0.1896641725   0.9238232426  -1.5541700329  -1.4963660893   0.7912953950   0.4506538973  -1.0062501889  -0.6952625898   0.5723951004  -0.8309489778  -1.5181876695  -0.7318171444   0.5764843595  -1.3340450570  -0.2096685628  -0.6817069321   1.0868123819   1.2708568225  -1.3774801088  -0.0603073835   0.5934340479  -0.1977185084  -0.7063567643   0.6893074687  -0.3047216269  -0.3047024769  -0.7032631262  -0.3268080656
-1.1869058648   2.7644733865   2.7534665472   0.6669926868  -1.6394762813  -1.3526608132   1.7831916147   0.7865960018   3.4761515718   1.5377064807   1.4473856767  -1.7928615025  -1.0442755811  -1.1437362454  -0.3200241266   1.2124238757   0.9059964447   0.9790737229   1.0764510786  -0.0696549523   1.3243093324   0.3788874221   0.1863746007  -1.5424948737  -0.3960135817  -3.2403673492   0.2016026368  -1.1466776871   1.6631603136  -0.6075115985
 0.1837356593   0.2709231600  -0.7830438500  -0.4647632159  -0.4885115165  -0.7074125951  -0.8262538710  -1.4446328084   1.9671832088  -0.3553712607  -0.0775767927  -0.3967302880  -1.1399423208  -0.2248560493  -0.0811337130  -0.4838388526   0.3825298483  -1.1824343528  -1.0175729544   0.0387761905  -1.0832232889  -1.0054086535  -1.5573771532  -0.9117146001   0.4378163309  -0.6471912292  -0.1580657265  -0.4038668896   0.4243708675   0.9130743980
 0.2621536751   2.3998040209   0.5481643960  -0.6111381725   0.7684494429   1.0696323087   1.3493803884  -0.1462755673   1.4634919663   1.4777819964  -1.4317719489  -0.0763546065  -1.9423528628   1.1660008487   0.2388585356   0.9214690348  -1.6905209528  -0.4680193690  -1.2618787965   0.1888294183   2.6233662299   1.0489400795  -0.5943904831  -2.8300325669   1.4464798233  -1.8439071993   2.8747588126  -2.4606829283   0.2746426350  -0.7789993859
 0.5173387315   0.3431181970  -1.3851945393   1.2799612858  -0.1194995436  -0.2572192953  -0.1047372107  -1.7544782491   1.4550754546  -0.2132135216  -0.4702572096  -0.3600318529  -1.4114472210  -1.1549705280  -0.2147078226  -0.4449830414   0.6876501926  -0.2804367588  -0.2239785687   0.6574688098  -2.0510179704  -2.0903155552  -0.4112716737  -0.9574021778   1.5387231744  -0.0072007175  -1.9783779949  -0.8649582993  -2.1713162399   1.8738767785
-0.9852890380   0.8088788260  -2.3242062511   0.3012722366  -2.0652278944   0.2547783207   0.1290631926   1.1070311121   0.8948437094   0.3758208994   1.5187994950   0.3763851527  -0.3210667484   0.0637103412  -0.0535356438   1.2930728196  -2.0572608676   0.6022387384   0.3471761473  -2.1717734476  -0.4416356911   1.7910860279   1.1246468549   0.5680336728   1.8210960881   2.6498303133   0.9121304211  -0.4245477758   0.5539213854   0.9481614419
 0.2946312928   1.6190805931   1.4176889482  -1.3123873398   0.4684613384  -0.4901698683   1.9110026767   0.9058941422   3.3894316394   1.7308254033   0.4380493790   0.0064233703  -2.5643468464   0.0410552601  -2.6094192485   0.5297890094   3.1423943238  -1.5601235105   0.5878790210  -0.2051219845   1.3445565847   1.6703541190   1.0408779227  -0.4647350483  -0.2693209755   2.1046408676   2.1439814204  -0.4554899631   1.2856627759  -1.3601323506
-0.3403565988  -1.6244434053   0.2253548808   1.5355961211   0.8758134886   1.0850784273   0.5429898954   1.4660537482  -0.1297829996  -0.0896771415   0.5338441356  -3.2084777218  -0.8153157368  -0.1547005823   1.6592737054  -1.4263126018  -1.1047100823  -0.6850538147  -1.3663421514   0.3198601436  -2.3428400383   0.3923984963  -1.3576523878   1.2471964481   0.1339251216  -2.0336351287  -0.7908290209   1.0153240649  -0.1566316834   0.0741771553
-0.5054428679   1.2808195463   2.2050287837  -1.1057010092  -0.7715959523   1.3539181628  -1.8964076971  -0.4481872752  -0.4523191707  -1.2276250216  -0.7998536763  -0.0646685036  -0.4077391068   0.1299200229  -0.2458955210   0.0727542151   1.8544778137   1.2602785892  -1.1059284559   0.9943584700   2.4449935420   1.4608225555   2.0532655170  -1.7195347392   1.4468801928  -1.1048187649   2.9566570173  -1.5036034846   1.7680608511   0.4148472442
 0.4064013363   0.6065564692  -0.3720294087   0.1418363274  -0.6920413468  -0.5324300921   0.2022887996   0.0768878749  -0.9881875240  -1.0796548138  -1.0399478149   0.1011537379  -0.2558167188  -0.3626839328  -0.1957125989  -0.7919034959  -0.7609254421  -0.5665973164  -0.2945952008   0.5991322549  -0.2048964747  -1.8171006870  -1.4446013412  -0.9144306722   0.0854595802   0.0096038442  -1.0104124434   0.0024592214   0.7360037932  -1.1401985849
 1.0062096411  -0.2688468597   1.2351407633   0.7971269841   1.0643553954   0.8290068360   0.4408058288   2.4860657120   1.6115438282   2.3750585788   0.6674110561  -0.8784463897  -0.1453262616   2.3155736500  -1.7926973293   1.9527154489   0.7371641261  -0.5602213202   0.0507928044   1.5337988736   0.9012561400   0.3710158840  -1.7690451720  -0.8723332175   0.2917161582  -0.5569902796   1.2548954770  -0.3248439283   2.4811635546  -0.4898334844
 0.1891630949  -0.1182808491  -0.9986177054  -0.3918086818  -0.9684943044   1.0526426096  -0.3421019518  -1.5499725854  -1.1265807935  -0.8457274678  -0.6605533948   0.8340968076  -0.2469806842   1.5784539297   0.4503346686  -1.0503877010   0.0786198064   0.3539438476  -0.1470663001  -1.4698030365  -1.2990190732   0.9274220838  -0.2680849696  -0.1538911093  -0.0387421522  -1.6712015478  -0.1000383998   0.7482896364  -1.9154699811   0.4057461238
 1.1657812152   0.7333642874   2.2505906088  -2.2699374778   1.7262357175   1.2411889362  -0.5881257344   1.5509621221  -0.5432747583   1.7640777768  -0.9845788183   0.1222599293  -0.6244408286   1.1836582437  -0.5810596872   1.5418574015  -1.3573559115  -0.4768098804  -2.3330631728  -1.5927454560   2.9191285837   2.4092689824  -0.7495325777  -2.2784327500   0.0095718856  -0.3620655856   1.3228545222  -1.0542625899  -0.8234696614  -1.9449693789
s3
-1.5622136943
 1.2938815483
 0.9836147050
 1.2186152006
-2.6176976725
-0.2468766408
 1.9750030821
-1.0177221793
-1.2818368353
 0.8402906524
-0.5366560873
-0.2009841687
-0.5712989515
 2.2673814248
-0.2205533310
 0.1507036145
 0.3894704395
-0.7334468873
-0.7102009379
-0.5893238189
-0.4390078311
 0.7442970604
 0.9677765970
-0.3184635229
-0.1268602351
-0.4518478927
-1.7199154836
-0.6032841047
-0.7742414418
 1.2590025735
w4
-0.5337606109   0.1440144073  -0.1693310229   1.5412335650   1.4534418659   1.1112256359  -0.5408943939   0.6702504186   1.1269569766  -0.4418855865  -0.7845222359  -0.8672127461  -0.4912887412  -0.2588511531  -2.5525197200   0.5356178781  -1.5765196129   1.0854352694  -0.9915709215  -0.1952463936  -2.4483950210  -0.2714096552  -1.0795803143   0.9090240032   1.4919528856  -1.7054106887  -0.8571262727  -1.2253445080   0.6272519425  -0.6605629404
 0.7896133028   1.0664306223  -2.4930093186  -0.1342059671   1.1395327613   3.1909872473  -1.0760269979   0.9448533261   0.6128564252  -0.2000120148  -1.2405897610  -1.2451473979  -2.2481178966   0.8134177436   0.9527774473   0.0514080952  -1.6667783657  -1.1100884224  -0.7591583097  -0.4639602590  -1.5880715191  -0.4036280352  -0.8215143139  -1.1679019420   0.8774267299   1.0080563808  -0.5386831410  -0.6842983103   0.1514311842  -2.0393505030
-0.4356361360  -0.7597969100   0.6990425243  -1.2122706643  -0.4330649621  -0.2658989111   0.4738069351   0.6294291444  -0.2198467653  -2.4286792978  -1.2154939842   1.1664745246  -1.9639042254  -2.6140621172   1.3203808821  -0.5777929173  -1.3167577295   0.2205302246   1.7301533816  -0.5411744446   0.1158779865   0.4103738355  -1.6200343416   0.6953718351   0.1487298022  -1.5060635856  -0.6674399721  -1.9749027286  -0.3648748073  -0.6901100577
 0.9791232997  -0.2287838782  -4.4968308491  -1.7760049701  -0.0441590187   0.2454095001  -0.6458208473   1.6322074308  -1.5666491858  -1.4011367509   0.4409307516  -0.8669527146  -0.6489728179  -0.1749022815  -0.5851268132  -0.2369551602   0.1252535005  -0.5877307104   1.7827182056  -0.7092375370  -1.4824847414   0.2795238060  -0.8756449381  -0.1592056023  -0.7466368255  -0.9415670815   0.4230118486   0.0968564141  -1.2873811110  -1.3023502415
 0.8974728415  -3.7897655713   3.2688681276  -5.7350488813  -0.4258250860  -2.9161187650  -1.4706001661  -0.4244299996   0.1805932329  -2.8080300376  -0.8154528423  -2.0698305503  -1.8771288728  -1.4160994668   0.9807607730   1.3772257406   2.3115059956  -1.4953299188  -1.6227133591   1.0074802311  -0.5939059242   0.7987846472  -1.8594094112   3.3770904042  -1.3654498051  -0.5544119774   0.1582968376  -2.8260384497  -1.6063784730  -0.7168666132
-1.3174760757   1.2587024686  -1.4426506119   0.7461250220   0.1697252859  -0.2214844860  -0.4330750414   0.4916707317  -1.3518698214  -2.4559932627   0.1484818351  -2.0326401965  -2.4377582828  -0.2865435306   0.7283778917   1.8798828698  -1.8956615677  -0.4796958688   0.2716136388   0.3059722446  -1.8158834293   1.9383998451  -1.4318494014   1.0203037617  -0.8372676542   0.4708326670   1.7490201301  -1.3011865809   0.8165500278   0.1076634679
-1.0506536965   0.0650572872  -0.0026674649  -0.4629519626  -1.6916641522   0.5134066284  -0.2526662045  -0.6249967304   0.0993250030  -1.2238197000  -0.8984090655  -2.2823553517  -0.8453598534   0.5227625754  -0.0534524692  -0.6760700251  -0.1481223882   0.6062038254   0.1637780793  -1.0460348331  -1.4205961285   1.0392761331   0.2814697198  -0.3921854649   1.5000657808  -1.7975694439   1.5827006584  -1.1098953886   0.4532777419  -1.0414519374
-0.0377183588  -0.7343782958   0.4177140687  -5.1969679781  -1.0513337815   0.2691081766   1.6806739367   0.1819049834  -2.4367377496   0.3363313225   1.4488882658  -2.3585651500   0.5164383953   0.8156147403   0.7704407130  -0.2443654289  -0.9868981752   0.2029032054  -3.0341832292   0.4252387239  -1.5719484816  -0.9597341796  -3.2394091199  -1.1594091298  -0.7520824996  -4.1587738190   0.6714538788   0.6894437412  -0.4001482474  -1.1741788452
 0.6956450866  -3.6464683485  -0.1625712159  -1.8606582179   0.8739203700  -0.9944577085  -0.0829490675   0.6680862323   0.6007142910  -0.2593606915  -0.4358972279   0.2474047507  -0.4688072519   0.7601924622   0.4115195181   0.0581058672   0.2897233042   0.6197113365  -0.2152552283  -0.5894571368   0.5294412389  -2.3903248060  -2.0876846656   0.1453795767  -1.8530452212  -1.0632283808   0.9380063249  -0.7215990992  -0.6594013308  -2.3359617516
-0.4882390996  -0.9272906137  -0.6047690964   1.1518799788   0.8641223681  -2.0066312108  -0.3775151836  -0.6160484635   0.6134629083   1.3610108052   0.1826465294  -1.3183900457  -1.6685305274   0.3529371291   0.2169962294  -0.2996312027  -0.7252283062  -2.6041299610  -1.6728268762  -1.1466442873  -1.1376199734  -0.4154070019  -0.8604288370  -0.3778066328   0.5170009288  -1.0458041649  -0.2733425193  -1.3228778228   0.5181111511  -0.2887168523
 0.8220078429  -0.0018163249  -7.4446531638  -0.8257137410   0.3307523545  -0.7671579652   0.3516433142   1.2638262023  -0.2321355606  -0.1059844864   0.5942621509  -2.5539566325  -0.1114631233   0.2333895791  -0.2570672605   0.6490337848  -2.9728760211   0.2081783797  -1.3578680994  -0.7743981609  -1.2499048616   0.7583077189  -2.4925504648   1.0395364516  -0.6579089716  -3.1685604638  -0.5724168368   0.4151356225   0.9086794925  -1.1380095931
 0.7053567614  -0.0634019117  -1.7189990384  -0.8669910725   0.3713948382  -1.8452489903  -0.2087592265  -0.0089646643   0.2870545828   0.1595555133   0.8763674768  -0.5011987716  -0.2220236541  -1.0628935237  -0.9925514233   0.3161610876  -2.8709489621   0.6247719554  -3.2208602880   0.5096765937  -3.1675650289   0.4997116917   0.5085115037  -0.1441904369   0.0162681050  -3.0354349561  -0.8763005329   1.4746654401  -1.3815218807  -2.4062023985
-0.6499705175  -1.1464778429  -1.7107929599  -1.5336404880   1.1140003661  -0.4119418467   0.1909423392   1.1221186164  -0.5101102448  -1.4242449693  -1.5347477090  -1.1630703373  -0.5942687725  -0.7461514003   0.4749693748   0.4983170089  -1.3902676065   0.6350242265   2.0512411172  -0.1214007819  -4.0400675996  -1.1449384593  -1.1051582958   0.4731911966  -1.0165787144  -2.4592043485  -1.0681784339   0.2990995794  -0.9166720601  -4.8483238645
-0.2724102773  -0.0425493314  -3.2525154533  -1.5552213251   0.9896238976  -0.1720916222   1.1767097854  -0.4138460250  -0.3273096592  -0.9846334380   0.5860348470  -3.0912794079  -1.8861463518   0.8295641815  -0.7410698109  -0.6064314540  -2.9942406995   1.0448376918   1.8562118408   0.5971185432  -0.4058170491   1.2945380727   1.1049968909  -0.3243797482  -0.3482601817  -2.3530680871  -1.2471752271  -1.2028635749  -0.7361163317  -2.6156025927
 1.8959816005  -0.9230509420   1.3428751541  -0.2183625608  -0.6847550228   0.3477635958   0.4397885465   0.8235752229   1.1377959437  -2.2166216767  -0.6108272972  -0.5877994954  -1.3115593958   0.5793191268   3.1547747160   0.8920318956  -1.5641126650  -1.5228970348  -0.9258835091   0.9813283841  -2.0576965905   0.6638305310  -2.3789468837  -0.7953068625   0.0777020620   0.4378609303   0.9451502602  -3.4868947100   2.0037411184  -0.2779522555
-0.2053530421  -0.8739149694  -1.5432539721  -2.3459011193  -1.2463571499   1.5299230193   0.1356756920   0.8377311072   1.4012229998  -1.6457192400   1.4250792114  -0.4587115578  -2.1121895052   0.8810312153  -0.0806635839   0.2200883460   0.5230189117  -0.6783934993   0.1544469754   0.3549045994  -0.5504219172  -0.2119854833  -0.5377978808   0.2241221117   1.5381304027  -0.8471636946   0.2509195146  -1.0684168296  -0.7577943823   0.0999958792
 0.5979496750  -0.8191756699  -3.2521195928   0.6605923756  -0.7697799468  -1.2009749684   2.8214194480   0.4796846286   0.5125819391   0.0513389367   0.6620170036  -0.1468326309  -0.0950736267   0.1382228887  -0.0801192479   0.0482729950  -4.2732033653   0.3688094689  -1.6085795509   2.1537372785  -0.8535446065  -0.1043306771   0.8716922629  -6.6595760465  -0.9929637692  -2.3134588234  -0.2920278017   0.0760681675   0.0507590587   0.1485225129
-0.0610666710   1.6224107317  -0.6829122421  -0.5366629872  -1.3902001355   1.4482519156   0.9609568642  -0.6754477045   0.0593475839   0.3325387144   0.7167180494  -3.8960279358  -0.7934915242   1.0424330936  -0.9824644180   1.3690706849  -2.4542690855  -0.4857042013  -1.6067523219  -1.9432557543  -2.1359664639  -1.7681658232  -1.2842820196   0.8400736387   0.7064747855  -0.3615807004   2.4906673095  -0.0456600712  -0.4852595042  -2.5709579421
-0.2297090234   0.6452977004   0.2186803187  -1.0234503474   1.6411755040   0.1742106105  -2.1669126457  -0.7578147705   1.9893473709  -1.5699218350   2.3033530162  -2.3638001650  -1.9807878482  -0.9872918285   0.7848589545   0.3053981058   0.2689091123   0.3939382127  -3.9046592003   1.1852696003  -3.2206164712  -0.0983622893  -0.6434477969   0.3726178554  -1.1105502988  -2.4341045045  -0.1376865242  -1.4012426037  -0.8121508429  -2.3826430515
 0.8916883969  -0.5004988216  -1.7753835870   0.4856553107   0.2031922577  -0.7933112275   1.2187310774   0.5088274668  -1.6342761964  -0.4498614516   1.4993501598  -2.3307678425  -1.4506518475   1.4743070132   0.5114965567  -0.2051633651  -0.6131803019   0.0097223971   0.8002667674   0.5041855282   0.4726473416  -0.4128589819  -1.1198442063  -1.5164414886  -0.8367928823  -1.0672507493  -0.3603581218   0.0510344911  -2.1811921763   0.1013630546
 0.5735521513  -4.4349349632  -1.5673856151  -2.4180287878  -0.5827769608  -0.7467940039  -0.2081509919  -0.9080625050   0.5765766823   0.2466106655   1.6900282162  -0.1439330637  -1.9176795683   1.1094328940   1.1179476943  -1.7519305857  -2.8193955792   0.7931916381  -2.2527413352   0.3322690039  -2.9635307896   1.3940803209  -0.8075687230  -0.0672016326   1.1631613013  -1.1335133238  -0.6727043864  -0.6481057817   0.3392888465  -0.8574191395
-0.4838458507  -3.0226662607   0.4522345691  -4.3139815424  -0.2354973329  -0.0166178165   1.4969152315  -1.0441183233   0.2230988914  -2.4745646075   1.0298620661  -0.8222548261   0.9497075456  -0.5250568628   1.2083589087  -0.4414552101   1.4656722043   0.5328727323   3.4051807459   0.2937868041  -5.2252251177  -0.7424129952  -0.2818663803   1.8415246163  -0.8473763420  -4.0246716164   1.0721317988  -1.7954261796  -0.7348962893  -4.9246488155
-2.2881778594  -0.9407346149  -0.2831028949   0.2446207935   0.2054867761  -0.3221044681  -1.0990946852  -0.9467632619  -0.4807862374  -1.3966164168  -0.7658493071  -0.9518161861   0.5661668194  -2.3098169100   1.3574428977  -0.2762607425  -1.2610685940  -0.8399089169   0.5882855935  -0.5749285047  -1.2508316891  -0.0973535330  -0.5371066359   0.2249080399  -0.6818586353  -1.7496398619   1.8333675469  -1.5259111255  -0.8894344020  -0.3950345451
 0.1439997062  -0.3658941199  -0.3413141005  -0.3330627790  -0.8457795125  -0.2361327571  -0.5762699986  -1.4381618151   0.5537034710   0.9209377383  -1.9139574004  -0.5839566568  -0.6283904727  -0.3699626996  -1.5038584897   0.5408442579  -0.8642119335  -1.8238800526   0.3058467998  -0.9605530660  -0.3643126963  -0.0356235989  -1.3535738310  -0.8797371796   0.2709317503  -0.7728605279  -0.2977986181  -0.5046781560   1.1269559999  -2.1345492792
 1.3795877262   1.2017395629  -0.6082252007   0.8910303511   0.2081805394   0.2504417239   0.8450650649   2.9759978445  -0.8250587115  -2.3882975605  -1.8253580538   0.4043813675  -1.2513978892  -2.3487989425   0.9018681045  -0.4042410109  -1.8030486319   0.6031104776  -0.1140169305  -1.8498585877  -2.0390748584   1.2460772687  -2.2604460461  -0.2454509681   0.1608233788  -0.4161224332  -0.3001991179  -3.2183335244   0.6320026558  -1.0855529311
-0.7075770183  -0.0728220154   0.3423044556   0.5234064744   1.0041788896   0.1472310296  -0.1358179744  -0.1806933703  -0.4452552369  -1.8708457669   3.1976347658  -2.8138331311   0.0603977964  -2.2249380767   0.1459107321   0.5733087751  -2.9354873573   1.0717177114  -1.2114277384   0.1805114721  -0.9126062608   0.6915643609  -0.2176188644   0.6839600244   0.5074130405  -4.6028305558  -0.6035189452  -0.8593114094  -0.9867101005  -2.5159473146
 1.2728763310   1.3650551782  -0.8084519172  -0.9717798160   0.2317078550  -0.7621315848  -1.2627232840   0.0709451402  -0.4809635663  -1.2634478282   1.9626993915  -0.1338197106  -0.6333550853   1.4959566839   0.0135165781  -2.1451101735   1.2942578422  -0.5703781029  -1.6202898353   0.8371428167  -2.9655474024   0.3768905023  -0.7934741157  -0.8546935826   0.6944722317  -3.4533991036  -0.2001688825  -1.2884769899   1.9866017428  -1.9322494944
 1.0077845829  -0.4236469242   0.1886011283  -1.5287865351  -1.0643942177   0.4248549958  -0.6515288423  -0.0012238588  -0.7446743843   0.8854259596   0.5313085089  -1.3993575844  -0.9606079383  -0.5915687499   0.2242988784  -1.2455716992  -0.9569018562   1.6546196953   1.2530149777   0.5600394510  -1.8132938462   0.5261976862  -2.8781009371   0.0083845739  -1.3159537428   0.6082906767  -0.8298409863   1.1196633307  -0.2435345339  -0.2719623941
-0.5616891804   0.4762716534  -0.1848835916  -0.6312275292  -0.0971904370  -1.5260496588  -1.1967460304   0.3292910766   0.5359274970  -0.6605209955   1.7253373775  -1.5693590483  -1.0389152220  -1.5756533114   0.6081752210   0.1581662565  -0.3328154665   0.1692518989   0.9388743980   0.3218430574  -0.0073975341   0.6882077582  -1.8072667671   0.3160541660   1.1319194489  -3.7185153446  -1.1133835422  -2.0205852659   0.5196668850  -2.2985890161
 0.1478605694  -2.2233800384  -0.5782284507  -1.4386499957  -0.7188047975   1.3358281941  -0.7104557900   0.6148733137  -0.9269442593  -3.3326441674   1.1932144135  -0.8821708119  -0.9574018418   1.1407297560   0.8441779395   1.9946723716  -0.4072188912  -1.7932352277  -3.9150291639   0.1087243230  -2.1345814249  -0.2182577045   0.4851223478   0.1312557628   0.4923655125  -4.2710517278  -0.7255637883  -0.0996834321   0.6715395532  -3.7231235292
s4
-2.3540571366
 0.4812745188
-0.3076532138
-0.8365238005
-4.2617497521
-1.1208565923
 0.3322004593
-2.2248638721
-1.2964678594
 0.2127769354
-1.5338964868
-0.7801032667
-1.8601329660
 0.8924624858
-0.5427744622
-0.4558590252
-0.0319129453
-2.2355080646
-1.4924112679
-0.6288088770
-0.6605784661
 0.3575179246
 0.1745609640
-1.2530343997
-0.4913571885
-1.4586469254
-2.3071569357
-1.6280061607
-1.7001551159
 0.4304353360
w5
0.7383239595  -1.6307075053  0.3231057067  0.9637624682  1.4483045823  1.4826840328  0.3738684467  2.2041608458  0.2423724406  -0.1524407933  -3.4436540250  0.8575819806  -1.3160751483  0.3134725884  0.6006597143  0.0745450929  1.6747681522  1.1099818826  3.1777211486  0.2187874102  0.5164546870  0.1259310967  0.6957046251  1.5193745826  -0.7498489958  0.7011410464  2.2183441321  -0.2966158921  -0.7039016418  1.7965777327
s5
1.5090023793

