layers: 6
str: {2,30,30,30,30,1}
w1
-2.9770379908   0.6066598234
-1.3535031347   0.9798833108
 2.4011616475  -0.3398350282
-4.1568598481   2.1594751598
-2.8012930526   0.8375283368
-2.9710511075   2.7166431099
 0.5036338393  -1.0282612819
 3.5096957089  -1.8055419356
-1.8019294637   3.1822796432
 2.3976594746  -0.4086973380
-3.5712841705   1.5650903666
-0.3738664015   2.1060227308
-4.1855234372  -1.9377575184
 3.1276290118   1.0342184735
 4.8333606389   1.1408297189
-1.8801495181   0.5517279082
-1.0982427388   0.7292157638
 5.8900839727  -3.4401247571
-1.9687333879   0.6172683324
-0.1915383053  -1.8719182131
-1.9330113608   2.2564860038
 1.8155537417  -0.2829779940
-2.4318522750  -3.3390031188
-3.2203242913   1.1480733283
 2.0829507890   1.6457537168
 4.4014159512   1.0068067471
-5.5009353875  -2.9692208985
 0.6039500880  -2.3035270105
-1.3193004400   0.8516121403
 2.4523468899  -0.4461099641
s1
 4.7637567108
-2.5487647105
-3.7104317828
-0.0505485384
 5.1815028837
-0.1397455330
-0.8505147449
-0.1566958573
 0.2472939250
-3.8146719911
 3.5733142898
 1.1344232814
 0.7860010905
 0.5386156966
 0.7355670740
 0.5431917713
-1.8838155796
 0.3220575274
 2.0643326633
 0.7805801787
 0.0910616368
-2.8044913265
-3.1701871371
 4.0461021517
 1.4077129599
 2.1044373387
-1.8737507071
-2.4457310652
-2.4245853995
-3.6358855922
w2
-1.2523649512  -0.3519826875  -0.9315213397  -0.1048432882   0.3439157195   0.2197031240   0.1919076435  -0.5642168003  -0.3696333982   0.1398208864  -2.0336052711   1.3776985659  -0.1595922378  -0.1669243110  -0.7665168569   1.4000045114  -0.3989590766  -0.0269596695  -0.0783812133  -0.8999264668  -1.6061332003  -0.1865107244  -0.6353935066  -0.5197414741  -0.1370820797  -0.5862239522   0.5768969327   0.7032202619   1.0695298020   0.1384459137
 2.2509606390  -0.9872151846  -1.4736218759  -0.0340823468   1.2262972420   2.3662916083  -0.3713862070  -2.4605611991  -0.1066756221  -2.8301178932   1.8800921901  -1.4912254826  -2.0959245207   0.5057301068  -0.6876909047   1.0979887662   0.4110292300  -2.5944837414  -0.1212388750  -3.1982686973   1.9201716551  -1.0853745921  -0.4386068954  -0.3504463460  -1.0015005300  -1.0403552470   0.7441703367   0.2795246922   0.1805383540  -0.9335696536
 1.0290841397   0.9440052209  -0.3783533219   0.2292740897   1.2324800514   0.8016662885   1.0672980673  -1.2674875647   1.3493463284  -0.6359583610  -2.8581911116   2.1219867918  -1.2689097505   2.1607245450   0.8871189784  -0.1400977513  -0.8360023802  -0.6885614165   0.5877620802  -1.9791022471   0.6693756802   0.0456959327  -1.5152254576   1.5816522435  -1.1137635341   1.0341499728  -0.3295192606  -0.8709044851  -0.4734238421  -0.3065553222
-3.5102159102  -1.2379461217   1.0070528041  -1.9244387327  -1.9026135621   0.1039433633  -1.2592002311  -0.4108478112   0.0592348196   1.8094153121  -1.8641592319  -1.3016426419   0.4860059386   0.0908514503   0.0938223387  -0.6850963821   0.0274217540   0.5047812213  -1.4324673735   0.3551013815  -1.2233066207   1.0038465252  -0.5420893090  -1.8225379629   0.1158695899  -0.7603079254  -0.6227009359  -0.9524685068  -1.1939004119   1.7258142667
 0.0275414410   1.1898977228  -0.4924801066   0.3903886205  -1.1961170671  -0.4323151417  -1.6739492914   0.0421124814  -1.8732900249  -0.1217057015  -0.4225524268  -1.8366943319  -0.3240647717   0.2246554335   0.9895779949  -0.1267571241  -1.0140286009  -0.1897611983   0.5803806333  -0.1220761950  -0.2210264486   1.4516527249   0.9180753220   0.0219566138   0.1372193158   3.4729169476  -2.0860740829   1.7000949564   0.4663763964   1.0148031115
-0.6997624826  -0.4225281498   0.8429055989   1.6513606455  -0.4725701877   0.9609406753   0.0677921122  -1.6128141322   1.1185918278   0.3812594472   0.0276734069  -0.7381337574  -2.9911768429  -0.2810762473   3.2072580945   0.4069087312  -1.6466265800  -4.2172765580   1.7160708330   0.4098550792  -0.2287747183   0.3186175431   1.7413710818   0.1806759686  -0.2475388307   0.5702603359   1.9089941999  -0.1073905666   0.0867382996   0.5382222255
-0.8422573359   3.8085789192  -1.7236262454  -0.5184370886  -0.0946247408  -2.5523240253  -2.1527797927  -1.0848999794  -0.2787760270  -0.8676101483  -0.0691234999   0.5520600143   0.5056341618  -2.3175387728  -1.8159492221  -0.1316490620   1.5572763392   1.3767236075   0.0420504746  -1.9071698769  -1.0973826562   0.1376651681  -0.4536657413  -0.8970427842  -0.4123118470  -2.2749212533  -1.3434038527  -0.4037642909   2.3972047603  -1.1245038858
 1.3869650235   0.5388341125   0.8157252717  -0.1614952598   2.0170244957   2.5034145013  -0.5453599035  -0.8575580700   1.0915812885  -1.8244288299  -1.5191006201   0.2896267673  -1.3518713049   0.4999597862   1.1315416452   1.2545618181   0.4393242061  -1.3001219231   0.9296077866  -0.5817832254   2.0070080128  -0.9903321325  -2.4516039355  -1.0456489413   0.3052867857   0.5298271969  -0.8470457190  -1.7481750731   0.7537027899   2.6169919247
 1.0778546708  -0.2262228607  -1.0147335210   1.8275286705  -0.6994850704   0.6913066963   0.0375583797  -0.5815789423   0.5883064402  -0.0526810720  -0.7710316545  -0.2154737876  -1.0841618915  -1.2170822467  -0.9423775350  -0.0143868181   0.5113882766  -1.6838675456   0.8030474595  -2.1320370982   0.3826161923  -1.3062061235  -1.3808683334   1.4065475530  -0.0144949664   1.8853498462  -0.7021077316  -0.6730216987   1.0090968459   0.1801144738
 0.3161613623   0.9464726876  -1.3247156967   0.6828981230   0.8415952140   0.7849802491  -1.7723063197  -1.6850607041   1.8806351032  -0.8229569616   0.8406437496   2.5725055311  -0.8563789446   0.8263599942   2.1836808957  -0.4847828472   1.7572984790   0.5264057311   0.0751723721  -0.4717897810   1.4445977546  -0.5411355343  -3.0508355830  -0.2036288228   1.0949330106  -0.2257040830  -1.4549837357  -0.9393747159   0.3891209605  -0.5833966931
 1.1567935501   0.7863465019   0.6558311325  -0.8758924887  -0.4567430273  -1.9205183102  -0.8460709636  -0.2362109132   0.2944074655  -0.0631050466  -0.5115373788  -0.3777908353  -0.8506245373   0.4708425743   2.0054549193   0.2295960097  -1.3284807700  -1.2452086504   1.6913165488   0.1041203593  -0.9136534928   0.3942743342  -1.2846140580  -0.4485677891   0.6464627433  -2.4419082741  -0.2854708263  -0.3430353002   0.5478590505  -3.2654300416
 0.5783205280   0.2290869356  -0.5193940327  -0.1037178140   0.5293981421  -0.5548142781  -0.5304882130  -0.2160092586   1.2384530954  -1.8732585673  -1.4259708475   1.5442606868   0.9210311946   0.1704154869   0.6601939331  -1.5334734181   0.4051766893   1.7328550382  -0.6590022835  -0.1720807552   0.1914181111   0.8007516387  -0.5931602160  -0.2113698468   3.1384039307   1.4878679302   0.3765718226   0.2409103672  -0.1435150275   0.8580189036
-0.6089112345  -1.2752898244   0.5828663274   1.5154255060  -2.3950011787   1.2864463452   1.3123279496  -1.4056541478  -0.5177275039   0.1971828143   0.3771265508  -0.5327744195  -1.3450331850   0.3279752467  -0.3033517911   0.8357316533   0.7243823390   0.4926614801  -0.2565533640   1.9337467856  -0.8667304609  -0.7312943898   0.3878925029   0.7306524652  -0.1433978946  -0.5083985512  -1.0603667867   0.6102337409  -1.0723134969   1.0010915489
-0.8541258919   1.6434311865   1.0429617428   1.9317742457   0.4440492502   0.2116443529   1.9100075735   0.4519106518   0.5674902191  -1.0675871115   0.9994082931  -1.1328232863  -0.2630208822  -0.6934962973  -0.7840837531  -0.1361847180   0.2145634371   2.1674287049   1.2541768475   1.3597915007  -0.4300793204  -2.7456143296  -0.0919462134   0.0113989315  -0.4381305015   1.3092525497   1.1165655893  -1.3285566644   0.1423202845   0.5185847457
-0.3823727655   0.1833541635  -0.2116695288   0.3735857625  -1.1186780205   0.8740854210   0.1859929667  -1.0570638432  -0.9075272780  -1.0475291392  -0.6479158840   1.2361820441   0.8364707288  -1.1803903416   0.9430438893  -1.1444624493  -0.0315870475  -2.8897257594  -0.1012382328   1.0673414143   0.2656294841  -0.1340220588   2.3621832499  -0.6746356850  -0.4030884320   0.1569494161   1.2588570787   1.0805126108   0.1613078593   0.3212222665
 1.2561194539   0.8099008268  -2.0007857384  -0.9891163521   1.5370453743  -0.8079710590  -1.1930157020   0.2638402686   1.3292435387  -1.3511236493   0.7961479198   0.3647731418  -2.9716371174   0.4923673992  -0.1040239167  -0.6867179579   1.2018169391   1.9255009354   0.3377979673  -1.2628460178  -0.0625372737   0.0656345153  -1.0054510194   1.7918898828   1.6533861240  -0.0631598547  -0.1738732687  -1.5887662497   0.4864569425  -0.5116288474
-0.3208111054  -1.6950978544  -0.7701380767   0.9032285666  -0.0104658331   2.1693519899  -0.2562925654  -3.2401629594   2.5651187116  -1.2647440675   2.8774900277   0.6428434436   0.0975928726  -1.4742283754   2.2705697093   0.5556291233   1.2589931358   0.1649742968   1.9664649737   1.4112757581   0.2052687470  -2.1317006425  -1.0592667732   1.3635164603   1.2334951937  -0.4223713927  -1.8385998042  -0.2363560435   1.6976943844  -2.0609678300
 0.3076782005  -0.4020851077   1.6243281631  -0.4426638051  -0.3371922680  -1.9868860993  -1.2063045421   0.1757955397  -0.2426193078   1.6222685941   0.0457661602   0.2807325798  -1.3023177190   0.1067078122  -0.4851577921  -0.5273906202  -0.1414568602  -0.9556081788  -0.0080967409  -1.1688946962   0.3470087957  -1.3672555253  -0.0058910413  -0.5727259783  -1.4045203924  -0.6633030061   1.2716080652  -2.2839851456  -0.3028336794  -2.1154457701
 1.1371564483  -0.0681060267  -1.6479443910   1.1204847801  -0.6667603466  -1.7369961935   0.6464242759  -1.0125682471  -0.4426494100  -0.2956296192  -2.1381673555   0.3962803936   2.2810051398   0.1245982799   0.1395137393  -1.4292652668   0.6189167244  -1.5078821383  -1.1850017962  -0.9989264984   0.9199968545  -0.1871187852  -1.0342773286   1.1246781065  -1.9616500557  -0.8857861590   0.2444190142   1.6369605442  -0.9925481484  -1.6288252417
-2.3173815690  -0.5706156027   1.7215436378  -0.4899482130   0.0088973046  -1.2742819334   0.1982106773  -1.0751093248   0.4008524753   0.6166273610  -1.1223373241  -0.6846759181  -0.7177601224   0.1437038699  -0.5263907936   1.1094768523  -0.6158779521  -1.0730213535  -0.4440376377  -0.2011645905   0.7707105027   0.1960726818  -0.2722259926   0.3067427106  -0.0863015172  -0.9565866912  -0.8098639657   1.2888170599   0.5511053415   0.9991387981
 0.2519170022   0.7365212872  -0.2626874003  -0.6696758619   0.9966985063   0.9783597063  -0.3328914356   0.9384524603  -0.7303948243   0.2340040606  -0.3460606916   0.1060754981  -1.6988710134   0.7595928530   0.6046752727   0.1769524518   0.9854238751   0.5524662544  -1.1281061596  -0.1953341052   0.6477779468  -0.0940726814  -0.5224417205  -0.4727255227   1.1123895492   2.7269866585  -4.4097803352  -2.2675218835   1.2227633155   0.0631035505
 0.2287966835   1.9003087903  -1.1758120516   2.5832637868   1.5557084842   0.8510033773  -1.2866626608  -2.8370498655   1.5454302942   0.0993659502   1.4068147692  -0.0876343132  -1.9303712344  -1.8997278637  -0.4351420889   0.7058495112   0.1778997966  -2.3743803800   1.0305338910  -0.7700094669   0.1949923080  -0.6005663955   2.5183776871   1.4400746762  -0.6789323738  -4.4493617479  -1.1199718402  -0.2130916192   1.9790337758  -1.9231516198
 0.2333769005  -0.5837741369  -1.4654709291  -0.9981274439   1.2392350165   0.2313550785   0.9529602036  -1.0919153901  -0.7582774006  -1.4849000109   0.1550703536   0.4468761370  -1.0955716358   1.9060656019  -0.0974367779   1.1467577860  -0.1665942286   1.5157819283  -1.4681926286  -0.8390014122  -0.8585192461   0.9153164471  -0.1966812469  -1.1308588949  -0.4248627826  -1.5750490924   0.4512573230   0.0644593262   0.3422648877  -1.6901860319
 0.0816549815  -0.3047049474  -0.5624154015  -0.1088909143   1.3553413058   1.0503386618   0.2293219201   0.6140787502   0.3921760158   1.4199083927   2.6786605256   1.6218026513  -0.2490720972  -0.4717119067   0.2913852703   1.3898528394  -1.1884734783   1.7570101025   1.2092627867  -0.6435850583   2.0498888572  -0.6496295174  -0.3250413924   1.5690965817  -0.3112523767  -0.9373385779   0.7788073045  -1.1678720477   0.9232835052  -2.1142638029
 1.7188842711   0.8995229035  -2.3289596872  -0.8347747102   0.8668303046  -1.4105492764  -1.4637737089   0.2296190195  -1.6365799044  -0.8264813930   1.7762397050  -1.0456520400   1.0010442598  -2.5038606513  -3.0231209935   1.3036111585  -0.6714867327   0.9120068736  -0.2405508667  -0.9140063406  -0.5189838730  -1.1452728242   1.3141138796   0.3804965604  -1.8912281798  -1.3296268828   1.8944215260  -1.9656527398  -1.5307205421  -0.8170207428
-1.3514517511  -0.8864714552   1.8434467842  -2.1528925330  -1.5659438223  -2.4076333239  -0.4089900267  -0.3312380768  -0.5336723409   2.7589239767  -2.5859094422   1.3563074575  -1.3368923497  -0.3733815607  -0.5518049522  -0.6859669606  -1.8058047267   1.7544861076  -1.4336234306  -0.7835951634  -0.9435993458   0.7214808377  -0.3673648507  -2.6501977294  -0.0905498120  -0.3312807806  -2.3703664037  -1.0719344025   0.0768177771   1.5966103837
 1.8276234140  -0.6715072547  -0.4629587544  -0.1641087897   1.0897429105   0.7714899599  -0.7903430171  -1.8788839939   0.5329192498  -0.5509916652   2.6065655702   1.2574822576   0.4414692717  -0.3238141617  -1.0131083917   1.2324066001   0.2607137019  -0.0217067386   1.9328422607   0.4598168586   1.4092979162  -1.0144146401  -0.3693136406   2.6628055807   0.1308451045  -1.3452444370  -0.4205627939  -1.0352864275   0.5764354848   0.2332225585
 1.8072189659  -1.4426951089  -2.1888088857  -0.8898529336   1.2163573329  -1.0653474300   1.7770660946  -0.0430425269  -1.2432118960  -0.1047719715  -0.2734051867  -1.0522511297   1.3900087693  -2.3428917411  -2.1511823475  -0.0181828632  -0.0040188969   0.9310270705   1.0681070035   2.3304722429  -1.2741431035  -0.7416808895   1.6572924580   1.0935221724  -1.2101771162  -0.6360558825   3.1043024989   0.8880498577   0.9712960958  -0.5103390066
 1.1336716780  -0.4719238674   1.2776853712   0.1688006697   0.6707927980  -1.8715055728  -0.3152741349  -0.3004445525  -0.0188342262  -2.3196320586   0.9734838654  -1.3389604237   0.0273261252  -1.1685694136   0.2174978402  -0.2854515229  -0.1994520590  -0.2016637522  -2.4293906325  -0.6059592179   0.8759708916  -1.0689613608  -0.5687143408  -0.2373065093   0.0460800835   0.4292034660  -1.1845454361  -0.1934604000  -0.3746160333   0.7584814804
-2.5495151647  -1.4920343276   2.1166014264   1.3730977276  -1.8114020969  -0.9001820543   0.9081969924  -0.0934603782  -2.3784575704   0.4146952494   0.3586521707   1.5507112010   0.0354371355  -0.8638205861   0.1056919664  -1.9413090487  -0.0515880795  -1.7728752012  -1.2106493020   0.3067140855  -0.2863529516   1.4425744161   0.5993283036  -2.3644734255  -1.0721134394  -0.6142589431   2.7241090611  -1.9280157424  -1.7693038739   2.1562851647
s2
-1.5110144222
 1.1753424453
 0.7135867013
 0.3985535908
-2.0507154718
-0.2407039196
 0.3744343423
-0.6983970441
-0.8379663156
 1.3410883696
-0.1988322836
-0.5508367704
-1.0672393043
 2.7768978849
 0.1374033123
 0.3934926881
 0.8781465129
-0.5722104215
-0.7258627062
-0.1909729970
 0.2555419166
 0.8593197747
 0.3929826916
-0.5157921273
-0.0202945201
-1.1239550612
-1.1868961476
-0.8408248945
-0.8000666866
 1.1608286896
w3
 0.5464721575  -2.1808330745  -1.8773859943  -2.1604484304  -0.2666426043  -1.1395786176   0.2196214689  -2.2304802984  -0.1706126004  -0.6020275059   1.5878489684   0.2660856314  -1.7332695499  -1.3941894681   0.6952502590   0.8652825574   0.3644347177  -0.8763233683  -0.5818055467   0.7639019592  -1.0508423983   0.4006511092   0.9223612947   0.1135739222   0.7067173954   0.1117690140   2.3011779517   0.3046796394   0.8830160423  -0.0923810039
 1.2735219926   2.1834101643   1.0723218896   3.2659761164   1.0236562440   1.3422478670  -0.6516662098   0.0409577467   2.2557581929  -1.5646024840  -1.9814191630  -2.3034813180   0.8982278614   0.3394598659   1.2128795007  -0.7975922067   0.3928987849   0.5599874458  -0.6970940326  -0.7396771969  -0.0408282035   4.1669947527  -0.8836272759  -2.0053948660  -1.6376055465   2.4576672866  -1.9392080917  -0.4773911652  -0.1502735124   1.2856739962
-0.0344555443   2.0224018286   0.0355515212   1.2312957882   1.0353876175   3.2916097243  -1.8157125002  -1.4827632317  -0.1933826103  -2.4617024480  -1.4126752536  -0.8662537229   0.6190368247   0.5758192138  -0.2578312103  -0.4118115706  -2.3021327981   0.5177788837   0.0847462897   0.2173566091   1.4112286445   3.9216028233   0.4570818987  -1.4322572094  -0.3059541605   1.7183633130   0.4504303561   1.5374662971   0.4969454703   2.3789970448
-0.0572531256   2.2937937047  -1.1868822261   1.9797849272   0.1561527502   0.4237457855  -3.7463028524  -0.9896122796   1.2603361281  -0.4409028847   0.3527972941  -0.3831128204  -0.1139024305   1.7802197196   0.8365413223  -0.2800689803  -1.3734563639  -0.3946959213   0.7715829314   2.3116640479  -0.9832967166   3.1727185074  -0.9629033580  -0.2769987119  -0.1530012827   1.1095172301  -1.8436131788   2.9172059718  -0.8104340255   3.0365074207
 0.0694021132  -1.0741098524  -2.2821268406  -1.4749949124   1.7281305890   0.2064785406  -0.3495029767  -0.2370781964   1.1314588547  -1.3695392289  -0.4437433122  -0.8675587992  -0.8556173015  -0.5765398572  -1.2428751139  -0.5190513942   0.9820696012  -0.1933286671   2.3722285043  -0.8082663966   1.2022563100  -0.6932812310   0.7649897506  -0.2520550055  -0.0028888167  -0.7154804969   0.6502050779   1.3096471751  -1.2772568887  -1.4897249020
 0.4817913558   1.6757203682   0.1843162999   0.5956674021   0.5083038218   0.6122730802   0.1006223436  -0.1008606388  -1.7392846430  -3.0770475922   0.2384590767  -1.2381911786   0.5496492243   0.5301517078  -0.8233361199  -0.5563081360   0.3867562283  -0.5348375452   0.7326047527   0.3025203603  -1.0148231059  -0.7032328779  -0.9867593020  -1.1598628820  -1.1531190761  -0.7230895953  -1.3613144927  -0.5402417617   0.1796004796   0.0688392217
 1.7975189124  -0.0214461923   0.0749039220  -1.4389323772  -0.4372466844   1.4402947408  -0.2915535420  -0.7934211022   0.8846692116  -1.7011011687   0.1619808181   0.5906939146  -1.6311076016  -1.1433418121  -1.6166255173  -0.0665431877  -0.1929314729  -0.5896581847   0.1947859633   1.1727197845  -0.3852886719  -1.1832511298  -0.4346144752  -0.5267171557  -0.5150159798  -0.6235039152   0.2507845945  -1.8072421624   1.4953033361  -0.2715838732
-0.5439681252  -1.8886797168  -1.1261260130   0.6515666721  -0.8781112900   0.2745523568  -0.0226839802   0.1018001234  -0.5418034482  -2.2414513117   0.3494881256  -0.2124832558  -1.0395954812  -1.2314422207  -0.8068797954  -0.3794858043  -1.7149479637  -0.4379253833  -0.7452451781   1.1553485475   0.0941931003   1.1564812073  -0.4352632291   0.9276349397  -0.7891490387  -0.1219389177   0.5158030668   0.0256231817  -0.5859952770   1.6036240462
-0.4542280489   2.5372902229  -0.8605984962   0.3475364769  -0.9040485875   1.9394931087  -0.9580024144  -0.3199035787  -0.4791111434  -1.9181773754   0.9860875862  -2.5131358474   1.6080603468   1.7217235825   1.0532497518  -1.7313771708   0.3279139444   0.6390574084   0.3496767043  -0.6966935941  -1.8740571129   1.3057872295   0.3276862701  -0.1846266773  -0.5196526596   1.4468077705  -0.7963710050   1.2060776387  -2.2696244515   0.8620659299
 1.9604082766   1.9477088756   1.5653431150  -1.2827954768   0.1850230464   0.3645911500   0.1442706736   1.0330573605   1.4118498176   1.3660705672   0.7098881156  -1.1132684275  -0.5493839115   0.3518182577  -0.5988036562   0.7847169300   1.3420543314   0.3655290336   2.4957635816  -0.3143420370  -0.3475191738   2.2123827402   0.6313742437   1.0219749717  -3.0604210101  -1.1689388716  -0.4417751478  -0.3836272116   0.6683468181  -1.8469338869
 0.3127133401  -1.4047366617   0.0060040423  -0.4299894590  -0.6633721968   0.1218336290   0.3183762144  -1.1554776130   2.4776583318  -1.1053166441   0.4048515238  -1.0381509623  -1.5491597216  -2.3614444828  -0.2131041652   0.0935844330  -0.1488314014  -0.5697322249   0.1999902659   0.8281546624  -0.5922304493  -0.1425412854  -0.2184583073   1.1472593215  -1.0790845547   1.0797288457  -1.2372505932   1.2200819934  -0.1767903099   0.6162077896
-0.4467595636   0.9844265945  -0.6924096137  -1.6482425282  -1.2631942606   1.4761120284   1.8385258211   0.7107855812   1.0381717698   1.5188502618  -0.7089816879  -1.1980451155  -0.4321666040  -0.2372894852   0.2943607947   1.9673099924   0.8005135723  -0.7619300714  -0.4793516678  -0.6039789692   1.9670459675   0.2805272008   0.5443577270   1.4473504953   1.5608975748   0.4136185917   2.0725677742  -1.6029000210   0.2184919946   0.3962647643
-1.2067099017  -0.5936325806   0.8192017864  -1.2435089971  -1.3887159359  -2.5874398723   0.4750528323   1.7819868517   0.1839287126   1.3785565419   0.2754721085   0.8541898596  -0.8905455820   0.8618227987   0.6666864910   1.3657144484  -0.6249454271   0.0602644516   0.1400581320  -1.0388702244  -0.0446879836  -0.4919921974   1.2307422058   0.8451422811  -1.0037769367  -1.0107172662   0.2048902302   0.7436047284   0.7754387408  -0.5575498534
 0.9641068867  -0.9232195713   0.1224978060  -1.1438739978  -1.7146468144   0.4023813024  -2.2631153178   0.1811893434  -0.1095206970  -0.1510756267  -1.4787593042   0.1486506056  -1.2004671389  -0.5574035745  -0.8207578305   0.1382623167  -1.4700407212   0.4024432657  -0.8217710731   0.1855808150  -3.3698879332  -1.6694473289  -0.5114098390  -2.0096941898   2.0637309551  -0.9177137183   0.4120325787   1.5506220986  -0.0618374763   0.0807199694
 0.5116646109  -0.8125405452  -1.0070851012  -0.5827627786  -0.0503491056  -0.5817965675   0.8198151922  -1.4114351009  -0.3728372896  -1.7702348101   0.1913890685  -0.4491581381  -0.3026715616  -0.4709205651  -0.3779449086   0.5583958962  -0.7977702299   1.6051345171  -0.4580167297   1.6284646217  -2.0721254048  -0.9334305854   0.4383719686   0.8461394187   1.0409956890  -0.1920606870   0.9958209690  -1.5870180944   0.2668992484   0.0295336696
 1.6840512510  -1.0660967877   1.8759780787  -0.9445798589  -2.6105319917  -0.8316652880   0.8003602725  -0.1109341271  -1.5195949510   1.3357637953  -0.1834859193  -0.0157700325  -0.6776241542  -0.3122698351  -0.0140084217  -0.6099570242   1.0135403342   2.2131113691   0.1054026499   1.9574295594  -1.2486240851   0.5538482851  -0.9930294971  -0.3354518308   0.6318119626  -1.2385408380   0.8566734382  -0.1820796670  -2.6716173537  -2.1114893932
 0.1029245680  -0.9436894802  -1.3775347630  -0.5766452300   0.8164876329   0.5441368982   0.2022025468  -0.8530503122   1.1626181241  -1.8033870644   1.3837637384   1.1262422622   1.3830484545  -0.4324747753  -0.3339509319  -0.2186171763  -1.8701672940   0.0467108641  -0.1230090381   0.4894584712   0.0074881589   0.7800492889   1.5687007336  -3.1096854416  -0.1658862644   0.7243334781  -1.5343303922   1.5774828320   1.1443497623   0.8637017420
-0.3246399132  -0.3905027676   0.4685121241   1.0794035907  -1.4685181286  -1.3702822406   0.9494788735   0.6186300568  -1.0456348967  -0.6682321520   0.5301015623  -0.5191524311  -1.3824670202  -0.3730337947   0.9425023472  -1.3287596162  -0.1760526602  -0.6834906074   0.9732513311   1.3604176971  -1.2524594816   0.0405252217   0.7205745045  -0.3306238731  -0.8993032254   0.8730292876  -0.1717878987  -0.2201036106  -0.5549017935  -0.0271284221
-1.1718450762   1.4620405507   1.2648100941   0.6954757587  -1.3664177643  -0.9753933667   0.3203375976   0.4816288490   2.2602748824   0.4779064576   1.3659915545  -2.0455808491  -0.7265796405  -1.0202694835  -0.1089896150   0.4789029099  -0.5548036870   0.9788392309   1.1820541512   0.0861146478  -0.3187755040  -1.1357761305  -1.2273850904  -1.1754343513  -0.1905241099  -2.3495393921  -0.8860119715  -0.5748732504   1.4838646223  -0.2802172321
 0.1875337495   0.3147564058  -0.7438725266   0.0331191057  -0.3618593558  -0.6641157886  -0.7972905424  -1.0606581990   1.9054973632  -0.1427311248  -0.1026351394  -0.0514360278  -0.6092187850   0.1358080553  -0.2217730467  -0.2182328390   0.2266368045  -1.1842502286  -1.1010833680   0.1276010850  -0.7976817417  -1.4983431411  -1.1808991807  -0.7741198974   0.5647403888  -0.3931206491  -0.1865100751  -0.8328308248   0.8042945650   1.1256860092
 0.2687057208   1.0498485318  -1.2859803113   0.4157743019  -0.0958941919   0.8138679209   1.6416164322   0.4863539628   1.6289377780   1.8329915871  -1.2952644583   0.1268508896  -1.4983975014   1.2956452965   0.0034299668   0.9981788622  -1.3467591900  -0.4455776751  -0.6156033081   0.3516384490   1.0724149912   0.2735573226  -1.0893908430  -0.4511989576   2.0460172287  -0.7905393677   2.0932410812  -1.6821398791   0.7593521612  -0.4803312163
 0.5174234535   0.4733875121  -1.1047360278   1.4715634662   0.1763133837  -0.0388002753  -0.2705351486  -1.1234223630   1.6513925933  -0.0000993588  -0.4768713001  -0.3135523442  -0.9665165216  -1.2765591423   0.1219499962  -0.5338458638   0.3122530408  -0.2830335606  -0.1313323270   0.8919077684  -1.4361070207  -1.5835641121  -0.7564614553  -1.8448990114   0.8463392241   0.3521245076  -1.9513160028  -1.1824063905  -1.2183419818   2.3808398475
-0.9495733620   1.8914741057  -1.9532600985   0.6291330241  -1.8957321851  -0.1709387079  -0.1115270832   1.6837949231   1.6354192347   0.6774063579   1.5365479549   0.0905713323  -0.8203095011  -0.4120866023  -0.3094422987   1.1239533902  -3.0597620366   0.6098016596   0.3824597422  -2.1889340990  -0.8148495984   2.9211825895   0.7060508901   0.1151786422   1.5945968467   3.6416355078  -0.3767518474  -0.5453816648   0.5163271665   1.0826519774
 0.2762958662   0.5728415024   0.4893398383  -1.1047352626   0.3987780002   0.0720481122  -0.1261895886   0.8943613716   3.1676643523   1.0975509751   0.5036008271  -0.7582695429  -2.2746897299  -0.6010758143  -2.7984223256  -0.0526777773   1.8607327894  -1.5646434940   0.4197405644  -0.2155228042   0.4107621352   0.4996881644   0.5799718062  -0.0727056533  -1.1136658115   0.6276319292   1.2800699292  -1.4448976486   0.5005975236  -1.3321668934
-0.3220895086  -0.6468906811   0.4484569921   0.9284385430   1.0995377901   1.1866979355   0.5316895968   1.6314893424   0.1112407615  -0.0192111756   0.5504329237  -2.7433277568  -0.8947696495   0.2127551615   2.0303940979  -1.7293806874  -1.4954730264  -0.6806834153  -1.2135810625   0.2167017271  -3.0801279292   0.8715519708  -0.9850079521   1.3153838054   0.4253989242  -2.4009225624  -1.2876458608   2.9660153529   0.2578707330   0.1487001977
-0.5240522742   0.7061359037   0.4718008400   0.6562613694  -0.9126752013   1.8395635686  -3.4861046069   0.0670540864  -0.9827482391  -0.6331326788  -0.5836094911  -0.2620084612   0.1113901986   0.8534924595  -0.3973170011   0.2571303476   1.3781904659   1.3101924931  -0.3541920658   1.3013188075  -0.2734276252   0.0972105940   1.2376940230  -0.1994306239   1.9340014171   1.0051103046   1.2893277708  -1.7906782452   2.0758131338   0.6459819306
 0.4082690058   0.7479954911  -0.2528818710   0.1774668265  -0.4616607050  -0.5225638866   0.3155741714   0.4714162828  -0.9483107583  -0.7478424145  -1.0400555127   0.5764446811  -0.0914617506   0.0521425983  -0.0470088822  -0.3252051307  -0.7361610770  -0.5658762954  -0.2821983843   0.5762109614   0.0989595386  -1.8025162329  -1.1134225862  -0.6604826396  -0.0193969065   0.1647938901  -0.9572249740   0.4871869241   1.1707792950  -1.0924356035
 1.0086949441  -1.1849897732   0.8570525931   0.5683689463   0.7302490957   0.7106645889   0.3338133135   2.0774938236   1.5043439772   2.1717879658   0.6642608194  -1.4358980442  -0.1357746332   1.6598917354  -2.4814953324   1.4592783219   0.6355383535  -0.5627497814  -0.1656493702   1.4132760854   0.1912825585  -0.2038758030  -1.8537381633  -1.3008809898   0.2093840934  -1.0750386343   0.9222115856  -0.6208066451   1.6335988322  -0.8357992947
 0.2072108314   0.7241459377  -1.3150884814  -0.8275334825  -0.5633726561   1.3244287725  -0.6684294722  -1.7709852816  -1.4398887656  -1.3944507178  -0.6333056634   0.5537818557  -0.4671230525   1.6675348243   0.5641959058  -1.7127308977  -0.6448409023   0.3524062535   0.1231107233  -1.5197103179  -1.0659929712   1.0954072835  -0.1665171167  -0.7436615496  -0.6153364547  -2.2443119074  -0.9480336193   1.1671191382  -1.5873819917   0.5764378711
 1.1556428427   0.0081093367   0.7388170618   0.0456507048   1.5733369901   1.4339595234  -0.4474627826   2.0742061015  -0.2724096988   1.4304568952  -0.9844061942   0.0491002137  -0.1179573485   1.2562056886  -0.9725586190   0.7831321077  -2.3414315684  -0.4521305044  -1.2920474707  -1.4896559037   1.1881127286   0.6674503053  -1.1115596309  -0.3625213678  -1.3694865958  -0.1138610351  -1.3170775743  -1.1935071842  -0.8219324849  -2.0947969035
s3
-1.2742188390
 1.5068196703
 0.6217527362
 1.3936593546
-2.3655494915
-0.4695298933
 0.6663215600
-1.5787345832
-0.8272359898
 0.5888520692
-0.4245962198
-0.4652748202
-0.2853749825
 2.2509733868
 0.0045746588
 0.0161914907
 0.5260494629
-0.4825733378
-0.9945965713
-0.2215811016
-0.0049061377
 0.7395456171
 0.6241783663
-1.1797977994
 0.2810826628
-0.4282324241
-1.2708527699
-1.2951309793
-0.7253887330
 0.9756891884
w4
-0.8139245497   0.3414194043  -0.0920520190   1.5842800773   1.4356604507   1.4104494175  -0.6088803075   0.8525098772   0.7674627486  -0.1409917133  -0.8838399737  -0.6823438664  -0.3394812988  -0.2761019163  -2.6128662538   0.3716548978  -1.2799085529   1.0502246669  -1.0072982100  -0.2410362573  -2.4077884446  -0.3894084417  -0.6825038109   0.6842509951   1.5942415891  -1.4684068451  -0.8427096260  -1.0506053636   0.7335112187  -0.4444690625
 0.8732015223  -1.6954116777  -2.3994791889  -0.8493966605   1.1543337662   1.8076855076   0.1987038302  -0.5063834800  -0.2636810458   0.1417621484  -1.4011191974  -0.8577789768  -0.7440568466   1.1037752203   0.8344085275   0.0665446714  -1.2301108597  -1.2927683328  -0.6623010223  -0.4668344973  -0.4489178212  -0.6935797409  -0.8156102654  -1.6905772162  -0.7123995417   1.2999812170  -0.6317737212  -0.2923373261   0.0300706527  -1.2742769250
-0.4967879809  -0.6532550097   0.7905519288  -1.0422316701  -0.4717849516  -0.0104377385   0.8863380614   0.8499003438  -0.2738357198  -2.4555802677  -1.1684505613   1.6296081262  -2.0356281895  -2.7000922356   1.3327177851  -0.6949369043  -0.2423808847   0.2884650733   1.9521675636  -0.5147290609   0.4460529387   1.2754854020  -0.7254920327   1.1291734260  -0.1554853791  -0.9377344001  -0.5660356670  -1.3619996150  -0.5953818716  -0.1032825718
 1.0215417031  -0.4737077323  -0.9433422194  -1.3088018322  -0.0184668712   0.3120027465  -0.2861672658   1.6977809809  -1.3900386432  -1.0346977388   0.4035491265  -0.3799922524  -0.5295512991   0.0094905064  -0.5553234421   0.0332162430   1.6955705538  -0.6375493837   1.5999237459  -0.5813676197  -0.8778170259   0.1574369781  -0.1670360104  -0.4084017535  -0.7744023641  -0.0062977390   0.4207224153   1.0522508837  -0.8908818800  -0.6776083961
 0.6522520094  -2.1470626320  -0.2065140136  -2.4336072367  -0.4423342123  -1.7151605833   0.5041752902   0.7332773219  -0.4732089284  -1.3586331943  -0.6494868243  -0.2222637260  -0.3016017767  -1.5481007990   0.9614039916   0.3296384795   1.1494822930  -1.4186244864  -0.2821001201   1.0833598614   1.0729465158   2.4848279495   0.0446161049   0.9096239961  -2.2523305425   1.0203243990   0.4058754267  -1.0069461819  -2.0549325138  -0.0741646124
-1.4722434737   0.9948827006  -1.3530966996   0.3494880673   0.1360309476  -0.1109281443  -0.3247470709   0.6352152086  -2.1985501402  -1.3703627681   0.0225827962  -1.6450789887  -1.7956066410  -0.6998600727   0.7112284561   1.7043572367  -1.2453454341  -0.5669127527   0.3898453646   0.1635010060  -1.5429481130   1.4349513724  -1.0456331962   1.2976791775  -1.9585446642   0.8467406646   1.7814620381  -0.4318667294   0.6156825515   0.8565891253
-1.5121770443   0.4903011026   0.1183319312  -0.5935050779  -1.6273225472   0.4771480020  -0.1329918624  -0.6304884836  -0.2753783254  -0.1993532672  -0.7575715813  -2.9603082365  -0.1820180565   0.7890743422  -0.2957813433  -0.4047549632   0.5078567782   0.7420861265   0.3000938214  -0.9756057013  -1.5754165431   0.5500149298  -0.0030723237  -0.2253715959   2.6185492462  -2.0695822941   1.6476424546  -0.8529009767   1.3299076979  -0.7641639441
-0.0518690548  -0.3893764362   1.6543427290  -3.9326781891  -1.0653999528   0.4092624301   1.8455927264   0.4580894952  -1.5115529578   0.0821478048  -0.1935807867  -1.6460223331   0.7320217760   1.3913335424   1.1068503648  -0.4512330244   0.0581457499   0.2083029543  -1.5879661179   0.6035411331   0.5753443543  -0.5043687796  -2.4179320607  -0.8716746756  -0.0538993752  -1.8527996095   0.6656527950   0.6388087681   0.2679901848  -0.1769647171
 1.0975258372  -4.4856114139  -0.2137079857   0.0199930497   0.9553167001  -0.9451492728   0.3296645672   0.6491884149   0.6036176578  -0.4926588229  -0.4307329760   0.7862833713  -0.1549682612   1.9993403615   0.5580473011  -0.2708740176   0.2493032587   0.5738995105  -0.1803988570  -0.3276123766   0.9443520242  -2.0174281600  -0.9842792692  -1.0136168053  -0.6961862643  -0.3088182019   0.8925834225  -0.8138720423  -0.5279431008  -2.8698668167
-0.7056732927  -0.1990364441  -0.6266902088   1.1856423182   0.9666134771  -1.8391080103  -0.1855703514  -0.5102552758   0.1632493365   1.7913865980   0.2002385026  -1.4980142263  -1.9277707528  -0.0130882894   0.1727036379  -0.5613622472  -0.7265524058  -2.5986659144  -1.7071642888  -1.1264501613  -1.2644382339  -0.5545019255  -0.9272204043  -0.5409685806   0.5841293016  -1.3537955652  -0.2606297704  -1.6553195202   0.8145655485  -0.3811722220
 0.7468152444  -1.7692937948  -2.8361200317  -2.7015432944   0.3226881424  -0.7723433519   0.8093923514   1.3917520210  -1.6566794513   1.3441657120   0.6172686364  -1.3229228789   1.1829977117   0.0627022238  -0.3113929535   1.3626513275  -0.3563654749   0.1659117380   0.0860351423  -0.8766705138  -0.0188764343   0.1945691825  -2.1683526628   1.5594004793  -1.8976707808  -2.2968101856  -0.6514202319   2.0250122566   0.5853960581   0.7057311387
 0.6931981833  -1.3086919657  -1.1387715985  -1.3139951356   0.3079666312  -1.4177040026  -0.0794456960   0.4524097646  -0.1653546641  -0.0063277847  -0.7965669805  -0.3887822490  -0.3992597038  -1.0005494013  -0.9843459452   0.6211660071  -2.4543652227   0.6355171911  -1.6756840819   0.5219469727  -1.8598980205   0.3947792943   0.3779931621  -0.0263657593  -0.4331484749  -1.0887147164  -0.9191346314   1.5274154343  -1.2974375666  -0.8249231186
-0.6748819784  -1.7410159061  -0.6767612972  -1.4855873530   1.1297035079  -0.3654263339   0.7870001122   1.1253374592  -0.4958141567  -0.7153033053  -1.7442195053  -0.4488007487   0.0027021728  -0.5297864428   0.4907057335   0.3002984131  -0.0065877067   0.5273777604   1.7939332865  -0.2574222173  -1.4403951606  -1.2508211752  -0.5053379001   0.6016979490  -1.2048525648   0.0651075092  -1.0622786735   0.9999952426  -0.7691417102  -0.9815006623
-0.5467084924   1.0487787110  -0.9776328174  -0.9506680893   0.9904369635   0.1022757951   1.7125165110  -0.1645047323  -1.0214675067   0.2708454272   0.5978421458  -2.6157837497  -1.6453200836   0.7685598126  -0.8575592392  -1.0625719440  -1.8778631901   1.1019431539   1.8143960134   0.5826229248  -0.2235930097   0.5436886962   1.8133720782  -0.3677479242   0.7010866155  -1.7519983223  -1.2554845022  -0.3743390329  -0.4709322461  -1.4174864116
 1.7730443163  -1.5010396898   1.3970299325  -0.9291331591  -0.6971147661   0.2448900004   0.5171472513   0.4429816123   0.0818488154  -1.5612273491  -0.6945447535  -0.3306722390  -1.1724010638  -0.0953556157   2.8194945620   0.8376962598  -1.5385013833  -1.6438068129  -0.6790600424   0.7745080182  -1.8370747472   0.6562501950  -2.1956660973  -0.8029765900  -0.4851759646   0.6383267873   1.0383357229  -2.5958122523   1.0784391067   0.2204725131
-0.2285710835  -1.1896273076  -1.1006842736  -2.8844066972  -1.2460374194   1.4929870077   0.6182396248   0.7645712758   0.4317951205  -1.0719487348   1.5374866130  -0.0061180015  -1.7299928055   0.8375156632  -0.1188120574   0.2692479788   0.8569304339  -0.7006267123   0.3449942028   0.3818847716  -0.2851996441  -0.0332536238  -0.3190180029   0.4861262909   0.9491521955  -0.3473094863   0.2647143887  -0.3496954511  -0.9867612833   0.5026402328
 0.7302097140  -0.7572967282  -1.3786897140  -1.1337057453  -0.7436923692  -0.8392807509   2.3793531990   0.5191420827   0.1723511033  -0.0588676602   0.5053824064  -0.2334506542  -0.1609251345  -0.2785414875  -0.0810584224   0.3434524289  -0.8336359392   0.4346771899   0.4389593209   2.1819438504  -0.7959762620  -0.4276376394   0.7353764855  -3.2424308186  -0.7783150392  -2.4780118636  -0.3054651876   0.2727130066   0.0939145168  -0.1776061228
 0.0133975916   0.0464244948  -0.3689387359  -1.2251713348  -1.3845592570   1.0755803860   1.3895842715  -0.6926492306  -0.6991317083   1.1571202666   0.6623935257  -3.3393975999  -0.1198494092   1.1532904598  -0.9966234819   1.3191799130  -1.5649210609  -0.5949624460  -1.5175914569  -1.9476117442  -1.0128629196  -1.7876234458  -0.7110669087   1.2589116986   0.2615027955   0.6877382180   2.5096926507   0.9323441217  -0.6283267582  -1.6831713792
-0.4001729705   1.0522657205   0.8034187506  -0.9768876515   1.6046608764   0.3923929662  -1.7193647362  -0.7262562184   2.0205496992  -1.8754424315   0.1472272202  -1.6327474851  -2.7945795492  -1.7730199394   0.7770952781  -0.2145523247   1.8747339102   0.3241595645  -0.9225953257   1.1397433469  -0.6356127523   1.2520483342   0.7193863642   0.4540266337  -2.2789813679   0.8741858294   0.0069848201  -0.9685097010  -1.8144191187   0.1403435850
 1.0860321486  -1.0159913579  -1.5848650109   0.6453958389   0.2186885398  -0.7663356676   1.5204621414   0.5277559117  -1.7221780465  -0.0853767976   1.4851865274  -1.9505703200  -1.4479912372   1.9926442615   0.4813721122   0.5200479143  -0.1315801114  -0.0107737914   0.9150218852   0.5556582169   0.9258368654  -0.4192877365  -0.5622227346  -1.6966608236  -0.5637939969  -0.3005939297  -0.4034220796   0.7661364581  -2.1608244509  -0.0337425095
 0.5161788107  -3.7089318810  -0.6138423052  -0.8948279419  -0.5514282387  -0.6440431423   0.3741186132  -0.6613597859   0.2954707288   0.7933200757   1.6327149343   0.6013102615  -1.2234385304   1.6088187533   1.0464323954  -2.0974765454  -1.6443964550   0.7292220734  -0.9103148436   0.5375465883  -2.7107906184   1.3466472511  -0.1335764833  -0.7073934970   1.2513673951  -0.1276726016  -0.6883225402   0.1386905111   0.3024317678  -0.1737645274
-0.6071579897  -1.0795167602   0.0324821111  -2.3120784420  -0.2466237734   1.4927187204   1.7556714301  -0.3983994253   0.0219082725  -2.0193868873   0.1919622292  -0.0941053261   0.1736486603  -0.4350256278   1.1735614464  -0.4264904724  -0.0375398149   0.5457970194   1.6104145666   0.2621252915  -0.6883723348  -0.6714707568   0.0302789736   0.9653122539   0.1791279174   0.4479294831   1.1569166441  -1.1675725862  -0.8296689852  -0.7328061025
-2.2717182067  -0.6641888113   0.5821249711   0.7688718804   0.2556541471  -0.3373166822  -0.9272673893  -0.8998839734  -0.8391054134  -0.9504911742  -0.6456951191  -0.6897233112   1.1025288681  -2.2363332246   1.3587857726  -0.7754037705  -1.1764947235  -0.8080498356   0.3515223581  -0.5727857634  -1.1082773813  -0.0630264318  -0.1474511824  -0.0100214837  -0.3029957222  -1.8081752695   1.8658708779  -1.5918522571  -0.7994361074  -0.0832083808
-0.5228027124   0.9192549514   0.4565550875  -0.0648161602  -0.8583604120  -0.0644719952  -0.5292298564  -1.3608428636   0.7903939531   1.6123878435  -1.8718233666  -0.7577491921  -1.9877894009  -0.7665742705  -1.6093075065   0.0736145283  -0.9980128030  -1.8388332908  -0.0386338181  -0.8417569590  -0.3821101256  -0.0776641060  -1.2712963643  -1.4537829439   0.7152967164  -0.4836876931  -0.3362443224  -1.5462652714   2.0501786000  -2.8009255089
 1.3482824563   0.3728291453  -0.1497955060   0.3703716873   0.2073062138   0.1212377551   1.1162351412   2.7100989758  -1.4997586677  -1.3492563325  -1.9210309015   1.0592883390  -0.3475879222  -2.4412318910   0.8100508213  -0.7047045113  -1.8819774148   0.3793910050   0.0456704263  -1.9779280560  -0.9944930712   0.6573407460  -1.7236770133  -0.3859048940   0.1560388183   0.0104687729  -0.2593705996  -1.2911923767   0.2193721488  -0.4891807192
-0.7435271814  -0.2738946249   0.5821830845  -0.9736094046   1.0154900737   0.1733033664   0.5159078065  -0.4094741112  -0.9258554669  -1.2538733264   1.3534137296  -2.4320872006   0.3875755942  -2.4523088261   0.1164980737   0.4486577807  -0.4062755352   1.0017701089   0.3751872050   0.2264684535   0.4935144982  -0.8189424065   0.0324678810   1.0909624091   0.2294445141  -2.2961401068  -0.6141784361  -0.2113628110  -0.9282640806   0.1443717454
 1.0478964757   1.4666930776  -0.3137054558  -1.2909140539   0.2546863976  -0.5913494128  -0.7916481642   0.2021767853  -0.7623684091  -0.8534704154   0.5413378208  -0.0985728162  -0.1542176177   2.1739601940  -0.1284711575  -2.4395626099   2.3720993563  -0.5272003600  -0.2524467360   0.9261675216  -1.7545945362   0.1855960675  -0.7725020208  -0.8045101884   0.8859495444  -1.7370342909  -0.1173789895  -1.4488301615   2.5034646530  -0.4933935342
 0.9809520806  -0.6589025371   0.5657282599  -1.4912263262  -1.0709115722   0.4724721598  -0.4170772256   0.0181097468  -0.9374121348   1.1289057096   0.5716591683  -1.1721070160  -0.9237205616  -0.5787206669   0.2313899861  -1.4334273288  -0.2109437039   1.6438187071   1.2372386707   0.6103690951  -1.5166283042   0.5479825162  -2.7681914125  -0.1977036641  -1.2887658395   0.9215287350  -0.7834050875   1.4441602075  -0.2492372463   0.0465174515
-0.5734448920   0.1391007707  -0.3325505106  -0.8696396160  -0.1699613429  -1.5276659729  -0.5755713301   0.3108982480   0.1583403325  -0.0738664862   0.9155595989  -1.0312155082  -0.4400610379  -1.6457792410   0.5939143988  -0.1110154249   0.4790519769   0.1288567325   1.7917532211   0.2727530548   0.6037680215   0.4567412006  -1.3633531870   0.8129651958   0.6335035721  -2.2780271060  -1.1011706324  -1.2779597773   0.2726795794  -1.0418174024
-0.0466561781  -3.6708241127  -1.3562427121  -0.5001272934  -0.8578540539   1.2962225485  -0.3921889479   0.4721399032  -1.3252333457  -3.1705971019  -1.0511750600  -0.6284443299  -0.2439293756   2.6220222917   0.8156959479   1.3987824008  -0.1929202741  -1.8366768968  -1.5638659435   0.3105451502  -0.7319018837  -0.5637825253   1.2603964135  -0.7092506354   1.5000526709  -1.3945014552  -0.6980326185   0.7053350960   0.6014471980  -1.9130613765
s4
-2.0180883780
 0.5869870492
 0.2967792021
-0.2175420890
-2.3073045607
-0.7222301909
 0.5799478778
-1.4388833521
-1.0283580721
 0.1806947227
-0.3822473579
-0.6819128021
-1.1499958913
 1.3794064359
-0.4514301695
-0.0241359869
-0.1328146217
-1.2962458763
-1.0849960548
-0.3374133314
-0.2168300239
 0.6847892622
 0.5115279893
-1.4789151941
-0.1624218351
-1.1097305870
-1.8921337838
-1.2859465355
-1.2494192381
 0.4647396146
w5
0.6062849154  -0.6151410528  -0.9540547940  -0.8899491908  -0.7767593626  -0.1469695515  1.2163332283  0.0050527282  -1.0551582328  0.7079566309  -0.9592220555  -0.7694765194  -1.1343378904  0.2569862622  -0.2914717781  -0.7565123450  -0.4054072848  -0.7684366426  -1.7146165800  -0.6815580040  -0.4828052917  -0.6924518922  1.0969260379  0.8409868542  0.1699255537  -0.3005224153  0.8102294313  -0.7866110527  -0.4971428877  -0.5497403237
s5
0.8908466688

