layers: 4
str: {2,30,30,1}
w1
 0.6613715750  -0.4787797834
-0.9734811853  -0.2429711338
 0.5094852667  -0.8521511454
-0.4600094836   0.2665282617
-0.0976504256  -2.2238674230
-1.3886800626  -2.0723058255
 0.0755089535  -0.0544457818
 0.2634340206  -0.0413503123
 0.5420825925  -1.2792269669
-0.5709657225   0.1982505260
 1.1220718834  -1.7361981649
-0.4711089353   0.9017789482
 0.7239654522  -0.3088688030
-0.5351441745   1.3172265045
 0.9126231556   0.3769652984
-1.8015900952  -1.5422724647
-0.7272520472  -0.7709310707
 0.3028962256  -0.6502150770
 0.0519055068   0.1766105029
 0.5580483636  -0.6974276551
-0.7077664144   0.9137790753
-0.6953878890  -2.0787422588
-0.3345137500   0.8459753871
-0.9065294067  -1.3602729920
 1.3335558322   1.0980497931
-1.4884477053   1.1825849147
 1.1948821419   0.2272078409
-1.9101248696   0.2458749509
-0.2310507938  -0.4245093977
-0.4121032483   0.3091461096
s1
 1.6734918607
-1.0362781179
-0.2267952429
 0.7538695767
 1.1984103500
-0.0606933468
 0.6490939641
 0.1202051925
-0.5976486699
-1.3736211638
 0.6672532808
-0.7023476314
 1.1868242382
 0.0409800894
-0.3191431658
-0.3385320652
-0.7257215944
 1.7823156164
 0.6182919707
-0.1960343112
-0.9365906587
 0.6316781180
-0.6129432857
 0.8828401760
 0.4250475085
 1.2276061454
 1.4397059321
-0.5372695810
-2.0565831667
-0.9245141909
w2
-0.0203326916  -1.0945937281   1.1903859479   0.4976968593  -0.1896334601   0.0056679740   0.5346565712   1.3161453481  -1.7981968086  -0.4255043809  -0.8708652964  -0.1341124536  -0.0835754668  -1.4513861150   0.7048471929   0.6730677166   0.2248368726   1.1163291190  -2.0875914703  -1.2537465447  -0.8876123499  -0.0734020557  -1.5498557210   0.4933469682  -0.1268820544   0.1520885514  -1.3701139905  -0.2252784737  -0.2426707107   1.1958945923
-0.7636291809   1.5584373938  -0.4039139093  -3.8432372031   1.0067697487  -0.5733011927  -0.1060923083   0.7041210491   0.3904705624   0.9882404905  -0.1616452056   0.2897456690   0.0840180389  -1.1897078742  -0.3356408353  -0.1250724803  -0.3602489910  -1.0210548499  -0.5190040183   0.7865257587  -0.9637078002  -0.7535190434   0.7745192484  -0.2134183861  -1.7831363554  -2.2681713464  -0.1094073401  -0.4432670110  -0.9090125609   2.0539769476
-0.3961962435   0.8927827902  -0.7970827237  -0.9768730842  -0.0719084177   0.4729656959  -0.4899535381  -1.4038936917  -0.1000297601   0.6351523344   0.4904805158  -0.2168490917   0.7337140595  -0.6706295973  -1.7484998704   1.8558764659  -0.8301917370   0.1936125429  -1.1169367376   0.6990666966   1.1436028090  -1.5444002870  -1.0057476136   0.4392444560   0.6221572850  -0.4789283892  -2.5135120237  -0.1066996739  -0.0313993153  -0.3706821570
-0.7302620720   0.9117246852  -0.9591371844   0.3901892866  -0.7659589212  -0.9381839788  -1.6809140420  -1.0366677826  -0.4285470578  -1.3956224519   0.2493619518  -0.9703830185  -0.7248134049  -0.1170141586  -0.7935982104  -0.1621523157   0.9863828148   0.3353740159   1.0135257444   0.6842232002   0.4058869679   0.2386347673  -1.0960151135   0.2492790780  -0.2683141602   0.0497411621  -0.8873693162  -1.7036181573   1.8838675167   0.4567330983
-1.4016904758  -2.6660889324  -0.8596137527  -1.0974818975  -0.8254243984  -0.7728885766   0.5487559747  -1.7404952720   0.5774882976   0.9371733320  -0.6461472733  -0.4554877883  -0.3799748024  -0.7449530584   0.3854134829  -0.1026154044  -0.3777085353   2.6981755759   0.0474304999  -0.5029443488  -0.5481230984   0.5299902672  -1.2148696493   0.5946622736  -0.2045380937   0.7215419910   0.2376710906  -0.4110722482   0.9416362953  -0.4988485837
 0.7150337541  -0.1689232921  -1.3839714218   0.9700445618  -0.0252020095  -0.9628673638   0.3189594607   1.1720831522  -0.2409862265  -0.8751114800  -0.3182801611  -0.2635092602  -0.5678753967  -1.0073936827   0.1013385124  -0.5418419113  -0.3670845186  -0.3004618042   0.8210325936  -0.7625553494  -0.4722635509   1.2045409538  -0.0798613596  -0.3350372393  -0.6480216069  -1.5518401840  -0.9685461985  -0.1793405312   0.6583028292   0.4970184244
 0.5793901494  -0.9789101219   0.3605704718   0.2512680264  -1.4003140156  -0.0785454129  -0.9125028632  -0.9699283207  -1.2837712305  -1.3855044208  -0.5905710403  -0.8825604058  -1.8073231157  -0.9740220294   0.3806929302  -0.2345112071  -0.9692088247   0.2787985093  -1.8622590707   1.2921209869   0.8426131592   0.6307902359   0.5615567811   0.7445985692  -0.9083825903   0.3568782547  -0.8155956688  -0.6887450240   2.2235765207   1.5287530754
-1.3424374688  -0.0769130590  -0.1204389386   0.3798017987  -0.7878641985  -1.7269687268   0.1769524441  -0.0812568077   0.2809187353   2.1467621423  -0.0870414232   0.0154673418  -1.8878651015  -3.1700089930  -0.0866719533  -1.2873944214   0.4660298027  -0.3109564781   1.0308836575  -0.0075548466  -2.4333193003   0.2207497362  -2.2260313430   1.2528222460   0.8584456485   0.0673022818   0.0268761124  -0.5058805665   0.1456299195  -1.9405182709
 0.3119917595   0.6673984264  -1.1080671762  -0.8103218417   1.3908908482  -0.8204152258  -2.5287170140   1.0076125225   0.2082118529  -0.3710751906  -1.1180159564  -1.3119731474  -0.1895114153  -1.4690580662  -0.4108717030  -1.2851526161   0.8194680158   0.6348996566   0.4364885917  -0.1637555405  -0.0818425028  -0.0934845438   0.1215739112  -0.9928854812   0.3555389144  -0.1307451612  -0.0858118897   1.1929329739  -1.7213054737  -0.0400803306
 0.0773754908  -0.7319872154  -1.3579972382   0.4560637349   0.7028075738  -2.1218158308  -1.3584982497   0.3956208799  -0.3632350099   0.5484596594   0.9437958432  -0.8289593393  -0.2385547969  -1.0842735200  -1.3911997144  -0.6455493857   1.1234311188  -2.0925396971   0.2463765307  -0.8581799155  -1.2348426066   0.6818271058  -0.1192446571  -0.5095577988   0.6382286795  -0.9854131337   0.2174457416  -0.1916713440   0.5327204822   0.7075052812
 0.2675417496  -1.6963581505  -2.0842342674  -0.3683504606   0.8565410194   1.2432484971  -0.2738445327  -0.4625358180  -0.7219399363  -1.3174401376   1.6741188713   1.5579385116   0.1972661718   0.3330599568   0.3622062044  -1.3294457399  -1.2909230209  -1.4255294888  -0.2215273076   0.5449912618  -0.1708789263  -0.8714819361   0.4765513320   0.9550975718  -0.6497150454   0.6099848776  -2.4106784439  -0.3976531821  -0.0991728728  -0.2636242093
-0.0913618003  -0.2507659714  -1.2927426953  -0.8768558328   0.0788832545   0.2555364131  -0.4163377254   0.1093193638  -0.9038164510  -1.7861630832  -2.7787954418  -1.3350046725   0.5180716573  -0.2255440989   0.1365268058  -0.7457427385  -0.4491179090   0.1732726098  -0.4791660337  -1.3477465898   0.3490767340  -1.2075717820  -0.1484412247  -0.6000622499   0.8869800934  -0.5613318700  -0.3257774591   0.1042335918   0.7035948866  -0.4635167136
 0.2083992331   1.8234070104  -0.0861829371  -1.1913050403   1.0523012328  -0.4149910366  -1.5101315126   0.5616709283  -0.2373948039   1.0033925440   0.8939058900   0.8165870794  -0.3558712184   0.1859924625   0.0149836439  -1.6213132924  -0.2717949449  -0.8946486814   0.0697225491  -1.7692290428   1.1325057978  -0.8105994821   0.8916719840   0.0206746016  -0.3055082091   0.8232146645  -2.3804352534  -1.2973463973   0.9244706524  -0.6698154559
-0.3934104184   0.6861642579   0.8931423711  -0.2982546039   0.9363842455  -0.5229393111  -1.8044825961  -0.0091516504   1.4184429663  -0.9353033308   0.3444143214  -1.3425497536  -1.1822452222   0.1943435629  -0.6057449159   2.0930801462  -1.2430679746  -0.2454186921  -0.5861166228  -0.0197245469  -0.4584236143  -1.4438228450   0.9976912528  -1.1106635562   0.2249408187  -0.6335271609  -1.8863134877  -0.8597612864  -0.9929782816   1.0324479831
 0.2593844910  -0.2274246460  -0.9571322594  -0.2700589710   0.6501661900  -0.5740185838   0.7342062075  -0.1807006555   0.1174319772   0.0761235049  -0.4192921544   0.3163302038  -0.5591452718  -1.8471925553   1.1107355971   1.1902842704   0.6161929129  -0.4855228938  -0.1351054292  -0.9018385978  -2.0724418983  -1.6191293153  -2.1146394162  -0.3504493330   1.1640703593  -1.4013069020  -0.4651759627  -0.2431208775   0.8394754553  -0.2758853599
-2.8246750544   1.0002831658   0.9710520551  -1.2787318370  -1.2632602606   0.5281746947   0.6847427205  -1.0604132752  -0.8049669810   0.0011168795   0.3179174030   0.6357791940  -2.5890622201   0.4408084809  -1.0078227821   0.8654794515  -0.4847740860  -0.7216590144  -0.8263367195   1.1325831166   0.0711606534   0.5908033440   0.0397184526  -0.4156013838   1.6649600138  -0.1770182944  -1.3682839512  -0.7769596164  -0.8976239830   1.4364773422
-0.8195663868  -1.2216963740   0.5501630478  -0.6269365834  -0.0723995413  -1.0345952313  -2.9349873493   0.3460839024  -0.5885745178   1.1091865452  -1.0234102584  -0.5427728497  -0.6471181459   0.2418113775   1.4068527389   0.4589722736   1.4144280219   0.0426436309  -0.8993735984  -0.3667626278  -0.8501051729  -0.1663936994  -0.3560360529  -0.5705437972  -0.5741537763   0.4541849506  -0.1959250406  -0.8729877700  -0.9492436577   0.6807386228
-0.5259181307  -2.7930365916  -1.3427964691  -1.1999576614   0.3553846445  -0.4649979173  -0.1823853916   2.0634188295  -1.0030291198  -0.0472117884   0.3364031669  -2.2998305771   0.0657365866  -0.4246867163   0.3676349011   0.3700245856  -0.7739471185  -0.6313483780   0.7002163152  -0.4848905662   0.5955082452   0.2797190522   0.8398373683  -0.6164007897   0.7259057894  -1.6993018891  -0.6956884980  -0.8806529696   0.7826806237   0.0929686979
 1.1057242310  -0.5556027349   0.8618768357  -1.5714819676  -0.7713165515   0.8796084170   1.2720664755  -0.8003215755   0.6633105147   0.3071716780   0.8152988083  -0.9558886752  -0.8341801194   0.2117168439  -2.2402703967  -0.7271546502   1.4740590372  -1.0559804362  -0.6905810869  -1.2486401226  -1.6289496236  -0.5662577265   0.7015608399  -1.1203872966   0.5833233751   0.9152586792  -1.2339992897   0.5290471146   0.8416988401  -1.3440252580
 0.3800359324  -0.0123267725  -0.5482422721  -1.7399798544  -0.0083242707  -1.5641799089  -1.0149127732  -1.0601501307   0.6004208144   0.5583533836  -0.2749193857   0.0063621818   0.9051306336   0.7964952366  -1.2097884818   0.8912124622   0.1853169374  -1.3076808560  -0.1265520490  -0.0627650463  -1.2395902331  -0.1084008787  -1.4723494185  -1.4279115792   0.7399033726   0.8110378516  -0.5928700961  -1.0304848972  -0.6485666140  -0.4104248024
-0.8566268548  -0.5728112717   0.9353921405   0.2845849837   0.0952408684  -1.2087728128  -0.8755843637  -1.2751139684  -0.5616078404   1.2512827357   0.7442744513  -0.2518388049   0.2743713099  -1.4491944237  -0.0607873188   0.9863315581   0.1045578609  -1.7120723805   0.7064493675  -1.1793348320  -0.7906650210  -1.7753806794   0.2908690273   1.4901661200  -0.3554461217   0.8251833643   0.2390508822   0.6120457009   0.8963419465  -2.0819899311
-1.1841716587  -0.4248894806  -0.1901687074  -1.3897517682   0.1022651249  -1.1753386789   0.3034428635   0.3678474762   0.8283794713  -0.1485170453   1.1387030611  -0.8206029283  -1.2403353618   0.1343617385  -1.3917360807  -0.7911123895   0.3054487434   0.6640460514  -1.3045941342  -1.4755377132   0.0756391297  -0.8814821105  -1.1229923095  -0.4547552207   0.2246130190  -1.0711463099  -0.1877832487   0.5170923195   1.0752290160   2.1570201350
-0.6449831970   0.2183991672  -0.7486246848  -0.2153524842   0.0219941899   0.7182172218   1.2804729342  -0.0984998245  -0.7361575934  -0.8838967127  -2.3935381565  -0.2511948732  -1.9609737657  -0.7901118766   1.0413046995  -0.7373154574  -0.2294907682  -2.2356189508   0.1130444275   1.7756034334  -0.5449798843  -2.4525762830   0.0973435507   0.6099837915   1.2242257175   0.4297618023  -1.4026080504  -0.1002328050   0.4777299324  -0.4496801201
-0.3903503153   0.7681203349   1.4057782138   0.1591833853  -0.4739780483  -3.2088575934  -0.6327845399  -1.5990737680  -1.0329508101   0.6023905500  -0.5818246452   0.1359076013  -1.5854803501   1.4791706230   0.4270537148  -1.6551517203  -2.8748832532   0.3625260561  -1.1639451174   0.6227484867   0.4311602746   0.0697832305  -0.9581250265   0.8910157213  -1.9959225506  -0.2554472483   1.7392436256   1.0603638283  -0.6077872701  -0.3843182064
 1.7532240898   1.1161373702  -1.3663983142  -1.0140419627  -0.8254400924  -0.0531568039   0.2568292089   0.2172227050  -1.3357681985  -0.3637967223   0.4300611824   0.8353985739  -1.1311670219  -1.2021489915  -1.4348984157  -0.3161983304  -0.8026038575  -0.9060707115  -0.0223545321   0.1398499936   1.0944654836  -0.9120200026  -0.9938242041   0.9199079289   1.3396823420  -2.4481009126  -0.4147642329  -1.3118768626   0.4407307878  -0.2544007243
-0.1579509149  -0.7387218871  -0.0031999941  -0.6265064844   0.1464586783  -2.6461408879  -0.8913022939  -1.1048031249  -0.2172904763  -0.4611499463   0.4314603491  -0.4497405138  -0.2384317725  -0.7581609136  -0.0536764729  -0.3894853680   0.1536786414  -0.0461471884  -0.4070745082   0.1464717145   0.2438804955   0.0083953548  -1.8230428668   0.7549823010   0.4830552756   1.0055565719  -0.4750754657   1.4677632481  -0.5399275032  -0.0671046376
-1.4234000559   0.9296557330  -0.7127810012   0.2706600014  -0.3293381235   0.3772843732  -0.9262327672   1.9609359024  -0.2130734332  -0.9022714968   0.0506778270  -1.1306096716  -0.8872028492   1.0616191852  -1.1894297249  -0.0927234556   0.3436633840  -0.0223601422  -1.4420506983   1.4291477450   0.9844771326  -0.1766136308   0.0806267729  -0.2614310726  -1.0131026081  -1.7489452033  -0.0342626247  -2.2253903702  -1.4021273350   0.5551069509
-0.4680956975   1.3524945211  -0.8066879856  -0.0987123479  -0.4579949559   0.2573145753  -0.4988267104  -0.5065587205  -0.6216652720   1.3656200565  -0.8453820057  -0.8469260567  -1.0258005574  -1.7721363330   1.2480844815  -0.9445268664  -0.8199238434  -2.0752022298  -0.7765284707   0.8677329416  -0.3574881083  -1.1664653725  -0.6992445429  -0.4245789693  -0.1729986094   1.0474002318   0.8005184931  -1.3886324010  -0.3338591048  -0.7879772355
-0.6392191559   0.6998804146   1.1102572019  -0.4358632955  -0.3495565508  -0.4256281529  -1.7498535273   0.3498630814  -1.2227090498  -0.5120136244  -1.7092063811   0.1513870908   0.3573470329  -0.3658516432  -0.8381950089   1.3461122352  -0.4466904147  -1.8823922886  -1.4610856076   1.3132347006  -0.1449910706   0.3386640990  -0.3027455657  -0.0971560525  -0.4442607412   0.7026885277   0.8721428757   0.5127640005   0.3489323844   0.8444500691
 0.6285791863  -1.8839083163   0.0112970667   0.0495255421  -0.1210233830   1.2799238467  -0.6924244461  -1.3780497061   0.1488619175   0.5319167761  -0.7147289003  -0.2434309428  -1.7576369367  -2.0847666659   0.3366031282  -1.5122056581   0.2057076959  -0.4030616276  -1.1716421951   0.0769201713   1.8607802799  -0.5364489290   0.7648540043  -0.9549660068  -0.2312449643   0.3761976368  -0.2482876999   0.9512043843  -0.3171437901  -0.9208602123
s2
-1.4870870338
 0.8858147431
-0.2606288657
 0.1818442618
-2.1481440492
-0.8582970937
 0.6720839804
-1.3465966003
-0.6625080874
 0.6018893236
-0.4417834960
-0.9025510798
-1.1923009968
 1.5728595493
-0.4568752399
-0.0088242081
 0.4861464623
-0.9627008768
-0.8658203617
-0.5458567573
 0.2114741382
 0.8596966002
 0.0190810049
-1.1741057390
 0.4238108930
-0.6830659634
-1.4110678205
-0.9549918857
-0.9873141308
 0.5051804159
w3
0.0027397046  -0.1068489201  0.2376330130  -0.0067638494  -0.6082428056  0.0243046339  -0.0485250651  0.6790556336  -0.0198277098  0.0759442708  -0.1561065966  -1.1336810183  0.3332657385  0.2083510215  0.0736498067  0.8142535191  -0.3911670441  0.1011871896  1.0844533160  0.3612726110  0.4139554469  0.0503748773  -0.0908994087  -0.2363393424  0.1901452880  0.0185295972  -0.9934481953  1.0460286265  0.0233454731  -0.1284211800
s3
-0.3477888300

