layers: 5
str: {2,30,30,30,1}
w1
-1.8382693830   1.0568769255
-0.2701827102  -1.1584027905
 1.7019686817  -0.6055237294
-0.9220231115  -0.2445152662
 2.1947362430  -1.8143391690
-0.6662832841  -1.4731615396
-1.0605698581  -2.1506511476
 1.1046167259   1.2390199561
-0.8765852094  -1.3890069765
 0.1311295395  -0.5759610709
 1.1417558148   0.9497128878
 1.4929820997  -1.4581574307
 2.1265286200  -1.3486137630
 0.4190378641   1.1656147428
-0.4035121005   0.0962259015
 0.2119366746   1.7824085912
 1.1569112263  -0.1912283854
-0.7671131957  -1.1531752329
-2.7577273820  -0.5918229979
 0.2278805344   1.3356571890
 1.0515114501   0.4632591424
-3.0693629301   1.7379246728
-1.0059851448  -0.1673220356
-1.5470902392  -0.1016469565
 1.4395606936  -1.4021752078
 1.4880614850  -0.3133674067
 1.2860417981  -0.2973223272
 2.8952376101  -1.7442665230
 2.1165255838  -1.4134094326
-0.5324105930  -1.1918207169
s1
 1.0719255816
-0.1301985143
-0.5980337706
-0.3980005943
 1.9005343200
-0.1920119046
 0.2223571303
-0.5728871978
-0.7855451315
-1.3642878499
 0.4160777860
-0.2054847015
 0.3668475222
-0.8457772031
-0.9960829281
-0.7666200327
-0.7910861065
 1.4159397714
-0.1833469266
-0.1756188287
-0.7925501359
 0.5356638328
-0.0671814193
 0.3364232241
 1.3292979608
 1.4771015362
-0.4322981832
 0.0586289639
-1.7098800903
 0.2826077198
w2
 0.5726957951  -0.0330977266   0.9887101104  -1.3159047139  -0.6799835132  -0.2028525574  -0.5160931877  -1.0476800804   0.7298101786   0.2364353066  -1.0724977067   0.0808227928  -0.2916891866   0.3191613077  -0.8810987730  -0.3387819135  -2.1612198796  -0.0366838329   1.0404867719  -2.2451039677   0.9171229394  -0.2330145478  -0.8496013529  -1.3549192906  -0.8336816579   2.5003931756   0.7268017674  -1.1068521236  -1.8452575538   1.2299638012
 1.0568566058  -0.8202742180  -0.1123350107  -0.3718299425  -1.1884510814  -1.0935666722  -2.4338002370   0.8264425645  -1.1978834111  -1.0120900626   1.5125407073   0.0999015510  -1.2651652230   1.3298947263  -0.5590463022   0.3737264694   1.2322240077  -1.5776438900  -0.5779198307   1.2851816044  -0.1445440066  -0.5274622066  -0.1269963352  -0.5448218582  -0.6756858221  -0.6687212797   1.7342776198  -0.3378888845  -0.0969079771  -1.6932782904
-1.4321738822  -1.6704915423  -0.6437919695  -0.7229013260  -2.1996635770   0.0004216015   0.0993432453  -0.5314737406   1.5082233789   0.5390437410   0.4839269195  -0.7911407848   0.2366962624  -0.7808439647  -0.3386830727  -0.1613899170  -0.7238553539  -0.3601346275  -0.6093161181   0.8633661611   0.6352202934   0.6942859502  -0.6892598133  -0.5733263569   0.1759448014  -0.4277101737   2.2670221612  -0.3590296560   0.1037519364   0.3141390723
-0.4020392763  -1.4584961607   1.1888946934  -1.3886626860  -1.6564288550  -0.1002921566   0.4003433107  -0.9013071836  -0.3529627103   0.4076375542  -3.1138555074  -1.1515983556   0.7425158764   1.4846631016   0.0893978512   0.6696743499  -1.3194946087   1.9701011538  -1.4937858912   0.4264545669   0.3595235527  -0.5207880153  -0.4355209687  -0.7078798490  -2.6068501672  -0.4643006334   1.5283342994   0.4961505601  -0.7152054735   1.6312337637
 0.5211929449   0.0991604429  -0.1948047079  -0.2457819276   0.7729554051   0.0633951472   1.8686220583   0.9969053632   2.0309408828   0.2273270142  -0.7802045676   2.3648946419   0.5930280907  -0.9891158667  -0.4209857877  -0.7515430381   1.3401122217  -1.4818651836   1.6061747435  -0.7058915345  -0.5589509200  -1.1802765453  -1.7428722118   0.9948034933   0.1779643860  -1.0798568631   0.1619028859   0.9713682718   2.2545172525   0.4177899022
 0.8622815111   1.1934023265   1.9999586589  -0.3824300947   0.8537826388   0.1718076653   1.7617597890  -1.7015476996   1.5121771650  -0.0091214508   0.5089814439   1.6947723452   0.5550613212   0.2185944890   0.0731443937  -1.5246150425  -0.2065425897   1.4100912582  -1.3115450703  -0.3049490171   0.3591733526  -1.2301727612   0.4599993364  -1.1074441274  -1.3895460363   0.0916812539  -0.6149636356   2.5205335923  -0.6529204116  -0.6612176066
-0.8934779730   0.3323187825   0.6085699591   1.3718964408   1.3879769067  -0.9130128983   0.2674519741   0.2975350299  -0.7965010287  -0.2150573594   0.5517450027   1.8396184145  -2.0718096359   0.3009690472   0.3581953398   0.8094925360   0.3396883423   2.3661324589   0.7287165303  -0.4577253948   0.9905243955  -0.4727487076   0.1365411507  -0.5019635961   2.0845944525  -0.4176346018   0.2463609427   0.7480890123   0.5916578726  -0.7861159434
 1.2783867802   0.8814192782  -1.1831808495  -0.8862110108   0.2695827267  -0.3646226131  -1.0516108634   0.3846390430   1.6702436217  -1.0498671709   0.7614749666  -1.0461614154  -0.2225525313  -0.5254492021  -0.3713377240  -0.2461855674   0.2163065348   0.6020872385  -0.5121838740   0.1186058676  -0.4273978733  -0.0118967202  -1.2548077240  -1.1652163397   0.2031863205   1.9260171200   0.3673087657  -0.8951116704  -1.5821226582  -2.3998795876
-0.7084306376  -0.9525094261  -0.3432780558  -0.0998648712   0.6127273363  -2.2388124600   1.1765283157  -0.3675666889  -0.0684321528  -0.2477264034  -0.0215485116   0.1100832122  -1.0294269718  -0.4236288710  -1.0088109929  -0.2654676194  -1.9260703843  -0.0686209922  -0.3469061233  -0.2152551300   0.5925546953   1.0378743634   0.6079916584  -0.2310787496  -0.6943432095   0.0777758970  -0.0080496488  -0.4834030887   0.4368137097  -0.2035931853
-1.1484883666  -0.0614183680   0.1501545099   0.5846012824  -0.5550937792  -0.6993126374  -1.0481052099  -0.2948749029   0.2753599734  -0.2295401908  -1.3119420820  -1.2348681650   0.7464258294  -1.5857634082   0.4476910272  -0.0459454342  -0.7907504842  -2.0762765129   0.5601158111   0.3632770544   0.3099531508  -0.0911249805   0.8635281692  -0.1419921268   0.3730646106   0.0009223037   1.0323604147  -1.1720543553   0.7365077046  -1.7033114921
 0.4473314312   1.1611580372   0.4630490840   2.4534295845   0.9709693653  -1.2322997950   1.4634166372   0.2999414587   1.2225433697  -0.2829819194  -0.7519155088   0.4013241043  -0.3810018181  -2.6293330397  -0.7799314724   0.3782626714  -0.5521375466   1.3439588054  -0.2593223197   0.8717492634   1.0865188340   0.5375920296  -0.8433182378  -0.4313568106  -0.6822751503   0.6305373785   0.2273672778   0.5632938407   0.1310320618   2.2258603015
 2.8289314345  -1.3477647374  -0.4356688193   1.1614777551  -0.2684224748  -0.6345403674   0.3879203731   0.1259635044  -0.8467334297  -0.1351248502  -0.3085516209  -0.6150242532  -0.5298154973  -1.1361700143   0.6336826528  -1.1512726945  -2.8902691643  -0.0873431097  -0.0578619256  -0.4677159099   0.2880617297   0.6567900258  -0.8928509450   1.0526201515  -0.1697306239  -2.0862374998  -0.3448867724  -0.7174847441  -0.3896408904  -0.2309429133
-0.0786923632   1.2189976877  -1.0398431687   0.4491950425   1.4537303384   0.2629491898  -0.3788942773   1.3035676879  -0.8442261492   0.7480360635   1.6483277567   0.7477983434  -0.5229211239   0.8855500046  -0.2739584843   0.3721269897   0.2017781916  -0.0966983676   1.4410587098   0.7150346834   1.1200376951   0.7708462514  -0.4409855989  -1.6517106338  -0.2535814834   1.4716407559  -1.2540697599  -0.1796048592   1.0673370584   0.9354889795
-0.5364457385  -0.5138177419   0.3730339615   0.4149161366  -0.3020706174   2.5643331937  -1.0960605687  -0.4624732300   0.9174976814   0.9538196548   0.7374697983  -0.1023487759  -0.6563697116   0.1702019752   0.4940940416  -0.7157969301  -0.7575281683   0.0919902479   1.0547722248   0.2256488990   0.8311872479  -0.4022577711  -0.5390385722  -0.4346004468   2.4076361610   0.2778323542   1.4380723612   0.9467016709   0.8420704104   1.4557153825
-0.8272029130  -0.4791255097   0.2723122057  -0.4886722374   1.4090320222   1.3747190490   0.0720018541  -2.1557236662  -1.0492159386   1.3443618393  -0.2169133250  -0.5550782004   1.4209796547  -1.6061811546   0.5289163843  -1.5777854282  -0.2530106058   0.6433928895   0.6030427814   0.0320677206   0.1345033515   0.2741745958   1.2385161887   0.7451027012   0.9728225934   0.0019096725   0.6428295114   1.4801472204   1.3722757623   1.6720794294
-0.8081107927   2.1257893007   0.3857164190   0.0909986770   1.5936341812   0.4705872310   1.5548057268   0.8681097354   0.0261127955   1.5352111245  -1.1725435645  -0.4461523388  -0.4194230080  -0.8685692955  -1.7951085349  -0.6411203341   0.9499918209   0.6120675183   2.4837797985   1.4125658221  -0.4967939134   0.4571096494   1.1665681174   2.7710515657   0.7744005342  -0.7249458636   0.1511726554  -0.8334338095   1.9194403024   0.1576711026
 0.3899173857   1.1517369120   0.2787758635   0.1014694008  -2.2456389163   1.1223989072   2.0947779986  -1.7357976416   1.1980867694   1.3387532771   0.8049130455   0.9284652202  -1.6590792870   0.4001774885  -0.0443952357   0.6733901261  -0.6696392190   0.5213585471  -0.1698427771   0.1316224075  -0.0054926084   1.8155480688   0.2021352283   1.2245245344   0.2641405529  -0.8358165425  -1.7710837378  -0.0110034955   1.3180993201   1.3568824581
 0.2221872655   0.7517400844   0.5611158759  -1.6297350951   2.2565998699   1.0094194958   0.6773702232  -0.4381808023   2.3576312501  -0.3708705629  -0.9095730763   1.3913381768   0.6359606874  -0.2733621248  -1.1292549532   0.0193266284  -1.5747562119   0.4760019359   0.4501021600   0.0526192043   0.0643068573   1.2044144740   2.2638350854   1.2203518024   1.8458045205   0.5201832427  -0.9538891803  -0.0339776482   1.4368460065  -0.7811144622
 0.0009298443  -1.3994247708   0.8701517186   0.1863363303  -1.8951981212  -0.4154593202  -0.0340102003   1.4632082563   0.1635326714   0.1180149984  -0.6415108883  -1.4394621567  -0.7371876448   0.6679140965   0.0713983950  -0.2897706487  -0.4980751551  -1.2447015156  -0.8234566695  -0.1110500956   0.2063096036   1.3355466232  -0.8051710111   0.2769458040  -1.3076116627   2.7784570680  -0.4583412062   0.1243941941  -0.2255114061  -3.4730982327
-0.0155532611  -1.7541107846  -0.6724893265   0.9187580896   0.6366255105   0.8370868873  -0.4219477394  -1.0193991364  -0.9439974212   0.8897407260   0.5725768345  -0.4928176085   0.8105547854   0.5528402313   0.3295446202   0.9155689415   0.1451919125  -0.3617691043  -1.2499689787   0.3835193355  -1.1904820628  -0.3230256995  -0.5389886478  -0.7184809139  -1.0873678147  -0.9941067335  -0.0500863343  -1.0791186938  -0.3084614953   1.1699819093
 1.6020669025   0.5944503503  -1.9496193301  -0.0526630057  -0.8858404237   0.0032429009   0.5694113518   0.0503383582   0.9221900105  -0.4709738707   0.1427863651  -0.7094577304  -1.8223743110   0.8530851879  -1.0107386634  -0.0971904922  -1.7177332514   0.6167524161  -0.5161872742   0.4939947897   0.3349538300   1.7758837560   0.6386820759   1.6218402612  -0.4042929041  -0.4691614016  -0.0883265980  -1.4650143701  -0.5314904027  -0.8526572279
-1.8499839852   0.1728096521   0.2409446372   1.3008441075   1.0020600350  -0.0920717590  -1.1675631142  -1.8789442714  -0.9431851752   1.2850675229  -0.9842593723   0.6293946520  -0.4555961333  -1.0352733463  -0.4004094782   0.4478964351  -0.6532762362  -1.5400093297  -2.2227253193   0.2806672564  -0.7064841209   0.9981277731  -0.0470216213   1.0025319869  -0.5247055537   1.1944279867  -0.3571775514  -0.5903289257   0.9461290971  -0.6036243518
-0.8653401241   2.1596928919   1.0083045116   0.2404297236   0.5926009924   0.3703178611   2.7551361093  -0.2669078207  -1.7083603163   0.2919347875   0.2992678718  -0.9903071015   0.7358328446  -0.5950048515   0.0580219121  -0.6585799964   0.1632242438   0.6228985119  -0.4289361065  -0.5038732802  -0.3256464487  -0.8451285009  -0.2084997081   0.8486463376  -0.5421606114   1.8510640564  -0.3568577567   1.6413581150  -0.3627713051  -0.8579254866
 1.0406603190   0.9776406833  -1.1551821743  -1.1413494069   1.8577637307  -2.2225496753  -1.1635939726  -2.1067489939  -0.9844406133   0.6374618338  -0.2910423098   0.6690997202  -1.1987195361  -0.8849827046  -0.1038246442   0.2035604866  -2.2637297880   1.8661104005   0.5268388447   0.6389406823  -0.0943040076   2.1260910863   1.3873931092   0.0865926103   1.6780000911  -0.2488953162  -0.2421994363  -2.3717597607  -1.0623151424  -0.1086030826
 2.1591177501   0.3802821308  -0.9356970732   0.3534228947   0.2056802067   1.0330664380  -1.1756181827   1.0028181191  -0.4740663472   0.8587937397  -0.3922156337  -1.4886657204   0.1062442855  -0.3491575101   0.6463485359   0.7127062978  -0.3769434878   0.8478937920   1.2749635262   2.0772397369  -1.4039906850   1.8814078325   0.2364908473   0.3900013506   0.2274181578   1.0869946533  -2.7722826015  -1.0575774294  -2.0060297884   1.6567624617
 0.5323173876  -1.7108483026   0.5818349446   0.3562414254   0.0352314380   0.0312536234   0.7125574989  -0.0371374565   0.1205937271   0.9352338320  -0.7171169141  -1.8739636357  -1.2733281149   1.9884780236   0.6439191851   0.5915435514  -1.8878368747  -0.2053333853   1.1359763320  -0.2760991127  -0.7453958981  -0.3779710403   0.0303968602  -1.0275435734  -0.2302762306  -0.2004366822  -1.2884982914  -1.8643496027  -0.3318420911   0.3691671472
 0.0099655551  -0.4870665625  -0.6006851015   0.8524907995   1.5879385466  -0.5731178646  -1.1512899454   0.0667293854  -0.0233132575  -1.0718907225   0.0169185850   0.6766104013  -1.6171658838  -1.8756010397  -1.5930748905   0.1421972981   0.6681912163   0.3270831506   0.6299913030  -0.3612475296   0.6362836155  -1.0265208461  -1.1021940600   0.9852503992   0.8360051976   0.5754611439  -1.6494854736  -1.0278472108  -0.7188240647  -0.8625869552
 0.3901157593   2.3710084683  -1.6584825730  -0.8076110847   0.3711765775   0.1889980079   0.2271379879   0.2101789004   0.6019198154   0.0742913034   0.4523375446   1.5665769068   0.1901609077   1.8192208146  -0.6177351898  -0.3733512969  -0.0195836998   1.4291609262   0.7680181827   2.2258627911  -1.4231970951  -1.6613723935  -1.2221396645  -0.7057298231   0.5841219381  -1.0081674556   0.3788501617  -0.1937466863  -0.1461435243  -0.4412620568
 1.0332117616   0.4183181855   1.1095580801   0.4873489828   1.3454486216  -1.5987205079  -0.1691888536  -0.5654796034   1.3347889817   1.5944788363   0.0675952027   1.0698427479   1.2454098123   1.4667990965   1.3185470196   0.7069086119   0.6303931081  -1.8917408007  -1.3881288930  -1.8875794968  -0.8096432370   0.9242599040  -0.3662848078  -2.2833466037   0.9093016931   2.7277043023   0.7340505448   1.9849277178   0.7012187649   0.8035843673
 1.9694981430   0.6868065833   0.4654966681   0.8530997815  -1.9895552787  -0.3656554800  -1.5730089504  -0.3091114389  -0.8807648607   0.2962907492   0.0398994979  -0.1999482394  -1.5649815642  -0.3292632206   2.1024216695   1.1992855801   1.8889264216  -0.3881644522  -1.4368987149  -0.4956945974   0.8317041646  -0.0505336945   1.7134203244   0.0218663954  -0.0066606055  -0.6079638554  -2.9901106380  -3.2495159578  -0.3548784201  -0.2684497937
s2
-1.4504089803
 1.0225168363
 0.7695804197
 0.3579563930
-1.8790646616
 0.2397097169
 1.7744796842
-1.4969554088
-0.1782871529
 0.5672440988
-0.2684632510
-0.5660151217
-0.7207051658
 2.4723921916
 0.1131138621
 0.8232846635
 0.5747524401
 0.2160776269
-1.1314544037
-0.1625419247
 0.4392466608
 0.9410963406
 1.1199446561
-1.0753828110
 0.9015118279
-0.6702824370
-1.4714720459
-0.8720068127
-0.5725991436
 1.0748194723
w3
-1.1936705877   0.0913711474   0.4528106986   1.2279752833  -1.2385551801  -0.7839385789   0.1617536055   0.8462233208   0.5113011192  -0.0062638690  -0.2857443549   0.6344964226  -0.7608123573  -1.4787622922   0.0487820842  -0.3890865739   0.4927070669  -0.1570061085   0.3051783396   0.1689891253  -0.6411012775  -2.1622822679  -1.2937094721   0.4723455964  -0.4185713504   1.1336839303   2.1788541961  -0.0057858541   0.4889717470   0.3137998949
-2.0928860431  -0.7096082445  -1.7135492003  -0.8723749093   1.1552480063  -0.6562604880  -1.2509354400  -0.0664553679  -1.2707898352   1.3463446635   0.9218388944  -0.5429420486   0.5886572474  -1.5128337086  -0.5668232764  -1.4220254761  -0.9974364127   0.0133760960   0.2856902816   0.5623994108  -0.5720187274   0.7291524368  -1.8773426852   3.6142481536  -0.7986385380  -0.8974647282   1.0085331989   0.7353968259   0.8237622595  -0.5656128194
 1.3130969288  -1.3484472502   0.9713103608  -0.3113148184  -0.9135464668  -0.1045788711  -3.0840832906   0.1133430087  -0.6631172249  -1.5936713533  -0.4118596974   0.6977407809   0.5378432264  -0.3778718079   0.3660161564  -2.7187143985   0.4576220213   0.0547600040  -0.3889682464   1.9019376369  -0.8011321488   0.0749583581  -2.2733266946   0.4110678793   0.0846148756  -0.4149779260  -0.9349517755  -0.0988001763  -0.0711863654   0.9053592472
 0.7233258187   1.7004934694   1.0692127195  -0.3865481350   0.0627705377   0.2316029374  -0.4243866162   0.2705537769   0.0032473041  -0.2719231289  -0.4072177759  -1.1033196153  -1.1871469707  -0.5972675619  -1.1554852943  -0.6336253841   0.1038779870  -1.7567684638   1.2507031006   0.3055213622  -0.3086445521  -0.7260187771  -0.8440190878  -2.0294919948  -0.1999719235  -0.5383810423  -0.1699966915  -0.5490933577   0.1782868993   2.1701481790
-0.6397865537   0.1898238495   1.7544046340   1.6351884080  -0.0018640813  -1.1974750051  -0.2993714169   1.3360700510   0.9903522954  -0.6946524531  -0.8313546932  -0.3941834551  -1.4659038347  -0.1343563890  -0.0458069560   1.2635337435  -0.6294746237  -1.1818961689   0.0918990131   0.1329067893   0.8683801660  -0.1493087055   1.0551568692   0.4477526817   0.2711279596  -2.7905436834   0.0723301811  -0.4927339393  -0.2725609572   0.0797876014
-0.2130221530  -1.9639098450  -0.5098335334   1.0567991531  -0.8371345746  -1.5155491779  -1.8548169222   0.7541355923  -1.0098887937  -0.3178639146  -0.8360174974   1.0223787944   0.6617068236  -0.2193213496  -0.3269478772   0.0294761955  -1.7494166468  -1.8763203743   0.9024965833  -0.3191021627   1.3879326924  -0.5970324753  -0.8401308846   0.0569950082  -0.5009854295   1.4630500527   0.0756219855  -0.6884169463  -1.1745118868  -0.2973807892
 0.1601512691  -0.2663903980  -1.0606517493   2.4464363350   1.6302804698  -0.0360864089  -0.7326715521  -0.3792510445  -0.4506211803   0.3109200934   0.2234321214   1.6276515623  -0.9095485386  -3.0582320478  -1.6204501857   0.3779631259  -2.3089152562   0.5130107455   0.0328758507  -0.4230967032   0.3371829035  -0.1140450039  -0.0157172671  -1.0987620896   0.0071966858   1.4162744061  -0.4460174117  -0.6194232617   0.8688172575  -0.2633756547
 1.0301869199  -2.4147137611   0.6636248806  -1.2790655101   0.2397114040   0.5353243083  -0.8126322663  -0.6122808514   0.7424883421  -0.6559459295  -0.1329494432  -0.0540111681  -0.4473577552  -0.1342846035   0.0427926836  -1.3529960091  -0.6659494296  -0.1856996412  -0.6124511049   0.0327677990  -2.0592180190   0.3368745035   0.8686743839   0.6697284679   0.4909631882   0.2822903881   1.9203984640   0.3508692727  -0.1965305065   0.1835490134
 0.0759663132  -0.3600249064  -0.6986075124  -1.1750354828  -0.6320779500   1.9212040860  -0.7914335468  -0.9753532431   0.4563075958  -1.0673473348   1.5238636479  -0.4697490805  -0.9428577258  -1.5112878855  -0.9282450354  -1.6509500605  -0.5497238017  -1.8439560358  -0.7105626807  -1.9223968609  -0.2732393105  -0.9138580229  -0.1444470906  -0.7273852431  -1.1357493657  -0.3810378571  -0.2650559332   1.5407774438   0.5725092243   1.4154110913
-1.3526072310  -0.6925969813  -4.0208607962  -0.2348529293  -0.0708133787  -0.7572413108   0.2202076010   0.1786140637  -1.1983189754  -0.6282799732  -0.0806228605  -0.7839443503  -0.3741429937  -1.8818940030  -0.7141255295   0.9721016045   0.1231559972   0.8849317402  -1.6418413974   0.9614728803  -1.8703180335  -1.4761284131  -0.4695952010   0.5172246719   0.8147865464  -0.6090503943  -1.6673319047   0.0512282455  -0.8998875871  -1.2980006370
-0.6647668095  -0.4157339803  -0.9089893152  -1.9335373071   1.1837800355  -0.5478137044   1.8419569709  -0.5605160883  -0.8650542545   0.4267771130  -0.7693819281  -1.4713531967  -0.3827406842   0.7699584856  -1.0812505835  -1.6925282936  -1.3752266710  -0.8927285919   0.7944629079   0.4545350378   0.2754273856   0.1086963359  -0.0700341617   0.1655800025  -2.4403536369   2.2575992063  -2.0662072162   2.2206876228  -1.6161788688  -1.6036429814
 0.7417426905  -2.2247190497  -0.4695565348   0.5683383672   0.9792810806   1.3861634050  -1.6644574227   0.0376612733  -0.6761061280  -1.1463982942   0.3605143847  -0.4201721048  -1.2992256561  -1.2350109390   3.2315050727  -1.2572987698  -2.5426211617  -0.4948679605  -0.9956525924   0.1760516361  -0.7512743370  -0.8338077381   0.5539907605  -2.3524113910  -1.0809982348  -0.5382471075   2.2527183495  -0.1689293314  -0.1729913537   1.8810333069
 2.0813683014   0.8542061586  -0.4947041607  -0.5859275718   2.5791231005   0.7598367416   0.6686797155  -1.2066813707  -0.4301980609  -0.8769034386  -0.1582919649   0.3666542017  -1.1721321859   0.3495611830  -0.5940961704  -0.5621651395  -1.3499173276  -2.0498772538   0.6332092325  -1.2232115075   2.1047935563  -1.3330395475  -1.0883549725   0.2750525495   0.0067534112   0.4879162405  -0.3051129587  -1.3396681027  -1.3215845544   0.1376412021
 2.2174256798  -1.6341836338   0.6633537196   1.5523381493  -1.4772752664  -1.3013366546   0.1776351364   0.5632444917  -1.6833665293   0.8370720152  -0.0379780733  -1.3547777911   0.0306464441  -0.5041422044  -2.5325686741  -0.9225011648  -0.4446814264  -1.1985952585  -1.3884145153   0.0834241424   0.5294937456   1.1534051014  -0.3338057405  -0.3375831104  -1.1147587770   0.0734703925  -0.7739094557  -0.8033759633   0.2188943994   1.0494525376
 1.7897398369   1.0317657078  -0.4302628198   0.7033727086   0.6843917001  -2.4698009414  -0.4531142330   0.6523806564   1.6446649902   2.2726982923   0.2854556600  -0.2514333116  -0.4738522622  -1.7104643824  -0.2625766042   0.3588582770  -0.7080173573  -0.0252774326  -0.7516049975  -0.7358192340   0.0515946564   0.4562587469  -0.1944245799   1.2207648995   0.8114075124   0.3198815887   0.9724348072  -1.7400180837  -1.8019113052  -1.0962898323
 0.3764046391  -1.0532967571  -0.5393742287  -0.8746262185  -2.2224209691   0.2514436271  -0.2234436302   0.5604022253  -0.9113745532   0.4448394285  -0.1831935853  -0.3090456202   0.1413411551  -0.0845237561  -0.0469596478  -1.4668661828   0.0342039829  -0.4199880783  -0.7148339577  -0.4585899272  -1.0868568765   0.0732928933   1.7488647824  -0.7763767813   0.0342912636  -0.9720038560  -2.0595012280   0.3248386020  -1.4703998240   0.5473707160
 1.5180386698   1.3379507338   0.3367411152  -1.0629695979  -0.4395403173  -1.0183237062  -2.4685564620   0.5292081516  -0.0464611135   0.6234152218  -0.6955461366   0.2652547562  -0.1036445742  -2.3369101756  -0.5516580439  -0.4159229717  -0.2576101138  -2.2251873597   0.5271328647  -1.0130326915  -0.3441525150  -0.6037376539  -0.5810312841   2.0819419685  -0.1235652792   0.1865030544  -0.4558657974   0.0961604878   0.0366313472   0.7636322333
 0.6500463996   1.3426022122   0.7328157176  -1.6631885971  -0.5397085311  -1.4254474123  -0.1863596548   1.1946736738  -2.8408626261   0.0893586488   0.2612526451  -0.2891650634  -0.4613684554  -1.0886564522  -1.4505444548   0.0200298396   0.9780381766  -1.6920944616   0.5700105343   0.2023428401   0.5167233650  -0.2412555998  -0.4373891730   0.2625402246  -1.0632172818  -1.0596659579  -0.8587456835  -0.9773089988  -1.1974201042  -0.5453022797
-1.0369036513  -0.5460375199  -0.6762901125   0.3785034847  -1.6084614483   0.0690779548  -0.4070059574  -0.9463807364   0.3582751755  -0.8214028948   1.5242017530  -0.2576959706  -0.4795175634   0.1060036980  -1.0845445832   0.5163837700  -0.5064371788  -0.1767761736   0.6427882412   0.4369637018  -1.2251737364  -0.0066235151   0.4494241904  -1.7956759619   1.7628724858   1.4941591807  -0.5210006993   0.9724417223  -1.2699970861  -2.4381720519
 0.3921928789   0.8441440023   1.0344272252   1.3592678019   1.1333161663   0.2173171672  -1.1500653693  -0.3797433490  -0.1945854142   0.3973346700  -1.2621235665  -0.3338755409   2.2800255581  -1.3955053027   1.7920901400  -0.7788479601   0.7907241755  -1.3861252245   0.7318865866  -0.2916435091   0.0380932802   1.2849444309  -0.9944362039   0.0674207230  -0.2122131418   0.1400090133   1.3431383586  -2.1996504528  -1.4569234421  -0.9752027999
 0.4924886916  -0.7799292862  -0.9110827424   1.3379067763  -1.9192014318   1.0747400115  -1.2238627291   1.5553513781   0.3484928337  -0.6238432764  -0.7494523720   0.1818519884  -0.5435752479  -0.6916432079  -1.5874311438   1.5519083418  -1.8242340705  -0.2755821427   0.5172188597  -0.1888739344   0.0157960734  -0.1819536687   1.6929091995  -1.0139622828  -0.2242523517   0.1973497134   1.1445696425  -0.9983739955  -0.1807132602  -1.2473523174
-0.1924200034   0.1785499400   0.7485328025   1.3239393883  -2.7664734056  -2.6213246444   0.3839233630   0.1048202034  -0.3371913182  -1.2466234703  -0.7075894857  -0.2685551513  -0.0434560145  -1.4616279685  -0.3109744268  -0.4614332357   0.8664881653  -1.0291422367  -0.4934661825  -0.1171764277   0.2699022985  -0.8692377576  -2.3862820448  -0.2256064395  -1.0367792110  -0.2002733685  -0.4672625858   1.3832798703   0.5057478938  -1.7039102909
-0.5769726232  -0.5166361141   0.0310116817  -0.3735308124   0.5955208570  -1.0684149460  -0.9606797726   1.5692647875  -1.2381361393  -0.6673101085  -2.2663892006  -1.0709698081   0.3089088970  -0.3587574294  -0.7540805072  -1.8301251871  -1.3337432347   0.5145314749   0.5705140045  -0.8692176801  -1.2938195051  -0.2723707767   2.0045694699   1.0850603307   0.1009200427   1.8585005764   1.1136036839   0.4312104536  -0.3355200675  -0.6274128732
-0.7374448962  -0.3945237260  -0.5677609309   0.5246855553  -1.2161616794   0.7173343641   0.8126953637  -1.1572978323   1.6590424199   0.0163609305   1.4307850453  -0.1380119559  -0.6076261932   1.1333322029   0.3991812503  -1.5000634108  -0.8388614403  -0.6923571924   0.6734835291  -0.5855831321  -0.7499656043  -0.9800726507   0.2516902503  -0.9596723341   1.0552449268  -0.4543488650  -0.8113324334  -1.3621190292  -1.6761742194  -0.4846535472
-0.8153471126   0.1712485648  -0.9742169160  -1.7719246365  -0.5863325101   0.6432752825  -1.2279995621   0.0632112146   0.0818666060  -1.1395874073  -1.7173650435   0.4416217050  -0.4513591034   1.5831169624   0.2131674764  -2.1160549756  -0.5090326233   0.9979492174   1.9315020062   1.3591696854  -0.0383855118  -0.9345887440  -0.8639347354  -0.0289916348  -0.1324405343  -0.0071930767  -0.4167781301   0.3344113740  -2.6334336920   0.1351006066
-1.1663265042  -0.0449690470  -0.1089502459   1.6070842077   0.9873903467  -1.9481095239  -0.5490382746  -2.1123016408   0.1939939551   0.8553860971   0.7835070360  -0.1997198909  -0.1276744049  -1.8068889487   1.0386211428  -2.0479863076  -1.0273536729   0.1128429446   0.5768985201   0.2974398413   1.1605407968   1.2834436310   0.7224332328  -1.4761532940  -0.4298219592   0.3166068129  -0.0493801825   0.2523931540   0.5722631752  -0.6724743742
-0.7062709688   0.7731515625  -1.0981841569   1.1644421144   0.5684308784   0.1076550631  -1.2949056969  -0.3995321319   1.9363969788   1.3879632074   0.9594780424  -1.1403099038  -2.2838111100  -1.3676906784  -0.4647200360  -0.6858257265  -0.5838871009  -0.3753947122  -0.5480890722   0.6089639330   3.6893605738   2.4911971460   1.5293540593   2.1138447414  -1.2195900270   0.1523912648  -0.8044891441  -1.4847369278   2.2965376675  -0.9963640874
 1.8710118905   0.8404415913  -0.3174841065   0.2467323697   0.2081528324   0.1854676952  -1.5546179940  -0.5414809993   1.2018411112   0.1351037180  -2.4007060391   0.5327722071   0.6403474208   1.5701975515  -0.0118979271  -0.7686623870  -0.9936570651  -0.4395684647   0.0342011188  -0.9699591136  -0.0871753373   1.0979355717   0.5551100589   0.2674253200   0.7559712082   1.1964022595  -1.2880502012  -1.8485746127  -0.5422573419  -0.1164268119
-0.3613084795  -1.8597415699   0.9870329292   0.4351344214  -0.3930238762  -0.1780030831  -1.3783714771  -0.3774940685  -1.3197025612   1.3754671037  -0.1028142373  -0.9596670555  -1.4870943458   0.7080148125  -0.3265059459  -1.1203640664  -0.6676517645  -0.1657330818  -0.1894127186  -0.1269306981   0.4239372828   0.4066010075  -0.1464672751  -0.6738424049  -0.3972640482  -0.4998156707   1.0277082037  -0.3155616631   0.7378807486   0.5732614786
-0.6093763489  -1.0963030233   0.1339206306  -0.5484452684  -0.1015469267  -0.4862921742  -1.2637676463  -0.9691339243  -0.0451485442   0.5698902141  -0.0642115761   0.3833927466   0.5909230469   0.8849018894  -0.2661084235   0.1469382633  -0.8664126990  -0.5722874397  -1.7611814805  -0.7914484017   1.0095698006   1.4380034673  -1.1076736003   2.9687215500  -1.1007939156  -3.5334641393  -0.5625899412  -1.4897296498  -0.2532362245  -1.8330618844
s3
-2.0990632297
 0.7760282354
 0.3782309391
 0.2113385392
-2.4287578890
-0.7994926583
 0.8041500345
-1.4154897006
-0.4649044559
 0.6533141777
-0.3716839306
-0.8790521872
-1.3258859417
 1.6704445056
-0.1841763052
 0.4622411962
-0.4863243589
-1.4730328291
-1.1148332221
-0.3100655933
-0.3581638002
 0.6160580276
 0.6956623510
-1.1349238735
 0.1510032768
-0.9554527751
-1.5136936806
-1.0928558522
-1.1106852994
 0.9329139466
w4
-0.0685645758  0.5413111069  0.7537712288  0.5516359444  0.2549706449  1.4910161374  -0.0920231760  -0.5860455210  1.2359980533  -0.7731022239  0.9768338736  0.1609140604  -0.5357492799  1.6697850111  -0.0593949708  -0.5871464372  1.5871933992  2.3186205413  -0.4455642220  -0.0825295048  -0.5068387445  0.5863277781  -0.5351896226  -0.6834019906  -0.4907840096  0.2097648598  0.5264972910  -0.3959215219  -1.4089940584  0.5720095545
s4
0.3024776515

