layers: 6
str: {2,30,30,30,30,1}
w1
-0.8457941186   0.0348778603
 0.0161615037   0.6344140407
-0.3588506288  -0.2272855745
-2.9783192229   2.1259233975
-2.2795742886   0.4348502845
-2.0486276011   0.6208749118
-0.6843050486   0.2744337427
 0.5620173602   0.0616035812
-1.5394711276   0.0566214516
 0.3073914415   0.0598681096
-1.6502295687  -0.1171963326
 0.4417695146   1.2769031791
-1.5242300152  -1.4945788529
 0.9651465239  -0.0412514978
 1.3930082712   0.1781032295
-0.3002576908  -0.5199769803
-0.2531352063  -0.1183940860
 3.4877875284  -2.3984831256
 0.1703385525  -0.2794232208
 0.0466279375   0.5938948764
 0.6576405814   2.0273901771
-0.4029894160  -1.0075119669
-0.9866709742  -1.6533401072
-0.4391052836   0.8729918396
 1.1057469850   0.8332616099
 1.4162126595   1.2402315302
-2.5975340724  -0.9965325113
 0.4026874520  -1.2729438903
-0.2989705352  -0.7466586507
 1.9865975982   0.2779335248
s1
 1.4681082584
-0.4401733892
-0.7179002888
-0.3205554796
 1.3427826966
-0.2445191755
-0.2935209275
 0.0308818398
-0.8282368569
-1.4723692363
 0.7649490414
-0.9919538876
 0.2565662022
-0.4309998186
-0.6644081910
-0.3250409089
-0.8104447633
 1.2146509788
 0.1576915674
 0.5531064872
-0.6212440767
 0.3232628621
-0.4503072216
 0.8913257777
 0.8664993782
 1.1457437746
 0.2002055780
-0.5764961592
-1.6982233589
 0.0055825049
w2
-1.1941727859  -0.3646232188  -0.8598755450  -0.1360103056   0.4094301518   0.1989157093   0.2533808853  -0.4521614171  -0.3853852047   0.1792369918  -1.9966868206   1.3993486953  -0.0907260627  -0.1286275540  -0.7200060909   1.4129507945  -0.4042391453   0.1208960029  -0.0323246592  -0.8122467803  -1.6241217454  -0.0817658201  -0.5625354669  -0.4938277351  -0.1034145979  -0.5361256682   0.6694883129   0.7861744303   1.0576062054   0.1999284868
 2.0190661031  -1.1038882939  -0.8661783307  -1.2643848949   1.0210544268   1.7685323392  -0.3673096517  -1.4799644776  -0.3838473761  -2.3686010180   1.4130076939  -1.1260008678  -1.9812976316   1.0607061530  -0.2147228194   0.6876430598   0.1763642004  -0.6576091275  -0.2587694815  -2.7181482276   2.1249012613  -0.5334219223  -1.0132482030  -0.6919302271  -0.1775708234   0.1940826403   0.8904503518   0.0988473928   0.0550467056  -0.1035628427
 0.5837757511   0.5295489898   0.0959449113  -0.2151894820   0.6723038390   0.2453955302   1.1859667591  -1.1308359258   0.8039360263  -0.2699962602  -2.7412731782   1.6657453341  -0.7610538751   1.8589319146   0.4024573929  -0.2258862480  -1.1005655679  -0.2978920807   0.5263419185  -1.8669704948   0.0614415006   0.4849184709  -0.8991416706   1.1890197048  -1.6711229970   0.6643964410   0.3995996779  -0.1911035063  -0.6644742128   0.0984980705
-1.9636553783  -0.8976805768   0.2973793772  -1.5909751668  -0.2852152967   0.8369660539  -0.8946020103  -0.8765399685   0.6377872486   1.2820827666  -0.6438935506  -1.2338315180   0.5389862421  -0.0036799385   0.0723408291  -0.0613478582   0.3842059766   0.8194334940  -0.3875548722   0.2794091018  -0.7479085981   0.4570406304  -0.8019166545  -0.2767881315   0.3320135044  -0.6207745119  -0.7809920034  -0.8707966490  -0.9633393538   1.0283256556
 0.3527006257   1.3601836822  -0.7995877200   0.4348852344  -1.0343452801  -0.3577897225  -1.8783186462  -0.2423719744  -1.8224383801  -0.6700384361   0.1406033064  -1.2087407802  -0.0908438418  -0.4343664966   0.0325941713   0.1474236915  -0.8905316316  -0.1357200298   1.2625496848  -0.4738108355   0.1002077053   1.1797525294   0.5250382290   0.6281949706  -0.1822604693   2.7816248363  -1.3582771533   0.9467692921   0.5217110612   0.8019701334
-0.7645665016  -0.2890582609   0.7989015990  -0.3918837530  -0.2952773143  -0.1213349965   0.0169586192  -0.5489105754   0.7363137229   0.1868014228  -0.4373848774  -0.5976626855  -2.2664064894  -0.9500188506   2.0628126314   0.1676804403  -1.6413754013  -1.7330043028   1.7828507692  -0.0056213944  -0.4875582561   0.3759083851   1.3191963916  -0.0604769116   0.0344330780   0.0999069090   1.7840644127  -0.4815840679   0.4469272302   0.4678413272
-0.0678547702   3.0527450992  -1.4723895023   0.1338747892   0.5844931992  -2.0722535008  -1.6648267995  -0.7109374093  -0.0813842058  -0.6770109640   0.6095500253   0.5827378117   0.3189219381  -1.4662104471  -0.2025596180  -0.1283950409   0.8837503428   1.4821594734   0.5410849439  -0.5924745583  -0.9369408498   0.5390029780   0.1918823261  -0.1414900287  -0.4197530667  -0.9514635354  -0.3794217206   0.1576925141   1.3146740372  -0.6761065579
 0.9299433310   0.0210671477   0.8578636661  -0.4808294929   1.4767711258   1.6023546170  -0.4624234471  -0.8441013042   0.2234507701  -1.7237809829  -1.5481258643  -0.3820213814  -0.9131673372  -0.0697000482   0.5044396782   0.9923643405  -0.0212924185  -1.5255426309   0.6232386907  -0.4448823549   1.2575224586  -1.0001675204  -2.2404893606  -1.3665589122  -0.3825670551   0.0367239954  -0.4043391164  -1.2359725477   0.3024521194   2.5807344958
 1.1682561684  -0.5332662747  -0.6612291273   1.4404972045  -0.6287392115   0.1340615296   0.5137469162   0.1149284348  -0.1312856114   0.2529718193  -0.6564894738  -0.5106265757  -0.3343615969  -1.2498502863  -0.9978210031   0.0506227815   0.1828305403  -0.7161978060   1.1374299838  -1.3410430274  -0.0315409196  -0.7580565443  -0.7750901163   1.5065144340   0.0357679070   1.9559956646   0.1381936288   0.0723989233   0.7496428852   0.5993790348
-0.2394621631   0.3729744695  -0.9794007965   0.4592823935   0.2751586403   0.0913474020  -1.6455815550  -1.7538156656   1.1385905501  -0.2724829556   0.6690326449   1.6276426420  -0.0627259896   0.1100733956   1.5426009588  -0.7260002951   1.3361255723   0.1885657541  -0.3734821142  -0.4998288437   0.5572354573  -0.2503788978  -2.0333868375  -0.7594892017  -0.1122900709  -1.0167810920  -0.6665769818   0.0840832135   0.0949433574  -0.5297510337
 1.2120393400   0.8001380543   0.6408831015  -0.6976961713  -0.4071748392  -1.8162823172  -0.8517835285  -0.2964654382   0.3524324632  -0.0581664790  -0.4379764220  -0.3452341777  -0.8678473901   0.5363899053   2.1028429781   0.2759736878  -1.3115450933  -1.4019843150   1.7240826497   0.1256760590  -0.8639862528   0.3615068353  -1.2335809589  -0.3629049692   0.6298749556  -2.3755270591  -0.2668567458  -0.3350567174   0.5295167434  -3.2696032517
 0.8558820288   0.3618518782  -0.5432625002   0.3089393380   0.8166774025  -0.2543654182  -0.2690153860  -0.2472049750   1.4201144804  -1.8710686433  -1.0712891783   1.5014687158   1.1780267305  -0.0092986129   0.5643544332  -1.2032309099   0.5820410816   1.6114316041  -0.3367110174   0.0711229060   0.3615062814   0.7541625106  -0.0475718412   0.0804849141   2.8679062555   0.8748102898   0.7791812897   0.6167688376  -0.0083612901   0.8470920720
-0.1124411579  -1.0106566881   0.6777349156   0.7522316893  -1.8730869271   1.2201836473   1.1000309706  -0.7534214904  -0.2505585070  -0.0420672369   0.5837212060   0.0887056184  -1.3403789248   0.6515702357  -0.1213815851   0.8310839340   0.9339824255   1.8749035369   0.1268390467   1.9911722624  -0.3789231835  -0.6052581006  -0.1955132914   0.9420804719   0.5100935677  -0.0695553757  -0.8870954408   0.2286243788  -0.9053952168   1.0516507312
-0.9082045567   1.5626321124   0.8308878807   1.9324680628   0.4412245351   0.2501597592   1.8997546740   0.0784420530   0.5637292760  -1.1885052460   1.0123718514  -1.4273550679  -0.3081981139  -1.0472248944  -1.1292240976  -0.1915447401   0.1459009265   1.8269222383   1.1424651620   1.1053525614  -0.6489761909  -2.9787757779  -0.0504361597  -0.0251421712  -0.7955371571   0.9643185232   1.0876434999  -1.3596048936   0.1254298099   0.1910421577
-0.3197378253   0.3923460781  -0.3054750938  -0.5052351310  -1.0575411962   0.4896650105   0.3742014190  -0.8846935996  -0.8659804774  -1.0578990551  -0.7184674306   1.3563559614   0.1329954101  -0.9451316174   0.8128633089  -1.2215110211   0.0800152787  -1.8309814139  -0.1530217954   0.9057887086   0.2920756288  -0.2327592001   1.7811158713  -0.6552426689   0.2126633256   0.4774346704   0.2033465959   0.7709100690   0.3886011121   0.2855129285
 1.0436218664   0.6224532182  -1.3903009392  -0.4420420612   1.3343425138  -0.8406887664  -0.7959405165   0.4547193490   1.0653351725  -0.6182238678   0.4276045931  -0.1158265415  -2.3946737166   0.6923890562   0.4480017978  -0.7986556820   1.0828659489   1.5574014640  -0.0253090009  -0.6925497306  -0.3281723771   0.7452226846  -0.0149937782   1.4124551245   1.5547890290   0.3034821924   0.1698060478  -0.6591076174   0.3151424911   0.1190475805
-1.4573782776  -2.0844665610  -0.1375434732   0.1323015940  -1.1171323618   1.3890988274  -0.5911838155  -2.9667778922   2.0375655469  -0.8342562129   1.7724411716   0.5406310220   0.1939492408  -1.4916862346   2.2304822220  -0.0296958838   0.9588411654   0.5228836986   1.2598528266   1.3202012972  -0.2021329375  -1.7181269508  -1.0558423374   0.1551647790   0.9752696644  -0.7357038157  -1.6639528252  -0.0109556881   1.5468319230  -1.5841756329
 0.3030975581  -0.4040168925   1.6250228569  -0.4479113382  -0.3400165669  -1.9879256907  -1.2107550629   0.1752160068  -0.2403990956   1.6232369565   0.0412768011   0.2813540665  -1.3084295977   0.1090234324  -0.4827698758  -0.5310906421  -0.1434417190  -0.9541291847  -0.0124558958  -1.1775497007   0.3474824175  -1.3679185962  -0.0098522689  -0.5775296305  -1.4021019375  -0.6620437052   1.2640895055  -2.2876697865  -0.3041803333  -2.1140857110
 1.1673346169  -0.0516178953  -1.6323316130   0.8004581563  -0.6449124839  -1.7689307444   0.5566337775  -0.7907720862  -0.3800286009  -0.3342432898  -2.2050219347   0.4888052077   2.3124977446   0.1528683685   0.1293668893  -1.5775212000   0.6029890039  -1.1319614465  -1.2074871916  -1.0313048499   0.9650546912  -0.1443630413  -1.1470356067   1.1512788244  -1.9075958533  -0.6501699021   0.2964736270   1.5005335598  -0.9750273000  -1.6203596692
-1.9486415137  -0.4537955766   1.5096782204  -0.3367302587   0.4591659924  -1.1710056532  -0.0984121816  -1.0554343438   0.6031194490   0.2552524006  -0.9148579440  -0.2765199678  -0.4183326301   0.0722262064  -0.6443573454   1.3413409201  -0.4639000706  -1.1213657502  -0.1211640478  -0.4558952932   0.9689519424  -0.0328983620  -0.1955902057   0.5833244221  -0.0998377532  -1.0269750600  -0.5507785430   0.9574209265   0.6516214157   0.7662798455
 0.1742438475   0.3033546428   0.1622714724  -0.8968670009   0.9066816913   0.7230511149  -0.1011321006   1.3729741181  -1.0673427094   0.2070430133  -0.4709401859  -0.2982960703  -0.6709890266   0.2536413627   0.2476281374   0.0777291803   0.6859409746   1.0765767333  -1.0464886468   0.3593924122   0.2215988804   0.5682211052   0.3693817647  -0.8230562478   0.4193132482   2.2355182791  -2.8943375043  -1.7115760814   0.8635522853   0.3826850462
-0.4015539288   1.6344035228  -0.6490875813   1.0944938408   0.8368203657   0.1036066264  -1.5011495953  -2.1471285805   1.1405596465   0.5750894892   0.3991742808   0.4250076781  -1.9409551560  -1.1970238528   0.1638070580   0.1209143225  -0.2565590067  -0.5282208799   0.7191242465  -0.3518373581   0.3860235426  -0.1617281651   1.4240608113   0.8373248451   0.3346599940  -2.6186632423  -1.1508442135  -0.8923486703   1.7866480856  -1.0339696581
 0.3104292935  -0.3742909548  -1.0875630947  -0.5774254175   1.3057570530   0.6060870131   1.1698983415  -0.6729995367  -0.4078457993  -1.0402766276   0.0030885076   0.7731464775  -1.0069579066   2.4886233450   0.5828003419   1.0929781708  -0.0404246355   1.6001229950  -1.6328132299  -0.4045870791  -0.5407165154   1.3401047607  -0.0772752098  -1.0744371493   0.1310896364  -0.8628687911   0.4125523189   0.1894200635   0.4107839114  -1.1895700186
-0.9579092161  -0.5663537548  -0.1253047031  -0.2771608063   0.2662249049   0.8009187013  -0.0256133655   0.6129738247   0.1946200727   1.9381208082   1.8643172835   1.3347335593  -0.4962386413  -0.2594723872   0.5784662058   1.0043573785  -1.3863634295   1.4053879599   0.4595311946  -0.9081874626   1.7909537912  -0.4478496620  -0.0487000132   0.5724507217  -0.4535188043  -0.8644464286   0.6788315121  -0.9485357317   0.8706316470  -1.6338264237
 1.5331712814   1.2797989085  -1.8071578175  -0.7015044473   0.8431468807  -1.3244934853  -1.2881630018   0.9888619221  -1.2998962502   0.0980733047   1.0194450361  -0.8183841764   0.3752113810  -1.1308880548  -1.2319784897   1.0688343250  -0.4570551914   1.2533496501  -0.9283150778  -0.5976679547  -0.3760811037  -0.6244228796   1.3281311337   0.0330390930  -0.4864942904   0.0855740234   0.5225672522  -1.5591365211  -1.2743070878  -0.0203372529
 0.4298309772  -0.4579696630   1.1284835576  -1.8040803905   0.0609967681  -1.6578653924   0.0965135969  -0.2853856990   0.2660497187   2.1721030523  -1.4402539628   1.1132226934  -0.5895720355  -0.4315207703  -0.5447698598   0.0560877999  -1.4216461450   2.3201614674  -0.1892169438  -0.3804692828  -0.2675105752   0.1784896023  -0.1046221144  -1.1250790341   0.1320738776  -0.0104100583  -1.8275018023  -0.3483863106   0.3419197279   1.0147891334
 0.7333875300  -1.0316581793  -0.1210329573  -0.4168146180  -0.1430690052   0.1195959080  -0.6545559091  -1.4310174576  -0.0739473811   0.2117407238   1.0592276946   0.6148340635   0.3253586236   0.1684686659  -0.1523951969   0.5231000848  -0.0939017217  -0.1715653049   0.7876039656   0.9916798731   0.8640510675  -0.7997279545  -0.0688311811   1.6985123697   0.2481558249  -0.5888288174  -0.7818388115  -0.3545027100   0.3454448078   0.8668960891
 1.3854043039  -0.9739638120  -1.9892355831  -0.6592960478   0.7389554370  -0.7462631890   1.6382955866  -0.3793368159  -0.7882389519   0.2715258636  -0.1294826800  -0.3555439245   0.1646203779  -1.3824108169  -1.5865100684   0.1335815269   0.3682798299   0.7818832726   0.9782081475   1.8157938813  -0.6181199193  -0.6884064925   0.9774790924   0.9782854038  -0.1586145652   0.1525323896   1.3324391138   0.2396187268   1.3294172607  -0.0498326811
 1.1513082660  -0.4540582443   1.2825485690   0.2863109351   0.7087137635  -1.8187429053  -0.2560112440  -0.3408073839   0.0057937540  -2.2908323824   0.9561514689  -1.3798763415   0.0962852007  -1.1789251310   0.2527919671  -0.2875763326  -0.1880751811  -0.3311270536  -2.4497544158  -0.5813143505   0.8782978634  -1.0769331857  -0.4385770475  -0.2235494068  -0.0224647361   0.4349355950  -1.1609663301  -0.1124526105  -0.3644316036   0.7609088710
-1.4573776044  -1.2696356249   1.5151184499   1.2079813747  -0.6610558945  -0.5798164599   1.5928845731  -0.0046822012  -1.7547177511  -0.1205181925   1.0231139104   1.0655604873  -0.1109832799  -0.9577591350   0.2159692913  -1.8103944104   0.0822633499  -1.1427976591  -0.6963489257   0.3915756147   0.0684919239   1.0869675461   0.7626784711  -1.3067425893  -0.7661897124  -0.0889255061   2.1886691521  -1.4988523760  -1.7307840812   1.7102324019
s2
-1.3984111803
 1.6477550195
 0.6796157547
 0.7923305672
-2.0606947602
-0.2873352282
 1.2694847816
-1.1041546219
-0.1988922154
 0.9483132371
-0.1616982608
-0.2731644303
-0.6697292692
 2.4153565163
 0.0131550092
 0.7758734104
 0.5888730085
-0.5767204618
-0.7249514337
-0.0628043597
 0.5059193379
 1.1348898369
 0.9149805295
-0.9574380844
 0.5750306937
-0.4450926077
-1.4176776114
-0.8236245477
-0.7807499878
 1.3317930559
w3
 0.5509192479  -1.8716053640  -1.7526159363  -2.0931578585  -0.0586034964  -0.8102741505   0.2627176607  -2.2390145771  -0.0963476451  -0.6739080683   1.6203816832   0.1429934536  -1.6323858210  -1.5303418537   0.7789290456   0.4733996135   0.0648159299  -0.8779334524  -0.5466981635   0.7925670199  -0.3401887368   0.8666227033   0.9951952454  -0.2138700871  -0.3093120398   0.2003089855   1.7210017141   0.0026256235   0.9057222623  -0.0249241844
 1.2646776754   0.7013535715   0.9575568808   2.1709507593   0.9754130486   1.1402054423  -0.3535540696  -0.2678449077   1.4504911233  -1.5298519677  -1.9857632110  -2.0714206474   0.9020425204   0.7878415090   1.0361595130  -0.3241039417   0.8293426284   0.5556393256  -0.6068157817  -0.9622213553  -0.6445897510   1.7171478897  -0.5053799421  -1.0353759927  -0.1971778986   0.8455800942  -0.6544411362   0.1001078906  -0.1148148222   0.9209001112
-0.0460257491   1.1225740607  -0.0261498898   0.5279741991   0.5861370940   2.5226438704  -0.3971660136  -1.4821365876  -0.6678731565  -2.2216209191  -1.4989833086  -0.7023913451   0.5232543793   0.7866081341  -0.3075984134   0.2334891091  -1.0648850335   0.5168963284   0.0673001163   0.0860708841   1.1096257533   2.5944562679   0.6559863140  -0.6631287903   0.5617061681   0.8671907086   1.8991712875   1.4759506028   0.4574528286   1.9065337839
-0.0784942948   0.4869539107  -1.2616196631   0.6796252462  -0.3789251602  -0.4304820968  -1.8501346583  -0.7254436581   0.1280595302  -0.3706008045   0.2961003850  -0.7974416857  -0.6968434815   1.5709530652   0.2047782120  -0.0856847255  -0.3462152501  -0.3975527734   0.6570132680   2.1161038936  -0.5339024687   0.9765673057  -1.0415086293   0.2520488521  -0.2213613917  -0.6246755903  -0.8160637727   1.8567576340  -0.8428145666   1.8448688409
 0.0724343397  -0.9978608411  -2.2064296041  -1.4528017539   1.8756242456   0.2848024097  -0.2940968552  -0.2073686498   1.1701088048  -1.3405395226  -0.4375671509  -0.6709540624  -0.7820778505  -0.3778760479  -1.1423848031  -0.4925045860   0.9851982846  -0.1933030443   2.3813600487  -0.7988837908   1.3092229234  -0.6528383138   0.8814926300  -0.1797710501   0.0008291158  -0.6980875598   0.6609566535   1.4703384005  -1.2714602400  -1.4091897296
 0.4868068732   1.8418506345   0.1830675074   0.6794517642   0.5318071122   0.7810090411   0.1249138686  -0.1078595730  -1.7068311387  -3.0776060467   0.2482730790  -0.9558207203   0.7703381833   0.8780529511  -0.5610907864  -0.3672737017   0.5356101486  -0.5347115679   0.7783826675   0.3001803102  -0.8746492175  -0.5425887925  -0.7161237867  -0.9520473642  -0.9574510368  -0.6458509090  -1.1790231021  -0.2552705686   0.1890381102   0.2747314373
 1.8044186940   0.4370692849   0.2989748378  -1.3062625510  -0.2867139958   1.6018278502  -0.3262666774  -0.7655531917   1.2512618158  -1.6102775551   0.1854427908   0.9855696553  -1.3808929940  -0.8055884692  -1.3737806003   0.2086687067  -0.1659283725  -0.5892585179   0.2039885231   1.2200485243  -0.1092417273  -0.7312472797  -0.2368843823  -0.3592280552  -0.4751993240  -0.3734193431   0.3655779811  -1.5955134452   1.5092831717  -0.1071689153
-0.5372521817  -1.7713770621  -1.0178278481   0.8434805997  -0.7951446983   0.3966183118  -0.0807442962   0.1322846283  -0.4753390832  -2.1814260974   0.3504223751   0.1435688095  -0.8651800220  -0.8799556949  -0.5350431295  -0.2457225174  -1.6440234094  -0.4377184424  -0.7371806591   1.1792551131   0.2873125593   1.3494092398  -0.1753261872   1.0237935408  -0.8057904047   0.0349093511   0.5969120368   0.3401556534  -0.5778381483   1.9203065479
-0.4499668779   2.2138312538  -0.5371737248  -0.1818427369  -1.0158842959   1.1213773047  -0.4746986928  -0.0253453552  -0.6994674702  -1.3408109299   0.9669892391  -2.0123877461   1.4121341760   2.2183143912   0.9332666895  -1.1734045585   0.9671733342   0.6394817458   0.3514751211  -0.8051358485  -1.5947371957   0.9175879565   0.7447156232   0.6599760487  -0.3101804097   1.0089015708  -0.1770683358   1.6010830246  -2.2660021391   0.3425867927
 1.9579438927   1.4131236836   1.4191883290  -0.3491851194   0.7104356063   0.8033719828   0.0927834073   0.9020720273   1.2506287797   1.3807487515   0.6133360972  -0.6249384633   0.1242924817   0.6685789251  -0.0699378119   0.5521062878   1.0130511871   0.3616368180   2.4825976357  -0.0447283745  -0.9704929935   1.1122635675   0.4271911402   0.4806960920  -2.0526731950  -0.4261179059  -0.2307880875  -0.4202294746   0.6317409934  -0.5874583625
 0.3211338757  -1.2368559699   0.1098598146  -0.3680736442  -0.5528958972   0.2713072283   0.4272607659  -1.1372913669   2.5774646941  -1.0370386617   0.4168467650  -0.6785395656  -1.4625301269  -2.0117611875  -0.0304263289   0.2524986379  -0.0497815391  -0.5691077290   0.2264642088   0.8453136562  -0.5029778321   0.0224222145  -0.0351344922   1.3949059708  -0.9222275299   1.1439020174  -1.1140102253   1.5667532409  -0.1712216894   0.8102026045
-0.4349474134   0.9932908185  -0.7502226741  -1.4663001208  -1.2179629181   1.8504740976   1.7597678726   0.5444507718   1.0339824478   1.3683449811  -0.7382802430  -0.9283003232  -0.4207717794  -0.0061534682   0.7581953037   1.5178660156   0.5081460835  -0.7629464927  -0.5594587783  -0.5143118436   1.7188733468   0.2551584824   0.4646471166   1.2688665742   1.0006496537   0.3801737325   1.6061853379  -0.7773835089   0.2086307351   0.8165527887
-1.2075182824   0.0232997622   0.1526524211  -0.6204914446  -1.1594617943  -1.4268503721   0.3460853860   0.9490151954  -0.0150468725   0.6251547546   0.2566166955   0.2009115057  -0.6826529898   0.5074222460   1.1663082417   0.2647861572  -0.6613812543   0.0527455331   0.3653621110  -0.8116810962  -0.3036025699  -0.1782707037   0.3517990659  -0.0847032707  -1.0551370485  -0.5729299475  -0.1370649237   0.1193834870   0.7391523727  -0.0162008150
 0.9470234509  -0.6356600083   0.1956814267  -0.8599773376  -1.4939237997   0.8810232751  -2.0803641232  -0.1613181076   0.0381410900  -0.6874735237  -1.4012460819   0.0183072156  -0.9156264132  -0.4819350966  -0.4611546833   0.0276850681  -1.6545543003   0.4005999398  -0.7167197445   0.2350050406  -1.8198209818  -0.7966743005  -0.2648971959  -1.9526444687   1.2144879313  -0.5901935791   0.2611203977   0.4606163774   0.0081180129  -0.0427543828
 0.5269318098  -0.4698678115  -1.0050836444  -0.4270788120   0.0079668242  -0.2394927308   0.6937161749  -1.3814270128  -0.2867293753  -1.8376639545   0.1898551744  -0.5269802904  -0.1105448697  -0.5301940602   0.0113348402   0.0247237461  -1.0101559385   1.6036205243  -0.4223316725   1.6689342262  -1.6007663224  -0.4194817088   0.4459414482   0.4676586608   0.2591438615  -0.0528953458   0.4599769815  -1.7578272887   0.2653533408   0.2790679434
 1.7091856719  -0.4799403318   1.8857814565  -0.5136305320  -2.3971533063  -0.1550988334   0.2441633551  -0.3420681777  -1.5076604786   1.2381921605  -0.1471712451   0.4910573001  -0.3702815439   0.2764287344   0.1445430886  -0.2735345845   0.6796979016   2.2159326950   0.0625663229   2.0665688474  -0.9197603364   1.0400199906  -0.6268677585  -0.4146609649   0.4099068025  -0.6473181119   0.2058658879   0.5302797974  -2.6555079945  -1.5327797104
 0.0988649286  -0.5633952234  -1.0346310327  -1.1340383739   0.5802166764   0.2102460419   0.3469635090  -0.5683698347   1.4178959881  -1.4341281805   1.4248791994   1.1529320259   1.1794473906  -0.3537559909  -0.7269001420   0.4136371345  -1.3625599521   0.0505616134  -0.0624288103   0.3265636075   0.0053817445   1.1837528261   1.8739204096  -2.5668372834   0.2568384054   0.2790777895  -1.0766886112   1.8972764326   1.1654737767   0.4831130548
-0.3303525674  -0.1892402974   0.4510072834   0.8790059486  -1.4960419939  -1.3447882486   0.9597097770   0.5884089889  -1.0118971001  -0.6784056664   0.5353696271  -0.6346720338  -1.4892376135  -0.4648900989   0.8420023435  -1.3214132883  -0.0891644172  -0.6836348654   1.0405815414   1.3422160515  -1.3358366621   0.1616986252   0.5916857737  -0.2269000133  -0.7047233450   0.7835449633  -0.0128276721  -0.2783475158  -0.5554788137  -0.1799273531
-1.1742661069   1.6388361511   1.4376671737   0.7019242783  -1.3476115571  -0.9522874632   0.3656086401   0.5599243411   2.3907263100   0.6788665275   1.3768708556  -1.8545967578  -0.6923240171  -0.7963162856  -0.1042082890   0.6596049276  -0.3574229415   0.9783654612   1.1802683210   0.0897096444  -0.1489857050  -0.9850196177  -1.1704782077  -0.9820139420  -0.1713943781  -2.3418403058  -0.7062247484  -0.5190882051   1.4938898477  -0.2172026993
 0.1960932841   0.6062838838  -0.5884664299  -0.0032690163  -0.4357103599  -0.6542360160  -0.7500567283  -0.9673577920   2.1320911746  -0.0062136169  -0.0930182190   0.2212126668  -0.6017587076   0.4505547003   0.0521188153  -0.1824873638   0.5294771625  -1.1832438953  -1.0623525586   0.0853760877  -0.7562290031  -0.9803344693  -1.0353347668  -0.5252717634   0.5386901358  -0.5020152946  -0.0084130300  -0.3410007911   0.8156287070   1.2171086841
 0.2778467807   1.2091837521  -1.1529316308   0.3278009619   0.2824105090   1.1173960051   1.6459226849   0.4358980369   1.6437644591   1.8298949901  -1.2853128085   0.6659966808  -1.4075934062   1.7903322116   0.3457794890   0.9548159844  -1.4651247179  -0.4465357226  -0.5977879669   0.3359597880   1.3751488747   0.2524034825  -0.8818767403  -0.3711897047   1.6569734681  -0.9641655484   1.8976959381  -0.8559640067   0.7842040518  -0.2219798649
 0.5097649868   0.4457546693  -0.7703950208   0.9979986974   0.2027177878  -0.4889687662  -0.2453735872  -0.8347212772   1.6865461136   0.3708703119  -0.4390567094   0.0078390044  -1.1262269944  -0.9707855604  -0.2310912309   0.0056662475   0.6745318704  -0.2790855986  -0.1003363047   0.7791955198  -1.1010982634  -1.5490588132  -0.4266351469  -1.1461761719   1.2275389565   0.0630261674  -1.4184528568  -1.2314034996  -1.1890915208   1.9444056953
-0.9866723693   0.8673419069  -2.2667823820   0.2027693714  -2.1675434171   0.2402898657   0.1654135402   1.1407659717   0.9749999641   0.3670074181   1.5197020538   0.3597519757  -0.3787871101   0.0457009792  -0.0857211042   1.3097742821  -2.0509284152   0.6024816263   0.3701478389  -2.2023231859  -0.4912345993   1.8093201578   1.1134614290   0.5515338630   1.8154419195   2.5459819361   0.9610455666  -0.4967167464   0.5538290808   0.9153722707
 0.2997334340   0.6080416130  -0.1335683498  -0.7907808487   0.4617419853  -0.1274732979  -0.0738006582   0.0836472933   2.9069435860   0.6200186962   0.4208060056  -0.7241440203  -2.3279152834  -0.4600317321  -2.3465081845  -0.4954293289   1.7269463084  -1.5640003315   0.5274909788  -0.1408501542  -0.6827814716   0.6021774891   0.3453312232  -0.2604990136  -0.1353190744   1.1559948234   1.2237369717  -0.2518540890   0.4602087800  -0.8725048391
-0.3472206539  -0.9800846400   0.7868093152   1.5123639846   0.9957848813   1.1885855205   0.7893171734   1.9328900609   0.1755618425   0.4235202875   0.5552080229  -2.5745144339  -0.2908260531   0.3963100558   1.9481730427  -0.7744893158  -0.9632375701  -0.6826583962  -1.2884289578   0.3215184462  -1.7657630340   0.5207801791  -0.7181406151   1.5965785235   0.4243654567  -1.9153097293  -0.5416661507   1.2848883787   0.2624735371   0.3114450208
-0.5165128706   0.3043278557   0.0787495971   0.0358884563  -1.0048166997   1.1455158685  -2.7803813096  -0.1720669865  -1.2293316090  -1.0654641990  -0.6080701033  -0.1909283126  -0.5975565405   0.7598042268  -0.3592733178  -0.1296629334   1.0800308181   1.3115172723  -0.4469131129   1.1123371790  -0.3157811564  -0.3408008360   1.0652003090  -0.2016804670   1.3811430323   0.2359667181   0.6373559362  -1.3798512602   2.0742548559   0.4852258036
 0.4063968425   0.7507581052  -0.2344087646   0.3106821186  -0.3771770232  -0.4295360842   0.3245648128   0.4663046095  -0.9418191434  -0.7295532723  -1.0379512132   0.5372779134   0.0791577073   0.0165596313  -0.0471530858  -0.3596606099  -0.7200231585  -0.5662387378  -0.2628232527   0.6469998928   0.1659798570  -1.7998472994  -1.1444508022  -0.7643654543   0.0963122909   0.3216691012  -0.8854012501   0.1541516463   1.1615526505  -0.9785292944
 1.0298089719  -0.6550544548   0.7750822284   0.6043298708   0.6514438369   1.0370181507   0.5365545556   1.7008353992   1.5045546908   1.8707467100   0.6733865899  -1.2572170853  -0.3697622853   2.1044986731  -1.9561591903   1.5183595340   0.7093280320  -0.5609370272   0.0468474779   1.4394273978  -0.0069893841   0.3522662184  -1.9519289702  -0.7243404236   0.6152408627  -0.8984497785   1.0702858247   0.3612839850   1.6558341695  -0.2655277377
 0.1769087229   0.0868797205  -0.6772178215  -0.4713802108  -0.9321484616   0.8288563111  -0.4168417151  -1.1214910978  -1.1162662800  -0.5786900196  -0.6674504079   0.7846253067  -0.2945488179   1.5067556061   0.2698122595  -1.0443659552   0.0902588747   0.3535717768  -0.1375884723  -1.5038196701  -0.9205077602   0.9324018144  -0.1828286280  -0.2959622761  -0.0957198304  -1.9095322446  -0.0393128979   0.2293202971  -1.5945719186   0.1454878257
 1.1698385180   0.0337938701   0.2510424202  -0.1246966425   1.3921086204   1.2843791324  -0.4760641618   1.6442597136  -0.5820923769   1.3275898905  -0.9957496903   0.1824999575  -0.3030853319   1.7259488847  -0.6785352462   0.9534038478  -1.5132936157  -0.4500197706  -1.1459991194  -1.5235567740   0.2355718862   0.7595902653  -1.0937989336   0.1785241155  -0.0011438734  -0.3181435190  -0.4971520259  -0.1124470373  -0.8426148535  -1.7489895979
s3
-1.4008715781
 1.7494177571
 0.7304968887
 0.9563946815
-2.1682245606
-0.1098237490
 1.0624752437
-1.2197418274
-0.3610039574
 0.8919879439
-0.0637551195
-0.2661956908
-0.6336176644
 2.3663126608
-0.0414010889
 0.6635041882
 0.5865807930
-0.5765239318
-0.7681826626
 0.0760465824
 0.4777665151
 1.0432931117
 0.9555234578
-1.0129322753
 0.5095263302
-0.5923731492
-1.2964950302
-0.8195982159
-0.8470943566
 1.4143018100
w4
-0.5265967353   0.3838102014   0.2532753219   1.9758947204   1.4478755638   1.4186958070  -0.5237589281   0.8761777322   1.1412979633   0.1694167104  -0.8411314467  -0.2289280088   0.2444773178  -0.2334805094  -2.5464614754   0.7716446868  -1.1076049502   1.0785898064  -0.9412072320  -0.1056578062  -2.0184916129  -0.2865317725  -0.3515557152   1.2021601269   1.2648936979  -0.8044741747  -0.8520965847  -0.5822630006   0.7498228862  -0.0325120269
 0.8064007680   0.1099471157  -1.2206859839  -0.6708294031   1.1498836612   1.8524890598   0.2620695544  -0.4547819833   0.7322839498   0.8755358049  -1.2814665580  -0.1042155190  -0.1165326575   0.7644372318   0.9416178282   0.3052560803  -0.4329872913  -1.2393856581  -0.5372842611  -0.4003871021   0.3530708511  -0.4861974617  -0.0211694128  -0.3613828861  -0.8743163358   1.9321761701  -0.5599150999   0.2138605952   0.1600638210  -0.0969763296
-0.4325486953  -0.3171852878   1.2107084479  -0.7542982987  -0.4242419736  -0.1052787504   0.9686770721   0.8354433776  -0.2386110662  -1.7895990352  -1.1449134724   2.0748315133  -1.4704156334  -2.5434193912   1.3548129479  -0.6193580731  -0.8304379971   0.2865960165   1.9650443885  -0.4942186212   0.7835600461   0.7010488951  -0.6974088562   1.0428041710   0.1840321536  -0.7570689456  -0.6192309778  -1.2246331137  -0.3645296879   0.1349881431
 1.0418299225   0.5690590824  -0.3824963090  -0.7141975077  -0.0063363320   0.3508224297  -0.2634533539   1.7517179068  -0.6358942039   0.0934911821   0.4708845333   0.7093985466   0.5979627904   0.1288158025  -0.5436115896   0.2589320483   2.0034069061  -0.6027415776   1.7493688691  -0.4941638470   0.0805899016   0.1585677259   0.7377614644   0.0627989235  -0.5446766316   0.7288671424   0.4507691000   1.5983858093  -0.7475779064   0.1819953990
 0.8411750872  -1.7451453158   0.3117606518  -2.1675811969  -0.4139693845  -1.7837865770   0.5243316191   0.7638661311   0.2829674295  -1.1504336708  -0.6405147269  -0.1803974124  -0.1755789695  -1.1196402289   1.0457917095   0.5842279282   0.4782793630  -1.3706185754  -0.4579861304   1.1878393787   1.1268794440   2.0800779875   0.1406865447   1.1004627882  -1.3295035667   0.9456834098   0.3951588989  -0.9992507792  -1.4929734848  -0.3652343087
-1.3134748819   1.7221155809  -0.6135566720   1.2220118557   0.1743541617  -0.0936991442  -0.2818371685   0.6459647162  -1.6138652886  -0.9140003632   0.0816915186  -1.1464087627  -1.3405802558  -0.2788910897   0.7975755375   1.9369507279  -1.0860985923  -0.5405221564   0.3533759805   0.2439196411  -1.0193050831   1.3988970089  -0.4611147573   1.0919531957  -1.0917337094   1.4847293991   1.8182225582  -0.2608810322   0.8808621835   1.0937474370
-1.0519177538   0.3194064463   0.6571481682  -0.2749140647  -1.6923831354   0.4274767364  -0.0246098268  -0.7341717072   0.0088492914  -0.4949848828  -0.9153756031  -1.5495591398  -0.5195144522   0.4478094951  -0.0630861929  -0.6411142135   0.4869476374   0.6101124677   0.2987408286  -1.0104358622  -0.7180282107   1.1514659412   1.0122315245  -0.3017600858   1.4198334056  -1.0064876755   1.6150494738  -0.4353152437   0.3603693933  -0.3177196781
-0.0497172337  -0.2564524165   1.8260237349  -3.9078402297  -1.0695305414   0.4035515197   1.7529337924   0.4647781195  -1.5005129253   0.4564100085  -0.1919351998  -1.2542892598   1.0929672788   1.3937095117   1.1088134068  -0.2259043402   0.1483823821   0.2094267009  -1.5837942395   0.6194678027   0.9626430001  -0.4950929015  -2.1584052522  -0.7910743699  -0.0444610919  -1.5192674097   0.6696394751   0.9463410645   0.2452529535   0.2013958434
 0.7083727727  -2.8509600155   0.2607014936  -0.6571814242   0.9132007081  -0.8874783117   0.4039916882   0.7774123011   1.0997579506   0.2781423275  -0.3944292801   1.1567304008  -0.0284112996   0.9097941949   0.4943182702   0.1974507398   1.2504415793   0.6195979967  -0.0553676229  -0.4795550995   1.4165988338  -1.9678780907  -1.2049517874   0.2028343900  -1.2893690573  -0.1316203462   0.9503624313  -0.1234043022  -0.4598649112  -1.6095172484
-0.4830068969  -0.1338235478   0.2283305181   1.6514964562   0.8962695685  -1.8603291874  -0.0367784373  -0.4555493120   0.9872527734   2.0968702563   0.2553601042  -0.5053465272  -1.3852970286   0.4833393333   0.2432954946  -0.0540919024  -0.0284917915  -2.5957778221  -1.6715132952  -1.0128990605  -0.3267699480  -0.2366182493  -0.0296821665  -0.2910814244   0.9682715782  -0.5399830065  -0.2463530279  -0.6664449426   0.6962348016   0.4803735253
 0.8816657529   0.2767535730  -1.3138169684  -0.8786194013   0.3536865742  -0.7498604775   1.0074692702   1.4041123590  -0.1895329664   1.0234353935   0.6394176848  -1.5452294105   0.9851539987   0.3243497316  -0.2565794452   0.8122414058  -0.1098205093   0.2373299150  -0.0758468285  -0.8100466426  -0.1280576623   0.3260544391  -1.4206506892   1.2117892845  -0.6594683006  -1.8929379305  -0.5821845355   1.5409751666   0.9432376839   0.1745801755
 0.6919221472  -0.2681225565  -0.6494080562  -0.8286714570   0.2990867298  -1.4143413171  -0.0699013547   0.4629616795   0.4162885390   0.3910306396  -0.7727237540   0.0378899531  -0.0852358530  -1.0300770185  -0.9830787479   0.6628439772  -2.3388599480   0.6675134902  -1.6984418074   0.5563767381  -1.4554863067   0.4651011493   1.0389243058   0.1221629932   0.0844197933  -1.1052561761  -0.8766995809   1.8048595226  -1.2346519734  -0.4339959978
-0.6578301626  -1.0905556472  -0.5077124050  -1.4145004889   1.1279371952  -0.3590334835   0.8336993907   1.1293473664  -0.2980681485  -0.5015986283  -1.7206298518  -0.2275425780   0.2380797328  -0.5192220538   0.4896581335   0.5367156960   0.0210105353   0.5476929052   2.2254817873  -0.1753721009  -1.2381769358  -1.2111007598  -0.1963805544   1.1172135969  -1.1225644152   0.0665616639  -1.0294671422   1.1833136220  -0.7273598289  -0.7924823240
-0.2386688018   1.1268101070  -0.1929845509  -0.5630730450   1.0164860356   0.1349469871   1.7891297751  -0.1571965341  -0.1812553297   0.4424144190   0.6387070981  -1.6588003563  -1.0887627745   0.9898905188  -0.7283164696  -0.4025743771  -0.7917791090   1.0682615825   2.0572006255   0.6957554024   0.7668840127   0.9491228931   2.5536108881   0.1622117126   0.1085376320  -0.7895042724  -1.2060682214   0.2282611607  -0.7118707694  -0.6069346369
 1.8774944420  -1.0781878186   1.7876743227  -0.5106212607  -0.6999286889   0.2785931897   0.5183648240   0.6050324513   0.4609125044  -1.4675702645  -0.6796261841  -0.1013958498  -1.0475329560   0.1520789417   3.0028768485   0.9078132981  -1.1424290492  -1.5966116073  -0.6744780544   0.9835233814  -1.5190301121   0.7858689041  -1.8869262905  -0.7522881795  -0.2593059664   0.9778414772   1.0693545247  -2.6674179719   1.4161867795   0.3515347107
-0.1989425731  -0.3742502151  -0.2626213116  -2.0231304631  -1.2327458542   1.5015213283   0.6199817412   0.7994316007   1.4008925000  -0.4418259612   1.6411638767   0.6945731551  -1.1099579748   0.9843859667  -0.0703046749   0.4161393586   1.5731455449  -0.6567806696   0.3418621180   0.4798180363   0.4223260986  -0.0411767750   0.5526117834   0.6289993434   1.5742353210   0.0302337845   0.3106501187   0.0693093265  -0.7500447498   1.0594737279
 0.7180815912   0.3152881273  -0.4730124819  -0.4303964800  -0.7395168331  -0.8045631087   2.4355662528   0.5643519104   0.7658200375   0.5832881051   0.5961263507   0.4334515117   0.2516638120  -0.2191838695  -0.0644026996   0.3130484548  -0.3451524977   0.4620022321   0.4753772307   2.3233390582  -0.1231400224  -0.2934646089   1.4463845250  -3.0599069519  -0.5273700995  -1.9114793411  -0.2709063091   0.4934368006   0.2553313197   0.4523770468
-0.0482390218   1.1982343172   0.4794320881  -0.4779827851  -1.3824835887   1.1016694599   1.4817255648  -0.6787737195   0.1149136913   1.7434774299   0.7239604562  -2.7761949704   0.1961353427   1.1512373435  -1.0015852757   1.7311422396  -1.2235804164  -0.5805310052  -1.4917205665  -1.8869750608  -0.4393563900  -1.7557935254   0.2249116390   1.4986942989   0.9400847088   1.0228611519   2.5277398760   1.3166351568  -0.4205396653  -1.1637331009
-0.3016894580   0.9092198885   0.9345926820  -0.8213824561   1.7222856603   0.2214331229  -1.7056945265  -0.7262846769   2.1008358354  -0.9585977118   0.2389731696  -1.6891459587  -1.4283962281  -0.9287431742   0.7999225156   0.3334675603   1.0205557381   0.3591976940  -0.8469968305   1.2596231460  -0.4048346434  -0.1031849917   0.0499678788   0.7797682928  -1.1002440041   0.9430651120  -0.1176663399  -0.7880139243  -0.7613405554  -0.0003621732
 0.8959402446  -0.1511194984  -1.2239387123   0.6749227160   0.2090070702  -0.7568524003   1.5619948504   0.5551060858  -1.5807006398   0.1038413338   1.5238212927  -1.7370175723  -1.0171757754   1.5891624092   0.5113265690  -0.1383284756  -0.0565259293   0.0249020723   0.9854153773   0.5184122348   1.1003054987  -0.3594304421  -0.5179368126  -1.3698264722  -0.7875291854  -0.4852503067  -0.3336564255   0.6042718549  -2.1234343545   0.6835795794
 0.5785684840  -2.9739722166  -0.2660237038  -0.5467811352  -0.5704980086  -0.5760108015   0.3259220254  -0.5303201212   0.5360570070   1.0807105773   1.6486335238   0.6841769106  -1.1733901146   1.1309892460   1.1217012679  -1.8390107634  -1.4062997573   0.7717372367  -0.8437381978   0.4087730998  -2.5214571137   1.2487276676   0.0195959947  -0.3873570449   1.1350839486   0.0534773760  -0.6281068153   0.1522932864   0.3826224534   0.1144923370
-0.5586967882  -0.7881037203   0.5244851588  -1.8002278810  -0.2413804878   1.5313865220   1.7698274056  -0.2698098594   0.4860956459  -2.1065368411   0.2542023784  -0.0140542178   0.3792089524  -0.1037503775   1.2978405488  -0.6509103408   0.5444286365   0.6008243137   1.5953468710   0.3888720020  -0.4810714335  -0.5797923380   0.3829464813   0.7125158666   0.4859978774   0.5741761671   1.2133448771  -1.4080563206  -0.5072273571  -0.7391735313
-2.2770165137  -0.4000112850   0.7791529570   0.5537455097   0.2160879629  -0.2729210553  -0.8317079817  -0.8679319279  -0.3820581164  -0.6856246595  -0.6215205985  -0.1480803388   1.0685544471  -2.2851677307   1.3753528994  -0.1668794001  -0.5211683549  -0.8194291392   0.4468659257  -0.5093090163  -0.5527305479   0.1957226045   0.2492218101   0.5055617619  -0.5409280467  -1.3979376864   1.8564346974  -0.9437631293  -0.8808035225   0.3709635676
 0.1588307913  -0.0970261475   0.1003650616  -0.1663370588  -0.8440620309  -0.1741583099  -0.4959657682  -1.3364806223   0.7638652238   1.0976710282  -1.8988883118  -0.3422745471  -0.6512106126  -0.3139879132  -1.4965317579   0.6979117044  -0.6107223360  -1.8090274996   0.1576167631  -0.9018384361  -0.0548555593   0.0867935035  -1.0833419669  -0.8161263863   0.5022044424  -0.1951820712  -0.3018903755  -0.3231343218   1.2374347977  -1.6498220157
 1.3818079302   0.6686455997   0.2769559491   0.6925223486   0.2081724703   0.1651875652   1.1907140888   2.7487172796  -1.0828380002  -0.9841246319  -1.9189060905   1.6765275123   0.0725480862  -2.3492085099   0.8322281159  -0.4113530331  -1.3707486286   0.3779624487   0.0881616653  -1.9141377513  -0.3423007881   0.8948484768  -1.3304111133  -0.2072818074   0.1107678802   0.6903646788  -0.2309279136  -0.9617486635   0.1702600130   0.0543135876
-0.7094406063   0.4894701379   1.4146029925  -0.1571746072   1.0503443547   0.2141923114   0.6238152767  -0.3244772423  -0.1289478123  -0.6070408775   1.4839889411  -1.5345073561   1.0160267406  -2.2604063460   0.1653449190   0.8223576968   0.2269137131   1.0174128400   0.3488697395   0.2934595307   1.3964131558  -0.7047663407   1.0013451313   1.2648792126   0.7750991128  -1.8123239582  -0.5776840710   0.3542356714  -0.8374744108   0.9303748278
 1.2777856834   1.5986716295   0.1075283421  -0.9524136324   0.2269157305  -0.7187657546  -0.7234445548   0.0813129810  -0.4463919361  -0.4181960941   0.4951316072   0.7557266107  -0.0800860525   1.4188960851  -0.0443766528  -2.0481962746   2.2149964827  -0.5738914775  -0.1824385080   0.8849887448  -1.1141892010   0.2976116152   0.0883376277  -0.4086807446   0.6736720394  -1.1544114507  -0.1492421964  -0.4927116159   2.0191690449  -0.0720837264
 1.0089157146  -0.1614372950   0.8911091972  -1.3786667560  -1.0570335571   0.4755870424  -0.3356661122   0.0308186465  -0.6808924776   1.7351051443   0.6125744135  -0.5147423431  -0.3869480552  -0.5479923603   0.2381763532  -1.1494786363  -0.2377521555   1.6646010696   1.2713636853   0.6319577973  -0.9799786247   0.5968806691  -2.0263454229   0.2156509694  -1.2227961591   1.1901967733  -0.7919297775   1.9751383379  -0.2360436770   0.5418410976
-0.5658567974   0.3711473817  -0.1681968103  -0.5742352886  -0.1657027665  -1.5194124049  -0.5535139455   0.3342958397   0.3886828851   0.0925303993   0.9166813062  -0.9326069232  -0.2065929453  -1.4804668227   0.5951326691  -0.0213038457   0.4894592736   0.1525867831   1.8382143096   0.3333585571   0.7603947802   0.4576097118  -1.1960229245   0.8781225009   0.8837901297  -1.9982575620  -1.0938772531  -1.2844720127   0.4990874858  -1.0168774903
 0.1369004943  -1.9963453136  -0.4401912332  -0.9001639561  -0.8488160969   1.3902055135  -0.3229572153   0.6849930635  -0.9960084064  -2.6435403155  -1.0123048652  -0.2158570488  -0.3242138112   1.1564451810   0.8420660100   1.9516488641   0.6598468092  -1.8515217959  -1.5164372977   0.1296887960  -0.3746697779  -0.6178759776   1.1662661453   0.2110179203   0.3972433551  -1.2533988316  -0.6731732594   0.4817884003   0.6543117949  -0.9346527118
s4
-1.6008498586
 1.5127864935
 0.6449376848
 0.7951397512
-2.2301019983
-0.1011987138
 1.0732137820
-1.0504838296
-0.3419797530
 1.0948421650
-0.3969838035
-0.2416241677
-0.9147020438
 2.4284571254
-0.0280610327
 0.7704604277
 0.5893977673
-0.7061406810
-0.7722412932
-0.0154939871
 0.1738580341
 1.0388586425
 1.0077944156
-0.9798813729
 0.5059626172
-0.1856857242
-1.3981623436
-0.7269554043
-1.0556511986
 1.1418934767
w5
-0.2849243127  0.3282205065  0.4071792351  0.5186323381  -1.9107548987  0.1976763626  0.4213611932  1.5185038542  0.4865131560  1.9783657782  -0.0938036734  0.6338278716  -2.0356556557  0.3512162116  -1.9085138473  1.4393305417  1.1949402947  0.5134820258  0.1891679373  -0.0731749726  -1.4873253428  0.0946943910  1.4602058310  1.6774810819  -0.1765114998  2.5334630923  0.5273015010  0.7459714556  -0.8300633523  -0.7336413092
s5
-0.3783851562

