layers: 5
str: {2,30,30,30,1}
w1
 0.5109169761   1.3007925279
-3.4373595602  -0.2629778114
 2.4269544466  -0.9813655818
 1.8553572342  -0.4034048406
 1.1068256184   1.0149540623
 4.4061317867   0.3357876117
 0.1293006805   2.3912229433
 0.0516545967  -1.4825201241
 1.7526328554  -0.1994753312
-0.9891307821  -1.2203266510
-2.2481771568  -0.2092006932
-1.6906688904   1.3411625464
 0.1215256675  -1.5833452913
 2.3814080662  -0.3607873210
 2.7537994023  -0.5815739485
-1.9215461074   1.4957642041
 1.3921253729  -0.0707468170
 2.6849341047  -1.5831029519
 3.6991742626  -0.6035874600
 3.0802222865   0.0126333947
 2.0471860048  -0.2294017169
 0.3750326989   2.1167507221
 1.6182800457  -0.3080504264
 2.5657316168  -2.8295633639
-2.2231444171   0.9710943983
-0.8131329488   2.4899700303
-1.8481587828  -0.0927256203
-2.5512361984   2.2830456039
-3.0055914395   2.6894162620
 2.2804222890  -1.3343083248
s1
 3.1229751157
-2.5339400893
-2.9303624849
-2.2551929541
 3.0900965772
 2.9725091066
-0.0491131667
-2.0272761217
-0.3395131131
-3.1642519675
 1.0721941560
-0.9285754097
-1.1268733509
-0.7860061036
-3.9600982254
 0.1510236256
-0.9788681834
 1.4134048554
 3.1045561108
 2.1368001116
-0.2870775103
 2.8541935730
-2.2530648458
 0.8469273277
 2.3763296220
 2.0749238509
 0.7615813855
-0.8086107432
-1.8779399015
-2.2757072838
w2
 1.6980964660  -1.2596034860   0.7866232979   0.2849395962   0.5684286166  -0.2425062744   0.4074511123   0.1297306535  -0.6910481961   0.2916482802  -0.2333297411  -0.9007654249  -1.8883283311  -0.1902356615  -0.5391840142  -0.7698847845  -0.4735173934  -0.3000188377  -0.8198646560  -1.0702201001   0.3539172267   0.2800335640   1.6632053419  -1.2238527479  -2.6341644704  -0.9129398172  -0.2389038517   0.1371879206   0.7216920943  -0.4299433430
-0.3897695747   0.0305460126   0.4746728462   0.6481864106   0.8910377129  -1.9454642457  -1.4847406023   0.4420281890   0.3478964030  -0.2744376944  -1.1513494682  -0.2076820332  -0.9199884862  -0.9127713995   0.1343593446  -1.0625841819  -0.1709365627   0.5276968015  -1.2309969176  -2.1311627890   0.2970674256  -2.9222763538  -0.2610844983   1.3010787633  -2.2843314004  -0.8677096226  -1.1771386103  -1.0782284718  -0.5352494036   0.7159450685
-0.8360285963  -0.3246876799   1.7608845952   1.6401748646  -1.1470664279  -2.4521627233   0.4025342259  -0.5913866827   1.7407570006  -1.1166674946  -0.1122437873   0.6171434741  -0.7035213906   0.6877941120   3.7158492032  -1.0158100742   0.8259262985   0.9118902458  -1.8788326063  -0.2999965257   0.6897899611  -3.5124980045   1.3477365429   1.5046856606  -1.9434952758  -1.5288794636  -1.0857638264  -0.5428063945   0.1460861501   2.3306161884
 0.0970334881  -0.6626777175   0.0206742886   2.3743988552  -0.6037275546  -0.9054767610  -2.3272627656   0.8827268055  -0.0648553070   1.5563600857   1.0286085425  -0.1881044763  -1.3222129746   0.3160798919  -0.1496517377  -0.7028501354  -0.1090059997  -1.3161258017   0.2985243249  -0.6974971540  -0.2114657507  -1.3810698306   1.4103881726  -0.9028772430  -0.1204298774  -1.0859912693  -0.3349207343  -0.9750338899  -2.2510723089  -0.7816279482
-1.6357999733   0.1484454058  -1.6897751643   0.0119022276  -2.1707460114  -1.4952230572  -1.7286210095   0.3298700564   0.7265703615   0.5265259809  -0.0786742517  -1.2605939804   0.9568616174  -0.6581168873  -1.0414705925   1.5006217420  -1.2638837576  -1.4327621933   0.6061203493  -1.4074572987   0.3537008652  -0.7275446496   0.5906342245  -0.9398832966  -0.3480559937  -1.4076914266   0.7160199811   2.9389482652   0.7095119481  -2.3252574232
 0.7911374572   1.7868191176  -2.4821862035  -0.0652163053  -1.1206891063   1.5414158070   0.1158492382   1.2563874518   0.7425358707   1.5646144178   0.1062424006   1.7867261378   0.3538617836  -1.0928043638   0.7646483155   0.2268830350   0.3005101450   0.7241344051   0.5189029478  -0.7114948977   0.9132826258   0.3359505618  -0.9947912425   0.3914958284  -0.0646049697   1.5065704700  -1.3648044547  -0.3490050833   0.3903517953   0.6235755296
 0.9235758122  -0.3769342683  -2.2531790129  -0.1823088723   2.9701724909  -0.2206209107   0.1972539186  -2.5071565672   0.1149958530  -0.8514801494   0.2162802085  -0.1958368709  -1.7845987199  -0.2153101951   0.0571338617  -0.2413332794   0.0956664351  -0.1948358018   0.5988285189   0.5155990188   0.5759394501   1.2760718940   0.0140234259   0.0209091079  -0.7962288927   0.8724575993  -0.6539588981   0.0572742058   1.4385856794   0.3482582997
 0.3814257592   0.9687652116   3.0998045606   0.7705615621  -0.1203954610   1.5583002377   1.1670282845  -0.2026991640  -1.1369385049  -1.5524541610   0.4464684890  -0.6475853694   0.0831578430  -0.2060979784  -0.6171548675   1.0434849347  -0.1194268432  -0.2389277158   1.6053751318   1.2607257051  -0.9251962256   1.2042450746  -1.3606672666   0.2184594251   0.4354519343   0.6888430684   0.8789735071  -1.2121917708  -0.1133458183  -0.7903074303
 2.4885658512  -1.2267496561   0.6753772024   0.6295935667   0.4863540346   0.8819440073   1.4719788686  -0.2848439273  -0.2699033859  -1.5912871616  -0.8196653422   2.6333656566   0.6452674425   1.3354677661  -0.9529133953  -0.4716859435   0.6013070413  -0.1069103616   1.3867241064   0.6054449206   2.4507584196   1.8990081960  -0.6759836618  -0.0296007667   0.8763921252  -0.4750818390  -2.6771853462  -1.0760662195  -0.6048597547   0.4031020735
 0.8502292115   2.4936425157  -0.3887325074  -0.9279820415   0.9636746399  -1.8021745579   0.4271873165  -1.0476552304  -1.5255093132   0.4543132630   3.7213378021   1.0827476550   0.9627457193  -2.4255373114  -1.8076927160   1.9525111048  -0.6746671977  -1.0211869713   0.7816287506  -1.8231641513  -1.5653324087   0.5530408596  -0.6525581734  -0.8089866505   0.7502169717  -0.7755647098   2.1527442858   1.1467808999   3.3337870638   0.2679269849
-1.6216724650  -3.1392308155   0.6758296108  -0.0150974125   0.0352727176   5.3424900459  -0.9931049150  -1.9225061815   1.8918919095  -0.9645467914  -2.1110452199  -1.5506036926   0.6719189356   0.8829756091   0.4018593222   0.2206859981   2.2461849138   1.3599615362   2.6346414281   1.0027675511   1.0794786692   1.7186723776   1.2824626916  -1.0421032587   0.8046449474   1.1201281177  -2.5414854162  -0.6095071283  -1.3688565070  -0.0943719327
-1.2513828615   0.4627767849   2.0375974536  -0.0847290928   0.0694948529  -2.2357558490  -1.8714014579   0.2991965683  -1.5757448780   0.5222712773  -1.2811526514  -2.0562380575   0.4608630157   0.8562756386   0.6584894122  -0.9954735401   0.7900599531  -1.0202585194   0.8329640714   1.0147971420  -0.2121193353  -0.6146697488   0.8545187651   1.1559047465  -0.2127031588  -0.3882728976  -0.5147030179  -0.6077780123  -1.4523408436   1.4738658742
 0.0704570259  -0.1045071072  -0.1812021523   0.0861081596  -0.4713679576   0.1846069297   0.8788013789  -0.0975523260  -0.4373575160  -0.8575642639   1.1217923733  -1.3021055795  -1.9151018843  -3.0640691288  -0.0398969383  -0.6811312106   0.1197111319  -0.6903282830  -3.0287807515  -1.8006724547  -2.0332683203   0.8399740873  -0.0129150628  -1.1691452052  -2.1048556374  -0.6002836113  -0.2400326012   0.1461929731   1.2185207263  -0.8934837164
 2.1981477050  -1.2905576761  -0.3680636485  -1.2361112525   0.2424111989   1.8225036843   1.6289550917   0.4798650917   0.2660248872  -1.3668684413  -0.3950151666  -0.8004768700  -1.4326480417   0.9667826047  -0.3978770203  -1.6022310825  -0.2006695727  -0.7150824277  -0.9655019699   2.4564846716   0.2706875624   0.6861555659   0.0335335014   3.5782531273   0.1800389097   0.0987219486   1.5607745647  -0.1090324120  -1.7746910537   0.9495760890
 1.3963343198   0.9145527877   0.6698255562   2.2896339530  -1.1975102738   0.8574655482   1.0355333928   0.0772198577   1.0449900242  -0.8980202071   2.1183077470   0.2059967474  -2.5719741283   0.0832679684  -0.7106562532  -0.2361529007   0.1526195245   0.6831911127   1.2010977498  -0.0997976700   0.4132874165  -0.8451728335   0.5273895570  -0.5952202116   1.5122358298  -0.1336115714   1.1000516465  -0.4161757342   0.3113702678   0.8216227119
 0.1302706997   1.5268751723  -3.2841745643   0.0802223011   0.4125094961   1.7320253722  -0.2458241035   0.3292073312   0.0279249812  -1.3550070461   0.9618772884   0.9737693504  -0.4395365964  -0.4597039999  -1.6442253928   1.1352812535  -0.0754095360  -1.1932715155   0.5599625275   0.5669223789   0.3718834803   0.2082312695  -0.2429264082  -1.2468155644   0.8976454103   1.9067914117   0.2190007352   1.9181511752  -1.4465933668  -1.4391929317
 0.1677648310  -2.4695372744   1.6431532726  -0.6066410796   1.8970658078   1.5770159065  -0.9502307735  -0.5956229022   2.2761789203  -0.5580356908  -0.7351055151  -1.7311996084  -0.4185746164   2.1590723688  -1.4104770159   0.7090572065   0.8521934737   2.5801479122   2.9173496124   1.9877909411   2.8706522565  -1.3077829728  -1.1248936744   1.5358822065  -1.0770309735  -1.7076907970  -0.5098777792  -0.5970164541   0.0662551030   0.7484014971
-0.4367648288  -0.1315113329  -0.9737091469   2.3224253400  -1.3399522375  -0.4456587559   1.8716704907  -0.6707279254   0.0782753944  -1.0331591442  -0.6318486390  -1.3898322175  -0.0099778829   1.9530145787   0.9874430601   0.3863324416  -0.1277283467  -0.5454953881  -1.0977888405   0.0956925350   0.6650797911   0.2704272410   0.2527376420   0.4645959294  -2.1126159097  -2.0513939564   1.3002659877  -1.4734584702  -0.8877896646   0.7297023461
 0.2975474940  -1.2352004561   0.6623212394  -1.8560196078   0.2217124201  -1.1062347535  -1.3990362704   1.1851713781  -0.3880694597   0.4119718798   0.8840968434   0.5763510950  -1.8670304244   0.9731655176  -0.7082254298   0.1477632711  -1.6302894221  -1.2186893058   1.2731124680  -0.5799293907  -0.2539840564   0.2093938387   1.8512757017  -0.2548030920  -1.8917100612  -0.0225790064  -0.8257982855   0.1442610056  -0.6233407785  -0.6800351594
 0.2619903976  -0.6467412628  -0.8698877615   0.1416853780   0.9801051178   0.9293810385   0.2176898782   0.2970754447   2.9858820919  -0.1758085625   0.4736020372  -1.7300707276   0.5032293530  -0.0752996270  -1.7741647695  -0.1388723887  -0.2613042953   0.0123070422   2.3587998609   1.9138686031  -0.3410772803   0.6894327664   0.1419872154  -0.9912167590   0.4447068770   1.3308249366  -0.3728622118  -0.4294890626   0.3022861098   0.3475452491
-1.5092438354  -1.7047671307  -0.3627935585  -1.7024282461  -0.0248530347  -1.7971984547  -1.7952956460   1.0002824347  -2.1157331719   0.3051157107   0.9099811218  -0.0978535987  -1.2134461444  -0.3962747459  -1.1315177509  -1.4966641961  -0.8828764453   0.9687712335  -0.7753722565  -0.1574605799   0.2285703173   0.1994306024   0.6402534807   0.8992846769  -0.9952880900  -0.5966515563  -0.7704201877  -0.7774248939   0.8043861378  -1.4405817682
-1.5375957708  -1.6292164230   0.2960727541   0.6751023879   0.5307226984   1.6425552810  -1.0297846713  -0.7128232061   0.0548040681   0.3454292725  -0.5079004210  -0.1357253711   0.8283363638   1.6321783156   0.1161290078  -0.9190465676  -0.9843405947   0.9955876935   0.9964623873   2.0788774290   0.5080261359  -1.1819753083   1.2306110144   0.7976541868  -1.0312691349   0.4200893167  -2.3634796947  -1.8929988363  -1.8529147490   0.0607782417
 1.1383333195  -0.3714060367  -0.0043588272   0.4685856525  -1.5554488197  -0.7042949236  -0.3886473635  -2.1422675698  -0.8946107862  -0.6811851539  -0.1713796589   0.8912471867  -0.8338919940  -1.5010082691  -2.0086674769   0.1033539934  -0.9184425477  -0.4167746599  -0.6023843623   1.4209340206  -0.2165031598  -0.5275992640   0.6067973286  -0.1959168032  -1.6283950356   1.7313961346   0.2693476571  -0.7765453631  -1.9611112929  -1.1551193648
-0.9147620149  -0.3149474887  -0.0534611989  -2.0676281253  -0.0045989435   0.4590325497  -1.5914740891  -0.8144387959  -1.4076519802   1.6289003915  -0.5642356692  -1.0481435646  -0.0775151756  -1.3580668393  -0.5203792657  -0.4026031437  -0.3076130845   0.2665916316  -0.3774009977   0.1473632519  -1.3157271183   0.3096078848  -1.6152964043   2.0527438714  -1.6932846159  -0.3363856224   0.7792237783   0.3786852953   0.1733568059  -1.6033073673
-0.3976184470   1.0658226059   0.8948740546  -0.1144841832  -0.7858266163  -0.4685430066   0.1537493926   0.0855005848  -0.1684128641   1.6151080116  -0.0398689460  -2.2412024338   0.5314488189   0.5009628632   0.4669563651  -0.8726257068   0.7438327080   0.2175936506  -1.1472018664  -1.1912614489   1.3223169012  -1.0648871945   0.1795468384   0.8561971477  -0.4919249402  -0.6637096317  -2.4189096241  -1.7251925406  -1.4429484559   1.4758494567
-1.0613771500   0.4775689828   1.0265096984   0.1148482253  -2.7678479042  -0.2276739904   1.5939008380   1.5231716046   0.5535532800   0.3121475627  -0.9061489770  -1.0137532371   0.0721287076  -0.6112121710   1.1165688990   2.0431304204  -0.5795325564  -0.4242914285  -1.6192126485  -1.9870130777   0.8691674040  -0.8544442331  -0.3328140795   1.4126089906  -1.3796492844   0.0855997854  -0.3660068476  -0.3832284440  -1.0537959387  -0.3247748949
-1.3581428391  -0.1575907714  -0.4807538246   0.5496254238  -0.3839714386  -1.3937106794  -0.3096834511   0.0744509916   0.0903013897   1.4245537935  -0.5188727246   0.4344267395  -1.2102863774  -1.5924185503   0.2770506495  -2.6376222363   0.9589776809   0.8115989370   0.7803044801   0.7548420346  -0.6636618767  -0.5465627639   0.1793256490  -0.9460573744  -0.6034275080   0.8327090603  -0.3737112573   1.5928803725   0.9412824943  -0.2376007730
 0.6367283135  -1.6207262272  -1.1121621890  -1.3281973055   0.8118976744  -0.4416970160   0.6808793983   0.1148985434   1.3178841156  -0.4771311963   2.1918368477   1.8784259533  -0.0869953519  -0.6445181133  -1.4876468417   1.5593756948  -1.8765266725  -0.7317667587   0.2179252079   2.0067264176   0.5111318411   0.6270653292  -1.1536623649  -0.5003988756   1.0334347194   1.1988667133   1.7333207021  -0.4838304125  -0.1766043620  -1.2448086040
 1.6717138797  -1.5391598834   0.4551953033   0.3581460615   1.6590195564   1.3972682957   2.1872642586  -0.0243554593   0.4570356356  -1.5646695931  -0.9436885410  -0.1730074938  -1.0173181356   0.5675374205   2.0592360578  -0.5883763703   0.4356796976  -0.7079630734   0.5606746535   2.3782763752  -0.4923967084   1.3732336476  -0.1352509732   0.8324277919  -0.3628509160   0.9577599068   1.2004024636   0.0450563292  -1.0172673110   1.1662313153
-0.2434249133  -0.1305936430  -2.1969146837  -0.7546568768   0.9996458124   0.4723255002  -0.2555377338   0.1407900025  -0.2749064192  -0.7057760765  -0.8131463407  -0.1498313343  -1.0682963471  -1.1538968710   1.7956168013   0.0684365008   0.4595528891  -1.1529146163  -0.6604215063   0.9136882647  -0.4632839872   2.3357570695  -1.1286265546   0.6989574588   0.3316795177   3.1928739872  -0.9131655114  -0.2300468044   1.6731057948  -0.3376592481
s2
-1.6627528996
 0.6664845500
-0.2859538767
 0.0573529974
-3.0425977101
 0.3399523125
 1.2883381886
-0.8576736045
-0.0016115233
 1.9640054883
-0.6010169890
-0.3169776116
-1.6487716306
 2.6386905753
 0.3384869565
 0.8231586076
 1.2969990662
-1.3080939679
-0.9884538241
 0.3878020683
-0.0972707397
 0.5428372042
 0.2575726615
-1.4410459637
-0.1265784190
-1.4826284488
-1.7666580823
-0.6408549947
-0.1273468290
 0.8109357275
w3
 0.8256490096   1.6432022011   1.4031905286  -0.3476106629   0.9092815292  -0.4095911351  -2.2870469973  -0.1859602347   0.9398504286    0.5526088373  -2.1082095594   1.1398307395   0.7378041837  -1.3558453841   0.9105216042  -0.0145855401  -1.3928914646  -0.3865230235  -0.7120080436  -0.2858161169  -1.3693921858  -1.8960509416  -0.7154731020  -0.0914694893  -0.8321193382   0.3329868199   1.5720078289  -0.9190487087  -0.2139573828  -1.6188315501
-0.6013017506  -1.6116513153  -2.2184549332   0.3388786860   0.8193585051  -0.0882817584   0.5481809016   0.5793788662  -0.7385143784   -2.9859519146  -2.0651327760  -2.8170407340  -2.8688903479  -1.6198180451  -0.1244560080  -0.0766751148  -0.9235532393  -0.8399225399   0.4437720228   0.0644187079   0.0685043373  -1.0213570114   2.7260424816   1.5551895332  -1.7389393439  -0.0385947959   0.4175866035   0.4418347727  -0.1631289379  -1.1171941073
 2.4315878522   0.2976248592  -0.3355302687  -0.6396445354   1.4263486179  -1.4539926448  -1.5104527861  -1.0304417568  -0.0249922087   -1.4299197873  -1.5771886388  -0.8562551261  -0.1683146051  -1.0143093309  -1.7076082536  -1.1156918962  -2.0803223218   0.9500128171  -0.5533703791   0.0828195204   0.3174426875   1.1137977114   0.1446047713   0.0982617264   0.7685538418   1.7779125204   0.3384421143   0.2189182378   1.3943286594  -2.3309031096
 0.2346977161   0.3601938127  -1.1791701946   0.5526989900  -0.7459049940   0.5476627215  -1.5684480643  -0.7210626036  -2.6593429974   -0.4288040281  -0.7828121644   2.1229935620   0.3589001574  -0.3325098874  -1.1894659764  -2.2682568876  -0.4345532666   0.1693493946   0.2141390684  -1.4480018989  -0.8408396495   0.2668494177  -1.3445833775  -1.1005129121   0.5540857286  -0.1464594576   0.1811102596   0.6211188100  -1.8695530551  -1.6707725628
 2.6299308228  -0.4029831962  -1.3214783172  -0.8156898522  -0.8740844118  -0.4888008925  -0.2363564245   0.0955694198  -1.2888315343    0.5231869258  -1.1056320517  -0.7943264318  -1.1773289984   0.0087136205  -0.0563101657  -0.1467272324  -2.2383010926  -0.8980579424  -0.0687319079  -0.1507369668  -0.1886052722  -1.7288563154  -0.7076163232   0.8901839091  -1.0672559863  -0.6504488097   0.8487044662  -0.5385055260  -0.3662047834  -0.6549280439
 0.8237153471  -2.4787407324   0.8379287296  -0.2779907354   0.4073030486  -0.6041203540  -0.8824024903  -0.0034102899  -2.6314693294   -0.6513184543  -0.0685353063  -2.5759590572  -0.5613574113  -0.1897864425   1.2344693652   0.3401935028   0.0533737620   1.3072032805  -0.3910455849  -1.5391578111  -1.4674207660   0.1212976616   0.6334862906   2.5353703624  -0.4588793962   1.2324358091  -0.1351805477  -1.2615976017  -1.8615558642  -0.7157530298
-0.8628672806  -1.1033013149  -2.6862996268  -0.2732219452  -1.3647462188  -0.7985650908  -1.3145532916  -0.9314722029   0.8072720365   -0.2405186469   1.4852480896   1.4154952878  -1.7492687282  -0.3997212336  -2.7499933799  -0.7133183283  -1.0918013360  -0.0281947561   0.8044995721   0.9224166440   0.2077518856  -0.1027681432  -0.3798062450  -0.5864572778   0.1429643060   0.7284197825  -1.3733265128  -0.5292743863  -2.5028452901   0.3500146550
 0.0001545884  -0.9421715197   0.2098357607  -0.0213639072   0.3339296578  -0.0824629202  -1.4347991544   0.3851284539  -0.5862627075    0.9670791797   1.0058312813   1.6332670780  -0.3908085519  -0.3094997235  -1.9192383039  -0.5386049179  -1.2434635697   0.3809917995   0.9712451912   0.8212032806   0.8085688068  -0.6716591333  -0.1259537024  -0.6410898451  -1.1469790685   1.7185535189   0.3550742833  -0.5797074224  -0.5966554439  -2.4494962735
 0.3213617946  -2.3480508899  -3.2590425859   1.2702119069   1.2478397617  -0.3479025386   0.7616214249  -0.5603043667  -0.5336020044  -10.0925873000  -1.1049349327  -0.5145094243   2.3196835119  -0.7006816957  -0.4223813601   2.0037012195   0.0583491764  -1.7209093866  -0.8342772743  -0.7351473088   1.2629824896   1.7457770770  -1.4676296867   1.3207873057  -0.1780026584  -2.4671339861   0.3633341683   1.9430850565   0.6608784503   0.6077162179
-0.1342433199   1.0149562151   0.8301253562   1.2987238957  -2.9569811519   0.0812265835  -2.7777760492  -0.9250437325  -2.8050803348    0.8743945134  -3.4781485567   0.2087286304  -0.4870045107   1.2628947093  -2.0347461380  -0.9545248122   2.0188296317   0.2282851517   0.9445016620   1.5832265958   0.6787201230   0.6031523655  -0.5140234630  -0.3575626766  -0.2488443258   1.4217402701   0.0091630659  -0.5853054802  -3.7328809392  -1.3384845285
 0.6397555323  -0.4527349998  -0.0310914811   1.3667316289  -0.1836147820   3.0001732091  -2.1862504687  -0.4677537562  -1.5894202495   -0.8819321828  -1.2230976456   0.2558223408   1.7223561912   0.4535754506  -1.1851558234   0.3491193333  -2.2735807609   0.9353870243  -0.3668272792  -1.5802743427  -1.0501883527  -1.9495300343  -1.0478248517   0.3773227749   0.6352144794   0.3162059591   0.3259713157  -1.0402518176   0.1181604601  -1.6661942732
 0.0222266135  -0.4786791115   1.1092102863   0.0141903533  -0.6792567257  -2.1525013555  -0.2888131798   0.6961189217   0.4673498542   -0.3968266897  -2.0436613809  -0.2322085578  -0.7383344052  -1.2820176679  -1.2472972152   0.5440964260  -2.0327855895  -0.2619940103   0.8379627031   0.4822907768  -1.7875990975   0.5867332181  -0.5856551523   0.5577430583  -1.7870647283   1.1143160906   0.8463421210   0.8776232492  -1.8259321876   0.2805073095
-1.0284764636  -0.5307231493   0.1202848717  -1.7767578009   0.1617673128   0.4991389043   0.6507823806  -1.7300900277  -0.2867841001    0.3261849018  -1.3235754473  -1.8001022336   1.1882926515  -1.3638862170  -0.2912473977  -1.3660128436  -2.5613674140  -0.8145448055   2.2219483316  -0.1321309576  -0.7999994247  -0.6196490302  -1.5896388488   1.3878831742  -1.4155725545   0.7937106985   1.3069259837  -0.3635518851  -0.5003412397   0.6836988302
-0.1553682090  -0.1475799249  -1.0961029614  -0.3738981345   0.9141222381  -0.8393955638  -0.5487273098  -0.6721988260  -1.0833911729   -0.8181669262  -1.2478811030  -0.7205909576  -0.7530684693  -1.2366482926  -0.6922926595   0.6908375506   0.8353338975  -0.0913644098  -2.5088639406  -2.7755183864   0.8212599943  -1.0763045380   1.7108566414  -0.0805599157   1.5001161833   0.2972965824  -0.6761453929  -0.2889318894  -1.4228643129  -0.7299516764
 0.6711392739  -1.4955829994   1.2426046935   0.2579032687   0.3550084135  -0.4779864845  -1.2449784315   1.4793045639  -0.2386905452    0.0720403476  -2.2913134103  -0.8916340358   0.2473481564   1.3132304062  -2.4038691605  -0.0642325477  -1.5654313899  -0.6492773458  -0.4525273236  -0.2384912546  -0.5915375835  -1.3223049047   1.1083049450   0.0982007454  -1.4112455494   1.7557945175   0.9854144065  -0.0025365845   0.4025410754  -1.8002380474
-1.1226633793  -1.1868366999  -1.8062715311  -1.5206727901   0.5328262309  -2.0930453795   0.0193908047  -0.5858789605  -1.5498878091    0.7465725031  -1.7908005490  -0.3113962689   0.8459975218   0.1471390779  -1.3722517859  -0.9543385903  -1.9387447232  -1.1957644997   1.5709186560  -0.0942870916  -0.9542709111  -1.1765480600  -0.2977164431  -1.2753737370  -1.1577276356  -0.6033927719   0.0182053478   0.5660713512  -0.7449602496   0.9792115932
 1.5205911630  -2.3432537202  -0.7756181692  -0.8024185225  -1.4161164615   0.0702270272  -0.1398423015  -2.5948673136  -1.1417547566    0.7030885159  -0.0726181526  -1.2820266407  -2.3466585554  -0.0137952117  -0.9413023735   0.7360733859   0.0338070745   0.2772763541  -1.3980265494  -1.0024851247  -0.0646978878  -0.7156881383  -0.3939275769   0.5961887739  -2.2032222103  -0.8314937526  -0.2073886687  -0.1733685225  -2.3109718244  -0.6093139441
-0.6851274655   0.4925679449  -0.5616537913  -0.7959445693  -1.1244019784  -1.5585542503  -1.1109410764  -1.1999443810  -2.3358460305   -0.3605249389  -0.3457407838   0.2046428870  -0.2351397825  -1.2666264592  -0.4784023280  -1.5487808362  -0.3479997789   0.3688145908  -1.1409041824  -0.9980360734  -1.2894010174   0.5821252047   0.8120924667   0.6994659331   0.2336858944  -0.3929667208   1.9579048121  -2.7435726608   1.5519115173   0.8013869745
-0.5176405864  -0.0242571590  -0.5268434466   0.7377285106  -0.7324767582  -0.6891386918  -2.0099127807  -1.0062680031   0.0742866365   -0.1404784646  -0.6662075173   1.2813784597  -0.3660751309  -0.8521477585  -0.8155105022   0.3269316694  -0.4026781707   0.8521067034  -0.7211173970  -2.5306800845   0.6887408186   0.7300545973   0.0959204975   0.2570261978  -2.1632814571   0.3971965624  -0.3988893297  -0.3506488736   0.3740036783   0.3020038505
 0.4696310623   1.3395383532   0.1149922255  -0.1972562691  -0.3154197148  -2.2043728717   0.5703480088   0.7505419914   2.2150776551   -1.7498371483  -0.9209848998   0.0848941696  -1.1874105119  -0.5625195462  -0.5026291088  -1.7182412566   0.8341590113  -0.3197620809   0.8688973838   0.0294999018  -0.4143111015  -1.2321262851  -0.0457150037   0.5616314741  -0.6083024590   1.3974141488  -1.1254481337  -2.1667976964  -2.8964772317  -0.2819452884
-0.8486213465  -0.3107716688   0.4841571560  -0.1414895576  -0.1388211182  -1.7837038560  -0.3755995993   0.8081905727  -1.2421283691    0.1253355218  -2.2698039592  -1.1961653324  -0.4350062007  -0.7858529121  -0.1405532995   1.4286352134  -1.7537170952   2.4234103418  -1.3836237324  -2.1159028599  -0.9851321914  -0.0338471871  -2.9257288399  -1.7656698563  -1.3143970207  -0.6806831304  -1.1304270295  -2.3767952779  -0.9589764741  -0.1761996533
 0.1836777448  -0.3558367324   0.6822615020  -0.8476722666   0.9143265902  -1.2365596586   0.2107915126  -0.6239244615  -2.6899342838    0.3223461373   0.0578358389  -1.4077761058  -1.6233110590  -2.1033462984  -1.4347133966  -0.5739524572  -0.9589118426  -2.2727442259   2.3024301177  -0.0923772984  -0.0917508739   0.3116779826   0.8266974301  -1.0644711576  -0.6026122201  -0.4921123308   0.2514366681   0.2881529918  -1.4327299470  -0.3817916925
 1.1157542656   0.7662764933  -0.0133334993   0.7086721400  -0.0728556701  -0.5727731482  -0.9628120230  -0.9528279734   1.5323668388   -0.0823712442  -2.4152720193  -0.8006340935   1.3749190595  -0.7879964766  -0.3421509996  -0.2585355582  -1.3567154315  -0.3401124251   0.6566398050  -0.6772287121  -1.1754131588   0.1652321344   0.7678313120   1.7117147931   1.4201404128   0.7332385621  -2.4421482490  -2.0317458636  -0.6339249417  -0.6146246356
-1.5286092070  -0.1803831361  -0.7725327235  -0.4418054938  -0.2559362493  -0.5835353511  -0.1285599916  -0.7339426011   0.1646064891    0.4978667406  -0.2182049251  -0.5498001031   1.0027993840   0.2516135440  -0.5080490285  -1.0199226914  -0.7696058563  -0.0505918755   0.9549567013  -1.3958337368   0.5123671649  -1.0945160668   0.5537233366  -0.4758329954  -0.1770903545  -0.6220668873   0.2429739469  -0.6797121395   0.2656741391  -0.8704429668
-0.5325508024  -0.8000981924  -0.7687067355  -0.2228883965   1.0668031595  -1.1274957859   1.2452328792  -3.0634740613  -0.0226933719    0.2703993783   0.0066676547  -1.2962093079   0.6980693444  -0.2899582474  -0.4065979873   0.0709180174  -1.6524344033   0.9033072661   0.1717840350  -1.4977898173   1.0105823142  -0.6668331912   0.6132557625   0.3612237277  -1.2820083357   0.5273225532  -0.2646041794  -1.7005885308   1.8519869181  -0.9971568746
 0.3917202441  -1.2069092958  -0.8710337540   0.6932782659  -0.1182809654  -0.2218331120  -1.6262313969  -0.5976790243  -1.5403523576    0.7300641556  -1.5660493864  -1.5834624718  -0.8401705287  -1.0573262632  -0.0763183141  -0.7789083678  -1.6679146713   0.8468717382   0.5144484350   0.6193969147  -0.6858110014  -2.4401011058   0.0036210518  -0.1719283115  -0.1615011090  -1.4799189522  -1.4984405145   0.7617196051  -0.7709630189  -1.5285823982
 0.2665028100  -0.8143673439   0.4731393714  -0.8326260018   1.0586711996  -1.1377355566  -0.2453726105  -0.7575455339  -0.9004207660   -0.1128653630   0.5513818561  -1.1028697207   0.1345873318  -1.5123024903  -0.7163836084  -0.3434956078  -1.2251977723  -0.1685374840   0.6000842933   0.5491951434   1.2425748356  -0.3400485058  -0.5784901085  -0.8656529238   0.6165537519  -0.3198377698   0.3317739218  -1.7314143506  -0.5152981196   1.3048911282
 0.8113742557   0.4146954334   0.7619541878  -0.4081345478   0.1000341994  -0.0643306713   0.7058457872  -0.5624037207   0.3308512205   -0.6875857817  -1.0633144378   0.2347376541   0.1198718119   0.6564516044  -0.5769780589  -1.3878956331  -0.9422926630   0.7021531563   1.0796168143  -1.5299310400   0.9824339337  -1.8352158895   1.4165318030  -0.6395774579   0.2507447224  -1.0057910918  -0.4313514868  -1.3232249776   0.1315224079  -2.2597032457
 1.3087069657  -0.5409583610  -3.6425080621  -0.6430003383  -0.2125105081  -2.5735920257   0.8320604589  -0.8062151218   0.0344426287    0.1711647842   4.0764981499  -2.1743737549  -1.7989851048  -1.3642224976  -2.6740856715   0.9718854836   2.7928173953  -1.2130767732   0.2989574874  -1.6204707036  -1.6363044047   3.5642306326  -0.3686978035  -0.3984756345  -3.0628242051  -2.3653059256  -1.5371130145  -0.4727395443  -2.4608822787  -0.0311907107
-0.3811235938   0.3263680383  -0.2872592574   0.5645493049   1.0866251203  -2.9220902615  -2.0864487576  -1.5614914624   0.0119900791   -0.3151808843   0.5888529860   0.1539820521   1.1050811807  -1.4263608822  -0.6447344986  -3.4057514609   0.4502717234  -0.4192620652  -0.5230077948  -1.0288019014  -1.1688556405  -0.4457032266  -0.3283285287  -0.8783452418   0.6738736218  -0.7201339960  -0.4985364024  -1.4709151698  -0.2781418375  -1.1154987092
s3
-2.2683258856
 0.9319338766
 0.2032798354
-0.0368553480
-3.2112417569
-1.1983745065
 0.6411037729
-2.0838607931
-0.4625143670
 0.1436149099
-0.7397227507
-0.7192239938
-1.0469306153
 1.6348058913
-0.3343874534
 0.0961802606
-0.7909726653
-1.4431559639
-1.6841970713
-0.2944257673
 0.1583499802
 0.0071889748
 0.6010585634
-1.9456845603
-0.1758449148
-1.2593629529
-1.9594672874
-1.5320390466
-2.4482487890
 0.5021572781
w4
0.0380271582  -0.7603311018  0.5754419916  0.0659770116  -0.4472263279  -0.2204362406  0.0675617315  -0.1893148817  -0.8598000047  -0.7591579888  1.1100360534  -0.8873242736  -0.7761248653  -0.0808923655  0.3885232375  -0.7422694459  -0.6202847147  0.6395900077  1.1881285404  -1.1870206146  -0.2265624802  -0.3717839974  -0.1193400964  0.1450938031  -0.1209142651  -0.1326050418  -0.6690988351  -0.1949290769  -1.0262997750  0.2467106699
s4
0.2186000019

