layers: 5
str: {2,30,30,30,1}
w1
 8.5396240355   6.1318490439
-1.9098121114   3.1645701496
-0.2765196827   3.6026924778
-1.2785425841  -2.4300329253
-3.4684164293   2.0336830495
-2.9342582705   0.1652713069
-2.5198618159  -1.4612445604
-0.9812433702   3.0682453181
-2.8490426976  -1.1491762541
-2.7084915348   2.7886295775
-7.4329674048  -5.3023791608
 4.9003354903   3.1567008268
-2.1472705568   2.3506611113
-6.2204225659  -1.8406280767
-4.4797779362   0.0718918969
 4.0043323788   1.6186291766
 0.2069320063   0.1275302685
 3.5353063863  -2.0856312442
-0.8094225705  -1.5342284935
-4.2102390834   1.2382417372
-5.5367537524   0.1445501508
 3.6972558274   5.9012348002
 0.3496912004  -1.8095265490
-1.0663785491   3.6616181149
 1.2997843743  -5.2695273035
-0.2362041146  -4.9602911844
-2.0935932878   1.7501606886
-3.3322176549  -5.5832300567
-3.1832863802   4.7124213233
-3.6687146013  -1.8818737080
s1
-1.1614154400
-1.8729963235
-2.8964701726
-7.6299403545
 9.9625537709
 1.7193462148
-8.4022047402
 2.9877695072
-8.6396902596
-2.7639458091
 3.0319469833
-7.3183224680
 1.2332267181
-5.4858215769
 2.0758491330
-7.0454733300
-2.8642610262
-1.0956150271
-3.9879329366
 3.7203119862
 1.8472047494
 2.5342964092
-8.0515864255
 4.0489251873
 1.6588950948
 2.0578022399
 1.6547302520
-2.8963324363
-3.4659171766
 6.1660513496
w2
 1.5257698362   1.7051687145   0.6847400856  -1.3919726339   0.0811005104   1.2099397734  -1.6841186002   0.2916881024  -1.7717242038   0.7406779160   0.6337908648   1.5126619861   0.1892195564   2.2813629348   2.1027606211  -0.5813433021   1.1322300916  -3.4112306562  -2.1715954212   0.0551501207   1.4954206811  -2.1110057540   0.2685952950  -0.9855943123  -0.6018596221  -3.3593411494   0.5034277441   0.3256306877   0.3980444755  -0.5447772692
 0.6317301601   0.1819304230   0.2549114259  -0.0113537866   0.0610453034   0.9590891804  -1.6044893905   1.0864293461  -1.5425476940   0.6990732678  -1.4797723393   1.1795590708  -2.1442061523   3.1335963317  -1.2677025699  -0.8845035052   0.6055028080   0.0863833598  -1.5220409484   2.1349035854  -1.0921951946   1.1656812237   0.8735372700   2.0647972170  -1.3554905254  -0.5686487973   0.8259796892  -1.8046045074   1.0806197340   0.3733318382
-1.9253355360  -0.7799144746  -1.8672793907   1.0655364076  -2.9631016193  -0.6543480768   0.2457343564  -1.5407023728   0.2921014581  -0.6857179581  -0.4772346828   1.7799611827  -1.3976299024  -2.9602824822  -2.8366487013   1.7146281458  -0.1058239911  -0.7403420201  -0.4985459093  -2.1560438609   0.1327659927   0.7452986470   2.0899799444  -1.7993354084   1.5141356333   0.0061541195  -1.3014215991  -2.9525675070   2.0690409541  -2.4897167243
 6.9125733161   0.4563264642   2.0041218332   0.7035629587  -0.6692687718   0.1231548084   0.7722025198   0.7454269097   4.0614780399   0.7879726932  -0.0343749051  -0.8088564869   2.0056755131  -3.4342654303   0.4886104469   1.4453983257  -0.9797041214  -0.2972729848   1.1840640733   1.0493057554   0.9104101193   4.9745706940   0.0875066152   2.3286535418  -1.3096688006  -0.7700309109   3.9389451561  -4.0574681010   4.7606687592   0.1767922467
 0.0325928541   0.7420043623   1.1316399632   1.5929288579   0.7752324240  -0.5357532746   0.0448458737  -0.3374174664  -0.9958643773   0.7859502018  -0.3667740924  -0.4468340742   0.5463219407  -2.5312259399  -1.6679537218   0.2737926692   1.0152707748   0.3793064327  -0.0454559035  -0.6964083751  -1.9024308953   0.1741018931  -1.6611921585   1.2661883705  -2.5142886213   0.7577953527   2.4917927214   0.6989859509   2.6103235884  -3.3008630554
-1.9123691631  -1.8225676527   0.1094913138  -1.8862678710  -3.0736806607  -0.1485007653  -0.7420842303  -1.5409271508   0.9302167819  -0.0296535319   1.7074143621   2.3521084084  -0.2532065277  -0.3513977054  -2.9282322652   2.3761272949  -1.2977257224   0.3541100053   0.4728254825  -2.2702218349   0.9646012496   1.6648165645   1.2872772899  -3.4212443643  -0.6181075759   1.0559866856  -0.2947710117  -1.2044436207  -3.4696137112  -2.8852800226
 2.9594846032   2.8030943849   2.0518548312   0.6689090524  -2.5100622205  -0.6366029858  -2.6043165471   2.3412203732   0.7093781677   2.4446377637  -5.9143279935   1.6635124907   1.8577767051   3.9743935061   1.1021282016   1.7203730241  -0.4267749816  -2.1493833642  -1.0817459529   1.5626999544   0.5001714001  -2.6522699605  -0.1500007328   1.5140080770  -2.9084651629  -0.1033921469   1.8190807116   2.4419195516   0.8066647557   1.7313003708
-4.6598140908   0.8320767797  -0.7477890092   0.8129221711  -1.2393138289  -1.6254604854  -0.1247821138   0.3573217111   2.4728982228  -0.1277196152   1.6625164838   0.3996774480  -0.6646754216  -0.4758558065  -1.0675530695   0.9780067057   0.5882002191  -2.2099779362  -0.0770318838  -0.5835824750  -2.9120072343   0.7527728509  -0.2071341480   0.0911294399  -0.0829432034  -0.2704431053  -1.1430230117  -0.1030346468  -0.5890966732  -0.3275446468
-1.5796524699  -1.5565422803   1.1535915172   0.0780958033  -4.1564769532  -0.0659823964  -0.2093553264  -2.5546378928  -0.0310945342  -0.7639373623  -3.5746916920   0.9835871209  -2.4337665469   0.8671323031  -1.4332913826   0.4124393459  -0.3746364751   0.9070693673  -0.0018934755  -1.9925955069   0.1298866706   0.3421612354   2.6647405857  -0.3491224386   1.1007855905   0.2289379134   0.1182245074  -1.2246912117  -1.4312441417  -0.0505444895
-1.8872063809  -1.1549328084  -0.6193632630   0.6793603737  -1.2833823217  -0.0629773813   2.2574957091  -2.1097547992   2.6328356487  -2.1155656114  -1.3006146096  -1.7627042006  -0.4465238986  -0.0651708452  -0.0851526937   1.1602367874   1.4225662041  -1.5346680854  -0.3210284591  -0.9893859201  -2.1382349804  -1.5834439814  -0.2107678669  -0.5434683782  -1.4007782182  -0.9345118729   0.0825673399   1.2260835492  -0.4075285128  -1.3256869668
-1.2195662050  -0.9037577258  -1.6596684129  -0.2714507778  -0.8482771087  -0.5231275444  -0.0462125924  -1.4365780245   0.5726442545   0.7425787733   1.7752528942  -1.2805366401   1.0710023175   0.0558658257  -0.5803936124   1.0032806943  -0.0006284661  -1.1382386148  -1.0529932128  -1.0658380441  -1.9133123238   0.2499520563   1.4333481288   0.6027060961  -1.3063559677  -1.9308863307  -1.3809430834   0.3093871876  -0.4541106540  -0.5066296700
 2.8601850268  -0.5680164175   0.9197721618  -0.5789998852   3.0413297079   1.5057115052  -1.4005344807   0.8575584630  -1.1346121215  -1.1393252580   0.3141522603  -1.4252317510   2.3398600475   1.8453266895  -0.0859163772   0.2491986924   0.4373471206  -0.5626031099  -0.4722613899   0.6227226938   0.5511446945  -0.9539262253  -0.2920615685   2.0132366671   0.2972643572  -0.8370163416   0.4549569819   0.6158953599  -0.1632450976   1.5293122350
-0.8688397921   0.3416291072   1.2708716787  -1.4484967612  -1.8246347310   0.2431404726   0.8776726167  -0.3597020490  -0.3207197951   0.8216934698  -3.0786560095   2.1831286240  -0.7948135685   0.0716118846   1.2262676868  -0.6865643001   2.2979518756  -1.8615543670  -1.7178034271  -0.1867427443   1.4210974428  -1.3771022999   0.3501548207  -1.3439235594  -0.3988819515  -2.2062594757  -2.8242283177  -0.5685129864   0.7992905800  -1.1566630667
 0.2247117424  -0.2117831147   0.6386445201   1.2747759803   3.2896870588   2.4801757704  -0.8955064790   0.3954237198  -0.3589391733   1.6716647395   1.9230712771  -2.3538714300   1.3529644964  -0.7422545092  -0.6275588022  -0.1413998294  -0.5655074774  -0.7012276963   0.5801493463   1.1176482410   2.7230232861  -0.9841917368  -0.4105970143   1.7070753271   1.4660412496  -2.9463511003   1.8780952922   0.9474942253   1.7082820208   2.1838443988
 2.5555208516  -0.7468747422   0.2600361161  -3.0846083774   2.4950912698  -0.0091538584  -1.6571468531   1.1622516128  -1.7702303443   0.0297901884  -1.6993877350  -2.4671532802   0.0253157087   0.1676475582   2.4945852135  -1.7853014646   1.3377586824  -0.2169276406  -0.5049106050  -0.1956888092   0.0727702768  -0.0286475815  -1.0847629595   2.1672424980   0.7840685388  -1.4695701362   2.1389000674  -0.8209737381   2.3271138402   2.6427723815
-1.5020564370  -2.3775304603   1.5816887134   0.1221116722  -2.0608364647  -1.6870820692   0.5749759281  -2.8519249088   0.1362012937  -0.6530265666   1.8848222731   1.0355784943  -1.6530232247  -2.0569702085  -0.0294467765   0.8554754279  -0.3452820042  -0.9143221266   0.9736839241  -2.2653621701   0.3253490614  -0.0898779601   0.9789759388  -3.1642778050   0.0436391010  -0.5594655478  -0.7234773150  -2.0809338273  -2.0023442191  -0.7174616651
 2.5098860865  -1.2793579611   0.9299623151  -2.9357881119   3.0682069333  -2.2558672215  -1.2280445053   1.0624426721  -2.2902179708   0.1323428643  -0.7776295446  -3.7193104335   1.1838829987   0.7797486464   1.8438970172   0.2178137498   0.9978835955  -0.4466997956  -2.0611965628   1.5279600046   0.7842849988  -0.9002480785  -2.0135054390   3.1125465862  -1.0496700270   0.4236460304   0.0486070679   1.5718706211   0.9853142542   1.8654846190
-2.0359231527  -1.5202492405  -2.7489652344   1.6266091045  -0.7685848040   3.1239214774   0.6616892008   0.0893356397   1.0505887657  -1.4944206407   5.8219346048  -1.7532459305   1.1834050006  -2.7584845183   2.4797123833  -5.9101723281  -0.5046083075  -0.7562521613   0.3278878611   2.0614967608   4.4873527056   2.3356716756  -0.2390918841   0.8776493342   2.2827949595   2.1465710680   0.6908890172  -2.0869122978  -0.4971578072   3.8810990855
 2.0930014533   1.5390121559   1.2706905395  -0.7566663283   2.2421794598   0.6705472691  -1.6840048892   1.3331622354  -2.3638518984   1.8367522918   2.0021495542   1.0332434579   0.1441140642  -1.3848237304  -0.9790403010   1.9740279973   0.9046331747   0.0699194192   1.6947240923   2.4574450104  -0.2477632216   0.9145095354  -0.6388029578   0.1940530189  -1.0623773759   1.0803295577   0.3081352808  -2.5095148474  -0.2941965257   0.0187071867
 4.2059391675   1.3221025589   0.9163841746  -3.0834423850   0.2507018160   0.0624593124  -0.6474472808   0.3801049399  -2.8015468769   2.1415368493   1.1299997228  -2.1623846218   0.1795590376   1.3666638166   0.2891782749  -1.5816544629  -1.1555394988  -0.1610715519  -0.7497930922   0.9823463486   2.3053469196  -0.2308102848  -0.9355334631   0.5907368365   0.9413119799  -1.4901377628   0.6776324717   0.5612016358   0.8930103698   1.7553163335
-2.4092712363  -0.7236595041  -1.3452859716   0.2514062535  -2.8739005678  -0.5803300403  -0.4942701188   0.4211534887   0.7225764957  -0.6086685228   0.9825068774   3.4437357272   0.1683375884  -1.0377978260  -1.5307909574  -0.4034609406   1.4199777920  -0.2930755563  -0.1228464764  -0.7774626229  -1.5770924355  -0.8891935209   1.7448399718  -0.6200043117   0.0313901699  -0.9653478915  -0.9782754047  -0.3575693309  -1.6092007466  -0.8181849461
-1.6756447794  -1.5158424806  -2.5699400383  -0.0962445087  -0.9370850705   0.7849101866   1.2175049064  -0.2734669726  -0.3567769777  -0.4214126255   1.3540804737  -0.9840855924   1.7802662506  -0.0777339196   0.4260921295  -1.0894169466   0.7460649998   1.4576251098   1.6514810843   0.7412281461   1.2140845210  -0.7749717308   1.3932272813   0.1645877837   1.1635251102   2.4030224452  -0.6297056789   1.5274422025  -0.8559897906   2.0812550521
-3.4544438355  -0.6022836527  -0.4600809992  -0.4404304392   0.1348033117  -0.4460022936   0.6808076878  -1.4680302959  -0.4553294413  -1.6278950439   2.6088132550  -1.4603778338  -0.2302959857  -0.1325349553  -2.9090309111   0.3851643217  -1.2052757071  -1.6241400467  -0.8773154779  -0.0547842377  -3.1278100153   0.0509265925  -1.7853529531   0.4391513173   0.3988689317   0.1909504890  -0.6357946274   0.9742935424  -0.0906484514  -1.8431064276
 4.1318958435  -0.0933058844   0.9387223463  -0.7439250555   0.6280407539   1.1873989381  -2.0912896683   1.4461481479  -1.2175685154   2.3900667372  -4.5101656761  -5.2158676011  -0.1329446608   0.0571481285   1.8735063253  -0.4314146688  -0.3388977225  -1.8389343067  -0.0621886002   1.6414190321   2.3552797048  -2.1505438452  -0.7780559262  -0.1902986560  -0.7324439232   0.1730851229   0.3539418769   0.8782955239  -1.0960142240  -0.2517574993
-0.8929670896   0.1243763401  -1.7713417589  -0.8011915170  -0.9716170215   0.5882302036  -0.2537389740   0.3919987368  -0.3419631049   0.1382403418  -0.5584490191  -0.4069434004  -1.0215518272  -1.9757290007  -2.2834476762  -0.5420757113   0.9768515902  -0.3538451226  -0.0067053896   0.5104441491   0.6829342826  -1.3996425516  -0.7220476786  -0.3115063266  -0.2080221029  -0.4087916643  -0.5288522543  -0.4803163531   1.7696937345  -0.5949437289
-4.3683591014  -2.1806820961  -0.2180901977  -2.1792558924   0.5074096608   0.7648533481  -4.4417146240  -0.5737313291  -2.0007006854   1.3566398897   4.3756590984  -1.1308843397   0.8555981155   3.6012809380   0.3261142023  -0.4746637579  -0.0517913454   0.6971676539   0.8787348360  -0.5097563236   1.1684224571  -4.2228085049  -1.9099809854   0.4846266767   1.0175784481   1.2090022163  -1.1666893308   2.8590345124  -4.6867983320   3.4756642395
-2.1105850070  -1.4415784987  -0.7767200339   1.4511065327  -0.9251840136  -2.9465470679   1.8029266892  -1.2579382272   1.2995368227  -0.6319709969  -1.3009786266  -0.6243376329  -1.4600574322   0.1898134484  -1.3429289718  -1.1412105093   1.7011497416   0.9051009183   0.2820120148  -1.4142265865  -0.9910459476  -2.7428627006  -1.5346827238  -0.0536312549  -0.4765761788  -0.6384015097   1.1270563026   1.7938460153   1.3486473074   0.7039679590
 1.0296385376  -0.4892214392   0.3110483830  -1.3588382281   0.8024741337  -0.3322346653   0.6695212599  -1.3299675194   0.8183258014  -0.0877974331  -2.9467676334  -0.5123110559  -2.2251456308  -0.8950851330   0.4222396819  -1.1608174670   0.0877249802  -2.5834604421  -1.0171203741  -1.3132275968   0.5536668987  -3.2082521538  -1.3926465229   0.5345977903  -0.3884267795  -1.7591015145  -0.3252032423  -1.2085758865   1.2571117750  -0.7513224785
-3.6660079987  -3.0762878924  -1.6784357310   0.5925046539   1.1359363900   0.2307079446  -1.0759482376  -0.7872164942  -0.2942128729  -0.3875615537   2.2110973739  -1.7665564467  -0.8582742451  -2.0458779496  -1.3630030256  -0.0070393097   1.0234294524  -0.6690254872   0.3920074577   2.0017114003  -0.7765649873  -0.4435481880  -0.7363714757  -1.4109605717   0.3086315868   1.1692289659  -0.5085296066  -0.7017726861  -2.9807324483   1.5354749391
-1.4887399377   1.3420075895   1.3965038561  -0.8268160459   1.2174505151   0.7351672363  -2.2429978317   0.2850890636  -0.9023763453   1.8413817499   0.6613673742  -1.0307784658   2.5422604865   2.6506185193   1.1389142450  -2.6696054400  -0.5444158988  -2.6202619736  -0.4423286191   1.8087236103   2.0965670235  -2.0146327805  -0.7604840833   0.7168755160  -2.2358344813  -1.3328462612   1.2800834865   2.0016076470   1.0579258310   1.2098264136
s2
-1.4151852650
 1.1606785613
-1.4526249994
 1.8966024554
-1.9695921278
-1.7146232538
 1.5168329031
-1.9291596365
-0.3533201133
-1.2174837774
-1.1760727313
-0.0328285678
-1.5701323949
 3.5658562814
 0.7553332489
-1.3034399402
 0.7519295980
-0.6320050625
 0.5307944848
-0.0306795655
-0.1661663617
 1.3814965470
-0.2408993033
-1.6091217008
 0.5113196656
-0.0215443724
-1.9728626092
-2.4618007889
-1.5367869697
 1.1597326516
w3
-3.3760814063  -3.9823254961  -0.0418323282  -3.0781557177  -1.9587921157   0.6198896132  -1.1210500246  -0.9558961850   1.1806369548  -0.6374957706   0.3153990739  -1.5796621946  -3.6307233998  -1.1136591202  -2.1720523724  -0.7196802454   0.0309067434   1.3188786280  -1.1178656402  -0.5124643353   0.6713770158  -1.3648606669  -0.0596422088  -1.6479605139   0.4541046503   2.5447914265  -0.4120553150   1.8362742608   2.0528869386  -0.0746984642
 1.6511664906  -1.8592743445  -1.2598041108  -0.0363371793  -0.4738327033  -0.1589734580  -0.9113712482   0.6318289145  -0.1958620676  -0.4422143630   0.8911608930  -0.5883914026   0.0456012151  -1.8398248019  -1.5029009589  -0.4157164959  -0.4470941115  -0.2368079482  -3.6401439370  -0.4557560863  -0.1381383430   0.1587201044   0.5316066497  -1.0216831429   0.9114200751   0.6050299927  -0.3355518730   0.0013874981   0.9718777898  -0.8479244970
-0.5020109246  -2.1666204923  -1.4903808089  -0.7968546056  -0.3095189170   0.8849648351  -1.1885481717  -0.7471199361  -0.1069076467   0.0503280867  -0.3405871728  -0.6472989384   0.2598199048   1.1630491703  -2.2099736311  -0.8323717559  -1.3436762448   1.0435123828  -0.5437596949  -2.7576525866  -1.4614869106  -1.7083554452   0.2892458553  -1.5762135069  -1.5816442325   0.5317028814  -0.2482385642   0.4208789522   0.3831194952   0.0848094492
 0.5095328913  -0.0327975027  -0.8142482734  -1.7284270469   0.1432555306   0.0893358556   1.7205882007   2.3561528094   1.4100936833   1.9612620176  -0.3574726980  -0.7931732520   0.0872841210  -2.2675352446  -0.6804024156   0.8357626580  -1.7030867799  -4.7190806986  -0.7729353925  -3.5059242198  -0.4475094428  -2.0582779825   0.0940147005  -3.7982195989   0.0160659045  -0.4684870025   1.3791985677   0.4630289830  -2.4316496435   0.8429383085
-0.1842646333  -0.8874253252  -0.1046976306  -0.1804212266  -1.0793638854  -0.9684643802   0.7683442495   1.6557986742  -0.3395230736  -0.0010553437   0.6493548680  -1.6942066645   1.2744123205  -0.1878436846  -0.7867617270   1.1353739441  -1.0338793305  -0.2958124280  -0.1639830890  -2.0214111575  -0.6610567097   0.0851977870  -0.4269510155  -0.8035365228   2.6427518704   0.2079526358  -0.4123434783  -0.8551131503   1.2988889894  -0.3271373507
 0.9561236437  -0.8283285647  -0.0202848830  -1.0518806813   0.5734632771  -1.9055560364  -1.6473629728   0.4254220623   1.2792935220   0.9698456136   0.5869052019  -1.6020910950  -1.5325159295   0.1004134287   0.2230426369  -1.5852633484  -2.1120806136  -1.2988096176  -0.5805841925   0.5437025066   0.3260095237  -0.3054629183   0.1624064735   0.1476707335   1.0108379704  -0.5584475941  -0.2988283931  -1.3345361918  -0.8668865783   0.2846515024
 0.4740442702  -0.0862543640  -1.1704007012  -0.9147529259  -0.7040486709  -0.2941587863  -5.3753655623   1.3027194726  -1.1435570613  -0.3252429781   1.7171590055  -2.7556521729   0.0978030529  -2.7931568812  -2.6439189950  -0.4447976485  -0.9038830451  -0.5408535615   0.4423072229  -1.3756704842   0.6190964480   0.1913476885   1.4220790258  -2.6300197344  -0.6323173517  -1.4253380033  -0.4554812425   0.9096446118   0.8955333051  -0.8894843441
-0.4720643104  -1.0860169959   0.1333263441  -1.3202195668  -1.4007539045   1.9377869263  -1.1086712829  -1.9284098128  -0.4297885316   2.0914054405  -0.3165701217   1.0618723436  -1.0138635023  -0.0743678551  -2.4918977039  -1.0130443633  -0.8111298912   1.0798769406  -3.1722990810  -0.3636164754   0.3631229742  -0.8979172159  -2.4324884304  -3.3003106920  -0.7278395632   1.0213864205  -0.5603264824   1.2016144225  -0.7907245691  -0.0141242204
-0.3980671122  -2.9671286659  -1.2577117992  -2.7235999775  -0.2458411422  -0.0131718290  -0.5194058384   0.4615094302  -1.8497811077  -1.7786946264  -0.4948494054  -2.1712649708   1.6723379176  -1.1030307845  -1.6640543912  -3.3037662997  -1.1734801712  -1.9339449869   0.8835204469  -1.6635910604  -1.2208883889  -0.5995455456  -0.3835004826  -0.8027350943  -0.5517041776  -1.0590531121  -0.2726574769   2.5751804425  -0.3896187147   1.1370291613
 0.0791207572  -1.7170347700  -0.6421656736  -0.2456441754   0.4114694466   1.1090868048  -0.2710716508  -0.5650694693  -0.4715766263   0.0025446127   1.8201083316  -1.8484039272   0.5900148606  -0.4778733676   0.8689498313  -0.5749993016   1.6778525867  -1.1368073631  -0.2448254392  -1.5248805762  -0.0587946289  -2.7524777189   0.0183997592   0.0250151482   0.3199714856   0.0012262333   1.1387877548   0.2109316254  -0.2347634144  -2.5421552994
 0.5267780141  -1.5591336817  -1.9970610819   0.1288718078   0.2356227436  -0.8945290257  -0.1933886606   0.6948322045  -0.2178958884  -0.6961122090  -1.0469402952  -2.3323549588  -1.1100717538  -0.1616288936  -1.2690222827   0.0685266633  -1.9074426758   0.1295338323  -1.3414211581  -0.4826476057  -1.7935719366   0.7098037262  -1.6126820588  -0.1099905450   0.6757666863  -0.8252464887   2.1741096613   1.5810852011   0.6575434061  -0.6749952127
-2.0451468747  -1.6553726765  -2.4464799192  -3.1203730177  -0.7597446475  -1.1784481499  -3.7165399918  -0.0777256832  -0.3478158925   0.1525063901   0.9975885138  -0.6150497760  -1.5254584172  -0.0000359159  -1.6133478689  -1.8848683689  -1.3714581052  -0.5695793893  -0.7089621977  -2.7974679095   0.1118962866  -0.2526294393  -0.9970959752   0.3751931090  -0.6409640233   1.0735207634   0.9581016123  -0.3860656569   0.7311886267   2.1440807914
-1.6449653165  -0.6314914324  -2.0190220828  -8.5022399587   3.3746351373  -4.3064563129   0.5746243112  -2.5861485210  -2.4783384967  -1.5169084190  -2.5692587341   1.9148831494   4.6849474455   3.9811495288   2.8036853507  -2.6853059733   2.4508282736  -9.3761442549   1.7748363335   0.6549292826  -1.9021726115  -3.2227039556  -0.0092958781  -2.3298325930   0.6839702980   7.9011450239  -0.4454969446   1.4497749714   3.6471754251   1.1002870338
-3.8771210032  -1.4836761340  -0.5060908877  -0.8735289655   0.7884781560   0.9653369890  -3.2150879666  -1.9886905398   1.3600570849  -1.8202821792  -0.6087590577  -3.6235212537  -0.2581795548  -3.5155732882  -1.5102239863   1.4523834864  -1.5855259873   4.9549614885  -1.1401015292  -1.1152982066   0.0310883295  -3.4131579869  -2.1575676997  -0.5179658722   0.0991862152  -2.1856444728  -1.7945315089   0.0945502455   1.7861131329   0.4818085655
 2.3900947894  -0.2428804696  -1.2091465305  -3.8423557868  -1.4013696043  -2.4345777382  -1.0242846697  -0.6230203188  -1.3445859834   3.2014699845  -0.3091323274  -0.5520926033  -0.5508849777   0.0081961522   0.6865796556  -2.5946354197  -3.8460999876  -3.2402318265  -2.3857601426   1.2229751923   1.0917485322  -0.9746412849  -0.9000974698  -1.4719228150  -2.1847995102   1.8227803858   1.0579786228   0.5632501804  -3.0327395124  -0.8105009167
-0.6263419521  -0.7093956247  -0.5159800708  -3.5531204118   0.0116725148   1.0345094306   0.4074745197  -1.7629620068   1.6923200328  -1.5482166848   0.0407563738  -2.9722903641   0.4133808904  -3.3468294543  -4.2011642733  -1.3082673656  -2.4927838278  -2.8473173074   1.3903588581  -1.6157610529   3.0636003994  -1.6574737992  -0.3351799035  -1.6188881450  -0.4566124993  -0.9593041290  -1.5813270391  -1.9892768706  -1.4976065183   2.1385964500
-2.7694341654  -0.2870398101  -2.0400108358  -0.4715824820   0.2240746212  -0.7816058092  -5.8589732558  -0.0381445868  -0.7949704914  -0.2088425438  -0.3944771585  -0.0159966879  -0.8162934220  -0.8884312787  -1.6516597754  -1.0451659828  -1.5760344255   2.1596435246  -1.4869196314  -1.8853192757  -0.9120547342  -0.3512350565   0.7630870619  -4.0079845451  -1.1704023333  -0.4813407506   0.2670891348  -3.4058744093  -0.2595850440  -6.0374810825
-0.7023877440  -1.9251163407  -0.2417284862   0.3472647978  -0.5008635264   1.5402606323  -2.5851882358   1.8518462467  -2.9654513837  -1.1284823753  -0.7504606420  -1.2718374026  -1.2804100805  -0.9831618721  -2.9325531060   0.5689911708   0.3162868208   2.4502412609  -2.1895959904  -2.2901303837   1.0062465169  -0.6313995817  -2.0567585314  -3.2254709801  -0.7459643185   0.5068104717   1.4202120386   0.6047327740   1.3567919335  -0.4921240799
 0.3596674449  -0.0678982061   1.1488615417   1.1622328526  -1.1291991780   1.9176462319  -4.4441607668  -0.0457491561  -0.4186883419  -1.1555775589  -0.7047192742  -1.0661033879   0.9052320155  -1.6709011905  -2.4487625473   1.5039519312  -3.7310691341   1.9924703665  -0.5663562391  -1.4895793025  -0.2171776755   0.4422399517   0.7022197793  -1.7304879189  -1.0852866094  -1.2666949876   0.4107131451  -0.8026403007   0.2058982169  -2.2193853630
-0.5270072230  -1.0437238758   0.5127997852  -0.1080769489  -0.2982164851  -0.7873470315  -2.2802230574   1.5002628004  -0.6221961319  -2.3436947177   1.4137210195  -0.5232571878  -1.3908107461  -0.7500716596  -2.0801806969  -1.4925454262  -0.6076699456  -0.9407930952  -0.3315498492   0.5405192136  -1.7043841658  -0.6847312916  -0.8035478552   1.6056809546   0.0195700520   0.3826213205   0.5007644028   1.1151723270  -1.1155611253  -0.1011755163
-2.3114245426   0.2751300857  -0.1097327422   3.0707220588  -0.1526548757   2.5437317411   3.2742811402   0.4079115078   2.4084154849  -1.3635956027   0.3475680406  -1.5575787602  -0.1204989869  -2.1561968298  -2.4712509695   0.1972158435  -3.7485745346  -4.5859688709  -0.8807610263  -3.1930929144   0.2285995442  -0.3310923715  -2.4975559579  -1.9296698565   1.0361804558  -3.5199488354   0.5466583438   0.6648827725  -1.1687864813   0.4729129667
 0.7575293800  -2.0461223339  -2.0973069080   0.5015523071   0.1002574072  -2.1820715366  -1.3231595176  -0.1220099084   1.9882497284   1.6860722870  -1.2979398610  -0.6735908266   1.0789046779   1.0193390454  -0.4017817600  -0.6928374658  -1.9676511674  -0.3708834049  -2.5158646305  -2.6512903745   1.0239929982  -0.2827664382  -0.7320850967  -0.9306323790   0.1288797287  -1.3954455254  -0.3059378508  -0.2927417744  -1.2166399512  -2.7633373501
 2.1341397287  -1.4244035035  -2.5914362372  -0.8035330873   0.0465175710  -2.7154200934  -1.2087318583  -0.9083859116  -0.1797948543  -1.7535551579  -1.8653898729   0.1477046975  -0.0400487782  -0.0720552893  -0.5905007284  -0.4283981373  -1.2374806379  -2.6479835503  -1.8554829055  -1.7511898850   0.7827001757  -1.8012506909  -0.3317796991  -0.8020839024   1.3298336283  -2.0721483907  -0.4567052829  -0.9841525025   1.1373154661   1.5969275033
-0.4611143158  -0.6497278237   0.5874343481  -0.3753004074   0.5118808446  -0.8925080915   0.4773407677   1.4587383781  -0.8598702197  -1.1455112980  -0.0297863600  -1.9938979069   1.2924715019  -2.1716903147   0.5962511385  -0.0637394377  -0.3752203137  -0.4901861506  -0.4510519310   0.1571303341  -0.7746049496  -1.2184982037  -0.1709155525  -1.3198324802  -0.6630125839   1.4743345179  -0.2427658532   0.9676695882   1.3195177317  -0.2239005605
-0.4381373725  -0.2594492593  -0.6349586306  -1.9213412162   0.1146898738  -1.8598464879  -0.3874417189   0.1832600345   0.2068233942  -3.0436016569  -0.6820687934  -2.2825062394   0.9565805622  -1.3834961342  -0.3967419299   0.0259677295   0.2790298384  -1.6113431928   1.0286017935  -0.6549378218  -1.2907614589  -3.6224259991  -3.0683572150  -3.4313554511   0.1252480727   2.0534173398   0.3560494491   2.8933758064  -0.3223006277   0.3008689609
-1.1949762677  -0.0360030799  -1.4929639098  -1.5258211125   0.4196741397   0.6228412371   0.2669530254   1.7233453985   0.5064822240   0.1964891970   0.4716027293  -2.1999423519   0.5548378316  -0.2288521874  -2.6061748258   0.6858845028  -3.6916355907   0.2601685312  -3.0169987106  -3.3834886402   1.0980766155  -1.2864116637  -0.5636446800  -1.3023187857   0.6926619386  -0.4352222286   0.6260702445  -0.5312345373   2.4371897450  -0.2850263270
-0.0987249480  -0.9496737310   0.1634439457   0.3185309541   0.8065941579  -1.3900844359   0.4715823220  -0.8875448122  -0.2669216400   0.0980757688  -0.4573133834   0.6542560117   0.8069001285  -2.5263598982  -0.7302749720  -1.2138850529  -0.6643281244  -0.1104368033  -0.2627263415  -1.5424811335  -0.1441358973   0.7533141677  -1.9542003171   0.1628637681  -0.7041695431   0.1440973751   1.0347430306  -1.3362404430  -1.2441409763  -0.5357086415
 0.1335788444  -2.3629046457  -3.1138333634  -2.7908572503  -0.5903835949  -0.9433607523  -0.1816490429  -2.0001776324   0.2050829302  -1.9557566773  -0.4075589375  -2.6597024368  -0.7368804308  -0.1905818021   0.4050424691  -1.8536424876  -1.3125493317  -3.2190616235  -0.0618126404  -0.9351535457  -2.6034585507   0.8704270447  -1.3079015339  -1.7417316660  -1.1372346867  -1.5549845685   2.4482488120   3.7920857987  -0.8683800831   1.5019399017
 0.0656191917   0.6580278529  -0.0214642779  -0.7173665293   1.2088079358   1.8743444133  -1.8317392578  -1.3704290381  -1.3396016619  -2.4861007472  -0.3429028510  -1.5107513935  -0.5750913292   0.9823762863  -1.3371963691  -0.3292553477  -2.9717075722   1.9296352950  -1.3870636182  -1.8556497391  -1.6002125498  -1.0837925394  -2.3400721133  -2.5262014740  -2.0371118850   1.4772417697   1.8554899957  -0.6767696962  -0.5060808834  -0.2886983179
-0.2292010373  -0.5160569575   0.0525471530  -1.1692598041  -0.4749854378   1.4924894813   1.2784645881   1.6007049987   1.1586149013  -1.2572801643   1.4000471571  -0.4981325148  -0.5676344799  -3.1341667621  -2.8623368327   0.3763512035  -4.2471205951  -0.1634073119   0.9446437405  -0.9867962604   1.7133708767  -1.0020098730  -3.3527793982  -4.8030333727   0.7453130241   0.1680360941  -1.8787449523  -0.5415442588  -2.1642839035  -1.5983558232
s3
-2.4191187135
 0.7551926069
-0.3637027830
 0.0371118142
-2.8490017633
-0.5545943417
-0.1983648126
-1.6552347527
-1.4928335555
 0.2270514041
-1.0268886506
-1.4291582262
-0.3712941038
-0.0932169548
-0.1422128700
-0.6547016378
-1.0244584013
-1.7884106295
-1.3642412202
-1.0307614499
-0.4005592477
 0.2144220864
-0.5316123790
-1.7539260080
-0.8505909275
-1.6746001182
-1.9333120087
-2.2262040740
-2.3373451663
 0.2493662568
w4
1.5672866671  0.0621227994  0.5046344627  -1.0313996173  -0.3117433118  -0.1054545264  -0.1967037889  -0.8551196828  -2.3326467757  0.2167775542  -0.2461694541  2.0402050420  2.9054812960  -3.4375570115  0.1831526910  3.2365049356  1.6515368483  0.9016650897  -0.9507759579  -0.0059976241  -1.7440592018  0.5920064098  1.0992870842  -0.0940579062  -3.0014160996  1.9425199530  0.0402835624  -1.6142454603  1.8188353570  -1.4554185269
s4
-0.4368699718

