layers: 6
str: {2,30,30,30,30,1}
w1
-1.1429712458   2.0754713032
-1.1949560057   1.3179938934
-0.5089295182   0.0804525906
 1.3563469742   0.1186572612
 0.6537310337  -1.4517953743
 0.3437220938  -0.9478351066
-0.3291163816  -0.0476959460
 0.8419260121   0.3557734464
 1.7467867227  -0.6595515362
-1.9124439281  -1.7714781336
-0.1577445029   0.8658530727
-0.5344512822   2.3491158692
 0.6176773674  -2.7096284587
-0.1045850973   0.3750348874
 0.0810789738   0.1801880696
-0.4066297764   0.5458207127
-0.2204732138   0.0101242368
-1.6242996341  -2.2252844114
-1.5364830521  -0.5195644075
 0.4727308842   0.1644215066
-0.9845603061   0.4317652148
-0.8077107929  -0.0198709191
-0.4932645437  -0.2301952717
 0.7639418957   0.7826883807
 0.3348970437  -0.5067495270
 0.0946835689  -2.0593964812
-1.0292567704  -0.3925907423
 0.9235773003   0.6406555482
-0.3099418707   0.7678515250
-0.1327435694  -0.4254933233
s1
 1.4050409340
-0.4891145403
-0.6601240982
-0.3304484724
 1.3749301469
-0.2427886040
-0.2475412072
 0.0056037626
-0.7819235394
-1.4654287716
 0.7736625583
-1.0077707823
 0.2396121704
-0.4242870402
-0.6313916558
-0.2521228204
-0.8805702154
 1.2003902115
 0.2097450852
 0.5865802670
-0.6218151271
 0.2973038748
-0.4245275973
 0.9302326648
 0.8500099097
 1.1073387448
 0.2817914936
-0.6073685627
-1.7298486299
-0.0183233728
w2
-0.9653652136   1.8107416905  -0.5964543249   0.6518712441  -0.1196267825   2.3896249510  -0.5258650597   0.9749692035   0.9622782538   0.6802555890   1.2068420553  -0.7982814084   1.5018520018   0.0883453706  -0.3422009499  -0.1873100920   1.6735664796  -0.9676315856  -1.8929933685   0.8309480966   0.4843669323   0.1351882799  -0.4823428270  -1.1766287655  -1.0867212472   0.6539797535   0.7670555543  -0.6485081186   0.2630953120   0.0615185373
 1.7610682793   0.1765328315  -0.0795971180  -0.4244080158  -0.4505709546  -0.2077409293   0.5112087925   0.0278701408   1.1322203595  -0.7153869880   0.6611051632  -1.2744275880   1.4886390080   1.1321621104   0.8273520385   1.1035082898  -0.8931562438   0.2776360807   0.1012095205  -0.2722075882   0.3483300720   0.5048737238   1.5043915043   1.3209862129   0.9570718639   1.7703105578   0.3092333239   2.6037870159   1.1158923608  -1.0558473632
 0.2175830184   0.7390838471   1.3991019492   0.6201761643   0.5001843868  -0.2601633288  -0.6329040851   0.7666997704   1.4018078283   1.2642105137   0.9151818876  -1.5594561181  -1.1922370510   2.9322577281   0.4070183182   1.0236930241   0.0812499439   0.8368837106  -0.0690181437  -0.0591427771   0.3442171192  -1.7891216280   1.3135087871  -0.3395781804  -0.8259253753   0.6331049209  -0.9784306726  -0.3630311303  -0.0967560466  -0.5018771747
 0.3237591150  -1.6530579779   1.2754599757   0.4780780548   0.4790234027  -0.5708334783   1.0970667533   1.3398968135   0.6181959920  -0.0134506924  -1.4216777394  -0.0688915685   0.8129173774  -2.0750579391   0.1788765306  -1.7615937698  -0.9392848002   0.1897749112   0.5591774372  -0.2941038317   0.3020375210   0.8588020947  -0.2927337770  -0.3199629487   1.4499200553  -0.4430055478   0.1676895568   1.1709276575   0.8527117098  -0.6719466170
 0.8729698393  -1.4491709243   0.1230845302  -0.2755324993  -1.3804998636   2.8249393650   0.8001350220   0.3810315267  -0.5300133301  -1.1119049915   0.2274717441   2.3751555262   1.6485477028  -0.7242424382  -0.1802822505  -0.5369033531   1.2491052169   0.7075231736   0.4177126685  -0.0665962826   0.6959700637  -0.7710699803  -1.7804700232   1.9365958411  -0.1502240685   1.9426301729  -1.6828120948  -0.2287890791  -0.3293037447  -1.5238925477
 0.0303964682   0.6700897392   0.3383495802   0.0035845362   0.4563290514  -2.0208907043  -1.1686514979   1.2381657539   0.9588055328   0.9039482438   0.1156982348  -0.6239123927   0.6516340124  -0.0336896031   1.0729854340   1.6905512839   0.7822854661   0.1502089805  -1.1463047079  -0.3908726045   1.8042727203   0.9966310671  -0.1120951116   0.8605404976  -0.5653766911  -0.7408303172  -0.3787988862  -0.7013512681   0.6312156422   0.8478908973
-1.5522285556  -1.4412875217   1.6548516260   1.1668522686  -0.1381144977  -0.9714966690  -2.0785299414   1.1645565167   0.6244266019   0.2998896438  -0.0854924373  -0.0911972395   1.8054276304   0.7028851808   0.6625423272   1.6262835850  -0.5679237412   1.1366418819  -0.1190243417  -0.3391430060  -0.9920267857  -0.7399764147  -0.9298349671   0.3433546848  -1.1335042364  -0.5175212070  -0.2452486016   0.5790476537  -1.3085154333   1.4865009938
-0.3044859572   1.4561992377  -0.1723844443  -1.3617088811  -0.9354756609  -0.9809562038   1.3424849926  -0.5900850664   0.0248812332  -0.6226962849  -0.8086076610  -0.7971413887  -1.2969059404   1.2003618274  -0.5182210517  -0.8270408432   0.9418906274   0.2407299279   1.0150374639   0.1652726300   0.8153255992  -0.0064744996   0.3468291725  -0.2964185546  -1.5450686415  -1.1752267211  -1.5702801982   0.1454866690  -1.0636528270   0.4075074851
-1.2660076289   0.0204850956   1.2953910770   1.4478965418   0.7288474654  -1.3290477396  -0.7622928569   0.5566043729  -0.2214789232  -0.3439608858  -0.3300428764  -0.4163706473  -0.4781262215  -0.0167591410   0.4215250810   0.0746149929   0.7371620196  -0.1349579220   0.4431632623  -0.5269058353   0.7145944849   0.6259567601   0.3783041613   0.0392784867  -0.2560161854  -0.3362992626   0.1250628757   1.5579352038  -1.3782656029   0.2176635191
-0.1709051459   1.4054004935  -0.7423945174   0.4967832202   1.3172762878   0.0411432461  -0.4057596051   2.9446027249  -1.0974214139   0.4661226010   0.9274504281  -1.9421476781   0.2466003999   0.6496677062  -0.3335706011   0.6200985403  -2.1975343072   1.5125464061  -0.7881412980   1.5818700687  -0.1170288279   1.3007881639  -1.0689090266   0.6395059246  -1.4254260138  -0.1581073236   1.2589046399   1.2481319971  -0.8816169190   0.3053942198
 0.4052126926   0.5150231608   0.8248261959   0.5394207890  -2.5320581955   0.1666011394   1.4858656611   0.3644626357   0.0789926181  -1.5277310534   0.3077292806   0.4399616181   1.0388572515  -1.0748162578   1.0227529218   0.5623046828  -0.6449308894  -0.3673793448   0.0286951533  -0.8434132558  -0.7742759378   0.5569807176  -0.7042291207   1.1029860085   1.0176962900   1.2147529423  -1.5319919497   1.2047286554  -1.8777286805  -0.1661336453
 0.9654453281  -0.6097828401   0.7863462804   0.9904660313   0.6180953041   0.4476291068   0.4645918685  -1.7414957988   1.8954900898   0.0765196630  -1.4802012224   1.9635085300   0.5932507906  -0.4025352443  -0.6905964035   1.0659056084   1.3194186380  -0.1930122710   0.0755068688  -1.3190182561   1.0411637815   1.2514485707  -0.1266855633   1.3216748930   1.4663256986  -0.5298535785  -0.7691203377  -0.1431273447   1.9722048120   0.6772593105
-1.3597124198  -1.9343165872   0.6167467620   0.6214876014  -1.2331232462  -0.9213797071  -1.4739210000  -0.5697000222   0.8977165564   0.5507816845   0.4842378846  -1.4692619053   0.3959650059   0.0461971840  -0.2511111489  -0.2268754033  -0.5189658573  -1.7176013033  -0.7416199016  -0.0629735596   1.9752334787  -0.9176849381  -0.3542194301  -0.0820517326  -0.3466758716  -0.4185466735   1.0710400646  -0.6460623341  -0.9187548686   0.4151477532
-0.7908105736   0.1105798328  -0.5808215611  -0.0111218681   0.5515994648  -1.1396777599  -0.4083158438  -0.6284476474  -1.2120549729  -1.2379976832  -0.3379440923  -0.3308488859   0.7672708953  -0.4449219794  -0.9280680627  -0.0276914610   0.3805472790  -0.5456110897  -1.4869000599  -0.2894474472   0.4466418113   1.1122898710  -0.4043992733  -1.8271765301  -0.5437664164  -0.5701325564  -0.1645760047  -0.0093918739  -1.0796722008   0.1969325567
 0.6891245088   0.9368028938   0.4384980746   0.0947473796  -0.7584538323  -0.2340430464   1.1669826637  -0.7378013251  -1.8566780783  -0.3535519562  -0.1680567791   1.9256614599   1.6644085167  -1.1914833421  -0.3634295514   1.1968577080   0.7564275376  -0.0343834336   1.2414225880   1.0552874151   0.4334376807   0.9859590911   0.5416008619  -0.6032773272   0.3552519736   1.1924238276   0.3975899072  -3.1517616318  -0.0086159262   0.4362090374
 0.2299828884   0.0139192557   0.4781651995  -0.3061515051   0.6968107993  -0.6212312631  -0.6000277327   0.2999727189  -0.0687367332   0.2984848652  -0.1527994549   0.3724836047  -0.3245639006   0.6028654197  -0.5768377123   1.0920012417  -1.4135275797  -0.8464075862   0.5432751600  -0.9625473640  -0.7487710892  -0.8023852238  -0.1653619338   0.3276271785  -0.6759540254   0.8048478270   1.8011964341  -0.5602257937  -0.8528094601   0.5716399903
 0.7535369899   0.8069416142  -0.4002746579   0.4362123566  -0.9127749754   0.2228347797  -0.1824484441  -1.2458313270  -0.5334029646  -1.6910985288   0.2307354421   0.0729059277  -1.3248093941   1.8893890971  -0.2037726744  -1.2070447088   1.7005738962   0.3093557949   1.1198115069  -1.8883345610  -0.2179858986   2.7269788872   0.3686351745  -0.8360128163   0.2972772447  -0.5569424591   0.5273765300   1.0670150046   1.2126001657  -0.0969251422
 1.4642022775   0.9667927953   0.7986232131  -1.3740399928  -0.6225310332  -1.7255634576  -0.9533938571  -1.0351021306  -0.8880342519   1.0255189435  -0.5976869776   1.5680499993   0.0041007917   0.2248806921  -1.2860276640  -0.7648332885   1.2997288852   0.2016438904  -1.0120629641  -0.4528756414   0.0341132232   0.9393758227  -0.8926774966  -0.8614320279   0.6724293911   0.8100274073   0.7399594174  -0.0136749863   0.4109910235  -0.8208928656
 0.5662738371   0.1906912688   0.7944594701  -0.7408001439   0.4559090601   0.7019423969  -1.3003183248   0.2978210761   1.3344783345  -1.7366885854   1.4013691706  -0.5602970043  -0.0529174472   1.8421786926  -0.1409639409   0.4533952262  -0.0154978821  -0.1318790884  -0.9947831326  -0.4138022730   0.7682849109   0.8548461917   0.2743800387  -0.1841302994  -0.2178798282  -2.0084031585   0.6467899759  -1.1094035899   1.9467351212  -0.8387687352
 1.9884731166  -0.0424016067   0.0938251686   0.0826281084   0.6949977850   0.2430020664  -0.1504923385   0.1527478854   0.5227893807  -1.1364653712   0.7593170002   0.4455300875   0.1627901480  -1.0309349504  -0.2029757037   0.9668100773   1.5549071187   1.2813789911  -1.8541394835   0.5943086363   0.7530603865  -0.0396921217  -0.7501674968   1.1638969089  -0.0725630922  -0.2665863149  -0.1554471846  -0.0815662630  -1.6262153079  -0.0117678998
 0.3785390684   1.9606310675   0.1846263408  -1.0427422390   0.8338114663   0.4840173078  -0.4242101045   0.7857445938   0.4557181160   0.0325232724  -0.0680370041  -0.6012315743   0.8746681422  -1.2009731850  -1.5046667897  -0.4810186156   0.2264899426  -0.0273743354  -0.6985179894   0.8563908187  -0.7675793558  -0.7429938480   0.0735658958  -0.5484889420   1.2687379120  -0.0844825382   0.3978802542  -0.8316099774  -0.1049973459  -2.6704733081
-0.5799944927   0.2531295299  -0.9793249839   0.7591079448   2.4654871059  -0.3778862059  -0.1973775687   1.6508005158  -0.8419340589  -0.2329403710  -0.3335343231  -0.1720613153  -0.0297817908  -0.2171934266   1.0681014470   1.1202677865   0.6827221957  -0.4138410108  -0.5150988530  -1.2279175961   1.6232518137  -1.0417420577  -0.1834928956  -1.3452085028   1.1028191589   0.7516286961   2.2009731270  -0.2169343373   1.3792593727   0.9473361122
-0.4209974502  -0.3336560494   0.7349127186   0.4664524327  -1.5303069215  -1.1061615835  -0.5713926033   0.9252638814  -1.2200337012  -1.5341794324  -0.8708596600  -0.8046219933   0.0359857555  -0.1725258336  -0.8257275638   1.8430560537   0.8194933399  -0.6574341403  -0.9410723189   1.4354003091  -0.1414470161  -0.6240918214   0.3749933499  -0.0364921267   0.5919229914   0.8415057703   0.4163650945  -1.5096935880   0.5231913074   0.3110686066
-0.2561500014   0.7860833877   0.1577936996  -0.5126699200  -0.4770055843  -1.0064570801   1.6072397037   0.5105162754   0.3598790650   0.8730555994  -0.2724474323   1.2545099440  -1.7754065580  -0.4250112545   0.4752734640   0.1118421999  -0.8767418184  -0.5997567170   0.6114875072  -1.0134201985   0.0371412358  -1.5573568720   0.5866641346   1.6690057015   0.5409599451   0.1991940879  -0.8176872034   2.7138481643  -0.4632587008   1.2092183762
-0.6986324972   0.4553669761   1.3777376659   0.0605281747  -0.0968124351   1.1212185224   0.3422713783   1.4045129768   2.6036990450  -1.6758156952  -0.5663293800  -0.1170970066  -1.6239425865   0.3474608116  -0.4664729872   0.3906428458  -2.2420531652   1.3201980571   1.3253254527  -1.0695838213  -1.2146443343   0.1785589232   2.0817186103   3.0814115533   1.1748557901  -0.1077240659  -0.1830668877   0.0977845907  -0.6841082645  -1.3376012509
 0.5071643345   0.3646562241   2.1033796752   1.0683372078  -0.9461077774  -0.1489592677   0.2411162020  -1.1770004114  -0.0206498574   1.2713413850  -1.4776354477   1.5509640393   0.4049216077  -0.1821703875   0.5174962626  -0.0390812669   0.2989839263  -0.0502897289  -0.4783877251  -0.8668651494  -0.4880365638   0.3456480694   0.9589190447   0.9394221010  -0.0448296183   0.1490602543  -0.5248969125   1.0113512180  -1.4149428033   0.0789475264
-0.3470237440  -2.1447128850  -1.1507712718   2.4742297833   2.0064652586   0.2535367041   0.6921003161  -2.3188584345  -0.1316401566  -0.0972057874  -1.1342995524   0.7846139838  -0.0409395447   0.1947843684  -0.1678179300   0.1286985448  -0.7414733689   1.1419639076   1.1449511111  -0.9646241526  -2.9040050130   0.7463472508   0.5794761374   0.0073074733  -0.0091809078   0.8881911066  -1.5838781303   1.8974706806   0.3837680551   0.5928662742
-0.4431404020  -0.9497587817  -0.6988864625   1.1195031959   0.5647877282   0.8571583683   0.1422424347   0.2813037917  -0.5948808394  -1.4013326705  -0.6828475456   0.5446424993   1.3666246142  -1.1071503305   1.0562995536   0.1959524286   0.5632172407   0.1449310600  -0.3278330719   1.0998301708  -0.0056717282   1.4880803190  -0.2396330655   1.1179945196  -1.1052240315  -0.4791249029  -0.1851002192   0.5710275576  -0.5554013522   1.8066797014
-0.7558288552  -1.4370466041  -0.2914441197  -0.4992470476  -0.9324236901  -0.1309342809   0.6488914341  -2.2147573704   0.6086022393  -2.0215811535  -1.5818890467   1.1689592375  -0.9223847678   1.0344837091   0.7703147927   0.3326715702  -1.8853898519  -0.6892701733  -0.1190883476   0.9736426903   0.9843322638  -0.8651785128   0.5029297741  -2.3018484475   0.8461233053  -0.2574779897  -0.7582626253  -0.0583381951  -0.5475955987  -1.7871532729
 1.6098042547  -0.5995305009  -1.8725090161   0.0490015184  -1.6085556889  -0.9580798773  -0.5246280680   0.4041390523   0.2897150852   1.3240086624  -0.6193611302   2.5908049758   0.4333061450   0.3498810354  -1.5298163720  -0.6421031847   0.5306154328   0.7506240536   0.4731158205   0.9975329932   0.1714699858   0.2037341486   2.1445694764  -0.4578890576  -0.7537553895   1.3262239020   1.2918286140  -0.4106051330  -0.7252153104  -1.0779687841
s2
-1.3770777966
 1.6473146367
 0.7289349440
 0.8091653162
-2.1763532449
-0.1077388318
 1.2570022861
-1.0889869837
-0.2469145063
 0.8960894481
-0.1552760629
-0.2695005168
-0.6900405832
 2.4493162139
-0.0210812784
 0.7776471360
 0.5996677043
-0.5714076691
-0.7252985300
 0.0188572089
 0.4916513613
 1.0899844245
 0.9430137152
-0.9454903999
 0.6529206127
-0.4979481474
-1.3108946293
-0.7986532209
-0.7667877903
 1.3337165639
w3
 0.7443002490  -1.1551482624  -0.5409552412   0.2268554877   0.0819003542  -0.2401361076  -1.1659642045  -1.5298479258  -0.6473084481  -1.2952171655   0.0005278698  -0.1240354577  -1.2917099123  -0.3155864666  -0.8293006147  -0.0020320478   0.8122458526   0.9655445865   0.6191503355  -0.1300588164   0.7744955762  -1.1371400217   1.1543207275  -0.7207018307   0.1473195210  -0.6453850392  -0.8141024725   0.3176839032   0.3320035875  -2.2000564800
 0.9019252060  -0.8970863221  -0.1098823569  -0.9911265045   1.2161855655   1.0061458791   1.6024223562  -0.1955613461   1.4541076439   0.0011250987   0.2809384996   0.3459704853   2.1551745972   1.2644159202   0.8611257174  -0.1821697630  -0.9567649170  -0.5324833305  -0.1336805828   0.1659030007   0.9624792841   0.7087469908  -0.1643193854  -0.1515014749  -0.5936723595   0.9219522772   0.7564060623  -1.4522318198  -0.8804950628  -0.3131500943
-0.2852937583   0.2969857453  -1.4568591970  -0.8796674339  -0.8536311077   1.0013777426  -0.4282534415  -0.2384549405  -0.6238073932   1.2064964011   1.0153618490  -0.2052196769  -1.4001532266  -1.1166856313   0.2782603250   0.1813054376  -0.4791329524  -1.1793106067   1.8363620424   1.6485128426  -0.2604355293   1.5703057269  -1.3834211470  -0.1645880128  -0.5099503636   0.2148294898   0.4211205146  -1.1520846859  -0.5748076339   0.9698811195
 1.4718890916   1.7399997306   1.4175883244  -0.5603420900   0.0151033553   1.1931758281  -0.8491132809  -1.7666982503  -0.7255713139   0.9346329297   0.9888419114  -1.0118238758   0.8695357628  -1.7497781899  -0.8276864028   0.5154080080  -0.2276520638   0.1679192962  -0.6345932851  -0.2453387948  -0.3528928906  -0.6916217397   0.3228889390  -0.0688047070  -0.3375812394  -0.1717895085  -0.1724789458   0.2372121668   0.0135358369   0.7127145222
-0.6593338866  -0.1960847964   1.4477219264   0.0170258442   0.1694988215  -0.3059852278  -2.0842648018  -0.1821129186   1.5125155309  -0.2512561511   0.5689104393   0.2444867676   0.4356682877   0.2376435930  -1.0865952411   0.2802381691   0.1922405318  -2.0574865671   1.3733635058   0.8240057024  -0.5615952206  -0.0380559541   1.3762653732   1.3094341161  -0.4953888261   0.0744363044  -0.0948633755   0.0432160892   0.3354583523  -1.2839208769
-1.2960158521   0.5015463388   0.6280526062   0.0009241621  -0.6856113716   0.1672486446   1.2703202570  -0.4750597353   1.5036380238   0.1907165322  -1.2151690309  -0.1534837094  -0.3499300748  -0.1857885429   0.8987048450   0.7212286030   0.3441420976   0.0188923081   1.5185137450  -0.3927620938  -0.2356347780   0.2738573601   0.6464702736  -0.2779171451   0.2630580237  -1.5417561132  -0.1864352289   0.4428052424   0.3408420984   1.6163060470
-1.3497425495   1.7471631659   0.1871515597   0.8073844804   0.0548034725  -1.8017072287  -0.3754324441   0.0143239658   0.8532008538  -0.5616958466   0.4561652075   0.4889968176  -0.9263910247  -0.8841345806  -0.6484787837   1.7099413826   1.3113942649   1.7142851374   1.7102002902  -0.2278800177  -1.0650241785   1.5541087913   0.3229081045   0.4782510626   0.6926210679  -0.3340662786   1.4293671638  -0.8626732804  -1.0211758477  -0.4327648469
-1.2765853728   0.6380830750   0.7040875232  -0.4354925453  -0.1726999430   3.3830098361  -0.2240932008   0.4431432526  -1.4402002377  -0.5272352506   0.3068961472  -0.6124985665   1.2890707081  -0.3791738313  -1.1106815524   0.5272258789   1.0057707941   0.1554434303   0.5034673347   0.2628300073  -0.0788605909   1.1293759394   0.0851425622  -0.5916787490   1.6303815918   1.9838629828  -0.2937947256  -0.0972157159   0.5272078167   0.4457606789
 0.4724925993   1.0453151344   0.2672239604  -0.6968439080   1.5876778849   0.1224274217   0.8201144337  -1.1177373579  -0.5680075706   0.2009168450   1.1017035570   0.2266559000   1.1322568755  -0.3943873219   0.4231892468   1.0074915969  -0.9781099408   1.9750947686  -0.6501510520   1.2147512617   0.2096082041   0.6886446596   0.8538425035  -0.5064649643   1.2511780066   0.1890519494  -0.6000470768  -0.1031247790  -0.2606796580  -0.6837498561
-0.7888187038   0.1628474072  -0.4096277520  -0.0503721101   0.5069703941   0.5101571171  -0.4076311502  -0.9886249845  -0.6425311152   0.6200999209  -0.8955414719   0.0857165908   0.4828850900   2.0949964427   0.7010235492   0.8778503562  -1.6841271545  -0.6244725328   0.6058380489  -0.0987267931  -0.8177720985  -0.6954146607  -0.8130681834   0.8715851725  -0.4454253311  -0.8460904892  -0.4057624672  -0.9877290177  -0.5733311591   1.2216521948
 1.3170605765   0.6176323119   0.0594997235  -2.1032183893  -0.5447244018  -2.5931215719   1.2639913260   1.0818553919   0.7483270704   1.5634116077  -0.4236922434   2.2420047766   1.3138962085   0.5823706143  -0.2309360029   1.5315024012   2.3543566115  -0.0254906285   0.9982041949   0.9038445780   0.6022039861  -0.0404308670   0.0326391757   0.2647998388  -0.7985519368   0.0029166264  -0.6635549487   0.0235413261  -0.2283072227  -1.3795766494
-0.1026656469   3.0440079895   0.9217929278  -0.2672351146  -0.9375443579  -0.5573239477   2.9442803168  -0.3865510848   0.4003811805  -0.2495320666   0.9910829484   0.3367855842   0.5431768347   0.4037086357   0.5594230965   0.2277404854  -0.5027261420  -0.4757082773  -0.1338478241   0.5708012198   1.5932450407   0.4586700741   0.8655617799   1.1242403791  -0.1530086635   1.0056174159   0.8038413697   0.7082139212  -0.6980697017   0.5683838034
 1.4959796902  -0.9358312433  -1.4587237664  -0.7400195108   1.0684035311   0.1665001866   0.9476443169  -1.0116509105   0.9077893831   1.5928349329   0.6763460007   1.0777412068   1.8421091912   0.9994836596  -0.5952198805   0.1890236948   0.0170614390   0.2917711928  -1.3430670301   0.6210876551   0.0283053673  -0.1584022204  -0.1858238506  -0.2159276421   1.2145937560  -0.5754978148   1.6438093467   1.3794393443   1.5075706052   1.7168736034
-0.0010310287  -2.0245157271  -0.9135567943   0.7159328779  -0.8325772933  -0.3313546265   0.9044946471   0.4747937216   0.3412924596  -0.8837789259   0.0006504309  -0.3802775519  -0.5234859257  -0.8121763937  -1.1717136500   1.0808884209  -0.7262151376   0.4595872362  -0.1673528866   0.5705666109   1.5820016552  -0.1451844853  -0.0755398932   0.8284195894   0.5599317822  -0.1419224943   0.7975073545  -2.4585568692   0.8360989472   0.6986353149
 0.1540220953  -1.0734822076   0.8267338764  -0.6030848426   1.4844074491   1.3722810857   0.7190753509  -0.1432046862  -1.1387896836  -0.1983289264  -0.5537253972  -0.1677605275   0.2527853894   0.4900919287  -0.8854927352  -0.3103002267   0.0664603998   1.3106888354  -0.1215642939   0.2056658812   0.2556791601   0.6312524251   1.7582443434  -0.4486032747  -0.7880598672  -2.0328831821  -0.0379999072   0.7023242535  -2.3639794531  -1.1827865985
 0.3950754105   0.2989552132   0.3294532907   0.0104878271   0.3681037642   0.6221491553   0.6098063376  -1.1878623648   1.4061677010  -0.5968988246  -1.1326310392   0.2652551971   1.3544161020  -1.4027690707   0.8257356583   0.5081058924   1.7676121519   0.9529363156  -0.1794907280   0.4060544327  -0.7599564428  -0.1320123430   0.5577834396   1.3559219729   0.8569991403  -0.0763949790   0.8303608866  -2.9434546375  -1.2687434193  -1.2200571309
 0.3980655620   0.6128785472   0.0134514829   0.4862828081  -1.0510016723  -0.3096477707  -0.5165732659  -1.7615365814  -0.4645513720  -1.4929637429   0.7740785046  -0.1131100797   0.5270383498  -1.2508829219  -1.4112858315  -0.0391923307  -0.4007979350  -0.2344832154   0.2543965772   1.5950779734  -0.4097154070  -0.5028444215   0.0844990812   1.7779127273   1.6658639146  -1.4431436806  -1.6018749600   1.0084322359  -1.3383632392   1.4446041765
-0.7117838606   0.2584335464   0.7211654704   1.2123939587   0.2475643460   0.2311663503   0.4679000064   1.1021160378  -2.8427200998  -0.0937562409   0.3795297369  -0.0532116024   0.2145405673  -0.2612967674  -0.5309393353  -0.4527581562  -1.0494111873   0.9915215748  -0.5803767653  -0.5285481064   0.8840831208   1.0219352754   0.6224364865  -1.3334785925  -0.3273888185  -0.8993622975  -0.7291024644  -2.4559297238   0.0305668782  -1.4965953169
-0.0066774669  -0.2260963904   1.0239687975   0.0460366543  -1.5809338190  -0.7630878638   2.6399282120  -0.1475017366  -0.4217041951   0.9784893383   1.2681312912  -0.4102821632  -0.2682442067  -0.1164096471   1.2300130548  -0.0775285147   0.5337400413  -1.4194303999  -0.4016228591  -1.2688553641  -0.6164612053  -0.5953349968  -0.5382498905   0.7871424276   0.2870299542   1.4849398748  -1.0774797987  -1.2973065451   1.0210939545  -0.9479080944
-0.8127507373  -0.8407245489   0.5421129493  -0.2180253082  -0.2020551882   1.7323048531   1.3748655044   0.1102045265  -1.1377370243  -1.8542588806  -0.6322067054   1.0871761040   1.0995100200  -0.7026684773   0.3656553058  -0.0827502611  -0.1838758509  -1.1052015244  -1.6371017982   0.7391929260  -1.2673889479   1.6800340381  -0.0956591945   0.1568871597   1.6039473438  -3.2285860240   1.2073936875  -0.0966180018  -0.4644559658   1.2622030020
 2.0380876171   0.5339276152   0.0254482305   0.8776616957  -0.4142632544   0.2767602991  -2.1148695969   0.1868072538  -0.9227640411  -1.1708517446   0.5048906174  -0.4359462407  -0.6021452319   0.3220160648   0.2691502439   0.7192830026  -1.0408504146  -0.5571657671   0.4660339776   0.1812196798   0.6879022339   1.8851540404  -0.0607792543   1.1601227512   1.4566548200   0.7418861321   0.3332775709   0.9315585576  -0.0111630018  -0.0520602314
-0.8665764201   1.5248978291   0.2939695130  -0.1902775307   1.1952128363  -1.7645917472  -0.6023015863   0.2576023865   0.3826605747   0.0805112574   0.5389729067   0.2036648961   0.6038267508  -0.9132704918  -0.9088514284  -0.4517662198  -0.3578866741   0.2730136910   0.1600322597  -0.4305063446   0.0205943851   1.6987226376   1.8169927654  -1.0689145378   0.6937229243  -0.4011324136   1.0900474081   3.0660774472  -1.4781886421   0.7684818311
-1.3217898869   1.2881544330   0.0082586861  -1.5139733980   0.1033539558  -0.1748437516  -0.1795432510   1.2837041829  -0.6454572690   1.3798659468  -1.2200154248  -0.8996375469   0.3931832282   0.5910499416   0.7651993910  -0.3990827763   1.1523025272  -0.1582869874   1.4281470775   0.9176261521   0.7940371319   0.9982275291   0.5355563656   2.1148265341   0.7577392997  -1.0802922979   0.2702782746   1.3629216230   1.6618672482   0.0364598030
-0.0592947456  -1.2005284548   0.5911285111  -0.7735098490   0.3108592113  -0.1774444946  -0.4437335205  -1.1197818526   0.6562263200  -0.2999317246   0.7080402419  -0.1820807461  -1.4070918643   0.7288202771  -0.2783056861  -0.2348722944   0.5049865673  -0.3199559422  -0.1190913129   0.7783603053   0.8158006756  -1.1128038475  -0.8501852810   0.9670927107  -0.4546824095   1.5399526189   1.8812524677   0.3803610653  -0.1753705429  -0.4686727994
-0.1213893580   1.0384419642  -1.3485957427   0.2444980510  -1.0360964393   1.2951880654   0.0796880901   0.7918298474  -1.0207369840  -0.4712152841   0.2403735379   0.2181844732  -1.7192861562   2.5021126874  -0.8411788461   0.2091955189  -1.4282765327  -0.7410210220   1.4242226791  -0.0208811711   1.5079436106  -0.6150343151   0.2679645075  -0.5547805296  -0.3848955204   0.7566946180  -0.1291107478   0.2731969639   0.3052429314   1.3209906286
-1.7487275105   0.0027221475  -1.2430572740  -0.1497910160   0.3551315371  -1.4474094929  -0.5115052678   0.2454145078   1.1340746067  -1.6599476543   1.6330138068   1.2246181485  -0.8652582672  -0.0254681690  -0.5925458211  -0.7134285401   1.1980121076   1.0710005802   0.3077941901   2.3971367418   0.9006717498  -0.2245689713  -1.3656252746  -0.2977314430  -0.8424895796   1.0285308068   0.8461664478  -0.8649712623   0.3537590546  -2.1621985354
 1.6818678322  -0.1157437343   1.4765139253   1.1747158287   0.5921651185  -0.7040649500  -2.0048966929   0.6145495195  -0.9767261594  -0.4887411862   0.1704327114  -0.0246474684   0.5655473867  -0.9781661140   0.1833134550   0.2818169880   1.4353144875   0.0328830467   0.2714835236  -0.0396782928  -0.2058451455  -0.8605837121  -1.8876489341  -0.7150660310   1.1606744503  -1.1087636856  -1.1553420554   0.8990881018   0.9514602005   2.0121179328
 1.1257370695  -1.0568472405  -0.9995282123  -0.4497228545   0.1760310416  -1.4179736661  -0.7468547871   0.1943704059   0.9002704158   0.2645761413   0.3185048547   0.1314305303   0.5034153202  -1.0302652512  -0.7020514229  -0.3179219215   0.5843138455  -0.1838078485  -0.1133704349   0.5996595251   0.5833487525  -0.6140935731  -0.0842131744  -0.4078454469  -1.0740861140   0.7882266738  -0.0504171588  -1.5407505045  -1.7399358367  -0.2606928524
 1.4307596978   0.5256934490  -0.8526802042   0.5141808264  -0.4612666519   0.8818112831  -0.5646586421  -0.7366145257   0.4355442142   0.3665018065   0.1096865896   1.1320746956   0.5484118816   0.5986442003   1.1969468265   0.5340153920   1.3105881982  -0.5835097583   0.6948437355   1.0306508111   0.1184115989  -0.1027407327  -0.6858404073   0.1392902283  -0.1347813997  -2.0564543878   2.3059967171   0.8865388556   0.2890958951  -0.2155082636
-1.0347261610   1.3616116943  -0.2647021218  -2.4854206237  -0.9237862950   0.0533059527  -0.4522486632  -0.0647177086  -0.0137543459   0.8423824970  -0.3711074603   1.6893542406  -1.9434762203   1.3218966780   1.7175334135  -0.3361929656   0.0352596998  -0.7046716752  -1.2526775344  -0.8131899937  -1.4817604355   0.5267791696   0.6349925574  -1.7047345534   0.0808448815  -0.4982402030   1.7766520923   0.2169402658  -1.8510157684  -0.1780350211
s3
-1.3877979267
 1.6499130716
 0.7214477408
 0.8055998025
-2.1875594457
-0.1042995567
 1.2587962794
-1.0882746457
-0.2448038769
 0.8915748165
-0.1530333076
-0.2690711899
-0.6891325632
 2.4659420342
-0.0294447588
 0.7677305371
 0.5894274918
-0.5756791018
-0.7319961554
 0.0140218229
 0.4746096903
 1.0905431007
 0.9540697125
-0.9418231777
 0.6622207688
-0.5098408327
-1.2908771571
-0.7954865127
-0.7674123518
 1.3169691809
w4
 1.0345037606  -0.9720371470   1.1906614940   1.2697759178   0.8565306663  -0.1850982755   0.1102741489  -0.4802712197  -0.3101991699   2.6209947171  -0.2216217242  -0.5351360058  -1.2869035728  -0.3396260763  -0.0543185813   1.0873360559  -0.3917578439   1.3778297047  -0.8782528797   0.0218125615  -1.4733851562   0.1533121371   0.0159473093  -0.7384781194   0.5255647332  -0.2680901458  -1.6048243087  -0.7918887923  -0.7420372096   0.0925922190
-0.2806485869  -0.1567528610   0.9068873715   0.4309070792   0.1397595683  -0.9401717626   0.2178292047   0.2506683642  -0.0987313510   1.0352123696  -0.0746802226   1.5373106438  -0.9133753307  -0.3689736371  -0.7148852146  -0.5904121776   1.0096412478   1.3994550502  -0.2738330242  -0.7197962620   1.1896685099  -0.5524436277   0.5225479464  -0.6057909670   0.6575348007   0.2920812960   0.4850745491   0.8928390808  -1.6196054272  -0.0548700159
-1.0896355865  -1.8532445953  -0.6041781208  -1.5959534148   0.4787694954   0.0060870291   0.5415003681   0.1686508442  -1.3475880228   0.1445308342   0.0233073731  -1.9359973731   1.1196207793  -1.0789851140   1.2101239759  -0.8249912239  -0.6288486934   0.9726665822   0.5436161573  -1.0037199172  -0.5194000451  -0.6570517189  -0.3411805781   0.9862394689   1.5959399260  -0.9458532978   0.0079784967   1.1241093094   0.1539558335  -0.0620568754
 1.4226183722  -0.6275875985  -0.8704455742   0.1939481630  -0.0260903880   0.1427736256   0.0425024178   0.0313478402  -0.2475733317  -0.7101425794  -0.2658412622   1.6716734580  -0.9925178445  -0.4838342501   0.6814233836   0.2300883258  -0.4353711785   0.6403799100   0.4731936539  -0.0071064148   0.0414931449   0.0425422592  -0.7795852901   0.4548059099  -0.1467828760   0.4292613349   0.1143824582  -0.3297211420   0.0231035303  -1.9719159367
-0.1020433018  -0.6518767923  -0.8175301912   1.0258856625  -1.3595527268  -0.6134454172  -3.1346255439  -0.3612665489  -0.6345629731   0.6404762485   1.1149931100  -2.0650968724   0.9236687107   1.6796260927  -0.4227297785   0.7645233891  -0.4403071145  -0.3109293746  -1.1056029536   1.2998815827  -0.3546088269   0.6560070400   0.3984868223  -0.1847406416  -0.4190764685   0.4944622230  -1.0077176328  -0.5797830091   0.7574256184   0.4740462110
-1.0026533260  -0.0017722246  -0.3259130775   1.1138789439   1.2727007114   0.2754729684   1.9900076566   0.6691241191  -0.8645211447  -1.2781365647   0.1773803332  -0.5746537719  -0.9203478259  -1.0378356944   0.9923399129  -0.8739407628  -1.5312981189   0.5630513371   0.2944498705   0.6663098762  -1.3347314086   0.9633095410   0.3619601086   0.2881475101  -0.5066225944  -1.5838984266   1.3409122056   0.2303720343  -1.3151249627  -0.4107809688
-1.8483487021  -0.0614494037  -2.3424577947   0.7282883650  -1.4969137469  -0.6973425470  -1.9984464232  -0.5761409528   0.8641655871   0.4405895325   1.0747199708   0.5663882442  -0.6349874978   1.9402003840   0.2097042676  -1.5728366330  -0.2888134258   0.9833761608  -0.5495494225  -0.8421237037   0.5887417484  -0.0806501188   0.7070087307  -0.6525421375   1.6295469140   0.2243641373  -0.3524462859   1.7527631304   0.3399737275   0.9001097450
-0.9984009397  -0.0681705854  -0.0546918100   0.8698512216  -0.9807073846   1.4349020524   0.4275415706  -0.6574935282   0.9007677998   0.9705185193  -1.0563204135   2.0318546222  -1.2505903380  -0.9124402330  -1.3704057496  -0.2972042235   1.0295160070  -2.6308983289  -0.5872589904  -0.9085640166  -0.2323217644   0.1878447912  -1.2151887660   0.6845681324   0.4548496127   0.7456086022   0.1440681355   1.4359545241   0.2315686072   0.7257283019
-0.6460312818  -0.2537913299   0.8825134237   1.2142574457   1.0624743993   0.8329741250  -0.3431052245   0.2482291720  -1.2766909345  -0.0211738333   2.0431737653  -0.1595268645   0.0405432038  -1.4969936618  -1.7512616166   0.3749279720   1.2016583474  -0.8916968701  -0.5693966935  -0.0707648842  -0.1120458116   1.0068105294  -0.3371094489  -2.2835661399   0.8167082116   0.0252167987   1.1520864417   0.2152385811   1.4645984990   0.0194153857
-0.7015139942  -0.0560741726  -0.2305260767  -0.8151930786   0.4572687981  -0.6081578203  -0.4415401117  -1.0009508028  -0.4765908025   0.1369231090   3.2814735156  -0.2009870562   0.7164799392  -0.7267798822  -0.6949445093  -0.1177528739   1.9956111981  -0.3753276956  -0.5557725401   0.6267733807   2.7413800556   0.0464812829  -0.5738895662  -1.0294761327  -1.0304448839   0.2324774032   0.5137021629  -0.1226048326  -0.2846083738  -0.9306187287
 0.8160878728   0.2959060713  -0.4952786089  -0.7103622573  -0.8445484732   1.2969727169   0.3160717497   0.8024106455   0.8991521173  -1.0983040641  -0.2025967937   0.3212954098  -0.2297020319  -1.9274596674   1.6560849745  -0.1337591756   1.1010417178   0.6005867427  -0.1071583266   0.4432351856   0.7933434206   1.2196566708  -0.6165580846  -2.7217499918   0.1143940095   0.9592567774   0.4126319080  -1.0595297669   2.0071628759   0.1925461995
 0.7653423654   0.2943951719  -0.5673024017   1.1321230856  -0.4734823069  -0.9870227218  -0.1303938529   0.1966809191  -0.8676721898  -0.0577864989  -1.4385659729  -1.8063674835  -0.0444522231  -1.3063684534  -0.1854637288   0.6094248118  -0.0898180004  -0.0916908038  -2.6589525600  -1.0350262404  -0.5269540275   0.6320046914   1.2898920750   1.5703688928  -0.0283215999  -0.2261382588   0.1610510382  -2.1704393504  -1.5538904577   1.8562596741
-0.5592058279  -0.6942910728  -0.6766310073  -0.3189257659   0.4908417880   0.0432929504   0.1690000163   0.4062687020   0.4521767822   0.8763232516  -0.7983431493  -0.0781938516   0.8932586713  -0.6320708820   1.5180193628   1.2149301526  -0.9954707035  -0.9995512039   0.6803069429  -1.1636666458   0.2052623844   0.7644983208   2.2271154234  -0.2009420023   0.1641848472   0.2981779610   0.1895906407  -3.0621561400  -0.1572864726   1.8477598086
 0.5926307149   0.0364596282  -0.3298019703  -0.6015584511   1.3966783900   0.0032328996  -1.4191623559   0.3088002566  -1.2944947369  -0.5197487919   1.6393361110  -0.1454240400   1.9027116370   1.0883019838   0.0614065615  -0.5462463007   1.1859878441  -0.3251671735  -1.6982047277  -0.5809081043   1.5779789736  -0.2769400786   1.8577196556  -2.1021462475  -1.8750062201  -0.7199341637  -0.6396388010  -1.3361370710   1.3517499137   0.9003372882
-0.0889960537   0.7231455151   2.0744047799  -1.2688129982  -1.8504346417   0.1909748627   0.3273195976   0.0344938179  -0.6674343362  -0.2021691195   1.7285033204  -0.2669147394  -0.5345734580   0.5666413988  -0.2682125664   0.1689703287  -0.6230750335   0.2872310255  -1.7717776397  -1.5798026900   0.3124181655  -0.0398254678   1.4883733543   0.4968844450   0.2213786960   0.3382988314  -0.8731803697   1.0947338993  -0.8586512483  -0.9997579804
-0.5761259385   3.2694774431   1.2613205288  -2.1015673898   0.6702160261   0.0117111906   0.6105963244   0.8630142124  -0.6658519600   0.1020089213  -0.3620786515   0.8013741418  -0.6014498332  -1.3686420193   0.7088245258   0.0389951952  -0.0926114635   0.7151360026  -0.0888783109  -1.4337121742   1.3427961463   0.5230520798   1.7812944698   0.7145456051   1.2090978049   0.0812571435   0.7405210498  -0.0677406399  -0.8723519173   1.8319310948
-0.7592143123  -1.8060373904   0.0418516205  -0.0044740586   1.9662935930  -1.0360790473  -1.5177551518  -1.2056047515   0.7183443786  -1.8754643978   1.9964001973  -0.1164420354   0.3991826236   0.0430265827   0.2160594143   0.3354685928   0.5956222637   0.8877589888   0.7093259253  -0.7203978826   0.0594543867  -0.1755931553  -0.0435640560  -0.3405934054   0.2792910690   1.9397960061  -1.4827903200  -0.5589297377   1.3472733258  -0.6933771255
-0.3190785633   0.1991425919   0.6109438001  -0.4859199830  -1.7188051000   0.0760386087  -0.5826029098  -1.9598527070  -0.1757622554   1.3058883027   0.5087495006   0.8899584969   1.0587089714   0.4424282741  -0.3504109464   1.4137963259   0.2087211327  -0.2023147464  -1.0809290438   0.4716289377  -0.0681565728   1.7819610744   0.1390592528  -0.1586397913  -0.3178239953  -0.6688208294  -0.0658219104   2.0541505826   0.5970925573   0.0492640294
 0.6232658958   0.5051101371  -1.2294646070  -0.3529817447  -0.0930636609  -0.0778130993   0.1948306112   1.2444548822  -1.8348350879   1.9154450891  -0.1788509784   1.9464689837  -1.7929519907  -0.4049514195  -0.7199471780  -0.3458382500  -0.3284048490  -0.8060930575  -1.0473071922  -0.9911279746   0.1694338625  -0.3083006161  -2.0786456010   0.3943911284   0.2888556585   1.2015471493  -0.3762989872   0.7252282176  -1.4885111056  -0.4162052825
-1.0260919584  -0.7776217764   1.2019653066  -1.3098912527   1.3547925942   0.4793385998  -1.0202822094   1.7428862404  -0.3773907462  -1.2675789829  -0.5278887599   1.1009512426  -1.0623933702   0.7098490517  -0.1900244508  -0.8293216057  -1.9921929236   0.5034950279  -0.8854147062   1.2038919554  -0.5387572647   0.0014890560  -1.0256520080   1.6228886488  -0.6200336404   1.3463451775   1.0725946353  -2.5946276386  -0.4681026651  -0.1332483985
 1.2781191486  -1.2981192733   0.7756898011  -1.5170429027   1.1820147647   0.4233843217  -0.3856401688  -0.3457121125  -0.3919984486   0.9615262092  -1.0465159496   0.5355591830  -0.7646682170  -0.2278132517   1.5227378292   0.8351229008  -0.3021689150  -0.3035143823   0.2941913587   0.7316786327   0.3014698255   0.9110014763   0.3414141124  -0.2305202102   0.0087711983  -0.9154333798  -0.6761260269  -0.9793236837  -0.7142738836   1.5546186786
-1.9444635029   0.4831065623   0.4469322678  -0.1403712395  -1.5695994208  -1.2815344794   0.0212208799   0.9128945750  -0.7919712352  -0.8281800184  -0.7600515602   1.0711490782   0.1895810793  -0.3722180433  -0.8229787342  -0.8972998549  -0.7527589539  -1.2003490879   0.3957274029   0.4186956605   0.8542423016  -1.1648334272   0.1356971607  -0.1678460965  -0.4769774007   0.9559121150  -1.2964709561  -0.6527328744   0.5645174765  -0.9180865115
 0.4298114441   0.4834802024  -0.2336253074  -0.7703881852  -1.0527538243   0.7925128441   0.1932165109   1.5848388276   0.2297617375   1.3655188155  -0.0716424505  -1.7239603009   1.2962413882   0.8400339332   1.2080575431   0.8879583799   0.3362506490  -0.9541392054  -1.5954380949   0.1928897340  -0.8946892578  -1.0306825289  -0.2256041079  -1.6625755242   0.2999190790   0.8648688645   1.2089222278  -0.3972659660   0.0962960347   0.9795637573
 0.2454806173  -2.8604999321  -0.3779286151  -0.6202320411  -0.9026150397  -0.9706915271  -2.1029225107  -0.4146798569   0.2548170778  -0.6483179897   0.7325229352  -0.9153066838   1.5085799358  -1.3075867273   1.5896776923   0.0695427251   0.5838104002   0.0846109492   0.4617567300  -0.0434242613   1.1569901873   0.6663204801  -0.9010398596  -0.9535006318   1.2288529532  -0.2365932251   0.1336731377   0.3593836004  -1.8129907637   1.7145863708
-0.9065287241   1.5132837329   0.6958855368   1.1302847024  -1.2709123268  -0.7472035352  -2.4612130001   0.5159858970  -0.6219917384   1.0278093683   0.4643053825  -0.2426788655  -1.2192077810   0.0943403265   0.6598951137  -2.4384421010   0.1366715041  -0.2920897900   0.0430914438   0.3194779751   0.3085594267  -0.1049098467   1.7946977977   0.7288427452  -0.4384945259   0.2978634613  -0.1893927465  -0.2887834935   2.7332174337  -0.0965443862
-0.7941752989   1.1200180215  -0.8124533756   0.7981619880  -1.9770878850   0.6195118163   0.3048758142  -2.9340436219   1.2837230408   1.3824215774   1.9313957725   1.2619189225  -0.6022045776  -1.3448398425   0.6373811417   0.6853147035   0.8189037839  -0.8163797341   1.8969552663   0.1638467958  -0.5239700664   0.9821682189  -0.4668860734  -0.9854300105   0.2272033753  -0.6906121105   0.4310579363  -0.9136229507  -0.5535233757   0.8467189730
 1.5236471551   0.7471817002  -0.5253555724  -0.1947973711   1.1533681595  -0.5885849375  -0.3794926493  -0.2633268499  -1.1114946184  -0.0501447116  -0.4126945296  -0.3590320987   1.2773665940  -0.8173260619  -1.9386848249  -1.6440044455   0.6290592740   0.0999018186   1.1033623359   0.0519823875  -1.2895524337  -0.8708676903   0.5425180291   1.4634112430   0.8689970046   0.1301794901  -0.3885568529  -0.9892919674  -0.7621628438   0.0674300857
 0.9005736612   0.8449805428  -0.2812690000   0.4283707597   0.2169557579   1.4575701607  -0.1250378960  -0.3313439696   0.9355633144   1.9831228997  -0.2412661973  -1.3173423599  -0.9940325878  -2.1748375571   0.5370188720   0.0113236170  -2.0027176708  -0.4204010800   1.2069685099   0.8009042138   0.3908629619  -0.3987528980   0.2802663143   0.3955268654   0.2227402206  -0.8826227443  -0.7251937252   1.5798377223  -0.6327803139  -1.5337322713
-0.4391588301  -0.6596706804  -0.1399169777   0.0022781971  -0.4104989499   2.7493600881   0.2253792312   0.9737425017   0.0583041331   1.6140918062  -0.5355296447   1.1331565669  -0.2772263498   2.0842013501  -0.9209435650   0.3509808985   0.1256208006  -0.8739895781  -0.0002654031   1.1801369290   0.8666189172   0.6949868420  -1.2499928706  -1.2239907804   0.3293886508  -1.1044773107   0.7095746838   0.4849936502  -0.8724660214  -0.1432246959
-0.2351164669  -0.1704060297  -1.0471214534   0.1853705852   0.3935834180  -1.7449074373   0.3225877767   1.5602220305  -1.5270287704  -0.2987270519   1.4559466032   0.5580704711   2.2715510160   0.7827506540  -0.7424387407  -0.3843804129  -1.1356869985  -0.3178858773   0.9698144695  -0.8851103910  -1.3569420103  -0.9593001212   0.2766896895  -1.2987608470   0.7048216367   0.6243329981  -0.8442050579   0.2711851653   1.3367348875   0.3664864149
s4
-1.3884699666
 1.6492084083
 0.7293936372
 0.8076983887
-2.1764755442
-0.0928352015
 1.2750302448
-1.1075621750
-0.2437204964
 0.8870204978
-0.1556464722
-0.2701611636
-0.6972710083
 2.4494492093
-0.0112885190
 0.7711426226
 0.5597371258
-0.5784499728
-0.7265919466
 0.0178774275
 0.4197030033
 1.0626303148
 0.9459986034
-0.9422670612
 0.6399777388
-0.5071143970
-1.3088191544
-0.7956764838
-0.7665410592
 1.3448979144
w5
-0.4794508122  0.2548923593  1.1073083999  0.4277794527  0.8511148636  0.5544384789  0.6575918016  -0.6375172000  1.6870991893  -1.3958349832  -0.7436110152  -0.6690011172  -1.6113985681  -0.0076010014  0.2853227219  -2.2568409589  -2.0200959906  -0.3518445308  -1.1229216552  -0.8133999361  -1.7808554542  -1.7401452196  -1.5554182266  -0.1895640099  -1.2922995989  -0.3576087639  0.5809883496  0.0640481434  0.2971687959  0.6854542570
s5
-1.2578262485

