layers: 3
str: {2,30,1}
w1
0.1159545962  -0.0820070670
0.1163453115  -0.0818872053
0.1218238607  -0.0881028937
0.1154652360  -0.0801023409
0.1132622461  -0.0848379914
0.1157428583  -0.0807110257
0.1199211247  -0.0857064837
0.1272306908  -0.0935858034
0.1150533358  -0.0802998806
0.1115406796  -0.0823280980
0.1160500085  -0.0798115704
0.1143262116  -0.0802504066
0.1169370103  -0.0820988543
0.4019043477  -0.3976334772
0.1298527130  -0.0966491175
0.1159915681  -0.0810974933
0.1129951019  -0.1094667151
0.1160475665  -0.0809775435
0.1222077330  -0.0965973142
0.1162108868  -0.0805101634
0.1166821484  -0.0825598366
0.1161250009  -0.0804924390
0.1153296082  -0.0799857132
0.1159672611  -0.0804493872
0.0146060271  -0.1081516001
0.2275970594  -0.0775169623
0.1159396715  -0.0799675077
0.1167454869  -0.0833979513
0.1124150212  -0.0824585593
0.1158126646  -0.0800843804
s1
-3.0412808109
-3.0417374274
-3.1677749845
-2.9913938099
-3.0916718781
-3.0096055286
-3.1248863939
-3.2493684039
-2.9980014789
-3.0562679359
-2.9812755606
-2.9972604212
-3.0462066776
-4.3557555445
-3.2898406503
-3.0204815948
-3.3764395523
-3.0151946277
-3.2506101271
-3.0030692668
-3.0584464493
-3.0026876375
-2.9878202142
-2.9998003816
-3.3264079941
-3.2349285970
-2.9865044774
-3.0770881667
-3.0586981015
-2.9904136227
w2
0.0662015163  0.0663172220  0.0797755168  0.0621442422  0.0693476054  0.0636038183  0.0750050402  0.0901209253  0.0623843071  0.0647222466  0.0617592058  0.0619278099  0.0670090483  -0.1341477449  0.0951206504  0.0645377910  0.0974560097  0.0642407207  0.0897651115  0.0633949722  0.0677870461  0.0633176550  0.0618176726  0.0630770452  0.0421269347  0.1362185982  0.0620640146  0.0693282728  0.0654050601  0.0622683769
s2
-0.2943978387

