layers: 3
str: {2,30,1}
w1
-0.1798813566  -0.0142174814
-0.1422436096   0.0679881234
-0.1434331370   0.0570198837
-0.1504756386   0.0650174830
-0.4809338271  -0.1377883161
-0.1805701337   0.0419800666
-0.1417581588   0.0606945716
-0.1403894202   0.0802623242
-0.1472862483   0.0642360644
-0.2233834230   0.2632298601
-0.1736524522   0.0355405195
-0.1633364105   0.1248548725
-0.1440258645   0.0500312356
-0.2007030165   0.0045375214
-2.5516920759  -0.4327393793
-0.1417300668   0.0550925945
-0.1638335195   0.1050566438
-0.1516595237   0.0348376531
-0.1678602236   0.0233885861
-0.1564604168   0.0238218002
-0.2049630596   0.0477861967
-0.2026844702  -0.0367582979
-0.1411589272   0.0545401581
-0.1531684923   0.0281900193
-0.1342423743   0.0794531680
-0.1734237991  -0.6008450290
-0.1421499170   0.0568246197
-0.1426155902   0.0500732123
-0.3865863610   0.5391538021
-0.3261647087  -0.1405939860
s1
-2.8908337914
-2.6619309395
-2.6727262693
-2.7023472216
-3.4365936106
-2.8504762873
-2.6514617622
-2.5799099697
-2.6919949547
-3.1072997906
-2.8245021703
-2.7888054881
-2.6693710933
-2.9526139436
-3.9240938942
-2.6566743553
-2.7875345700
-2.7098047239
-2.8100176340
-2.7601466900
-2.9408099480
-3.0026766249
-2.6600992623
-2.7210607814
-2.5046969750
-2.8558927157
-2.6510506826
-2.6837423905
-3.6959254806
-3.4393053250
w2
0.0602834836  0.0501226809  0.0467769741  0.0577440872  -0.1098390404  0.0499754551  0.0464603469  0.0501860090  0.0537694466  0.2239958935  0.0745480925  0.1055955911  0.0458949329  0.0438535416  0.5198278094  0.0445112540  0.0919421792  0.0509381050  0.0517145158  0.0494177417  0.0447976932  0.0506903297  0.0435129641  0.0512944828  0.0392276107  0.0425991347  0.0459405287  0.0433885212  0.4133494925  0.0115473529
s2
-0.4537302583

