layers: 3
str: {2,30,1}
w1
-1.6066016336  -0.9659030702
-0.2176079073   0.3279693957
-0.2176266639   0.3279599292
-0.2176807396   0.3279325948
-1.3893888664   8.0949742671
-0.2176031433   0.3279718029
-0.2175705470   0.3279882504
-0.2179730502   0.3277845879
-0.2180360123   0.3277526471
-0.2176707076   0.3279377908
-1.4937788712  -0.8806633283
-0.2322694039   0.3072228269
-1.8302453355  -1.1527940007
-0.2194034752   0.3270470494
-0.2180214731   0.3277600271
-0.2184176444   0.3275581329
-0.2176646091   0.3279408610
-1.6185712615  -1.2505944109
-0.2176320251   0.3279572298
-0.2179673926   0.3277874565
-0.2185639775   0.3274831784
-0.2179337583   0.3278045264
-0.2176166537   0.3279649868
-1.9751368597  -1.1857620614
-0.2175561480   0.3279959224
-1.5784745439  -1.1871080846
-0.2184269215   0.3275534095
-0.2181240172   0.3277079281
-0.2187268969   0.3273994038
-0.2179247702   0.3278090535
s1
-12.8254321122
 -5.3063330634
 -5.3068452243
 -5.3083236836
  6.9749195161
 -5.3062029842
 -5.3053136479
 -5.3163543675
 -5.3180929584
 -5.3080476826
-11.1419792474
 -6.6831925445
-10.6524616094
 -5.3567810493
 -5.3176911694
 -5.3287062849
 -5.3078810465
-10.0206376959
 -5.3069915803
 -5.3161983053
 -5.3328105361
 -5.3152707879
 -5.3065717921
-11.9460579614
 -5.3049159372
-10.1230575822
 -5.3289656174
 -5.3205288977
 -5.3374044316
 -5.3150234995
w2
1.3145156485  -0.6868803040  -0.6872203774  -0.6882031611  2.2110876951  -0.6867939591  -0.6862039735  -0.6935690267  -0.6947368620  -0.6880194571  0.6678403247  -2.7334346988  0.9307727909  -0.7213054010  -0.6944667773  -0.7019142191  -0.6879086549  0.8091854551  -0.6873175857  -0.6934643055  -0.7047120367  -0.6928422669  -0.6870387907  1.4708924924  -0.6859399333  0.7649613355  -0.7020906123  -0.6963768522  -0.7078585351  -0.6926765604
s2
-1.4383890531

