layers: 3
str: {2,30,1}
w1
-0.3463127852   0.5685780186
-0.1519365593   0.9017230008
-0.3897832346  -1.3131096004
-0.9683928109  -1.0433585458
-1.5770737369   2.2239777980
 1.4057037865   1.2387792947
 0.6503397198   0.3549584048
-3.6602704900   1.8155202750
-0.1741038530  -0.3993479309
-0.0307345035  -1.4524287404
 0.4690664057   2.5092591128
 0.0918900224   0.3737510892
-0.5230202890   0.8218183624
-0.0035483187   0.2113554108
-0.0685203473   0.0124383540
 1.2128881394  -1.3844109823
 0.0171095581   0.1231906911
 0.9080177197   0.6712967422
 0.3584883835  -0.3102754190
 0.2908351472   1.8565500952
 1.0152397172  -0.8775726674
 2.2042580521   0.2238274697
 0.9628594888  -0.3677353705
-0.1930207724  -1.6250046320
-1.0151477596   1.7691072893
 0.0240898909   0.1659670666
 0.0568019661   0.1337385656
-1.2243079998  -1.4012469990
-0.1518095632  -0.0803238760
 0.9383579373  -0.0639319315
s1
-0.4158460202
-1.3706715934
-1.3913495628
-0.9157475078
 0.4441266473
-1.2677405827
-1.3503154456
 0.0026766473
-1.6007604291
-2.0702370297
 0.0656625865
-1.7408194207
-0.8575453093
-1.4329222495
-1.5540207530
-1.0644587743
-1.6361584274
-0.1233153843
-1.0034498818
-0.2442685610
-1.5832058042
-0.1188117839
-1.2114469088
 0.1441366640
-0.0055936679
-0.8357216350
-1.1490563356
-0.8764349759
-2.1487199806
-0.8849776510
w2
-0.2154120527  0.0060593428  -0.7551921768  0.3675804194  -1.8106097159  -0.9342340703  -0.1976859566  2.4280320693  -0.2516180067  -0.3819446728  1.0971864493  0.0288560399  -0.4077340399  0.0596602560  0.0901903728  1.2951543656  -0.0675531549  0.0343469516  0.2193670610  0.5575166732  0.8399706402  1.0504780834  0.5861754287  -0.5441143229  -0.7421399724  -0.0060933224  -0.0059770145  0.8442494044  0.0053712492  0.4742439397
s2
-1.2735693259

