layers: 3
str: {2,30,1}
w1
-2.8866987129   1.7297975586
 0.1690779502  -0.0258720811
-0.5142166804   0.3369958054
-0.4650908100   0.3168773789
-0.5370086710   0.3457947244
 0.1742745294  -0.0291277041
-0.1669976270  -0.2345014212
-0.4752814632   0.3214887862
-0.5564295203   0.3525088784
-0.4734297516   0.3202842615
-0.5248348002   0.3410996367
-0.5519132180   0.3509926328
-0.5816318364   0.3620197642
-0.5743989455   0.3575613402
 0.0977950168  -0.0839227227
-0.3831215684   0.3271888563
 0.1663507062  -0.0291254270
-0.5322675715   0.3439851139
 0.1801762691  -0.0266356765
-0.5140951495   0.3368483075
 0.0025149601  -0.1423927805
 0.1475903878  -0.0495344451
-0.4856723537   0.3257020452
-0.5819748279   0.3601441750
-0.4931994809   0.3284547203
-0.5107463275   0.3355063247
 0.1309776844  -0.0521917329
-0.4883822401   0.3263861206
 0.2395164178   0.0095430655
-0.4751812989   0.3210022975
s1
-11.3468644788
 -3.6094712578
 -4.4239379960
 -4.1467058272
 -4.5759889446
 -3.7224172288
 -4.3280593496
 -4.2003875804
 -4.7209024087
 -4.1899283540
 -4.4921758997
 -4.6855732208
 -4.9709389807
 -4.8666842672
 -4.2681810990
 -3.9818712595
 -3.6657022450
 -4.5426297141
 -3.7112792817
 -4.4228607406
 -4.5211160680
 -3.9350186238
 -4.2566343974
 -4.9433427320
 -4.2982187016
 -4.4020243163
 -3.8945407718
 -4.2708925518
 -4.6474943410
 -4.1991770342
w2
0.8712134871  0.1085413377  -0.3900624975  -0.3298262392  -0.4280743825  0.1249799394  0.2848955639  -0.3408937259  -0.4682257109  -0.3386403178  -0.4065366553  -0.4580140718  -0.5566270678  -0.5120980005  0.2621070778  -0.3106246467  0.1141587680  -0.4193320602  0.1254449376  -0.3897456999  0.3851073558  0.1576565687  -0.3527003176  -0.5396218442  -0.3615408897  -0.3848618168  0.1266225495  -0.3556241745  0.4644064790  -0.3405467705
s2
0.1436088737

