layers: 6
str: {2,40,40,40,40,1}
w1
 1.5708487340  -0.4774090956
-1.7219561374  -0.4481407346
-0.6944102195  -0.4578338212
-0.1670177979  -0.4794241824
-0.6180200771  -0.6856492587
 0.2436443159  -0.9948406401
-0.3078763889  -0.2448107162
-0.7404683610  -1.0898946447
 1.5483867573  -0.4874169368
-0.4692371742   0.8314592338
-1.4344772657  -0.0147826660
-0.0868210367   0.9286232012
 1.6061832856   1.9338605738
 0.4496489876   1.6360650112
 0.1306575273   0.0381483862
-1.2121927873  -0.0627498693
-0.0991455062  -0.8260905752
 1.7451784136  -0.6614763619
-0.7105622413  -0.6910815460
-1.6508359128   0.0277696331
 0.8304360387   1.0328605598
 0.3115581827   1.5730035403
 0.2852826100  -0.7089281219
-1.6517690996   0.3034524327
 2.0919974780   0.0883412466
 1.2979742406  -1.2676675304
-0.3223483708   0.5406505877
 0.4822695663   0.7678368451
 0.9673586269  -2.1199966590
 2.7608619256   0.0349382672
-0.8506924184  -0.3505101255
 0.2234307019   0.5523646084
-0.5780222608  -0.0171212344
-0.3551757081  -1.4211191773
-0.7659053183  -0.0295033232
 0.1280105302   0.8305585521
 0.1242458612  -0.8829737595
 0.4913467961   1.4534342719
 2.0124505368   1.1433582429
 0.8449491175   2.1341134543
s1
 1.3228160875
-0.4696427209
-0.4641052024
-0.2705980165
 1.3723223823
-0.2065812150
-0.1987120153
 0.0228775310
-0.7651833572
-1.4582858721
 0.8779794687
-0.9978478207
 0.1729047398
-0.4503938611
-0.7978046272
-0.0646320000
-0.8568049673
 1.2535875426
 0.3166736261
 0.7073069991
-0.5646291703
 0.2906259021
-0.4124026335
 0.9104878757
 0.8816820205
 1.1071846770
 0.2423428357
-0.5578779651
-1.7608752522
-0.1370927032
 0.7003871982
 0.0828636364
-0.3630526761
 0.0276860409
-2.1116764076
-0.1987003309
 1.5391845289
 1.2475074849
 1.9660889235
-1.3541226578
w2
-0.4386322883   0.3698709494   0.1572716663   0.2959516639   0.4410771679  -0.5176194456   1.0744261487   0.4138339381  -0.1844875140  -0.1597143789   1.6394783568   0.3534992983  -1.1726297752   0.1979363086   0.6687760566   1.2744172495  -0.9810330217   0.8556473944   0.4021496666  -0.6605153988  -1.1939678300   0.0456634711  -0.0529902313  -0.8642986372   0.5445291795  -0.8615259135   0.9329597861   1.2465278127   0.2942314733   0.3108240767  -1.9883957199   0.0060323048  -1.3109798117   1.5599538350   0.9244315881  -0.4483230255  -0.9840090248   1.8600428313   0.3434259747   0.4909982930
 0.4450390126   1.2433504035   1.6454285344   0.8036708854  -0.3773055645   0.2404549045  -0.6757269494   1.2037850830  -0.9258605829  -0.9952960883   1.8696809319   0.5152889615   0.2099605680  -0.3538165322   1.1051105706   0.1963162172  -1.1988292113  -1.1136622125   0.0143156200   0.2269807993   1.2939057397   0.8078734084   0.1997339782   2.1851635136   0.1883905634   0.7142173959   1.7193661068   0.3829409947  -0.9960578307   0.6359049623  -0.1506384404   1.1726796874   1.2312908814  -1.1427109221   0.3795017701  -1.5961925046  -0.6555095646  -0.0843051959   0.0450990666   0.4637347588
-0.4306149895  -0.0540388347  -2.5564431116  -1.1781892690  -1.1556482171  -1.1339570275  -2.4725891243  -0.3711165078  -0.3374897728  -1.7646178117  -0.7251166530  -0.7216017522   0.8517261081   1.4113150375   0.0973480528  -0.9812024998  -0.1376864119   0.1205652427   0.7047429482  -1.2556598666   1.0302890874   1.0034686535   1.6583162827   0.8893202433   0.6985457381  -0.5866947796   2.5095882709   0.4890905458  -1.3401091228   0.9499475220  -0.3501235972  -0.3848913286   0.9804502851  -0.3207046624  -0.0193008044  -0.4623046417  -1.1270343714  -0.6122008770   0.8165838033  -1.8594115015
-0.2108004585  -0.4708198672  -0.0154483040   0.2102346843   1.3919998956   0.3662239813  -0.0130353211  -1.1536112054   0.3823651627   0.9000097624  -1.4929224535  -0.1551078001  -0.4746032220  -0.7034760514   0.5668302944   0.4593833204  -0.7156435697  -1.2650825600  -0.8428103337   0.1553280432  -0.6159716608   0.5262485070  -0.7709048831  -0.0513963335  -0.5157222922  -1.7230602175  -0.3350280875  -1.1416922714  -0.4783564613   0.0610389034   1.0158302262   0.5380140448  -1.3946539072  -1.2184018321   1.4263247877  -0.4966420341   0.9565649184  -0.3816628379   0.0521701307   0.8190736106
-1.6838471225   0.0238561125   1.1050773566  -0.0746676698  -0.9507795072   0.3521760714  -0.5888685103  -0.4322635674   1.4635524988  -1.4213823295  -0.1764827279  -0.2486674818  -1.4144252692   0.5716499039  -0.4452809389  -0.1117933280   0.5657919971   0.9466932251   0.3129320465  -1.5906857656  -0.3819769255  -0.0153355192  -0.3340075556   0.5230848379   0.1760382149   0.8663941753   2.3653800811   0.4666212627   0.5811108546  -0.8534881229   0.6324923383   0.6025551391   1.0870486761   1.4016132659  -0.7513070956   0.9202915313   0.0446136840  -0.2786328754  -0.5372970607  -1.5512209798
 0.9270533166   1.7889484723   0.3168630740  -0.4931953498  -0.7594034557  -1.4453461876  -1.4877384626   0.1344484586  -0.8453065631  -0.2404557025   0.8905125637  -0.4924093649   1.6973208653   0.2790356243   0.7018310011  -0.9973088783  -1.6853179736   0.1271731624   0.6959755159  -0.3494306707  -0.5387173289  -0.3011712414  -0.9722582008  -0.2073476873   0.6869027116  -0.1739203076   0.9001957174  -0.4567454087   0.6577837588   0.3575238965  -0.8393282889  -0.1966878322  -1.5425859023   0.3618622518  -0.3726304513   0.6659461911  -1.2175278543  -1.9072474100   0.2915968144  -0.1735714099
-0.7338163046  -0.3012229400  -0.2157884142   0.1529759076  -0.7281012445  -0.6718895867  -0.4776332626  -0.5419200403   0.0445304025   1.1465483600   0.2745978430  -0.8592637868   0.4615689746   0.6669651792  -3.3650365761  -1.0515990318  -1.8396473927  -0.9261881676   0.0380015076   2.1541861990  -1.1499156094  -0.3543907359   0.0967101564   0.7766911796  -0.5171003462  -0.5302048368   0.2005292770  -1.0939662592  -0.8996773593  -0.9433446006   0.7393842369  -0.5312189389   1.5055308697  -2.0531369906   0.6896600979   0.1718097894  -0.5017614671  -1.1843257464  -1.2287067921  -0.6482250121
 0.3587391866  -1.1824426890  -0.3617361945  -0.0675731572   0.3786314511  -0.6037540017   0.1746972463  -0.6764275226  -0.5474520975   0.6503442377  -1.3958583905   0.1994228962   0.2949050985  -2.1417564240   0.4783201895  -1.3875420378  -0.8743142405   1.1647209357  -1.2024589567   0.6090424317   1.4944130670   0.5476171094  -0.6275228526  -0.4416856129  -0.9324239434  -0.8830594868   1.6614760558  -0.1996302217   0.5710153195  -1.9214129084  -1.1993206084  -0.6552278041   0.5400699901   0.9606381789  -1.3147933465  -1.0829919978   0.7332843142  -1.2003984523  -0.9443201231   0.5104800549
 0.1416031099   1.0107149951   0.9259927265  -0.4730248993   1.0436290103   1.9592601676  -0.7817394433  -1.2255910390  -0.4606151048   0.4784644556   0.1091758589  -0.8263737923   1.4071772750   0.6962996235   0.1014633061  -0.5210653466  -1.6757572313  -0.9675950048  -1.0733290753  -0.3173317247   1.8129679850   0.2200103401  -0.4202391064  -0.2075057277   0.0309745142   0.5858696501  -0.5515572189  -1.9944446645   0.5934414791   0.8702743495  -0.9686358893   0.5752212599  -0.0883875349  -0.9920306816  -1.0835048319   0.2928707199   0.4597977758  -0.1457638323  -1.0395897734  -1.3701980056
-0.6028057504   0.0521945296  -1.2213353637   0.5684451895   1.4638988486  -1.9824487916  -0.7545944282   0.0559229992  -0.8089782163   2.8540765337  -0.6270355111  -1.1261060011   0.6094354286   1.1002736995   1.2597860017  -1.7896729452   0.7429437534   0.8644114360  -0.3137953964  -0.3368154679  -0.6486611804   0.7313029418   0.1699283653  -1.6944265645  -0.5268540389  -0.4703713972  -0.8636141810  -0.0541709462   0.9771047739  -0.0053494007   0.2514609957  -0.6681147502  -0.4628062360  -1.5090866621  -1.1732654188   0.6514066058  -0.6918261608   0.9705265371   1.2235477001  -0.4504027801
 0.1683997526   0.3149942253   0.0007833700   1.6449520406  -1.1469202218   1.7068482917  -0.2412961606   0.6980839417  -0.9470122470  -0.3896832329  -1.4822107949  -1.7383788650   0.0049950530  -2.2270291488  -1.7087688087   0.3255976905   0.4484541571   0.5849272478   0.0988293390   0.5343485685   2.2785632651  -0.9760053684   0.8017991615   1.0311940194   0.7604023617   0.1192770366   0.0132593216   0.2015269690  -0.4641647650   1.6116001228   0.7674630967  -0.1848274599   0.6761215695  -0.0963728774   1.3213551569   0.9792574816  -0.0385150013   0.3027638261   0.0770763200   0.7563822120
-0.9664389518  -0.5551826809  -1.0097428535  -0.4935753904  -0.5704139916   0.6243256696  -0.1604613082  -0.7662171012  -0.3137878990   0.2627133701   0.9322495170   1.9151527226  -0.5135304423  -0.3036809189  -1.2845853299  -0.1068966086  -0.3512479963   0.7447358731  -0.7270797773   0.7367203871   0.0831763185  -0.5796113404   0.0113383135  -1.5456686923   0.9773552893  -1.7916140124  -0.2154440131  -0.3811627308  -1.7926556409  -0.1869733769  -0.9023935652  -0.8403318795   0.9629385667   0.2454391989  -0.8105547989  -0.1898412784  -1.0890998564  -0.1657151127  -0.9947404590  -0.6731787108
 0.9272635655  -0.0314441683   0.5556899963  -2.1070909980   0.5771343737   0.1984047333   0.3584296363   2.0461539525  -0.6150942602  -0.5966827700   0.0580498487   0.4650928669   0.2491357455  -0.0975490344  -0.7162361890  -0.2444513533   0.1002458438   0.2453131897  -1.2522973198   0.5076848090  -1.4691538488   1.9413099216   0.9757249558   1.1088486671   0.5061586960   1.4620190240   0.0079503159  -0.4086240797  -2.3097885445  -0.7985235508  -0.1529375050   0.2614521070   1.4948182729   0.7072954777   1.5722273031  -0.7353759810  -0.0558530267   0.8718429610  -2.4327128027   0.4309209742
-2.3018845092   0.2633062130   1.2404283396  -0.3784706166  -0.8969765306  -1.4076352137   0.3610360039  -0.0367081028   0.2534944319   0.3869547083  -2.3596613514   0.8732383376   0.2475162138   1.6253400069  -0.0175527774   2.2265491163  -1.8434681155  -1.0674358131  -1.1344679775  -0.7862730710  -0.5280926106   0.4912270137  -1.2420505448  -1.2449315262   0.9577002835  -0.1705640232  -1.2829090188   0.8963548277   1.5542258329  -1.8076222815  -1.1084505096  -1.0779110209  -0.6714917222   0.0943320169  -0.1495221448  -0.3860182323  -0.3139216647   1.0744408228   0.9437281029  -0.0771929142
 0.8641507357   1.0923150787  -0.5804347742  -1.8820678956  -1.5187705614   1.1673169541   0.1189818243   0.4760596371   0.1814390245   1.0181496007   0.3749679926  -0.5268568742   0.2956641899  -1.4366014165   0.8924208999  -1.2729400801   0.7530235348  -0.4656219891  -1.8577337008  -0.8091208413  -0.9291687947   0.4961159195   0.6865936708  -0.6288587059   0.1101394509  -0.1826804449  -0.1347476264  -1.0851406147  -0.5671469576   2.0869418380  -1.9216164478   2.0299578170   0.0184321770   1.9755450690   0.3167787743   0.2992405206  -0.8071952318   0.0928217436  -0.4806165132   0.7961367081
-1.6601170639  -2.0663504888   0.3858133091  -1.4593862739  -0.1926649209  -0.1312017149   1.4412073540   0.6794306250  -0.0041118166  -1.1678153346   0.6517997474   0.0481214896   0.1592032106   0.7815410489   1.0509162050  -0.7567896085  -0.9229924091  -0.4258762786  -1.1767184981  -2.0909093095   0.2757492707  -0.6703906335   1.3086485119   0.4389510335   0.9517201862   0.9947310898  -0.4140222093  -0.3029107062  -0.0760657099   0.4033557980   0.6679879273  -1.3941357356   2.5385345739  -0.3965870580   1.4063930968   1.2271813311  -1.3186115163  -0.7703206192  -0.9159578696   0.0492780061
 0.0447760063  -0.6589661677   0.2084874802  -0.5073677480   0.7014330477   0.5545735894   0.7326058080  -0.7886088472   0.2204748022   0.3231553106  -0.4203168105   0.0625573234   1.2016108803  -0.5827736653   0.8308446825  -0.2624436460   0.3965191920   0.2963542070   0.8746552572  -1.8445203608   1.0800290443   0.3690820395   0.6707291391  -0.1978917654  -0.1723697273  -0.4677761004   0.3890211615   0.3604021667   0.0364611753  -0.0275354519   1.2009001933  -0.6904417594   1.2913049217  -0.3864846979  -0.0454826712  -0.9445678497  -0.5180327428  -1.0546116639  -1.5261974269  -1.0693949695
-0.0654666652  -1.2049892094  -2.8022825921   0.8991264762  -0.2717214647   0.4075522480   0.1852270702   1.6791081357   1.2192192790   1.9009904232  -0.9153219972  -0.6939532853  -0.8808132038   0.7109985024  -0.0816533561  -2.4288092242   0.0393804614  -0.0640756032  -1.0223853736  -1.3985496067  -1.6823519253   1.0866890858   0.6107836719   0.9979381397  -0.9389692201   1.6376728564  -0.1515546677   0.3909850811   0.8687278501  -0.5885860080  -0.7744502669   0.3074639872  -1.5691098185  -0.2267366826   0.4788260691   0.5757468097  -1.3384228963  -0.4003833805   0.4123231514   0.8897561285
 0.6388675947  -1.0410390931  -1.3807757199   1.1333917656  -0.0525207901  -1.2673407730  -0.7929681152  -0.7469509333  -0.8351863892  -1.1558579395  -3.4079315900   0.7106112411  -1.4934321092  -0.0042851938   0.5671650854  -0.5111269976   0.1364388390   0.0752450841  -0.3113764444   0.3194330200  -1.0908853282   1.1235391777  -0.5527251096   0.9515783083   0.9680402954   0.4779443322   0.1173350494   0.3384376147   0.4116001916  -1.0446513041   0.4535970411  -0.1527839445  -0.5727413717  -1.4253894442  -1.1634062306  -0.2187670735   0.8437147575   0.5072962764   1.7411851015  -0.6598716257
-0.2567864647  -0.6834973566  -1.2880463805   1.0760566511  -1.0064952806   1.1103675873   0.9556761132   1.3009293253   0.4040748353   0.5440767166   1.2953640979   1.2699782861   0.4476351786   1.4280003670  -2.2795703578   1.1370467092  -1.2795660304  -1.9583939467   0.0833655319   0.4006068241   0.8666613259  -1.2533096966   2.7854466296  -0.5608553941  -0.5053485740  -0.6156693706  -1.2288236751  -0.3227285471   0.7969272969  -0.8103312772  -0.2280636528   0.8243286674   1.2729614529  -1.0963390659   0.9248537983   1.0398238418   0.5790083374  -0.9336568938  -0.6565233780   2.0062219017
 0.4632814354   0.2113058621   0.3614134730   0.4099323364  -0.1955786869  -1.0046226125  -0.7151930064  -0.2757004755  -0.1390114197   0.3015501005  -0.0953843972  -0.9998254627   1.7943507395   0.2788987376   0.1968921063  -1.0541246547   0.0294788453   0.0600972131  -0.9617555544  -0.4463431230   0.1160875084   0.6081811973  -0.5840471423  -0.9539617363   0.2383374717  -0.0062683459   1.3792625135   0.8288222235  -0.0500758616  -0.5526437144   0.3127295840   1.8222434110   0.7029173170  -2.0638058511  -0.3483897469   2.1047491815  -1.3720679850  -1.1045780232  -1.4685541329  -0.8607349925
-1.4527554104  -1.5303194468   1.7547768593   0.8917250590  -1.2602243325  -0.6824569252  -0.8462543465  -0.6050938468   0.9382846552   1.6078707256   1.4514778625  -0.1081387211  -0.8425071223   0.2703096167   0.2095325210  -0.4501457383  -1.9067313317   0.5194582446   0.5164699037  -0.8586066027  -2.1190076957   1.8387327045   0.2813359094   1.0592468435  -0.2009669042  -0.0450693937  -0.2161853042  -1.9485005902   0.6725955675   0.2635540998   0.1081003240  -0.4745057390   1.0438556496  -0.6758799379   0.8915380294   0.9139919916   0.5940472743  -1.2948744229  -1.4599011598   0.1454225958
 0.0868586663   0.2559284408   0.1591155706  -0.5234299512   0.1801661659  -1.2064588002  -1.0378191572  -0.1228706378   0.6108883188  -0.6253054743  -0.0293040385  -2.3466521415   1.1097802547  -0.6932102868  -0.0952854450   1.0206903097   0.6956461444   1.0381680497   0.5154944747  -0.7674616568  -1.0355667833  -0.7765858936   0.3221793756  -0.3466406113  -0.8677574758   0.3834923238  -2.2857062673  -1.3375535659   0.7357482415   0.4299444906  -0.9332880349  -1.0437509757  -1.3311071556  -2.0195965317   1.4666387796  -0.5363510343  -0.6213666911  -1.1818867272   0.6041925828   0.3875269327
-0.3605538634  -0.4586637100   0.1458309764   1.8057187442   0.5779204686   0.1130492743   0.0704423726  -0.6946285867   0.6102393060  -0.2846649765   0.2834454197   0.6000941493  -0.9942947186   1.5976075231   0.6233014550  -1.0848996206  -0.2463289214   1.6896988848   0.9533486250  -0.0823442344   1.1061769250   1.2228640731  -0.5705241780  -1.1566415570  -0.5080776726  -0.9385653599  -0.9688514373   1.6551693761   0.2229152545   1.0919995326   0.4285292480  -2.0287100982  -0.8750076212  -1.7413561908   0.3637293363   0.4078267120   0.2037735919   0.4336799073   1.8069745383  -0.1854031753
 1.1696169501  -0.1787962903   0.6375941201  -0.6699178273  -0.4653334293   1.0918493176  -0.6659081598  -1.3860911902   0.0909774309  -2.9733707752   0.1165018888  -0.6329957288  -0.2052320077  -0.4114724363   0.1313906133   0.5083033826  -0.3219703391   0.8053762502   0.2028451044  -0.6724208886  -0.6756711397   0.1257705626   0.1225716276  -0.2992286795  -1.3813546303   0.1424148988   0.5866187214  -0.5631923409  -0.9556094110   0.4724111535   1.0951332010   0.5883035317  -0.4234688411  -0.1727613741   0.2077376155   0.5582980772   0.8988400082   1.6136366777  -0.3807475944  -1.3769564121
 0.1964174320   0.0502318556  -0.7739402554  -1.6871656870   0.3183588073  -0.7890144129  -0.3745929073   0.4542183110   0.0577095432   0.7705495852   1.3885610439  -0.3790294371  -0.8508595754   0.0160328536   0.3077905536  -0.6948421838   0.6140449839  -0.6241358062  -1.3797629744  -0.9573210689   0.5209381935   0.6382007524  -1.6453510383   0.8705058029  -0.6868813196   0.2268640511  -0.0906980438  -0.1058605549   0.7286171331   0.6767025395   1.3651620483   0.9176150418  -1.2082538685   0.9128062255  -0.9604020971   0.6684185631  -1.5337771823   0.4673309765   0.9174209814  -0.8200081493
 0.3096412883   0.7896865886   0.6598444617  -1.2036893545  -0.7482048108   0.3337405473   0.6504802717   0.8337284833   0.9291665923  -1.0531294691  -0.7610943444   1.9391053226   1.0510283903  -1.3759057842  -0.2407112976   0.6533927160   0.3079686230  -0.9454142083   0.2883624026   0.5540809137   1.5476896514  -0.4894071251  -0.5534126432   0.1985462692  -0.4811653975   1.8109852179   0.1071118958   0.5228534702   1.3907587432   0.6259644208   2.0507985518  -0.1097041873   0.4644742740   0.1234340003  -0.9822917403   0.3316096925   0.4296819098  -1.7595873586   1.3862198473   0.1076049733
-0.8591480521   0.9339576136   0.7445964449   0.2554613574  -1.9739450429   1.0398133202  -1.8163090897   1.2790020095   0.4930135965  -0.7669376967  -0.0205908217   0.2855367641  -1.5928799012   0.7275138368  -0.6867770496   0.1232036941  -1.2807915420   0.6040495045   0.7300844322   0.3708034553   0.5389887379   0.3175165165   1.4243688228  -0.7178920746  -0.0193666717   0.2424053569  -0.8215363122   1.1520721317   0.8651802216  -1.7879801309   1.7599499131  -1.4838012263  -0.0403386317   0.1365507516   2.0007830572   1.0333878987  -1.3668369732   0.8111123520  -0.5069071951  -1.9672981016
 2.4042355434   1.4312649370   0.6156629322  -0.3078922361  -0.1145127741  -0.2504958042  -0.4260097417   0.8279568007   1.3434277159   0.2724376299   1.0322493775   1.4772779705   0.1157996003   0.0302263096  -1.3297331592   0.5185289555  -0.8678720286  -0.0384545306  -0.2763361158  -1.0486242174   1.0737518806  -1.1872218238   0.2203665718   1.2677930542   0.6775026204   0.0618046810  -0.7130911847   0.6787474411  -0.8394577765  -0.0565734638  -0.0657844357   0.2588656546  -0.6805153487   1.0676902406   1.1138942783   0.6172788893   0.8496342363   0.4374267511   0.5144405846  -0.4849889811
 0.3163641114   0.6380550418  -0.5114877775   0.4316917217   0.4879090545   0.7685020050   0.2245566264   1.1723864682  -1.6444769331  -1.3893060707  -0.5544903242  -0.5507083931  -0.2005526278  -0.1932543377   0.2381558453  -0.4633954426   0.1163599099  -1.6320746713   3.2201332288  -0.1653669709  -0.1081388143  -0.5605781056  -1.0787929218   1.3614175166   2.0487374048  -0.8609047663  -1.1043998477   0.5879848835   1.4523116686   1.1693656607  -0.0688945745  -0.3706797694  -2.2267800398  -0.5364328194   0.6993755229  -0.1840590314   0.4326242918  -2.0724460364   0.6639956690   1.0784510880
 1.3829917548   0.0995493306   0.3811567611  -0.4989797384  -0.1332605069   0.3224823323  -2.2963306832  -1.6949838832  -0.3202912890   1.6035813018   0.1330215194   1.5954248790  -0.6738715263  -0.1400947182  -0.7465881492   0.2015794521   1.8417038014   0.8181584731  -0.8449749297   2.2575936564   1.6173238951  -1.7192064157  -0.1915606398  -1.4279511119  -0.4383668269  -0.9383984306   0.6893755037   0.0365685348  -0.7656708697  -0.7628991170   0.9631997288  -0.7301962178  -0.3610272342   0.7818415004   0.5937103537  -0.6972625368   0.6791707687   1.1849469382   0.6765429755   1.2432724302
-1.1339692607  -1.0049696222  -0.5025744728   1.3277740544   0.9755629890  -1.4493272937   0.0845844354  -0.2453349618  -0.3352257652  -1.7107144538   0.5186255149   1.4343456328  -1.0746093462   0.1335398782  -0.1168053108  -0.5587395440   0.4238517182   0.7727455409   0.1924570206   1.1255790241  -0.5732469072  -0.4794710293  -2.0236861799   1.2332125391   1.7912534404  -1.3017519126  -0.1468029792  -0.5804724575  -0.6632423405  -1.0528133741   3.1030890191  -1.4054012859  -0.3281061064   0.7867290289   0.1013539495  -0.0618818983  -0.7592303188   0.2884066404   1.1457336684   0.8075833576
 0.4498380140  -1.1889585286   0.1278467597  -0.7847158377  -0.5232223554  -0.8832896067   0.2494196227  -0.5382369864   0.3397727971  -1.5866449721  -0.5314567294   1.3537486711  -1.0418673120   1.2403088921  -1.2878106766  -0.7670207765  -1.4467924339  -0.1311627282  -1.3828667597   0.0860705604  -0.5301116316  -0.3591947002  -0.2371802057   0.6245284320   0.2468522454   0.0836601175  -0.6734442453  -0.9667658818   1.8979615464   1.2153207938  -0.2312633741   0.7890228430   1.9945123336  -1.2811890092   2.8022716373   0.7050851095   0.7747867080   0.7973488467  -0.4524881770   0.0192788115
-0.2948547898  -0.0740535415   2.1902088069   0.9355462503  -0.4325254961   3.0304993109  -0.7527588456   0.4490189638  -0.8322459091  -0.5763135229  -1.1488257573   1.0010708345   0.8736372915  -0.5577217637  -1.1575826970   0.6880802412   0.3464283141   1.8461213915  -0.2840696131  -0.8085634936   0.9934019414   1.2393907748  -1.3132841806   0.7322627596   1.1955707910  -0.6259513100   0.6912332514  -0.6877663164   0.9595928119  -0.4443159893   1.0816743228  -0.8987687235  -1.2079264281  -0.4293863461  -0.5049644785  -0.0528348622   1.0911163443  -1.1766269488   1.6203059619  -1.6262022263
 0.9594013877  -0.5487727704   0.0662824750   0.1144345893  -1.3650428692  -1.2085376642  -0.2109037606  -1.0815738624  -0.3552763537  -0.1917051286  -0.9239823874  -0.7864148447  -0.1790203765  -2.2052752625  -0.4360599013   1.0198743776   0.3213105450   0.2240734906   0.8083207777  -0.5914185060   0.9209485978   0.1537911159  -0.8450633847   0.1320430034  -0.3251087900  -0.6027166890   0.5138575661   0.8237978958   1.1260695735   1.5524093098  -0.9793227291  -1.1561684408  -0.6144011042  -0.1876646429  -0.1430529655   0.0095654022   0.4419691536   1.6090572873  -1.2670895549   0.4428205238
-0.4427099791   0.3339430722  -0.3639998709   0.8970456401   0.2254330289   0.4809287763  -1.2471108926   0.4750893753   1.1046973584  -0.9778293858  -0.2061591447   0.2764152185  -0.2152289199   0.6676136281   0.0970891459  -0.2967060950  -0.8719407851   1.0876634944   1.0019233273   0.2818765371  -2.6653893079  -0.5883552255   2.1647987746  -0.1387229631   1.7849088124  -0.3160033503  -0.6687266935  -0.2125706065   0.0452853486   2.1815869081  -0.3022078520  -2.1567566686   1.1907497682  -1.7045208929   3.4226273547  -0.1787753754  -0.0182997978  -0.1756125117  -1.1380561697  -1.2437042014
 0.2483898282   0.3989947778   0.9589799455  -0.1672474282   1.5803010903   2.3821210713  -1.0404449513  -0.0889628420  -0.4464866355   0.1741244056  -0.1310924658   0.4043974985   0.9152204609   0.3992994094   1.3536181108  -1.5222077681  -0.9240744388  -0.7777943641  -1.0671050394   1.0309110970   3.0415865515   2.1062653034  -1.6335130441  -0.1057572818  -0.0168131536   1.0445525595   1.5500481825   0.3961462134   0.3650005516   1.6839708103   0.7279127837   1.4573575097   0.9953204725  -0.1101488670  -0.2537056144  -1.5185584727   1.0282112092   0.0412202843   0.5235998813   0.9906373987
 1.0692870044  -0.9737435739  -0.5118191842  -0.7631782339   0.7350287561  -2.2311676056  -0.4737269766   2.0467144102   0.0380414259  -0.2539489749  -0.5830081648  -0.2905533657  -0.8299697764  -0.8917945657  -0.8235421540  -1.4635716264   0.5953076875  -0.4489589327  -1.1146113658  -0.4131519527   0.0274096108  -1.4424227108   1.5094867047  -1.1963066330   1.0693523080   0.7959801980   0.2895120423  -0.7647252935  -1.0797722937   0.2388396206  -1.2357339104  -0.4587354411   0.6694908838  -0.0122381760   0.8752768899   1.1316964044  -1.3898754774   0.5592592161  -0.0884018588   1.6405341639
-1.0625084799  -0.3961359298   0.2920775729  -1.8958314748   1.3582247095   1.0699411449   1.4741194672   0.7294152015  -1.3926919120  -0.2680919114  -0.1220596665  -1.7794704551  -2.1900931246   0.6713798475  -0.5159074965   0.7270499186  -0.2030885064   1.2842219459  -0.5352072589  -0.4234723213   1.0758239815  -0.5329206988   0.2935519773   0.7268003413   0.0275790234  -0.6150837379  -0.5027660634  -0.1441048603   0.5526574356   2.2496318908   1.2070951943   0.2293662479   0.5728297523   0.4476230712   1.7581001767   0.3240107930  -1.5359384968   0.3217398168   0.0970670593   0.0310703183
-0.8771739201  -0.8197298422   1.0490699260  -0.3001573116   0.6997822165  -0.7394756764   0.2237511124  -1.4923479906   1.5615596655   1.3803816987   0.7104114575   0.3402824899  -1.0238966457  -0.4610582739  -1.6713095067  -0.5963613359   1.1474965743  -0.3720750228   1.6580498484   2.0934205506   0.6197163492   1.1587699530   0.4380693313  -0.8930978294  -0.4749466729  -0.4713044586  -0.1124554333   0.7345848182  -0.3365939335  -1.5407899978   0.9049572832  -0.0750887054   2.1212445319   0.8858255200   0.6310084029  -0.6812552246   0.6674596973  -0.8708461585  -0.9235251234   1.1773924670
s2
 2.1037414926
 0.9113849000
 0.2013172990
-0.5491933416
-1.7622713916
 0.0206834260
 1.2933807559
 0.0386589087
 0.9345508182
 0.7567635629
-0.6599734048
-0.3976137424
 0.6498808442
 0.9900829599
 0.6018140302
 0.6823999688
-0.9385378877
 0.3277346964
 0.6733437353
-1.3578111255
-1.9706142780
-0.3199175458
 0.7361987340
-1.6019867802
 2.4502387890
-0.0843160516
-1.0316657052
 0.5490495980
-1.0349821146
 0.5864121794
-0.5097930678
 0.5611766401
-0.7068954833
 0.0861254590
 1.3543694294
 0.9455769444
 0.8683161916
 0.6317977841
 0.0090557370
-0.2152714183
w3
-0.5717558459  -0.6107980315   0.9053342181  -2.6498206372   1.8690936088   0.6982992210   0.6971151066  -0.1330482744  -0.7853468223  -0.3270099886   0.0784592577  -0.0080129826   0.3914578259  -1.2205587859  -1.1324064844  -0.1527283402   1.1939036466  -0.8665923960  -1.6078024047   0.9502097877  -0.4769279748  -0.4287029985   0.4625010473   0.4990985442  -0.1866044819  -0.4140948113  -1.6639176406  -1.3024465354  -0.7853381301  -0.2226701975   0.3383066619   0.6098498643   0.8200476833   0.2389353894   1.2123708909   0.2615737988   0.4109165481   1.4577461644  -0.8107915695  -0.0479963563
 0.8667184832   0.5992595860  -0.0501212547  -0.3224324666  -1.0585891432   1.1008312205  -1.1683535177   1.2481937400   1.2406292903   0.9150671629  -0.2280473551  -2.7074265212   0.5826138136  -1.4573673425  -1.8620182773  -0.7821841117   0.5860075928   1.1468385321   0.2889545852   0.7113642792   0.1507852351  -0.2734971663   1.9593814453  -0.7163911379   1.4847362300  -0.7941335276   1.7576360034  -0.8559849739   1.4645793823   0.2383608148   0.2018635869   0.7972698425   0.4303939552  -1.0231295063  -0.2940602857  -1.0849087908   2.2480765052   0.8898209079  -0.2187839251   0.3304876579
-1.6177755631   1.7688762130  -0.3021878270   0.9204536786  -0.6838632328  -0.3987338430  -0.7131758240   1.8333495318   0.9874374402   0.0723633893   0.0133244694   1.0697362019   0.6183203399  -0.5867311129   0.0514037489  -1.1651737509  -0.5208745876   1.2728918896   0.6728346196   1.3080391774  -0.9794339743   0.8356687983  -0.5962898862   0.6221765860   1.3728993618   1.0207400188  -2.7333852394  -0.8623515385  -1.3085839024   0.3976527125   0.4612008941  -0.5458301843   0.4387507355  -1.2058262081  -1.0509739292   0.5112383988   0.3482629922   0.9784048437  -0.2364025565  -0.5594357647
-1.7911244965   0.4827168285   1.0040512531  -0.1726228144   0.8047105190   0.8537069938  -1.2070737288  -0.0672257892  -0.1988861903  -0.2123584270   0.1625385666   0.1880523773   0.5914045298   0.2603953575  -1.5739873149  -0.7868524228   1.1860961371   0.7809949874   0.5144790008  -1.7329941957   1.0598936437   0.7951977110   0.1479932627   0.9890626022  -0.2752564089  -0.7425926340   0.5491578433   0.1496465541   1.0482303091   0.7191700973   0.0592181635  -0.1706952605   0.5615729683  -0.3543299202  -0.3084915188  -0.5777117059  -0.5184041457   0.6551834415  -0.8425364916  -0.6515363230
 0.3972216617  -0.1351595937  -0.7525559233  -2.1460418467   2.2618990856   0.8277782544  -0.2402620219   0.1426270445  -1.7424637529   0.4373739293   0.1761776756  -0.7224510944   0.1700770951  -0.1091658397   0.0020920919   0.0909431658   0.6518158680  -0.1766835566   0.4678601682   1.1797432373  -0.7473644982  -1.1336529542   0.3152455978  -0.0978903980   0.3441295290   0.5104850100   0.4438833184   0.1154775434  -0.4302387175   0.7682675124  -0.0990965480   0.2388473091   0.4795487399   0.1149568371   0.4744437319   1.7133907277   0.7256667959  -1.7718360554   0.1225813413   0.9894121511
-0.8297764894  -1.0893417439   0.3006790227   2.1003765364  -1.1292106829  -0.6046425212  -0.9494297436   0.1168241962   0.5618980795   0.8127765996   1.2533945098  -0.4113891943   1.4313737024  -0.8628682915   1.1371069555  -0.8902160907   0.0688393760   0.6130063946   0.9207183245   0.1440751430   0.4393453491   0.6820964925  -0.1275351128  -0.2451883614  -0.8134505486   1.8287081248   0.3147879140  -0.9174704736   0.4025318247  -0.6613548219  -0.7950082358  -1.4226673259   0.0211592097  -2.0371906696   0.6493201435   0.6471581642  -0.9396980717  -0.2276790991  -1.3301055931  -0.0968047469
 0.9283241040   0.0629250376  -1.3097424353  -0.2613053510  -2.0935527858  -0.8242388888  -0.0063532002  -0.3098549594   0.0798867663   0.9899266200   0.1367729151  -0.0350919542   1.2456923076  -1.1919657020   2.5855450137  -0.4364765371  -0.6621037862  -0.3915056409   1.2492102284   0.2602252125   0.0034850984   0.2294738036  -0.5059408412   0.9963581576  -0.5972917216  -0.7268411620   1.0873827415  -1.0294799389   0.5969770067  -0.5302180488  -0.1668019750   0.0738620720  -0.1843511882  -0.8873600043  -1.2180316449  -2.0575962612   0.0031567832  -0.2706158420  -0.7845833566  -0.7582855406
 0.8516791676   2.1354176641  -2.1556605770  -0.2303595441  -2.5740480977  -1.3364768084  -0.5791509324  -0.5770442211   0.0971656668  -0.1215509536   0.3838515120   1.0653689301  -0.8818337863   0.1934625373  -0.1590353037  -0.2336392340  -0.0101839452   1.0002361955   0.0514917999   0.0621338689  -0.4097861782   0.7832469382   0.5488610953   1.1808724568  -2.2601717249  -0.0875958002  -0.9433829512  -0.8211039127  -0.5954426319  -0.7043138235   1.2859097485   0.7293442863   0.0051051082  -0.3188057451  -0.3035827024   0.6998268244   0.9484486237  -0.0700545923  -1.1082885697  -1.2682102897
-0.0496073676   0.9035927432  -0.7687507242   0.4283339798   0.2214916975  -0.3587339927   0.4419089133   2.1932352793   0.3253623410   0.6263204913   0.8275389304   0.5009984567   1.7301629792   1.7595718918  -0.4289036065  -0.4324358327   0.9787842617  -1.6636262026  -0.1405626853   0.2029089965   0.4271009555  -0.7288965114   1.1620451610   1.8073826543   0.9368832207   1.3892393663  -0.9247857128  -1.6734288410   0.7256014337   1.0009489682  -1.0439252901  -0.2955958854   1.8140414083  -1.3562203714   1.1447975644   0.5607951482   0.0519946374   0.0106295161  -0.5688413068   1.0852751084
 0.1959591941  -0.2006698881   1.2146849621   1.0765906316  -1.1422844602  -1.3753543115  -0.0155679618   0.0695266834   1.2695701607   0.2991420952  -0.2263078146   0.2801368321  -0.8117685486   0.5725790804   0.6377133846   1.1028199296   0.9439983398   2.5196512488  -0.0116413272   0.3432740078  -0.6133080091  -0.7045512495   0.0293076370  -0.1572486980   0.3450358319  -0.1946553663  -0.7170014528   0.3012888414  -0.7441656671  -0.0244050467  -0.1166669334   0.5752490525  -0.3356300445  -0.4692254487   0.4010044840  -1.3437009304  -0.3122375701  -0.2013052583  -1.2533097378   0.3486032242
-0.0236413567  -0.8718772563  -1.5965279702  -1.0319183840   0.9510467416  -0.6807270955  -2.7882231885   0.4068261062   0.8075678164   0.5996291525  -0.0079347759  -0.4306513407  -0.2069876841   1.3590801125   0.4451928857  -0.5395572732  -0.0481270481   0.3830643387  -0.7329061830   1.6124367770   1.4937571827  -0.2928870621  -0.5393387363  -2.1258866797   0.4470376769  -0.8493634843  -0.6420772134  -1.0237180014  -0.1026647813   1.3632445996  -1.6761275818   0.1899508517   0.7612385713  -0.4500030005  -1.4225997438   0.3720021610  -0.3590793924   0.2796106103  -0.1803950411  -1.2627334801
-0.7455270449  -0.5872394581  -0.2017258010  -1.2240212114   1.2431870622  -0.6833987409   1.1322492724  -0.3527363073  -0.0132445315   0.4832653961   0.4525205140   0.3086604801  -0.5572438840  -0.4239007383   0.5433832055  -2.7850325841  -0.6259820312   1.2641647100   0.4320788256  -0.8909791223   2.8407400344  -1.3766944573   1.1160825922   0.3064916192  -1.2325390092   1.0944873287  -0.0037912122  -1.3735111126  -0.2210160787   0.5619631028   1.0221473086  -2.1977462725  -0.5643467191   0.6244823332   0.1042168517  -1.8510672326  -0.6237602789   0.6667542025   1.1868574128  -1.2063292613
-0.2979776775  -0.3516161100  -0.1863798334   0.4820277350  -1.4339109166  -1.4274142699   0.6835948326  -0.3388007544  -0.9572015248   1.2029292877  -1.8123873781   1.2083455107   0.1016316705   0.7392047946   0.0390993165  -2.5791282077   1.6525855735   0.9652655893   0.5535133655   1.0666129780   1.4852790887  -0.7163214800   1.0726028565   0.0415642936  -0.6356046564   1.2023073040   1.3715376328  -1.5582017330  -1.1134011355   0.8350171778  -0.9427287578   0.2066755691   1.4949949485  -1.2485998405  -1.8216735978  -0.1251254185  -1.3355467414   1.0681679739  -1.4663608308   1.0311038612
-0.1525546877  -0.1512039323   1.8028691222   0.4252832377   0.4460181835   1.3083217526   0.9461647985  -0.0917929257  -0.3826905416   0.3261006003  -0.2305755537  -0.8084964693   0.4581547305   1.0084109139  -0.3570863535  -1.3175368751   0.9011365081  -1.5964429871  -1.3753589956  -2.0733685174   0.7116581034  -2.0871754773  -1.2781434795  -0.0803949194  -1.9868771134   1.2392451478   2.1321268890  -0.9248471919  -0.0600554613   0.0712500087   0.2422072396  -0.1565347696  -1.0727759608  -0.0748031365   0.6648136518  -0.3574969150  -0.7553520187  -1.5304045759   0.2734629500   0.2081995555
-0.5437615375   0.8839465462  -1.0162063908  -0.4514859873   1.0927477418  -0.9461779496  -1.1725997007   0.7346228472  -1.7503090615  -0.6740856691   0.6085513859   1.3188444820   0.8590669984  -0.3670900139  -0.9581115304   0.1885339620  -0.3128276638   0.6292320392  -0.8462030156   0.2049059062   1.5850777456   0.8868311838  -1.2763527057   0.6659936542   0.1698071493   0.8443101083  -0.1793422391   0.4402175056   0.6771745183  -0.2660554824   0.2505833749  -0.9188315972  -1.0656962575  -0.5326843005  -0.4190309033   0.1853549934   1.5684510077   2.4748884264  -0.0802002397  -0.3181646120
-0.0421149111  -0.1960464572   0.9528260119   0.7869564361   0.9055573789   0.1173720462  -0.6940438468  -2.0875226879  -0.8612756035  -2.0638857046  -0.6574453068  -0.2630098271   1.1806237245   0.7572230361  -0.1011807627   0.0479902198  -0.4817032208   0.6994692499   0.3292032290   0.6854752215  -1.4267201186  -1.3120306548  -0.6298741973  -1.2359528529   2.3603466201   1.2348795171  -0.6458407954  -0.4066026479   0.6041668437   1.0568971371   1.8729998306  -1.2020281244   3.1724033706  -0.5175959711  -0.9861747901  -0.4216993063  -1.1660409064   0.8555125810   0.8903977693   0.9323867386
-0.2151835618   1.2575887433   0.9868981920  -0.0262981898  -1.3461676372   0.8981957885  -2.1157155893  -0.0118443932   1.1469810306   0.8186565755  -1.3924850301   0.1622622420   0.9255280571   0.9743764820  -0.3676387604  -0.7491867641   1.5680279238   1.9468188699   0.4687070968  -0.4215347083   1.3527012027   0.6098387551   1.0383406059  -1.4408049297  -0.0248300607  -0.5684936171  -0.0044953756   1.7964927256   1.7051186289   1.6091589711   1.7095479930  -0.0888110044   0.4362743991   1.0208795823   1.3758722293  -0.0274783940   0.6841184643  -1.8440352630  -0.6617387601   1.2414726633
-0.1984352997   0.6818187492  -0.7276653737   0.5753870131  -0.8449030432  -1.3085983456   0.4096448878   0.5346315436   0.2224408396   0.3916180802  -0.2434062745  -1.0693264358  -1.5356829454   0.6983291259  -2.0308940653   0.4115322447  -0.1407736442  -0.4472744561   0.8766155997  -0.6051145219  -1.7848432115   0.5525526107   1.1880555309   0.0330650203   0.9374936868   1.5452122392   1.2461276614  -1.1522302490  -0.3328462540  -0.0923557798   0.7254814321  -0.6587323045   1.0062241279   1.3842294374   0.6019976796  -0.1525376561  -0.1314007450   0.5337717755  -0.4729146692   0.7494240336
-0.3672746402   0.3171412191   1.5342324917   1.1194581970   0.3871270537   1.3419940157   0.1882738411  -0.0987062143   0.2994688028   1.4356659836   0.2388720864   1.4491487564   0.1421922292  -1.7472699016   0.4836818947  -0.1033734538   0.4157896467   0.2163632991   0.9637545138  -1.3487621232  -0.2398965191  -0.4166647732  -0.1934300276  -0.6285771045  -0.9572837625  -0.4422260186   0.4255958034   0.0549552281  -0.0391146501   1.4819956495  -1.0948573973  -0.1926110274   1.3561833953  -1.1517973102  -0.0535160695  -0.8498887902  -0.4716608744  -0.1852641073  -0.6067864470  -2.5045354582
 0.2591653786  -1.6305133925  -0.9695018016  -0.4684707401   1.5347526088   0.6692820154  -0.0893338469  -0.9398857243  -0.2802328903  -1.9188827529  -0.0521443131  -0.7371029074  -2.2346229434   0.2726538962   1.4244561060  -0.2182758484   1.2018602024   1.8641531008  -1.1185301629  -1.6870123559  -0.0587495629  -0.7875236945  -0.1824947237  -1.2489051065  -0.5260278365  -1.3233810103  -2.8089610564   1.1978497505   1.1232631519   0.2252546332   3.5542405139  -0.5468333523  -1.6247228129   0.2964381517  -2.2329385487   0.3159964660   2.7968072633  -0.6495612817  -0.7592378911  -0.8551623578
-2.0523920811  -0.2889780684  -0.6193642604  -0.1602144863  -0.0919985975   0.4642926003  -2.2857416499  -0.6677939665   2.4446522608   0.4618476524   0.1126895190   0.1809443752  -1.2843351333  -0.2147878876   0.5007094286  -1.2327961934   0.1372980413  -0.3947890334   0.9655770172  -0.3914710496   0.7127135469  -0.7949487845  -1.1435732435  -0.6279637772   0.6373313461  -0.1413504735   0.3151726343   0.3887414232  -0.0210479203   0.7241535131  -0.7445825006  -1.5115357899   0.2191314690  -2.2740768439   2.0069525544   1.4699321236  -1.5689511145  -1.5702631880  -1.8470460654   0.4568197991
-0.3555404541   0.1383089202  -1.0552901162  -1.3039290731   0.5390385867   0.5193022312   2.1420468314  -0.7766316111   0.7497697032   1.7176246378   0.5494597306  -0.0854554719  -1.2590973037  -0.3491486614   2.6799092470  -1.5586694687  -1.0709002065   0.9163534897   0.4720552062   0.4666369655  -0.7242191458  -1.1950524286  -0.9345455130  -0.3970564206   0.5930952141  -0.2313065553  -1.2472476128  -1.8378006768   0.3912532179   1.7660928908  -0.5430462140  -0.3350132351   0.6307246317   0.3197905982   1.5476002491  -1.8727593279  -1.0107277416   0.2533286296  -0.6183552184  -0.0507049438
 1.6077140977   0.3302383122  -0.8713772332  -0.2305293132  -0.2097058761   0.9731040206  -1.3253468585   0.5161360746   0.1312817289   2.7701048511   0.5632761636   1.1678893367   0.5409242536   0.1158896319   0.1888309161  -0.5809191650  -1.4757302806   0.7567543640   0.8538809506   1.7931073640   0.0070142676  -0.8147625795   0.9027319162   0.4995488236   1.2204291340   0.0611392367  -0.3889519808   0.5063792520  -0.1902908753   1.0648901729  -0.1825750689  -0.2373789036   0.3496442856  -0.2907299351  -0.9388708775   0.0099219427  -1.8501526046   1.8433903755  -0.5271061657   0.1871091756
 0.9700536029  -1.2057973997  -0.7508177771   0.2914329253   0.6225950421   1.1846612663   1.2372136267   1.1018371880  -1.5112070468  -0.4556008016   0.5049082716  -0.4989852450  -0.3390845996   0.6575892047  -0.3241477907   0.4653494270  -0.3666284509  -0.8640218838   0.9383748110   1.1566228837   0.7532017518  -1.3697832841  -1.7855645072  -1.7521381349  -0.9380190349  -1.2457205623   0.1432197773  -0.4902521578   1.3794921792   1.1947347768  -1.5165045777  -0.7417482756  -0.5094524490   0.9537705218   0.2777195313  -0.9083312528   1.1011596999  -0.4768151657   0.0959477420  -0.9415889350
-0.7101601615  -0.8306827763  -0.4161521735   1.3871620976   0.1412143165   0.3866876059  -0.5815733039  -1.6664827793   0.6939160143  -0.5129638970  -0.5867091060  -0.1119076748  -0.6337431775  -0.2241865043   1.4469439359   1.1338139424   0.2645918317   0.8456907280   0.5994702416  -1.3475587341   0.4761577960  -0.5534901370   0.9637297694  -0.6816330159   1.2266258480   0.3705362236   1.4946804049  -0.2660737056  -1.3242580073  -0.2754052525   0.3974384875  -0.3667988834   0.0820761455  -0.9302587068   0.0204632711   0.0054301961   0.4240024440   0.1421692683  -0.5238298492  -1.2934334354
 0.7885648283  -0.2660791145  -0.8673574438  -0.2215596470  -1.7669798640   0.3779764076   0.1293279841   0.4372815127   0.0878282983   1.7582590636  -0.2162404596   0.0304306527  -0.7213365536   0.2144532023   0.7170021040  -1.9135745110  -0.5002073897  -0.4039202578   1.1470244956   0.2202775341  -1.6241843706  -0.3188984283  -0.7805857936  -0.1478036038   1.4895600645  -0.2306828827   0.5871656760   0.4650083934  -0.0645589036  -0.4724338873   1.1057924310  -0.4047192800   0.8982462434   0.7762869313  -0.1909231379  -0.3445189311   0.4206807528  -0.9493708222  -1.8709238045   2.6383575524
 0.3786987139  -1.6194671920   2.5172905521   0.4876847246  -0.7707117218   0.9532160309  -0.1540548542   1.1932128448  -2.7499636681  -1.6743604997   0.2297246201  -1.2093347554  -0.8394633005  -0.0759332052   0.0279006348   1.3113773545   0.1605717006  -1.0031083627   0.4309837087   1.9513795712   1.5204596302  -0.4317262139  -1.1919310368   0.0305288236   0.2973015057   0.7416192705   0.2993342849  -0.5505336125  -0.8032914397  -0.3625808813   0.1811457397  -0.4620811646  -0.3936503027   0.5241627830   0.2596938051  -1.4061609751  -0.5530891752  -1.3217028685  -0.4407133299   0.2787111742
 0.2531852499   0.2106201939   0.9383858340  -0.2788380894  -1.5923713985   1.9188470784  -2.0845149993   0.9869411544   1.6255396877  -0.3479742660   0.2717071386   1.0801646198  -0.6601859924  -1.9397445741  -1.1260397377   1.1883133971   0.4163376238   0.3207321938  -1.2643048885  -0.7476278602  -1.1388861484   0.4228376120  -0.2622361474  -0.3003452924   1.7813547348   1.4474100089   2.0506322006  -0.3856513380   0.2007835536  -0.4656900425  -0.3836977097   0.5907366368  -1.4895484651  -2.4558459105   0.9774134961  -0.0139600526  -1.1451911599   0.2742405010  -0.0413583275   0.5788160533
-0.8278509247  -0.2029792270  -0.7995777617   0.8049159735  -0.1088704334  -0.6023462194  -0.3710612523  -1.1731332239   0.0276158812   1.4888293061  -1.3844049277  -0.6189539182  -0.4564607459   1.0833897325  -0.8404176263  -0.4652712990  -0.1915206955   0.6517230254  -0.2302704054  -0.6836370775  -0.0575107233  -0.3243554783  -0.5478425388   1.0583560544  -0.9673834838   0.5520854906  -0.4603239858  -0.2163135802  -1.1069993771  -0.3936179452   0.7779649386   1.1467478525   0.8031859027   0.8380198674   0.2219169183  -0.6173143376  -0.0306638043   1.2203190924   0.2846111876   0.0307201854
 0.6406578806   0.2317183563  -2.3012540099  -0.5306786411  -0.3975067949  -0.7068924635   0.5227523404  -0.6379106301   0.7655008830  -0.9531011761  -0.2860713387  -1.7020982106  -0.1694211052   0.7100116599  -1.7222227025  -1.1221587985   0.2949144553   1.5697567643  -0.8566329923  -0.6220471206  -1.6177284594   0.2955912352   0.3113314858  -0.8550667028  -0.7659560881  -0.0348093459  -0.7163903827   0.9805682288  -1.4779183455  -1.8555964265  -1.0890213466  -0.6143028338   1.7311470001  -0.9965346004   0.0770814440  -0.8795573548   0.5504881685  -0.6798204944   1.1601384606   2.1547593709
-0.3031906224   2.1268886105   0.7769190406   0.2325801120   0.8060083724  -1.7103993512   0.8196980988  -0.8868363564   1.2855726307  -0.0830108755   0.5874442054  -0.2194412757  -1.5374878975   2.1228721731   0.9275719059   0.7606116144  -0.1156420599  -0.8457578407   0.9770095823  -0.3735200502   0.0684929885   0.4746012177   0.2469621382  -2.1602252271   0.6945788548   0.3186444405   0.1837105111  -0.5062733722  -0.5556218342   0.0807223704   0.3630300580   3.2216306529  -0.6808077072   0.4303712918  -1.2723989468   0.3986657120  -0.8311404360  -1.2153781393  -1.4109226250  -0.0857661531
-0.4810890828   0.8021575264  -0.6783757412  -0.3951024361  -0.1599730680   0.5476443348  -0.9868580602   0.7531231127   0.4802296062   0.0703987761   0.0576084299  -0.2611206940   0.6750531377  -0.6835478435  -0.2346484981  -1.7520654122   1.1162906375  -0.3842243508  -1.4668959722   0.9403778631   0.1434947215   1.1672629687   1.5496008631   0.2363776919  -1.0962105176   0.4316377141  -1.9012535750  -0.9325142762   0.6065201011   0.6822368279  -0.9117203871  -0.6157772129  -0.0375234615   1.0706682720  -0.7808413016   0.5752171276   0.7803775852   0.0731037291   0.4902423452   0.0050134194
-1.5081582285  -0.6616156567  -1.5790356355  -1.1436023944   1.0978871946   0.9944879043   0.2117402217  -0.9867878314   0.9428076574  -2.4415269101   1.1770958194  -0.8993715081   0.6615793682  -1.0231422009  -1.2307406879  -1.6067077908   0.5710056410  -0.0375647186   0.3935880962   0.3594839889  -1.9466331631  -0.5537932649   0.0236750466   2.5458389090  -1.6544992957  -0.5916277647   0.6344090805   0.1292762913   1.4793987394  -0.8645113644   1.3456299896   1.1396148838  -1.4643067163   2.3606656917  -0.3275426804  -0.2276257152   0.3963131478   0.7062102403   0.6242574538  -0.4938757863
 0.9823185667  -1.7043017180   0.5797196029  -1.4919489879  -0.1765169371   1.6502705115  -0.8825766360  -0.8521192026   0.4230370979  -0.2187573285  -1.2843196448  -0.2289638513   0.6852809785   0.0322118147  -0.3214091654   0.3133439193   0.8667278498  -0.6126951486   0.9383460926   1.0655901525  -0.1399952070   0.8140101226   0.7678198261  -0.3377177939   0.3552667609  -0.4614190078   2.0191814789  -0.6729756540  -1.0912746503  -0.2443028087   0.9779971658   1.1686875241  -1.5173357527   1.3448459649   0.3702680854  -2.0411471942  -0.4111143853  -0.9792904762  -0.2729923610   0.4837049300
-0.3815462872  -1.4239252450   0.1931497895  -0.1334593653   1.1635055492  -0.0731283016  -0.3846581418  -0.5350326601   0.4092947347   0.0385727881   0.6411940669  -0.1614972370  -0.0365318351  -0.7448907456   0.8315459552  -0.2318918820   2.3869564667   0.4079317425  -0.4592004879  -0.7868609897  -0.4552179008   2.5009957039   0.3203912020   0.7125942739  -1.3085298004  -0.5968107768  -1.2584056611  -0.2270347474   0.2753765256  -0.4489410025   2.2680090709  -1.6188907161  -0.0212184578  -0.7123708085  -1.5270158722  -0.0515665644  -0.7240521873  -0.6645706112  -0.5400742442  -0.0150742376
-0.1106189003  -0.3630508663   1.0419192223   2.9871894752  -0.5900384935  -0.9880328193  -2.3801179239   1.0797026432  -0.7564473658  -0.8366407070  -0.8754948715  -0.3539035241  -0.0478728864  -0.2463524704   0.0603338554  -0.0582488818   0.5223511459   0.5817796476   0.5441299625  -1.4542063992  -0.1457921173  -0.6576291103   0.9628084157   0.1079000955  -1.9976905940  -0.4624254393   0.9211610136  -1.3186629847   1.0830112676  -0.9866939708   0.3882043685  -0.0031359727   1.4755558377  -0.2556654247   0.1168928167  -0.0896478560   0.6032995340  -0.8702342620  -0.9683724870  -0.8429074312
-0.9435732745   0.9130908948  -0.0820428187  -2.3137004949  -0.4209504406   0.8486838357   1.8140742775  -0.0802202860  -1.7619114313   0.5289011238  -0.3637710313   0.1453326434  -0.1851936660  -0.8256695988  -0.4542659008   0.8051397702  -1.9768411295   0.7108321431  -2.2666519187  -0.6017978067  -0.2429124928   0.3701750510  -1.7302876841  -0.6364642124  -0.5132111590   0.7334569918  -0.9940607630   0.2645622009   0.3181496927  -2.3455491464  -0.9338278963  -0.9859760810  -0.1457480525   0.7863670566   0.9971967124   0.7066911853   0.4921090725   1.4653879581   0.4512793555  -0.9705423755
 0.6072304488   0.4708040161   0.1265649031   1.5667517073   0.1730207755   1.5855510166  -0.8310430474  -0.3466719861  -0.7182768112  -1.5654508880   0.0356486016  -0.9322020151   0.2529265095   1.8270613514  -1.4486902585   0.0110748910  -0.8803885991   0.8702636487   1.5474381055   0.8495148190  -0.8451803833  -0.1678638290  -2.0270545887   0.6583463376   0.1043227883   1.0215208437   0.5391079861  -0.1923595366   0.7463154243   0.8397230443   0.9951817544  -1.0295301418  -0.4551083748   0.0294102472  -0.8324752147   0.7783137760  -0.6163875771   0.4679639250   0.6410862495  -0.1196354664
 1.1920415237   0.5437061970  -0.1009064713   0.3403130387   0.1050982166  -0.9351860326  -0.3735760423  -0.2914551818   0.0875501818   0.1608820187   0.2444894658   0.9149477139  -0.2780694863  -0.7597543520  -0.7924974513   0.3356102850   1.4319097330  -0.6698236247   1.0366653144   1.3220440704  -0.4614454217   1.0768059910  -1.3127296749   1.2550865771  -0.4586872288  -0.5754318919  -0.2375502850   2.2676531949  -0.7103504576   0.2690871872   0.9183117242   0.1680312924  -0.0698001787   0.9112163684  -0.8080910645  -1.0439569878  -0.1402944834  -0.8318113436  -0.3699108585  -0.6489201640
 0.2751995808  -0.7292852910  -0.5307571428   0.0893974919  -1.5858213702   0.5447878097   1.2177244858  -0.4996034399  -1.4805719853  -0.6206156547  -0.2255459629   0.2971310825  -0.2704507553   0.0925774505  -0.2754393744  -1.8197323751   0.7334001927   0.0712068393  -0.9018342099   0.5493439147  -0.0066678865   1.2094527785  -0.8087254712  -1.5807904467   0.1161032129   2.0612259743   0.4102827819   1.1024786317   0.4231959744   1.5384087080  -0.2973498088  -1.7809853203  -0.8644422314   0.1480509029  -0.0369872397   0.1738794365  -0.8894317147   0.3964194727  -1.3774673951   0.3032313949
s3
 2.0186612059
 0.9204305259
 0.1731945147
-0.5620575660
-1.7234012889
 0.1304829477
 1.3226312857
 0.0203683909
 1.0427157047
 0.6172870067
-0.6502213907
-0.3693297275
 0.6309135973
 1.0590395278
 0.6296971234
 0.7684440922
-0.8555121281
 0.3322179058
 0.5771177944
-1.4248382602
-2.0103553565
-0.3176136943
 0.7517688250
-1.5862121263
 2.4499047985
-0.0180024350
-1.0387742835
 0.4006187225
-1.0696929285
 0.5488534678
-0.4282914608
 0.6431650111
-0.6642645886
-0.0002892377
 1.3604221874
 0.9618556159
 0.8344482292
 0.6447718211
 0.0625429968
-0.2968692159
w4
 1.0344832464   0.0108786984  -0.5914138017   0.3462137669  -0.7738599170  -1.2710582686   0.6299398588  -0.4145401152   0.3114227819   0.4338932234   0.1054241785   0.6977357289   0.3596696267  -0.0683067568  -0.8587596767   0.2082799564   0.7319676085   0.0850202020  -0.1055306090  -0.1335275953  -0.7082471963  -1.2161776896  -1.5932615476  -1.9079299752   1.7760582234   0.5890714804  -0.3791042796   0.0728632461   0.4249357487   0.9582842649   0.9096478805   0.5634245126   0.1802258891   1.6981606780  -1.4600887012  -0.7499934426   0.8820350587   0.5506825939  -0.1600562088   0.0350307320
 0.9410419120   0.2362250797   0.6773337830  -0.7197937957  -0.6618584602   0.1481242375  -0.5782785471  -2.0730010398   1.7837534653   0.0875782415  -0.1465758632  -0.6385460705  -1.0430585896  -0.5912705131  -0.8995433213  -0.1516361371   1.1945257024   0.0632064736  -0.9374393294  -1.3481415303   0.4739472830   0.2799149978  -0.5129565125  -1.7629927729  -0.0841027730   1.0265754460   0.3792976002  -0.0356798089   0.0210652662   0.2025802122  -0.8098886050  -1.9599004971   0.0534230757   2.0492114506   0.6523249769   1.2624757058   0.7779639027  -0.3444349008  -0.2314523101   0.0178950245
-0.1938809581  -0.9087020344  -0.5785612916   2.1443207726   0.3874899719   1.2069919359   0.3475894899  -0.4695724089   1.2471533165   3.5251847706   0.1275405356  -0.3498837649   0.4342981221  -0.0222278421  -0.2994994862  -0.2912703491   1.2107190305   0.5720896929  -0.4891590133   0.4223263488  -0.5772433700   0.5244229559  -0.4517724269  -0.0918367280   0.1669425164   2.0368667936   0.2456612132  -0.8505237839  -0.3103591125   1.5405733739  -0.6234442138  -0.7975371376   0.2651808525  -0.4457806585   0.9635931885   1.0225771929   2.5194940603   2.3341320086  -1.9938511987   1.2744589009
 0.3335271877  -1.4796636589  -0.5684143308  -2.7278290141   0.0968770836   1.7683833290   0.7043543700  -0.8706779678   0.4673251796  -0.8331368442   0.8639048318   0.2661933198  -0.7449837826  -0.0962957347  -0.9038094748  -0.1749241423   0.0507707314  -0.7278900094  -1.2999561646  -1.5497913906  -0.5850977651  -0.0167651500  -0.6173888828   1.2057270680  -2.6395655276  -0.2038732672   1.2850741519   0.6719201848   1.1172038301   0.6983294968   0.5264661295  -1.8367255153  -0.9386041485   0.9398370469   2.1239594880  -0.0020448701   1.2174410246   0.1073990350  -2.8849578073  -0.0713154573
 1.3915638563  -1.4681785136   1.0347352787   1.0879946900   0.2553906526   0.1471233549  -0.5447054098  -0.5445765224   2.6913884101   0.4025388717   0.1331481635   1.1776966781   0.8350551152   1.2704327952  -1.8829166251  -1.3503618494  -0.6524776665   0.9408540774  -0.1579556090   0.2457274297  -0.1728144203   1.0550993088  -1.0837131506   1.0307296031   1.2790250086   1.0379247337  -0.4437222913  -0.8010277410   0.4575254194  -0.0822628727   0.9861944227   0.8482771720  -1.7880843492   0.6227011115   0.1015670556   1.4073489026  -1.1676335686  -0.7158245207  -0.5292310401  -1.8088172380
-0.4795639219   0.2479582505   0.0537422115  -2.3947586677   0.9934348823   0.9406268905   2.1296236734  -0.2850190900   1.4902856342   1.0632967609  -0.6640995418   0.0863093480  -0.1077816291   1.2709279205   1.2277143843   0.0804841844   0.2706099415   0.2302958024  -0.5572020242  -0.1971491806  -1.3328254273  -0.2841103394  -0.3301978003   1.4975322843   0.0774651788  -0.4233156036   0.3072694977   0.2552532368   0.4905421082  -0.4195413703   2.1540107962  -0.1504967811  -1.2177832498   0.3302069549   1.3072812365  -0.4546532331  -2.2562162931  -0.8831946845   1.5595716633  -0.0799588254
 1.5321534435  -0.9930636408  -0.0462015270   0.5389550712  -1.0496278328   0.3949630420  -0.0443133212   0.4538920813   0.6055635109  -0.1149160847  -0.7473517518  -0.7161046516  -0.7453558500   0.1803403308  -0.8984149856   0.5551848428   1.8713714736  -1.0235918763   0.3435697099  -0.6477365788   1.0323348911   0.3160422319  -1.4312833787  -0.7755772037  -0.8435801867  -0.4441615371   0.0164035083   0.1171684830  -0.6879910033   0.5732816529  -0.5056097994  -2.2390403237  -0.9486748027  -1.0021645302  -1.1106406137  -0.4017038303   1.4698993705   0.8565646297  -0.6245957469   0.2079636780
 0.9786783105  -1.0598075212  -0.9318550704   1.1143265157   0.8856208695   0.6612241807  -0.8852304369   0.0229600322   0.6217915038  -1.2923279881  -1.8561284057  -0.5469936652  -0.1834823059   0.3371821493   1.7100736317  -0.4583011816   2.1362777603  -0.3658744509  -0.6676779560  -0.3573095065  -0.6840943680  -0.1791195012  -0.8139348114  -0.0348160623  -1.9208456313  -0.2500680514   0.0477475164   2.4042214536   0.5327054366   0.5302107358  -0.6958945268   0.9923484856  -0.5399634563  -0.2301885470   0.3288239911   0.0725376694   1.0169980397   0.6855581613   0.7521193769  -0.4242266874
 0.5315639743   1.0890700904  -0.6706972995  -1.0352963123  -1.0202618953   0.6272600121  -1.6149532880   2.7453085182  -0.5931659307  -0.8290765195   0.7237300332  -1.9122869662   0.0247573159  -0.1761010783   0.8122318787  -0.8252567603  -0.4824892407  -0.1959292458  -0.0009449280   0.5616045590  -0.2481862328  -0.6283342680  -0.3649894993   0.5204441046  -0.9189460581   1.1488290620   1.0562969945   0.6937960986   0.2587150542  -1.2338050101   0.5984771480  -0.1675471618  -0.7776591736  -0.1506917003   0.2845089232   0.9915376113  -0.5198440324   0.2253921754   0.2831749251  -0.4157509276
-0.8047243889  -0.7282777979  -0.9946315896  -0.3722812776   1.2653440482  -1.5781840587  -0.9552914135  -0.4642235568   0.9869628150   0.1747167494  -0.9620470073   0.6279506649  -2.6827733066  -0.4727602469  -1.6838679150   0.1719295536   0.3883350293   1.8718759327   0.9833710843  -0.4283039124   1.5326398733  -0.6288027808   1.3988033641   0.1446248800  -1.2863835712  -0.7753640871  -0.0913447059  -1.0075979213   0.6659613656   1.1211209466  -0.2824404350   0.9661105117   0.2304160154  -0.0003599644  -0.0393050622  -0.3481822792   1.8447565572  -0.8243016574  -0.5987821530  -1.5455699401
-0.4742933294   1.4680563907   0.6341841460  -0.4001346538   0.3313307783  -1.7515262882  -1.5655594706  -2.0121606069  -0.2677330716   0.8029347758  -0.2511545139   0.1835263826  -1.1637001031  -1.9200478066   0.2298528817   0.2987550892  -1.2569819650   1.5198963991   0.2369961276  -1.4211707381  -0.3625170377  -0.7327926934   0.4515786959   1.8052401255   0.0805744071   0.3438839355   0.0721959430   2.3895292586  -1.1263606063   1.3264305392   0.3358315481   0.5818452164  -0.0690514257   0.2844034494   0.5532778543   1.4573203043   1.4046739614   2.9457430512  -0.3521491011  -1.0136467699
-1.3438774436   1.1372355430  -0.7412564238  -1.5850553634  -0.4848136441   1.1672471230   2.2018555369  -1.1188432812  -1.9845416594  -0.9042094963   1.0027233200  -0.4919814398   1.0035932215   0.2071936869  -1.9718427634   1.4711369092  -0.2402878741   0.1068910189   0.7745133188   1.5365971641  -0.5298144065   0.6180804640  -1.7978424679  -0.0490770308   0.2135286436  -0.6568111452   0.6676950140  -0.1151094053  -0.7526938293  -0.4914737092   0.6459662499   1.3908541146  -0.0402806926   0.2753105184   0.7443543222  -1.8841511957   1.0448433907  -0.7282778323  -0.5045161261   0.4537925022
 1.0681136413  -1.0298857256   0.4140831301  -0.5513856635   1.2692944822  -0.3901644955  -0.0771414671   2.3461714981  -1.3067118824  -0.8073968513   0.9105393862   0.6108904410   2.7256424125  -0.3549280537  -1.0328488145  -0.0212511709   1.1530907826  -0.1937919302   0.4920024309  -0.6634773912   1.6713004348   0.5899073638  -1.2508675848   1.3214014425  -1.0008128214  -0.7025175526   1.0496264747  -0.1741746013   0.6352230037   0.3358620841  -0.9937415247  -1.5799626079  -0.2224219194   0.4620439847  -0.4508884063  -0.7687530771   0.1570304582   1.3108406292  -0.8405899030  -0.8848689326
 0.1792152940   0.1675559774   0.4064654835  -0.5957789448   0.4111961133  -0.1919602316  -0.4076553258  -1.0838670015   0.1429145504   0.1818566076   0.0361942512  -1.1277560094  -0.1004014882  -0.0510799379   0.6601898205   0.6850624260  -0.1273039118  -1.6222700757  -1.7693744798  -0.0557487214  -0.0939128274  -0.2178815962   1.4627225719   0.5735139585   0.2217879772   0.6151676683   0.5130565472  -0.5661350343   1.3848967400   1.2603597616   0.7713152396   1.7575660252  -0.3922735901  -1.0548603496   0.4890171759  -0.8406209958  -0.1524939633   0.6639994853  -1.3571336896  -0.3985232405
-0.4382812716  -0.1708823455  -0.0323593274   1.9553066765   0.0436707136  -1.8563667547  -2.1381069302   1.0908585872   0.4222675918  -0.5468752500  -1.0820420346   0.0586103354  -1.5326789650   0.5899655425  -1.7957163989  -0.3502834737   2.1351330701  -1.3347770413  -1.1631227665   1.1765819471  -0.3520347601  -1.7145810221  -0.3126535226   0.1026318350  -0.7266924582  -0.0029719864  -0.9780924724   1.7184617068  -0.8085403190   0.6934108526  -2.7421563675  -0.8683503263   0.0192567599  -0.7381632188   0.7332400143   1.8071357136  -0.2214365097   0.2176192657  -0.4827309287   1.6452835019
 0.3089122291  -0.2322453666   0.4149505141   1.0566942059  -1.5467434356   1.4516368662   0.1854660065  -1.0173108212   1.2488653877   0.8500666558   0.0974564145   0.4011500431  -1.6813180942  -0.1359505787   0.7753849417  -0.2298286647  -0.8679094253  -2.7680053109   0.2464305942   0.7550299436  -1.8977045018  -1.0212968832  -0.0506972634   0.5206401018  -0.8779840451  -1.3859581065   1.2560591555  -0.0821170494   0.3020870218   0.4288462843   1.9595977222  -0.1465339440   0.8687845974   1.4675749408  -0.3802320082   0.1905489449   0.5513150325   0.3215933278  -1.0454971461  -1.4879345043
 1.0240548215  -0.5379567278  -0.4360091733  -0.3302128429  -0.3743118851   1.3717055076  -2.1027767181   0.2725442469   0.7116358132   0.1715639029  -1.5653243768   0.0861222977   0.0520457825   0.5574695817   0.1833869127   0.8572189885  -0.0897839614  -0.8894752098   0.5895855567  -0.2831839003   1.1520123031   0.1796096249   0.8289732889  -0.6114245537  -1.2749695075  -0.7149269428  -1.1052531870  -1.7417690292  -0.6951171834   1.3734880154  -0.8044867479  -0.7582668376   1.3228732315   2.1675496893  -1.0642423887  -1.0623436961   1.8031233967  -0.4125862680  -1.4141965465  -0.6729464413
-0.1302463362  -0.7104846365  -0.7986571015   0.4956947746   0.5856761663  -0.8515258125  -0.2182728035  -0.7549240735  -0.8880968489  -0.4080789808   0.4550761441  -0.9449308670  -0.4676389971   0.4731255883  -0.1466102929   0.7589547953  -0.1670100367   0.5443339687  -0.4083353891   1.2351993483   0.7331141615   0.9808330780   0.8268127341  -1.6010731046  -0.1532658392  -0.4111438361   0.0804232305   0.4588501223  -0.1243877278  -1.2485660752   1.0259312959   0.4094228878   1.7416186557   1.0919926369   0.7278549319   0.0354905966   0.8779125816  -0.3542273134  -0.4619714534  -0.7202629381
-0.2755959200  -1.1766164600   0.2239846951   0.6732299653  -0.2663831642   0.2186688503   0.8450009288  -0.0161514927  -0.5204459167   0.9586386702  -0.7922124210  -0.7288914976   0.2092491114  -0.9608095014   0.5435933114   1.3773890609   0.5348783001   0.5032716953   0.0836850227  -0.1820884779   0.3290965882  -1.0521678632   0.7959655769   0.5179813416  -0.5361459927  -0.8645465794  -0.1491519459  -0.4711526245   0.5634994318   0.9392827802  -0.7341686571   0.7184775951  -0.7838344246  -1.3253283485   0.0565953235  -0.0450361813   0.6431134397  -0.4771421640  -0.0570922201  -0.3304109545
-0.7550498946  -0.8297135211   0.1927113145  -0.4963264857   0.0986183157   0.8024149589   0.0709598099   0.6190839346  -1.8156862057   0.1634030548   1.1812343610   0.7623470670   1.0509062128  -1.7141603495  -0.7874095746  -0.3567370232  -0.9206228866   3.1227288022  -1.1582779018  -1.0218132772   0.2717408372  -0.7071985589  -0.4335233129   0.9312947593  -2.0907543974   0.7774134742   0.3756641187  -1.0911227256  -0.9689134504   0.0799156431  -0.7525937517   0.9102410654   0.3982677912   1.3816311198   0.6208717357  -0.0192239568   0.1003554139   1.4061163404  -1.0634545595   1.9488116442
 0.6020315136  -0.2226553994  -0.3312133408   0.0278694902  -0.7159081891  -1.2020566221   0.5959858833   1.7814342108   0.5844160769   0.0449265816  -1.2216398285  -1.2059120549   0.0276358935  -1.5336308283   0.0783649285  -0.8898392008  -0.3663389715   0.4626228481  -0.4232094377  -1.7160778913  -0.6055571309  -0.2625959677   0.6391758212   0.6568459471   0.3419895375  -0.7559658576  -0.7524597228  -2.2308162924  -0.8359677931   0.3430780685   0.9295803709  -0.6510655963   0.1945515504   0.1986403427   1.1493256942  -0.0563321350   0.9224118294  -0.6497632446  -0.2616498267   0.8426042294
 1.5459895907  -0.4335728653  -0.5022212648   0.8061394876   1.1186230227   1.7928758558   0.5786930558   0.3205110119  -0.8107550157  -0.6976077669  -1.0561653934   1.1499620255   0.3056756591   0.6789358350   0.5061182004  -0.6708357542   0.3974406694   0.3638949579  -0.8708979123  -1.2128495412  -0.8227350705  -2.1642177673   0.5136120461   0.9108686852   2.3321158148   0.3722849061   0.2402754835  -0.9992440133   0.6734711922  -0.3845917867  -0.5931787505   0.1591562145  -0.1384751154   0.9558131811   0.6682688604   0.3780019043  -0.3664300364  -0.0554613957  -0.4713563734   1.9871321120
 0.8641525114   0.8095760469   1.6085638542   0.6463465258   1.9524490729   0.3011457577   1.3405091832  -0.1887796580   1.3039840313   0.6284065574   0.5820745239   1.8104081214  -0.5531485019   2.1375426775   0.8619831957  -0.7164545363   1.0031335097  -0.5982685861   0.5633949105  -0.6090902196  -1.4134587939   0.5064271395  -0.2900171212   0.0149082086   0.0170140567   1.2436318746  -1.1157240153   0.1902246832  -0.6408198210  -1.5980452363   0.1216024584  -0.9949780593   0.4260567244  -0.0934273087   0.5264988436   0.1201528198   0.3578101188   1.0984963490   0.8193187728   1.5589479690
 0.2898882152   2.4366975706  -0.8972677707   0.6020911593  -0.8450760551  -1.3515998320  -0.3133205080   1.0593640247   0.1546440989  -0.1180609705   0.6142989829  -0.3761862814  -1.2059130296   1.8302202349   0.8419180401  -0.4827289966   0.7417351929  -1.2255525470  -0.1410783866  -1.4823417305  -0.2746665953  -1.1704699172   2.3996144964  -1.0643221581  -2.0637786234  -1.6392751652  -0.2374833122   0.0640359957  -0.1346054917  -2.6781171709   0.2619508918  -0.8837881300   0.3617565520  -1.8863209200  -0.6926364680  -0.0896498025  -0.3103996639   0.4738518821  -1.0540224671  -0.0555224440
 1.8688703755   0.1485211865  -2.9510622433  -0.4937558681   0.8617908242   0.5440245120   0.1517924648   0.8984412582   1.1918084705   1.2861195756  -0.0705079337   0.3133138951  -1.2805535406   0.8961854648   0.5595519095   1.6096347999   0.0269398404  -1.5917796373  -0.6945796079   0.2397365616   0.7231846396  -0.2022048672  -0.1499052334   0.4177411318   0.9493076364   0.2847633277   0.7760194653  -1.6132704245  -1.2601987678   0.1505051102   1.0344333626  -0.2529970902  -1.0286121817   0.2572774621   0.1366550767  -0.3152766498   0.2708452454   0.1793866868  -0.6079105966  -0.4196429413
 0.3092882076   1.3763911931  -0.6515163280   0.3574444550  -0.7542793835   0.4880242400   1.4386424979   0.4618216880   0.5862532458   0.2479801158   0.1115250067   0.0995955188   0.8907585643   1.8474563022  -0.2653087293   1.4848949154   0.4745720555   1.6675193225   0.7925998622  -0.2897352859   0.6640293384   0.9271606635  -0.9489352040   0.7074761147  -1.4678495348  -0.0730743196   2.4358690333  -1.1788457263  -0.7148504661  -0.4773613521  -0.0433171874  -0.7704378744   0.1985599769   1.5050009212   0.7783035890  -2.2138407047   0.2420172775  -1.5647256177   1.2256123786  -0.0712537586
-1.8086858249  -0.0293126925  -0.5276603922   0.9324737463   1.7383168546  -1.3958887579  -1.7367315483   0.8199880273   0.1118684089  -2.0423067235  -0.0732565202   0.4377600709  -0.0232414008   0.7024399244   0.7007173663   0.0584998740   0.0552630867   0.2847297669   0.1082330451   0.6985374260  -0.1663708553  -1.9123119284  -1.0909235205   0.3854993973  -0.2340488223   0.0248766121  -1.4097831463   1.2732394803   0.3563446665   0.1417423590   0.3239003615   1.5541614595   0.4995878446   0.4195968088   1.0085536353  -0.5877932571   0.6482250303   2.0563369311   0.3160261187   0.8544741867
-1.1278183941   0.2239170314  -0.1609854991  -0.0108897263   1.8458730385  -2.2025928941   0.7089386550   1.1960281221  -0.1978172611  -0.4808413625   0.0902107408  -0.5206053643  -0.2317297738  -0.4208353501  -0.3235439822  -1.0528663288   1.7798515019   0.9213276240  -2.4226684330  -2.1659489635  -0.5619923498  -1.3867470053  -1.0706315555   0.3084357101  -0.0734366426  -1.0380587651  -0.7040985494  -1.6315008267   0.7959975959  -0.9086181423  -0.0080432478  -0.6376140885  -0.2344304278  -1.1557641167  -0.0947473859  -0.2352152298   0.3260378534  -1.3630558282   0.7073862464  -2.4972503903
-0.7439699463  -1.2478096042   1.4631901042  -0.1448548469  -0.2286394538  -1.6426084682  -0.7111867007  -1.5415551810   0.5533915103   0.9731239127   0.2476284923  -0.4946351291   1.3330631473  -0.4538457859  -0.8653718993   1.4196825057  -0.9864133441  -1.0654550897  -0.1315200770   1.0193386138   1.1399190163  -1.2462621422   0.1319401862  -1.1124009491  -0.0402294450   0.3621087147   0.9118174793  -0.0783687200  -0.1698667334   1.1838191995   1.1435430651   0.9176394960  -0.6844690405  -1.1811430619   0.6954261554   0.2130705710  -0.2997828453  -1.1342508648  -1.1516392201  -0.3005951503
 0.0625897114   0.7652933980   0.4620989149   0.8304254958  -0.2255412622  -0.0590955849  -1.1270516536  -0.9466779348   0.7278762696   2.0217510073  -0.2545376686   0.1301847785  -0.9508263685  -1.3686441970   1.6213424970   0.1626949687  -0.9685539943  -0.4577785034   1.6983297671  -0.3229383884  -0.6274332136   0.8693002586   0.3658159519  -1.2191680871   0.1555603526  -0.0473568188   1.8675064325   0.4941349510   0.4107738724  -0.0779210635  -0.7663673961  -1.6713442011  -0.0516687606   0.9721906767   1.0115830400  -1.0762013141   1.6428725098   0.7200610177  -0.5481329451   1.6511691785
-0.5549314974   0.4489506210   0.9553059739  -0.4661696126  -0.2693921228  -1.0573250076  -0.2624051281  -1.0980318726  -1.1831477628   0.9637468629  -0.4173747083   0.4703540431   0.5196127951  -0.1596581132   1.5115643578  -0.6641030353  -0.5546365752  -1.0091886434  -1.4613727325   0.1065772821   0.8223494443   0.4352664158  -0.0008386308  -1.1778260277  -0.6095526703   0.6581951960  -0.3411845064  -2.3404981773  -0.3468749936   1.3889659534  -0.9000622975   0.4638674301  -1.1913481683  -0.6154112832   1.1606464346   0.3406262019   1.4111773875   0.7655928586   0.5315467082  -0.2150209425
 1.3554216639  -0.6374815253  -1.5671684225   3.1571240960   0.4362453807  -2.2619917149  -0.0896631081  -1.6414916383  -1.2753291703   1.0832063881   0.4881616233  -0.5097297182   0.0172517502   1.3401861459   1.4283119658   0.2683212929  -1.8899658147   0.6388571043  -0.1453398425   0.5591626412   0.1766735328   1.3394905603  -2.1906682804  -0.1849329561  -1.0202442256  -1.2990556088   0.5482629477   0.5167715592   0.5309321658   1.0411487636  -1.0777939839  -0.4032266736  -1.1159107460   1.4665052244   1.0253838989  -1.3142901165   0.2346837046   0.0868169760  -0.3518507617   0.3580593531
-0.1758894496  -0.1221676674  -0.9913242554  -0.7211509053   1.0097139058  -1.6836339353   1.3121497334   0.7310321597  -2.4013598628  -2.1181131151   1.3361025158  -2.7408977965  -1.0674706226  -0.6395857145   0.6683088060  -0.7488899195   1.0233637946   1.1722283166   0.6354085095  -0.5624179311  -0.8440263338  -0.9047467224  -0.9551717048  -1.6361765397  -0.4426048718   0.2837360033   0.3910335896  -1.7840890408  -0.1410979784   0.5680839533   1.5374242144   1.4348273917  -1.5375320890   0.2575584958   2.1896492373   1.9610262510  -0.0710623853   0.3621143896   0.9244181615   0.3060005504
-0.3669187381  -0.1766873327   0.5308274409   0.6221412970  -1.1542947387  -0.8349930387  -0.6505698437   2.0659804857   0.0678523992   0.0236321832   3.0751539006   0.2237239577   0.2830072365  -1.2288769490  -1.9298090729  -0.3462084611  -1.6912841144  -0.0416258660  -0.3891561368  -1.3813236368  -0.0930714445  -0.0501323547  -0.0323950097   0.5075327932  -0.9587691121   0.7201321217  -0.2949745847   0.3693779364  -0.7969417658   0.1891163885   0.2231818383  -1.3544298518  -0.7162236003  -0.0358680699  -0.6026761975  -0.8084204175   0.6313384138  -2.3866661793   0.5608177831  -0.2627022982
-1.0165148482   0.7724109314  -1.8612383289   0.3726089664  -0.5505825716   0.4921440189   0.3638510688   0.4572112098  -0.3741694820   0.5176348039  -0.3651428281  -1.3977563542   0.9626936233   0.9749808363   0.2882420123   0.0196174507  -1.3170865470   1.3127188387  -0.5705105013   0.9538422198  -1.3624345695  -1.5655610771  -0.0397712505  -0.9778121052   0.8074913913  -0.2119901714   0.3044568244  -0.0833395003  -1.1534877964  -0.2717480975  -0.7323675423   1.1257554721   0.4367005872  -0.0179797907   0.0824535266  -0.5247156170   1.1118127440  -0.6893619947   0.1241056013   0.4607967721
-1.0308252482   1.3826536165  -0.7621317957  -0.9695517968  -0.7610888505   0.2022036340  -0.1445133533  -1.0737709334  -1.6049303490   1.2469453819   0.2243832276  -0.2221770865   0.6217822972   1.3290574562   1.5998349020   0.4351429158   0.2215693160   0.3531406315  -1.1727412657   0.3859585024   0.0927045245  -1.2892236741  -0.1708516080  -0.0810910653   0.6559846448   0.1006522630   1.7300408851   0.5545672508   0.3557620355  -0.0799558027   1.9422371579  -1.9506908870  -1.1031219028  -1.6352102087   1.4169756732  -1.3852802609  -0.8278272791  -1.5249972168   0.1764566431   0.7944264163
 0.6845138025   0.3641794709  -1.2185453069   0.2794193367  -2.0648942029  -0.4738684011  -0.1703365349  -0.0384265330  -0.0113669867   1.3922437786   0.9411369909  -0.6500784825  -0.7437418630   1.2076528447  -1.4428367238   0.9969199684   0.4493195796   1.0510865741  -0.2178883822   1.3129565435  -0.4693802101  -1.0938223214   0.3723518360   0.3580036190   1.2081994913  -1.5888585336   0.6505211150   0.0197934062   1.2189400688   0.2596674084  -0.0830554575  -0.3382926077  -0.5297415352  -1.0737498611   1.6286174752  -0.9422776793  -1.6626370878   0.3061640607  -1.3455436824   1.2947785417
-0.0232482451   0.2270786266   0.8101151847  -0.4381941489   0.0657437791   0.3047492107  -0.2605512801  -0.5340825695   0.4222790450  -0.8136022611  -0.2590881772   0.3862167603  -0.9351739275  -0.4706409876  -0.4207704157   0.2117747167   0.0376007752   0.9201761280  -0.0433670484   1.5437114643   1.3213694329   1.7899065882  -0.1008476537   0.1241208956  -1.9421689450   0.1520269433   1.7883259486  -0.6207380291   0.5569622487  -0.1115192874   0.5805033701  -0.7273189485  -1.0547476074  -0.6312825452   0.1761962431  -0.7098063746   0.8546717204   0.1923682457  -0.3533712548  -0.0168339174
 0.4794388329   0.6557632286  -0.1269313540  -0.2412347276  -0.6006951413  -0.5180615344  -0.8738310922  -1.6646202737   1.8668942455   1.2566682892  -0.5330506427   1.1163798683   0.9344959353  -0.9450109712  -0.3852730293   0.0055941484   1.2311480382  -0.9088110001   1.1358646225   0.5506441423  -0.1355320345  -0.2768028334  -0.6625134342  -1.8760011881  -0.8691993217  -0.3285766306  -0.3755268639  -2.1881264882   0.2835755113  -0.5755180133   0.8391750875  -1.7259659446  -0.2940210218  -0.5313825615   1.1490501128  -0.1349337036   1.5888961915   0.0822762242  -1.6401995893   1.0582350277
-0.1453418631   1.0535632112   0.8965165186  -0.9688443619  -1.1996697357   0.5418005254   1.6872609493  -0.0503700500  -1.3166034931   0.2412129713  -0.3689393586   0.9022002771   1.6170453212  -0.0763004296   2.1429235235  -0.2285034500   0.3416230848  -0.5185567584   2.6245492174   0.3167286822  -0.1532424853   0.9400686512  -0.4879910595  -0.2251554093  -1.1199423115  -1.6101435956  -1.1751244505  -0.1688186853  -0.8377046541   0.1648859337   0.3113384914  -0.1674463610  -2.1035210894   1.0120940676   1.0852905758  -0.0812395449  -0.3615805947   0.2692334196  -1.2273052919  -1.9860388211
s4
 2.0975288432
 0.8613001443
 0.2642445660
-0.4774772514
-1.8277939843
 0.1060801225
 1.3077152612
 0.0108616855
 0.9786173796
 0.6481745655
-0.6703655990
-0.3987685101
 0.6248426501
 1.1383273062
 0.4628540190
 0.6610614993
-0.9013340729
 0.4182753382
 0.6193818318
-1.4065402299
-2.0097581452
-0.3801829248
 0.7537771382
-1.6227072498
 2.5606289324
 0.1146609910
-0.8951871945
 0.4231791056
-1.0444816226
 0.5572598280
-0.4851214970
 0.4980052560
-0.6882352820
 0.0129011282
 1.3349197079
 0.9852241636
 0.7564572151
 0.5273166996
-0.0388333750
-0.4730077315
w5
-1.2007741559  -0.2166411938  -0.2014063789  -1.1467317546  0.9310393616  -0.3217857612  0.6960716489  -0.5260281382  -0.2898444688  0.3647409714  0.2799962929  0.0672005629  -0.7507728894  -1.6637085935  0.3808229951  0.0746151975  -0.6624470542  -1.5108946602  -0.2317061926  0.0935717518  0.9222644110  0.1073364218  -0.8784202756  -0.7137943146  -2.1213385766  -1.5109614862  -2.5397540135  0.3979501727  0.2151455268  -0.4648909630  0.1061481225  0.8990250188  -0.2245743785  -2.2874837864  0.2014406208  -0.1222532477  0.2600674031  0.0479650266  1.1906237348  1.4953764618
s5
1.3542388483

