layers: 5
str: {2,40,40,40,1}
w1
-0.2485328469   0.2112183130
-0.4928858103  -0.6992655971
-1.9930462045  -0.1724315199
 1.3926244865  -0.3332527354
-1.2763323859  -1.9134675815
-2.9147723620  -0.6307930941
-0.7266669130   1.0762406156
 1.2676825622  -1.7265814079
-1.5922601548  -0.1871138512
 1.2894421508  -1.3079346776
 0.1160336565  -1.6813459374
 0.4416314971   1.3312757600
 1.8264496377  -1.1035275877
-0.1904598607   1.9823389925
-1.1882201609   1.3613108315
-0.1437431013  -1.4489581613
 1.1001342388   0.4285000463
-2.3039934226  -0.2904307041
 0.3371844467  -0.5602065693
-0.3000177868  -0.0710851015
 1.6528471997  -0.4365800316
-0.5837246524   0.0493560159
-2.2390299693   0.0457778522
-1.4412612020  -1.4064424558
-0.2385378118  -0.9155389472
 0.9420639070  -0.7561015713
-1.3621774575   0.7003352488
-1.2039453822  -0.5699339853
 2.0934000313  -0.3327250317
-1.3679905362   0.9243766956
 0.2041232294   1.2941463976
 1.5629798375  -1.4477325120
-0.7486693387  -0.7351492664
 1.4352615909  -0.5615565400
 2.0512517570   1.3096740426
-0.6924890885   0.7815052401
-1.2708050589  -1.7056019003
 0.0119873275  -0.5703824660
-1.5805918707  -0.9835977767
 1.9260328470  -0.0020113245
s1
 1.5302217977
-0.8065147251
-0.9576473941
-0.2409609647
 1.5068873695
-0.2662284890
-0.2419344225
 0.0552171337
-0.8193338169
-1.3440430722
 0.7290247675
-1.2415445004
 0.3084600110
-0.4387672966
-0.7912501343
-0.0265703933
-0.7862861863
 0.7338320604
 0.1884006906
 0.6759184846
-0.4435369025
 0.3234366749
-0.2690327022
 0.9361317059
 0.5648576373
 1.2771668009
 0.1205255381
-0.7245318371
-1.7259447510
-0.3632935277
 0.4428625884
 0.3047544285
-0.2469416279
-0.0059069265
-2.0387517509
-0.1931220103
 1.5166302527
 0.8509666096
 1.9485056647
-1.2820827757
w2
-1.2866167894   0.4016881188  -0.1702904907   0.7762555713   0.0793790392  -0.7497601793  -0.0459764641   0.9071232654  -1.9988851958   0.9118424737   0.3859905992   0.2957070443  -0.2119145567  -0.9028641782   0.8165754807   0.8374561037   0.1991430126   0.2670277120  -1.0792147206   0.9089472676  -0.6411618896   0.1451644495  -2.5659073763   1.1792418695  -1.4841694539   0.9692814171  -0.9545220652  -1.3933212230  -0.8155581038   0.3764724663  -1.1151896980   0.1590865549  -1.1722884777  -0.6685058895   0.0064722006  -0.4384446563  -1.6988964036   0.0462111304   0.0349080129  -0.7527439116
-0.0569060170   0.0111968846   0.6720663995   0.2595753126  -1.9821553559   0.0472021060   0.6519607245  -1.0438645999   0.0418829235   1.0004881673   1.6022297389  -0.8940705098   0.7288704737  -0.3823896552  -0.7976000970  -0.1278058910   0.7583778799   0.8011487928   0.8639417462  -0.6170809478   0.6830235362  -1.0975833686   0.1528322682   0.6586442867   0.7787916650  -0.3563741136  -0.6429798675   0.6228451669   1.5047442450   0.0223704338  -0.1834283332   1.1720307944   1.1950640815   0.7774493803  -1.2665250412  -1.3024546452   1.9979408021  -0.0804730151  -1.0862627860   0.2147343537
 1.3095726167  -1.0233442154  -1.6580584157  -0.3181994527   0.2133375216  -1.6101847829   0.0642349935  -1.0934015237  -0.2902883427   0.0241881838   0.5311846890   0.0139193299  -0.5729255020   0.9840872741   0.9039297982  -0.3306565118  -0.3600157963   0.9723654102  -0.2501275563  -2.0025510640   3.4053257180  -0.7711809514  -1.2701850460  -1.0429393311  -0.0736304496   1.6902513394  -0.6981377069   0.9921837597   0.1239759185   0.4084924178  -0.0407707148  -0.1677166573  -1.4193881407   1.1113945818   1.0927447327   0.1502889101  -0.3314517578  -0.2413782848  -1.4598632852  -0.9381919424
-0.8088887459   0.4497635622  -0.6838609129   0.3639729551   1.2983642964   1.5897510323  -0.5626788535   0.9850721036  -0.9003832837   0.1424971221   0.3462433364  -0.6402418790   1.4523166674   0.2758507687   0.2811543862   0.5043186285  -0.9493410858  -0.2417091379  -0.1276305159   1.5206838056   1.3108972037  -0.8029327263  -0.4843135680   0.5620374392  -1.2888554148  -0.1612780471  -0.8001795059   0.9654670985   0.6474089051  -1.0741413635   1.4822947889  -0.3605353448   0.2177462802  -0.5284832590  -1.1596503759   0.0920410607   1.7611764142   0.4777454515  -1.1683653723   1.1329752647
-0.8021179054   0.1560510355  -0.1291611806  -0.0336942146  -1.4777899823   1.3473245155   0.4481921563  -1.4336368332   0.0579837180  -0.9454626482   0.6503335822   1.7886788823  -0.8009526934  -0.3699735437   0.6188249470  -0.0745362436   0.7056430803  -0.8559949010   0.8292948704  -0.0055071367  -0.8956111515   0.4731122180  -1.4508412560   0.0582571292  -0.5474800407   0.3290291241   0.6358809601   0.7346366937   1.4191017314  -0.5029874166   0.0586498618   0.1355782717   0.0630907103  -0.2597808028   2.6679149584  -1.5265124872  -1.0584611694  -0.4228054865  -0.2983237023  -0.5460888492
-1.0048475176   1.1494485121  -0.8790983929   0.4597860215  -0.1339867155   0.6944858176  -0.3798641475  -0.0761017322  -2.5502725254   0.8679614151   0.2893638946  -1.4432415903  -1.2249989494   0.5020486385  -0.5005541399  -0.7504876073   0.1087939534   0.3120920596  -0.6679817290  -1.3660540320  -0.8766241330  -0.4326799738   0.5339265378   0.3068999337   0.0003419686  -1.9587621669   0.1657944120   0.8721200962   0.2496389955  -0.9627776122   0.1972320119   0.9725807110  -0.5059271631   0.8688126431  -0.1105134377  -1.3846069664  -0.3327226644   2.0607835099  -0.9144053003  -0.5651516758
 2.0255888637  -0.7221521210  -0.8887707402   0.2023408995  -0.1057093656  -0.0002443746   1.5252279427   0.0087143946  -0.9863915543   0.6904521301  -0.4417064301   0.9177608662  -0.8811093883   0.0242591130   0.4706973401   0.0492009385  -0.9310227996  -1.5058533350  -0.3814443722  -0.5390198030   1.4843155851  -0.6049487572  -1.4484429777  -0.0764072564   0.3112872473   0.6136533682  -0.5274488025   1.4111731303  -1.4295372325   0.1251070138   1.5305541525  -0.5309207622  -0.8159078688   1.2987258615  -0.4601726789  -1.9927828915  -1.6605483233   0.2624871820  -0.2665238992   0.6983852704
-1.4862497914   1.3569754543  -0.8444969693  -0.9181890918  -0.9018238174   0.4472589154   0.5102538505  -0.4490640982   0.2648381474  -0.1713693958  -0.0353913047  -0.7007120367   0.5383525084  -0.8215301517   0.3897896550  -0.1058882039   1.9457935340  -0.8579813393  -0.2964088394  -0.9928861542  -0.2589685760  -0.3305727440   0.6334570989  -1.2022877523  -0.9334691021  -0.5572852407   0.5889110345   0.2811676224  -0.2998475623   1.6174941304  -0.7100239721  -1.5973234731  -1.0995058065  -0.4296611940   0.8011675805   0.4713340907  -0.8995403836   0.6400989840   0.9421831596   0.0826379477
-1.5949947696  -1.5132855152   1.1012162655   0.0593205711   0.1946808498   0.1750621477  -1.0531578043   0.0177492562  -0.4817516529   1.6234784854  -0.2826062804   0.7751573128   0.6621214332  -0.3402724483   0.2322172759   0.6779345269   0.0411845408  -0.4650375409  -0.2184958605   0.0373593083  -0.4895534851  -2.0168837969   1.0943403386  -1.5152416524   1.3420246744   2.7229873559   1.6024431102  -1.3652207041  -0.2972248411  -2.4259924629  -0.9399914517  -0.2115614538   0.8414328340   0.6870975558   0.6413732820  -1.3468860712   1.6861892659  -0.7732828244   0.8966833102   0.9627081804
-0.3302903578   2.0043642995   1.4447342267   0.1269422878  -0.2430043343  -1.5364484058   0.0879869004  -2.7231610629  -1.0314262902   1.2150342234   1.2959576332   1.3721981571   1.4468366015  -0.6263856920   0.4417208283  -1.5233231726   0.1240335032  -0.7544628765  -0.8744826260   0.3603885763   1.5150136567  -1.4610328300  -1.5595451531   0.2352208243  -0.5827803125  -1.8966723400   0.0348660940  -1.1494309119   0.9170848414   0.0511978898   1.0306050564  -0.7004159388  -1.1101692761   0.6598855525  -1.1948066175  -0.0334755381   0.2750156254  -0.7345000078   0.4374164492  -0.6727885974
-1.5305691610  -0.4265276679  -1.0860318716   1.3004210680  -0.0951625730   1.2561163037  -0.2473662591  -0.8354642174  -1.1945641050   2.1816350609   1.4322458573   0.7739331922  -0.0523613888   0.5231096734   0.5638005339  -0.2742001451  -0.5902792104   0.3991508556   0.4855744082   0.8326871675  -1.2216725513  -0.0319481328   0.6083549700  -0.1717248994  -1.0287946776  -0.0170535927   0.8193250552  -2.4796924478  -1.4619064374  -0.7736700795   0.1982722086  -0.6015365455  -0.2415540965  -0.3931010442   0.8409361821  -0.1678715668   0.3282917969   1.4712584774  -1.6945177093  -0.6764891966
-0.4443130306  -1.2278377824   1.3113169069   0.0921713896  -0.7667482807  -0.8145186086  -1.6392410574   0.3047926223   0.1777190405   1.0994853886  -0.0810584267   0.2653967446  -0.7936081224  -0.9875903411   2.0610931274  -0.9413064831  -1.0738334099   0.7836126424   0.5355922094  -0.9733181337  -0.4221710864  -0.7926430959  -2.0117158918  -1.7915459587   0.3678055778  -0.5622750846  -0.9120934028   0.6774779647  -0.0018747330  -0.8180883502  -0.1902055081   0.4131043497  -1.1754210670   0.7208220532  -0.3458951350   0.7027372659   1.2520546495   0.5859448550  -0.2479000703   0.2294412455
 0.3740360499  -0.1030281060  -0.9449620890   0.0737456492   0.9097444013   1.1134942978  -1.4428265095  -1.4097956629  -0.2911464415  -0.4041276959   0.7378630792   1.1774261283  -0.1466913750   1.8105787197  -1.2112270119   1.4123688368   0.6101410827   0.3883752842   1.3345433081  -0.7424253820   0.1927006471   0.6470635672  -0.5509726615   1.4600385058   2.0316580628   1.5113111694  -0.0140540169  -0.7870058369   1.2650387316   0.2633261013  -1.2974142246  -0.7969603496  -1.2478925823   0.4013571481   0.4336838742  -0.9823963839  -0.6041665333  -1.0305120267  -0.0430215814  -0.4476071448
 1.5842643878  -0.2826612586  -0.0619599489   0.4713962771   0.3408661139  -0.9073127932  -0.7966090879  -0.5855764989  -0.1864956309   1.2661769449   1.0825003549   0.9608703480  -0.8594813759  -0.9644864880  -0.1031063413  -0.1791429409   0.8848200871  -0.3344010805  -0.3328728200   0.1240639630   1.7984485672  -0.7359907405  -1.4272030454   0.4166082118  -1.7915952619  -0.5700612382   1.2478970269   3.1092993970  -0.5286214149   0.2302082665   0.3513544763   0.8381493403   0.4792843410  -1.0425915924   0.3077038615  -0.6145747458   0.0548349040   1.0924839146  -0.3078278722   0.3837825357
 0.4522833642   1.5490838641  -0.4900038962  -1.1490664493   0.4846805575   1.2902304080  -0.2894544851   0.4955800198   1.1268375155  -1.1655757851   0.8151030193  -0.0950094277  -2.6637212853  -1.9691069806  -1.0419170688   0.2010125859  -0.9405437557  -1.6837792744  -0.1915793674  -1.5656518808  -1.1793262397  -1.8962886371  -0.5841090070  -0.8200326740   0.7884590370  -0.5623452551   1.0567437239  -1.5308054086  -2.0489131990   1.6007015424   1.9435446131  -0.4178942371  -0.9165261620  -1.2044118778  -0.9368275220  -0.1563412168   0.5138354663  -1.2346420256   0.2483183370   0.3957727443
 0.0794961910  -0.0956297276   0.5954187896   0.2623986393  -1.6495819117   0.3418982802  -2.4039135468  -1.4908986091   2.0985705202  -0.3210828606  -0.3072236999   1.0616812773   0.3542106864   1.0420708860  -0.6481489850  -0.5416618635   0.7106253723  -1.1018624513   0.6871735154   0.5426939351  -0.0962369985   0.4288661902   1.7211935371   0.0087750821   1.3114710809  -1.3266357191   0.7954587453  -0.1861073831  -0.1117220706   1.6074603939  -1.6347060949   2.7530683277  -0.9250278652  -0.1028422749   0.7365623639   1.8094755162   0.3759394372   0.0588533949   0.6883339748   0.5010881031
-1.2220619835  -1.0823843671   0.3237111196  -1.3293806956  -1.7996092129   1.0519200207   0.1451878379   1.3505167496  -0.6220674242   0.3657139141  -0.6955218135   0.8347168290   0.4657915854  -1.1652477280  -1.0277334206   0.4612871879  -1.4504726202  -1.5228052842   1.4873746813   2.3961898330   0.1707990427   0.2540546018  -1.1484436052   0.6713686130  -0.5336026739   0.4043638552   1.2741528210  -0.1013654933  -0.8469908876   1.2234775534  -0.3759188630  -0.6321381552  -0.0426746856   0.4914041578  -1.0951663055  -0.0774699387  -0.8178870419   0.4454000945  -1.3531179633  -1.1451439626
-1.0403367930  -1.3760971797   0.1160224137  -0.2133281331  -0.0931352591  -0.4751601400   0.1503694095  -0.1352964686  -2.2917050155  -0.8911285598  -0.2930754311  -0.5281703320  -0.0266225559  -0.7860640671   1.1667977438  -1.6006230057  -0.5244011514   0.6229061211  -1.1239892036   1.7089574103  -0.1219802204  -0.4127816709   0.1885084534  -0.5915081822   0.9426376998  -1.2244840805   2.0620643716   0.4308077585   0.6979860365  -0.2803297779   0.7267022805  -0.2347219239   0.1717466300  -0.0070248511   0.3085496408  -0.4913205527  -1.9454616035  -0.7149638775  -0.3034060862   1.4545787231
 0.2997256124   0.5289183451  -0.4711867869  -1.3817313999  -0.5093564195  -1.5395546143  -0.1074735549   0.3708723519  -1.2713108989   0.9646390359  -1.3400638214   1.3349416586   0.1771858935  -0.1985217828  -1.0982168543  -0.1014304532  -0.3229805588   1.3588796734  -0.4796935137  -0.6785487678   0.0469923601  -1.2325533189  -0.0837847168  -1.3761034491   0.3194441811  -0.2427712334  -0.3235625099   0.5461827473  -2.4952654473   1.4371372974   1.7408473037   0.8255068000  -1.2070339291   1.0038304909   0.7460051055  -1.3880933490  -1.5182224071  -0.1548274595   0.9147360611   0.8300320981
 0.1718251379   0.8652590017  -0.0295076625   0.0313004285   0.8653974126  -0.9258946030  -0.4339399811   0.5083599208  -0.1864063666  -0.5561714343   1.7217872512   1.0637178030  -0.9765847188  -0.9976321669   0.4390626911   0.5522904066  -0.1627294871   0.0744029896  -0.2537992011  -0.4129888184   0.7572966261   0.3333040175  -0.9055454480  -1.0664059132   0.0014301891  -1.2011628180  -1.6683109019   0.4908057982   0.8506445929   0.8314508523  -1.6635671885  -0.6631848701  -1.2309158662   0.1042830056   0.4145564593   0.8006505325  -0.3658113031  -0.9837830725   0.3879620229  -0.5252706642
 0.9295610843  -0.2259724236  -0.0146960289  -0.1920319517  -0.9699236014   0.5346737312  -1.0986840460   3.6325094017  -1.0609468510   0.8550478793   0.4705881618  -0.7987356711  -0.2595651300  -2.1932377106  -0.7601873117   0.2442912616  -1.7621998634   0.6452117224   0.4811208494   1.4788933318   0.5967640844  -0.2352484793  -0.2285593484   1.0201367613  -1.1519331612  -0.4241036917   0.5436863515  -0.4366777403  -0.1398925901  -0.4430391934   0.6179763965  -0.8820077541   1.1898571746   0.6536550785  -1.3803041009  -0.7825818942  -0.1874188766   1.4851754908   0.5357310692   0.5553053632
-0.1615732260   1.1574513825  -0.7963859655   0.3626618672  -0.9062718125   1.2395552967   2.6190322840   0.9187462209   3.1572145102  -0.6773476280   0.4614833344  -0.6948704502  -0.9087385610   0.6018853777   1.1750586313  -1.0678598963   1.0293869481   1.2268329580   0.1398087543  -0.3031456802  -0.2425317498   0.0755545588   0.1556199484  -2.2622083396   0.6313811629   1.1701926514   0.3484267856   0.4169844988  -2.4017881209  -0.3056659558   0.6439177428   0.3902131445   0.0760052498   1.9403915880   0.1042815624   1.1066190342  -1.9316933433   1.3772053144  -0.2081668522  -1.0160749974
-0.4656929261  -0.0084463374  -0.5624313057   1.9173754389  -2.0197062867  -0.4064104380  -0.5779648559  -0.8153321209   0.3036249205   0.4793143839   0.5884472814   1.3570592520  -0.5120050294   1.4848812566   0.0098490489   1.0040772013  -0.9375290732   0.1949773689  -0.1205959019  -0.4634406230  -0.3381074064  -0.1631821333  -0.4828910157  -0.6173147351  -1.7428561617   0.0332194615  -0.1152351990  -0.1651528292   0.1109502878  -0.0786032758   0.2985184265   0.6144584537  -1.3472436022  -0.4935890225  -0.8985245663   0.9277065502  -0.7036639675  -1.3394176652   0.4805647649   0.6487365295
 0.5389442100   1.8512114898   0.3364561633  -2.4314721721   0.3196328927  -1.1848078318   0.6148694332  -0.3064150111   0.0128541970   0.2652297660   0.0580599306  -1.8539196596  -1.3873206809   0.6181131286   0.8758464493   0.8843715557  -1.2716318471  -0.5693812734   0.0451176123   1.2800324060  -1.0371342168   1.7406800626  -1.0178668421  -0.3850123972  -0.9346154608  -1.8785034230  -2.4382738054  -1.3603442981   1.9559133257  -2.2855410074   0.7116788382  -1.5553416919  -0.2163460810   1.8299747628   1.1189225083  -0.5152969607  -0.5825757338  -0.1106293403  -0.3833790717   1.2177762677
-0.5406792617   1.1135138699   0.6480887356  -0.4559332495   0.0743178833  -0.1863882383   1.3669315988   0.9418147115   0.7770583329   0.0641812750   1.3361522053  -0.0198489715   0.6442612362   0.3086873807   1.4115304204   0.1861307457   0.6099690040  -0.1038572049   0.5103932457   0.2253684758  -0.9697222608  -2.8190663570  -0.0940470078   0.8235288869  -1.0264251128  -0.8757037321  -0.8212870529   0.7358073415  -0.6820235861   0.5675004009  -0.7675124976  -0.2635603313  -1.0557033399   1.0348531854  -0.2092406192   0.5150507751   0.5187348234  -0.2634548179   0.3842011117   0.1365386930
 0.7286833318  -0.7769753151   0.5583643962   1.6230955524   1.8286220779   0.8957947416  -0.9525741513  -0.3128763281  -0.2863048182   0.7341030577  -0.8763107206  -1.4220836525  -0.3590185673   0.1929456949   0.6635594077   0.0342624508  -0.0560527856   0.6647964549   0.6618624043   0.2806211834  -0.4217547284  -0.2582051443   1.2364620459   0.8426006070  -0.7740424510   0.2586669525  -0.1420387902   0.8729416749   1.3141419055   0.8308077732  -0.6757907180  -0.3931332887  -0.2172156159   0.9228494727   0.6752767459   0.6217682457  -1.6173718106   0.8074171952  -0.3594059374  -0.6039347587
 0.8693296076   0.0012611498   0.3795238088  -1.5561557739   0.1637702718  -0.5013485095  -0.6130172172  -0.5761448904   1.3502225163   0.5504975285   0.0130029437  -0.7126230091   0.8220609418  -1.9740049217   0.0550293245   0.0457385479   0.4689797770   1.6193636724   0.6020669065   1.0179614052   1.6293858343   0.6760055763   1.9556087991   0.1619238925   0.3007079955   0.2404708832   0.4596619894   0.4724038680  -0.1915686277   1.0449838288   0.0737339018   0.8717853877   0.9083967451   1.1684046740   0.0216913307   2.5255912401  -1.4546894240  -1.5710181313  -0.3702058638   0.8540589049
-0.9346618778   0.9145609823   0.7990789920  -0.0840736470  -1.0315260200  -1.4011699514  -2.3613880565  -1.0041456174   0.4157151996   0.5807836474   0.3376314576   0.9406601280  -1.7859585761  -1.1081663168   1.3805179273   0.0526654184   0.1852198525   0.2037033216  -0.1070279961  -0.7765141593  -1.5359317731   1.9172460052   0.4744418177   1.2830824599  -0.3146905316   0.7102463801  -1.5923266250   0.4664345596   0.2939671576   0.5106037001  -0.6923921112  -1.1924961750  -1.4083204711  -0.3428276510   0.4141278672  -0.3941972452  -0.2432793332  -0.6969811817  -0.2885325060  -0.1296130224
 1.0087635596  -0.8678642235   0.8421409830  -0.9013266133   0.9027828467   0.1760208085  -0.1194683783   0.7278988701   0.8647986381   0.9289688318  -0.3727494704  -0.5607026542   1.6385844060  -0.4814437045  -0.9472365745   0.3775432225  -0.2956962349  -0.0278266347   0.9607179749   1.3290412769   0.0311306808   0.7412891873  -0.6906784481  -1.9419252802  -0.0136029915   1.0030686453   0.1045856907   0.2335872632  -0.8128262864  -1.3286287709   0.4801665725   0.1806689667   0.4239516240  -0.3842714639   0.2720600047   0.7835810135   0.4761125211   0.0038936188   2.2731129118   0.7808242647
 1.3112618108  -0.8584803817   0.5860984847   0.0042953777  -0.5103322104  -0.3399409453  -0.3811427158   0.5915184193  -2.6826499952  -0.7216339834   1.1336056718   0.3437054701   0.2602905500   0.8240423649   0.2433501133  -0.2632717872   0.1282625615   0.7140143860   0.5645440362  -0.8221886596   0.2486537000   0.6156920175   0.3256867608   0.2813395314   1.4513609203   1.3979527643   2.9941432608  -0.4393631776   0.3160871405   0.7310095171   0.4369127597   0.3580895176   0.0549484702  -0.1024673372   0.7075109694   1.0253152587  -0.3325462997  -0.8928740835   0.0124821424  -1.0091291001
 0.3697360108   2.4463364011   1.3820976776   0.2576818165   0.7452039437   0.7805999284  -1.5941598856   0.6931564467   0.3865100218   0.1264098432   0.9907098117   1.5708023099   0.0145296080  -0.3708074028  -0.6494691943  -0.4420397503   0.2571104922   0.6811936643   0.3067454524  -0.7386219135   0.2707864360   0.2217651373   0.0134277507  -0.1477223307  -1.0682665550   0.0113529546  -0.6548974558   0.2029636628   0.9220914149  -2.3560564326   1.1299370864   0.8311311208   1.6354571921   0.4992309635  -0.3903465296   0.4320518403  -0.1654819071  -1.7705309829   2.2650336824  -0.3482121588
-0.8394883966   0.3075260844  -0.9730891960  -1.1642837564   0.3002400075  -0.9159844052  -0.3630123796   0.1097055393  -0.3360879388   1.1022371273   0.6145459345   2.0157879751  -0.0649371765   0.5999591194  -0.1679944437   0.0459586048  -0.1140262395  -0.1246860730   0.5959034642   1.8802478805   0.2735173618   0.3877947610   1.2656016748   0.7518592736   1.2901470560   1.2776730807   1.8728943516  -0.4641256061   0.6943523811  -1.0522951671  -0.3912210008  -1.5722891491   0.8800229888  -0.5077844055   0.3505357477  -0.4021539684   0.9431019273  -0.4019400032   0.0423959993  -0.1333553620
-0.6313889208  -0.2509013189   0.4375214838   0.0620383477  -0.2965131876   1.0790719975   0.7254264686  -0.0354793871  -0.3588709194  -2.0634735498  -0.3980208572   0.3408864377  -0.3768230794  -0.1035804607   0.4599724641   0.6375038433   1.5980889102  -2.8275116681   0.2676181357  -1.5784503787   0.3069493376  -0.9138538396  -0.8271712848   0.4659776397  -1.6958194582   1.4569975450  -0.5644098784  -0.4243307613   1.7441537127  -0.3440721518  -0.8903069371   0.0572070554  -0.6027607710   0.7989602687   1.2592781307   0.3702766641  -0.9867844480  -0.5092381709   0.2809155883   0.4825789564
-1.9610530120   0.6964290778   0.1821386614   1.1433297797  -1.4051494778  -0.0208897947  -1.6831771664   0.2890161744   1.0572377504   1.0979851858   0.0395658731  -1.5975370715   0.3584992410   0.5281584362   0.2334212658   0.2190954316  -0.4013099956   0.5272602472   0.8704466880  -0.5013177360  -0.3091346655   0.3875911968  -0.2969570554  -0.7726379044   1.1102193129  -0.4074626037  -0.3630038441  -2.2748075497   1.0873451825  -0.4544103092  -0.8775378291   0.6774458937   0.2502585403  -0.3091138333   2.6260860824  -1.8509653159   1.2007524342  -0.7264684593  -0.5765268707  -0.3914487695
 0.6976836228   0.9139559123   0.1805320372  -1.5069643930   0.3622876748   2.4545020109  -0.2669132032   0.2140204667  -0.1939504542   0.4068792926   0.5095924775  -0.3188173790  -0.0011030854   0.1098995386  -0.8868966533   2.1073100850  -1.1686927652   1.6273191990   0.2013146875   0.3074470357  -0.5687346110   0.8493320190  -1.1769780168   0.2596913883  -1.2435409198  -0.8881700370  -0.1649568871  -0.7504315185  -1.1657992719  -0.1075813575  -0.9013591943  -1.6791665272  -1.2153602586   0.1475053098  -1.5017565777   0.6773860974  -0.6730963536  -0.4585306739   0.6611808875  -0.1254382737
-0.8008584727  -1.0087957556  -1.1075585813   0.5098603889   0.5562016248  -0.4703974856   0.5614735800  -0.5184537485   0.9079378523   1.0560286986  -0.5822810257  -1.4059249274   1.6493914056   0.0137654018   0.4355935567  -2.4585018212  -1.9354060688  -0.3090556222  -1.4508771333   1.1874084363  -1.2207979362  -0.8373698203   0.1121830646  -0.0803391392   0.9493665123  -0.8349144469  -1.3922667624   0.4625183584   0.1884167998  -0.7559805010  -0.9123806360   1.3994486907   0.4916594227   0.9520298775  -1.5970277538  -0.6434968982   0.2962861575  -0.7180644219   1.0856727958  -0.7624976314
-1.3004343415  -0.2691515294  -0.2468434851   0.3873960002   0.1870827358  -0.5051540096   0.3316338541   0.5448485721   0.8421763631  -0.5950083185  -1.6565278291  -1.1797268665  -0.5396945185  -0.5803765417  -3.3303822019  -0.2286613707  -1.4898766734  -0.3532997087  -0.6308917371   0.7116596156   1.8539723089   0.9202945891   0.0983578859  -1.0313674512  -0.5034549704  -1.4000324701  -0.0033228994   0.2977516383   1.0967087245  -2.1054493816  -0.6862018803  -1.3914592741   0.2299045762  -0.8916546203   1.3594569990  -0.0181669264  -1.0544104413  -1.1871686563  -1.5459964506  -1.3310238935
 0.4482425814   0.0999723977  -0.8417488269  -0.2255445932   0.8069451664  -0.6206283934   0.5245663869  -0.7691368580  -0.2959651198   0.5102258723  -0.7589477658  -0.7093349298  -1.2673086535   1.2495943384   0.1353957084  -1.6868353328  -0.5486116238  -0.3363535260   1.9310731723  -0.1891436442  -0.4405461290  -1.9389853477   0.1836349177  -0.5340856880   1.6459488144  -0.8226195679  -0.3634375324  -1.9835487045  -1.1501053940  -0.7842275489   2.9953789448  -1.9584081921  -1.6633451748  -1.4677477533   0.4449469041   0.3301793925  -2.4811435420  -0.3187392863   0.4520345148  -0.5097850762
 0.1713024873   0.3367889489  -0.1012219977  -0.8080080602   1.9898320515   1.4384507839   1.8085210906   0.8437772317  -1.0253985572  -1.3439613278  -1.9370623504  -1.1727134151   0.4859918467   0.8100123399   0.7401306732  -1.2290664078   1.0838933880   0.9225973042  -1.1484976820   1.5577283371   1.1231697697   1.3127111557   1.2573738418  -0.8874408996  -0.9379623121  -0.6056108290  -0.1470003273  -0.4489882152  -1.2539234873  -0.9260613079   0.6268824878  -0.5976198109   1.5197537885   1.6419327039   0.0375985608  -0.0525711969  -0.0257022244  -0.1004724514   2.2675158376   0.2956823257
-0.3259623113   1.4386473424   1.7463489836  -1.4976180423   0.3969707054   0.6853357301  -0.5072498188  -0.5688764954   0.2037076073  -0.9808429644  -0.1651810763  -0.0590540376  -0.5044449905  -0.3530376740   1.5354809349  -0.5277083571  -2.1962804918   1.2719095243   0.6839215800  -0.6092112508  -0.5551287491  -1.6607981154  -1.7419103093   1.0528419297  -0.4592447632  -2.0744707218  -0.4286745348   0.4006724262  -1.1506960108   0.5342329649  -3.1909845511  -1.9754364564   1.4465891209  -0.0539538033   1.8911301426   0.7060121591   0.1968871340   1.2538432275  -2.1331820146  -0.9626022965
s2
 1.9374682699
 1.2787765318
 0.1371238685
-0.1186705115
-1.6533125965
 0.0792362554
 1.5296060012
-0.3185474316
 1.0875803126
 0.5689634872
-0.6843154066
-0.7641900532
 0.7030190740
 1.0030554439
 0.4818979086
 0.9073232748
-1.0241367952
 0.0112722365
 0.4639299120
-1.4695865991
-2.1052941659
-0.3611717172
 0.9442829644
-1.5803964091
 2.6408222550
 0.1868249012
-0.7031963497
 0.2101202691
-0.9668852098
 0.5862092142
-0.3015986008
 0.5717400610
-0.6269015833
-0.0802819832
 1.1318788415
 0.7435101061
 0.8676933166
 0.4987450791
 0.2714439457
-0.8170611287
w3
 0.3256190019   0.1754797629  -1.3386732314  -0.1234097161   0.9683418828  -0.4406223471   0.4956636905  -1.0262440002  -1.4687588358   0.3900449847   1.5118643685   0.3373223953  -1.0880411675   0.2612725476  -0.8531829732  -0.1902593467  -0.9208077546  -0.1506046954  -0.0379206700   0.7957129820  -0.1654682679   0.1738071779  -1.6215689739   0.9872955358  -0.6845574314  -1.6702442966  -0.8483799148  -0.5057904209  -1.1983322958  -0.2507948733   0.4711823353  -0.1461028919  -0.8582255551  -0.7800030443   0.6330802470   1.1442408062   0.2029961236  -0.5997026283  -1.3356271364   1.2177175757
 0.0111259267   0.9123132621  -0.7767843659  -1.1896461570   0.0159914057   0.7098078450  -1.6346953388  -1.4974584242  -1.0358536933   1.3009044979  -0.4453327631  -1.1188718693   0.6890502457  -1.3864264807  -1.4424779955   0.7146156021  -0.6734667563  -0.6656308773  -0.3166821453   0.7686563994   0.0299586723   0.2379738030   0.4861116065   0.5048366679  -0.5535907921  -0.2235126848  -1.7027059507   0.0679968839  -0.1844950157  -0.6586086776  -1.9389306856  -0.9275120518   0.2016069802  -1.3574320677   1.1730649839  -0.7300224612  -0.9567057017   0.9464301472   0.1218980416   1.9588994725
 2.2063401375   1.0219298379   0.6682698196  -0.8834258695  -0.7632862855   0.4609162118   0.6284570122  -1.2794170077   0.3300078182  -1.1746219757   0.9570032231   0.4792116163  -0.4121561090  -0.4605809856   0.2062226093  -1.2518752496   0.9649563500  -0.3923310002  -0.9851297391  -0.6993040847  -1.9012091686   0.5235461746  -1.1069779585  -0.2652098325   0.0625745545   0.2348502947  -0.6724444952  -0.9868960565   0.8092993407  -0.4274805818  -0.0909472282  -1.0361976540  -0.6105247073  -0.3642163891  -1.1236010764   0.3719613049   0.5371113448  -0.0995391050  -0.7631895049   1.6310777682
-0.5741733485   0.7220366053  -0.3302342398  -0.1587092439  -0.1573160194  -1.4076891363  -0.4991136623   0.2024204424   0.1166647093   0.3099260556   0.4200708264   0.0011840201  -0.1721693196  -0.3596220008  -1.5593329857  -0.2221342548  -0.6998041908   0.2943561814  -1.7001655272   1.1869246794  -0.2681927603   0.1222253936   0.2972131313   0.8899866962  -1.0035018129  -1.0232927788  -1.4777287947   0.8724938448  -1.1636114785   0.2826185913  -0.8237249659   0.2490883285  -1.0971165525  -0.2996820303  -0.6455601004  -0.0404576699  -0.6432696930  -0.3713888282   2.5064363451   0.2004882470
 0.9059872080  -2.9888425769   1.5845507335  -1.4646076480   0.7067577495  -0.7205459592  -1.3217647500   0.7519662989   1.8731603430  -0.1844598450  -1.1705784708   0.7599689805   0.7820124549  -0.6481391050  -0.6547168203  -0.7886738974   0.8481112763  -0.2993109770   0.1337333345  -0.1256898494   1.1559782608  -0.6168289009   0.4976293987   1.5221896646  -0.9318426734   1.1177507568  -0.8246059765  -0.0294511430  -2.2221569801  -0.3072793881  -0.0171114811   0.3138632592   1.1450801851   0.1300914125   0.9154702721  -0.8023713116  -1.8318768679   0.6082445333   1.0369403646  -0.4029721833
 0.7462230043   0.9079551348  -0.8639715367   1.1294713795   1.3188793223   1.1313722928  -2.1362195403  -0.7018857990  -0.8649062082   1.0785479397   0.2440784541   0.3377154087  -0.6784427425  -1.0290812988  -0.8243451238  -0.6157021966   0.2659046061  -0.1633743278  -0.8046895031  -0.7667967032  -0.9417115327  -0.3947265760  -0.0730091501  -0.8018656533   0.3876279933   0.2859621778  -1.7895347440   0.0842390104  -0.5463310684  -0.3728103859   0.4888426525   0.0647915791  -1.5211352085   0.4274074931   0.4042679409  -0.4312189888  -0.0119349423  -0.5101798572  -0.8825325347   0.4723375939
-0.6436346877   1.3389075725   0.5741050572   0.1901304398  -0.1045158150  -0.8969123671  -2.2639164553   1.7304817837   0.4088936733   0.1929646382  -0.8931142249   0.5005762553   0.7151060838  -1.1608395540  -1.3080886513   0.3306439027   1.8007221602   0.8270674938   0.0333805800   1.7064400450  -1.7950007844  -1.0008673761  -0.1367509035   0.4204813066  -0.9225494382   0.0824693548  -0.7368432748   1.1717642808  -0.7851829920  -1.8152343842  -1.1724310661  -0.3433051173   1.6851098528   1.7557283151  -0.2829750732   0.9967604217  -0.8041817733  -2.6564368088   0.3421711782   0.7247852686
-0.2599418156  -0.9375173567  -0.4198058870   1.1413522645   0.1493744242  -0.6027431807  -1.1786840530   0.5514190371  -0.7251368960   1.5357072890   1.6119735928   0.5595108610   0.5816900282   0.6053551925  -0.7069856281  -1.4922454470   1.3455978720   0.6150613175   0.0659595894  -0.6372887550  -0.4642243787  -0.6900010880  -1.4258114564   0.7016576149  -1.2306374940   0.3075332980   0.7066202826  -0.5758579411  -0.3352441196  -0.2996237295  -1.1265804088  -0.0810881796   0.8635837297   0.3249891675  -1.7327796947  -0.0559648437   0.3293018990   0.2327191451  -1.0780195927  -0.1656331256
 0.2294304985  -1.1517846709   0.4350289930  -1.9050195481  -0.7643072693  -0.6319928589   0.6282025457   0.4381133992  -0.8744818318  -0.3047931367  -0.8105769063   0.4459922927   0.1674398014   0.1644316373   0.4767428749  -0.5890406299   1.0566931667   0.0963157849   1.8280505164  -0.2326121891  -0.7216498625  -1.5233003670   0.1209798060  -0.5117857634   1.1550356730   0.4107228550  -0.8782582310   0.0105480241   0.5746260225  -0.0397444611  -1.5353292938  -0.0354203040  -0.0719360182   0.6166523271  -1.4701069066   0.3914647051   0.9796071714   1.2513403081  -1.4863677846  -0.5104509830
 0.6160726598  -1.1028599296   0.1968521746   0.2882829026  -0.7270532001   0.1770535926  -1.4892814791   1.3341005859  -1.6582224503  -1.7436917804   1.2509292321   1.7877519231  -1.4415412022  -1.8620773924  -0.4114197641  -0.3029574870   0.3345983593   0.5544700816   0.4210832808  -0.9549775497  -0.1739576590  -0.9764996750  -0.1886621064   1.9283373789   0.0634234978   0.0469113594  -0.0953664872  -1.1335945763   0.5832371834  -0.2202225088  -0.2143626038   2.1470472916  -0.9583742213   0.4332847365  -0.3762337466  -0.0529940046  -0.6497257118   0.2450288645  -1.6082030968   1.1338755687
-1.4709140097   0.1750227078   1.2349899936   0.5278482958   0.2889631430   0.5366513291   0.4406246579  -0.2968793658   0.1222975660   0.0821768116   0.2935990402   0.7621085790  -0.1901117586   1.1035014736  -0.3012780986  -1.5087896278   1.0221248632   1.0142509611  -2.2552740926   0.9932360414   0.3353770358   1.0715601313   1.5160688907  -1.0755705757  -1.0627317121  -1.5187679328  -0.6289874389  -1.0694408238   0.0514571235  -0.0827572933  -1.1002576788  -0.3120449322   1.5508309769  -0.7599473214  -0.2754697529  -1.1296065400  -1.3287613333   0.3796491866  -2.0776762073  -1.9487333363
-1.3511419605   0.0034780430  -1.3205610457  -0.7449675384  -0.5919977720   0.9005821387  -0.5038678214  -0.2946467804   0.2881723979  -0.8457265319   0.2065258834  -1.6586664494   0.5086672807  -0.9529587581  -0.4030658735  -1.6352411300  -0.0027665550   0.4425998332  -0.2833558022   0.1535629674   0.6715103872  -0.6991172955   0.9914411570  -0.6634695224   0.4033404635  -2.1853026514  -0.5420561607   1.7176099187   0.2429194353  -0.0545038618   0.9825556883   0.1505819732  -0.0223177517  -1.5390635536  -0.1220129689   0.8200119914   0.7454411953  -1.0206159572   0.5877215559   0.0816580022
 0.2862744506  -0.2611069642  -0.9785191495   0.4767729853   0.1896664150  -0.9965501282   1.1950216741  -0.7410964880   0.9494016529   1.3157205461  -0.1138527176  -0.3869884444  -0.9715402647   0.0432660704   1.5718957055  -1.1659194903   0.9224493207  -0.4887941289  -0.1435305345  -1.5587465106  -1.8472223356   0.2761284159  -0.0224809207   1.3627905143  -0.2483616892  -0.7408725744  -0.6427590613  -0.4369341960  -0.8786683933  -1.0717103586  -1.1852044000  -0.7691784134   1.0344369064  -0.2592805912   0.9786629065  -0.9694960053  -0.3221290179  -0.6559676978  -1.8479104889   0.7677124728
 0.6098312871  -0.2211184522  -1.0222128470   1.5316759322   1.3254515769  -0.8100019812  -0.7867110250  -0.6177182962   0.2844092050  -0.8844255015  -2.0243304156  -1.4075525407  -0.5557575849  -2.2245817400   0.1230339994   1.3724897088  -0.8223831752  -0.8899149504   1.1366771290   1.5260620234  -1.6663511122   0.1508265457   0.3356896908   0.9789373124  -1.4753608199  -0.5051125735   0.6392165781  -0.5933277727  -0.1392170856   1.4056627138  -1.4172500713  -1.0779708671  -0.0812842657  -0.5376982205  -0.9969976208   0.1641898657  -0.3749643704  -1.6309576271  -0.3192547135  -0.5787888013
 0.8087999710  -1.1932479494  -0.5286504495  -1.5079237827   0.0638526876   0.1096935119  -0.5950099872   0.8231617268  -0.4380981546  -0.6033614572  -0.0325053586   0.1788478804  -0.3753474762  -0.9851661909   0.0215500604  -0.5172153535  -1.9571950327   1.7431054310   0.0178142020   0.4551375705  -0.9233431477  -0.2660773514   0.4897197765  -0.6273078343  -0.9967245351  -0.6337732791  -1.1279485419  -1.3785980297  -0.3839891638   1.9193014255  -0.4545727371  -0.3235897492   0.2469203906   1.8657224716  -0.5068296666  -1.3940001561   0.8173278355  -0.3211025803   0.7325180915   1.6573540246
-1.4270220259  -1.7435222456   1.0261922420   0.4343771669  -0.0245691378   1.5614412284   1.1099117699   0.5030530105  -0.6746546813  -1.0824077158  -0.6566589225   0.3831407620  -0.8227682779   0.7380934860  -0.6975474613   2.0517413922  -0.3092381880  -1.3257565178  -1.4848016344   0.7674081734  -0.0724235542  -0.5471714128  -1.8338028209  -1.6090503480  -2.1853414833  -1.1170632764   0.1321118582   0.4948434294  -0.9388469925   0.3210554496   0.6989761962  -0.8759067433   1.3262744589  -1.6513794260   0.3928534295   0.9020254064  -1.6782464664  -0.0222653145  -0.7078479122  -1.9541693397
-1.7883859568  -0.1426426592  -1.8439041661   0.1939418517   0.4581492706   0.7584322595   0.1183477250  -0.1457229093   0.1968286317   1.3387283211  -0.1884888370  -0.0215445984   0.1135462974   0.8059142507  -0.1268088347  -0.7121573502   0.8187838286   0.4128056373  -1.1167961247   0.9661260494  -1.0176417259  -2.2005730087  -0.6102028028  -0.1758039522  -1.8314279247   0.1003641075   0.5785723570   0.4672640472   0.9720991034  -1.2285465186   0.6322291964   0.1828584404   0.1061744231  -2.0964810693  -1.1731059345   0.3712325871   0.8950936044   0.4914707533   1.3238387421  -1.2175160414
 0.2980516617  -0.8283823805   0.6962308251  -2.1881743574   0.8878631676  -0.4835680037   0.2904887877  -0.8824988906  -0.7744395394  -0.4111733016  -0.5330592843   1.5656367554   1.5063353781  -1.4818773032  -2.3919285656  -0.1882482512   0.7641705424  -1.0974089041   0.3771216468  -0.2301127129   0.0196797579  -0.8183867548  -1.3751505031  -0.2228047275   0.8428617851   0.5222179235  -0.8334627128   1.6778591943  -0.1725364121  -1.5815674566   0.6613803134  -1.2237575216  -0.5112627432   0.4798763014  -1.5339848687   1.6926447700   0.7740010042  -0.6883635602   1.3561460801   0.7140946139
-0.5934442390  -0.6420214180  -0.5831239082  -1.5499965479   0.9990962628  -2.1359984252   0.6905397030  -0.8125802899  -0.2128146638   0.2880378258   0.4552228504   0.1315442283  -0.9217437389  -0.1268868564  -0.5135803361  -0.2974890863  -0.5939699869   0.4517588574  -0.7738027322   0.0783891903  -0.6619566375  -0.0693809623   0.8862100351   1.8057405581   0.7050478492  -0.6806503955  -1.9224015197  -1.6226284197  -1.9124286898  -0.5680732213  -0.5352968563  -0.3143040338   0.0389521517  -0.9311264935  -0.5592280079  -1.1386951258  -1.3718215220   1.3310104638   0.7163482883   0.4205796116
 0.6321201454  -1.1523778645  -1.6504264541  -0.3839074229   0.2557812401   1.4756349627   0.1495197166   1.2453549511   0.5768834284   0.7043560596   0.8263769816   0.7503014573   0.5121299999  -2.5357955719  -0.5502329191   0.9180522763  -0.3962663367  -0.3514967630  -0.8565218344   1.1411605632  -1.7541315699  -0.2211721385   0.1453143224  -0.5749755830  -1.2032557062  -1.6747282023  -0.5238713619   0.2685301337  -0.1288317738  -1.0509474951   0.3086779368   1.3760406490  -1.1343852505  -0.4758742962  -0.0396792101  -0.7871009224   1.2227089917  -0.0801703542  -1.3188660029   1.7238818668
-0.7426371267   0.7814089661  -0.8533754556  -0.1911574237   0.8010599332  -0.0760974940   0.3883347225   1.6318882531  -0.3303487610   0.1532381707  -1.0022892164   1.3851511370   0.8691284783  -0.2461448644   0.0603906473  -2.5922858160   0.6637267370  -1.4167632340   0.4594867068   1.5230357970  -1.1466473652  -0.4438317082   0.4532950742   1.9310250203  -0.2967962220  -0.2048925855  -0.1469760696  -0.1465241491  -1.2335800131   1.3081110363  -1.4574570965  -0.7789316224   0.2969894772  -0.2933406688   0.5654762736   0.4402817086  -0.3673653139  -1.6847741574   0.3256076389  -0.4741706512
 0.5712843626  -1.6588801752  -0.4968898932  -1.1739368346  -0.3539444390  -0.1668261911   0.5558101681   0.3405370308  -2.8613804259   1.0954844962  -0.1141756956   0.2761001037  -0.3558298283  -0.5279838589   0.3214639798  -0.2702824789   0.9362928515  -1.9904259819  -0.2121075870  -0.4551210756   0.8143350566   0.1271095593  -0.6736757423   1.5345905531  -0.1022502293   0.3132077030  -0.6389216090  -0.0658731010  -2.5475173396   0.6017337353   0.7434689504  -0.3509263238  -0.6919244050   1.6565260751  -0.4971241519  -0.2947987958   1.4397574969   0.4808198445  -0.4696564035   0.7798726422
-0.0273631386  -2.5115862045   0.0660030392  -0.4751899071   0.1911901553  -1.0044602137  -0.5669729884   1.1144884907   0.2801536896  -0.8667078918   0.7294417134   1.1825168613   0.9833723826  -0.9608210705  -0.5971202446  -0.3223302219  -0.9590267179   0.6953163847   0.7347792324  -1.1321409499   0.8910570700  -0.0773079779  -1.0636989085  -1.5770312164  -0.6568512759  -0.2257767414   0.8835755921  -0.3308858866  -0.3692830286   0.3823252224  -1.2663092107  -1.0658700781  -0.1757658456  -0.2271657845  -1.8976474593  -0.8661359690   2.0579065670   0.6311537161   0.8245804441   1.0230094086
 0.2434508580   0.5350883131  -1.1019291530   0.1111471098   0.3763817186  -0.6888783303  -0.4951341498  -0.1759249121   0.2875478761   1.4066650230   1.1762247865  -0.0466087699  -0.2833341821   1.2171679804  -0.3522532705  -0.6746187695  -0.2663699216   0.1346553093  -0.1059861174   0.5385707606  -1.0009983970  -0.9278891849  -1.2195230671   1.2633043335  -1.7586324946  -0.1139680534  -0.9687136054   0.5549408221  -0.8335555118   0.8202216458   1.3660173623   0.2070567130  -0.9066530540  -0.0330417622  -0.7245105772  -0.3647847252  -0.0004425457   0.1709525676  -0.2628886075   0.1409640204
-0.5747024860  -1.7702900104  -0.8026960004  -0.8923619608  -1.4275190030  -0.4377781078   0.4731175188   0.8385036032  -1.8766794515  -0.6338525092   0.2022288456  -0.3615697120  -0.4435933432  -1.4015914484   0.8797372719  -0.7392249031  -0.4833224362   1.9671406065  -0.3955501576  -0.9698527257  -1.6376772322  -0.6981578229   0.4991388077  -0.1944834582  -0.4300273133   0.3081428376  -0.6901440202  -0.6722838282   0.6621006277  -0.5548529922   0.1142138876  -0.8594125620  -0.0180188427   0.0279234419   0.4864724897  -0.4449767443  -0.1942748405   0.5936151584  -0.5182730900   0.7750063767
 0.3405574230  -0.6312545448   2.1684403888  -0.3175599144   0.7855350098   1.3592929333   0.6926436883   1.0348858400  -0.2011287080   1.1659622234  -0.8878843133  -0.3708509847   0.3596411795   0.3681251304   0.3153612586   1.0218507578   0.5605215187  -0.1755969942   0.5005536888   0.1677970587   0.5015708283   0.2679534986  -0.4873885323  -1.1975390756  -1.6378320473  -1.4701983625  -2.9129740876   1.3142388290  -0.1578040879   0.3290177716  -1.6718189866  -1.7366142828   0.3263173346   0.4644130613  -1.0002670418   0.2160290912   0.0582643148   0.5781020562  -0.4162191474  -0.4232966620
 0.2493831378   0.5213393996  -0.7659001903  -1.5233433345  -0.6590111512   1.0952291523  -0.6757244255   0.4416632048   2.9777433478   0.8592935775  -0.6000332844  -0.9839144183  -0.0600702801  -0.5365900034   1.5644800369  -1.8816686780  -0.7801322919  -1.5227638740   1.2271752312   1.7104284883   1.3273585843  -0.2813281892   0.7302796482   0.1403021049   1.3391763043  -0.3610027597  -0.3728275727   0.5098302633   0.5442945096  -0.1782989293  -0.0473291277  -2.4154987479  -1.1343803606  -0.1536431744  -0.6877443664   1.3586573731   0.1592261346  -0.8923560784  -1.1639677871  -2.0382155858
 1.7688509190   0.4017728632   2.5758168098  -0.2360611433   1.4357761444   1.3552270068   0.0877249285  -0.3521620767  -2.3489021121   1.5645339568  -0.7138169799  -0.3226292175   1.6293622064  -1.8546846695   0.8888574729  -0.1385749873   1.9646120111   1.8218914409  -1.8655845685  -0.3171579931   0.2640144220  -1.2114704476   0.2726233906   0.8127512870  -0.8535230138  -1.2932155072   0.2498546892   0.9379665367  -0.1618791673  -0.3599987778  -1.1987979373  -1.1862025784  -0.7457554322  -1.5410299842  -0.8669128774   0.0960768679  -1.3637153960   0.4736087264  -2.0526830146   1.0588537829
-0.2913595448   0.2746065718  -0.7540398438   0.6979612163   0.5352114121  -0.1526387997  -1.0735158145  -1.3083626923   0.2887076750  -0.8978871245  -0.7892246880  -0.7899619779  -0.6772897336  -1.0238798692   0.3416649905   1.1301412444  -1.1735507012   0.1554971489   0.1834158978  -0.1451675310   0.1377486239   0.2540179368  -1.0144455075  -0.2887828769  -1.0916618532   0.0244537860   0.1618506749  -1.1860919416  -0.9129181444   0.2642139073  -0.8247471599  -2.0532396245  -0.7269770659  -0.3256384816   0.4687554878   0.3147041379   0.2014017406  -0.2800594637   0.0617459282   0.3445929488
-0.4189123535   0.1816835931   0.3531187092  -2.1775406877   2.0455495555  -0.4723106025  -0.2213865152   1.4384665141  -0.9059217736   1.6777750776   0.2332584725   0.4531323771  -1.7377474057  -0.2045867885  -1.0612066085  -0.6978076820  -1.4252968134   0.9876847600   0.4823992079   1.3149451652  -2.7202718347   0.4337031722  -0.3762526567   1.7457788457  -0.8968597440  -0.5244795591   1.6148459385   0.0836748251  -0.4131814243  -0.9459484370  -0.6676456432  -2.2330570201  -0.0065005925  -0.1035256318  -0.2619361381  -1.4468574481   1.5172871971  -0.5023231487   0.2307289596  -1.2765245787
 0.9174082371  -1.7908139609   0.3061607204  -1.6991344150   0.3842940995   1.5102235926   2.1429842598   0.2866710591  -1.1455663198   0.2005922112   0.8179442614  -1.0103911020  -0.0451974631   0.8538745940  -0.0568832997   0.0093832553  -0.2145621744   1.5738843264   0.2970581253  -0.0525138557  -1.6835547511  -1.9477271109   1.4863700948  -0.6464957215   0.0771141171  -1.3923475492  -0.0825621374   1.1459241639  -1.5450103370  -1.0142474887  -1.0271084258   1.9104637829  -0.5345155603   0.8501476525  -0.2693244616   1.1229898988   0.5725518420   2.3598387166  -1.7721886546   2.0734996646
 0.4062597359   0.6934189690  -0.4514710421   0.4542848214   0.8272106281   2.7253077038   0.4303892037  -0.5659184073   1.9928783749  -0.0192652190   0.5790299743  -1.0650255535  -1.5556520243   0.2518660534  -0.6650064841   1.9404875326   0.8397739496   1.0139044340   0.1188603422  -1.1019435747   1.6534482761   0.3368412472  -0.1782819363   1.0174450269   0.2783670009   0.3045326856   2.2543759851   0.1861250839   0.9282200264   1.2081160920  -0.2606862338   1.9153086473   1.0183003774   0.7133529806  -0.4761186535   0.3141768824  -0.3001559111  -0.0334733315   1.2685358017  -0.7380933486
-2.6973577586  -0.5254231507   0.2030124268   0.1177606650   0.8367548155   2.2582371209  -0.3878374901  -0.2089140416   0.1061271843  -0.6722288938   0.6491353593  -0.5662942772   0.4291739836  -0.9442303826   1.6672524309  -0.1142109974  -0.9488413002  -0.2393816237   0.1872841409  -1.6144043569   0.0841031298   0.0361205304   0.0423341632   0.2174541075  -2.5364309202  -0.5684506706   1.8333867424   1.7438624278  -0.8030780521  -0.4477220377  -0.3562330871  -0.3140042154   0.8462043340  -0.2127119968   0.8279859520  -2.6508564925  -0.3036545002  -0.6588762581  -0.0658951008   1.7352031261
-1.2640037132   1.3980162645   0.8103927415  -1.0004580581  -0.9376003234  -0.4673898604  -0.2566367291  -0.1499035480   0.1537596651  -1.1147157780  -2.7667895885  -0.4639068698   1.1601317466  -1.0667958565   1.5522462104  -1.6530353545  -1.3651035376  -0.2003339828  -0.0054984106   1.5395365772  -0.7567528624  -0.4582641784   0.4634980960   0.8504403290  -1.3024414129  -0.1826235340  -1.8237977185  -0.9191450922  -0.0232588860   0.3243075883  -0.4340997757  -2.3770224297   0.5850119583  -1.4950007398  -1.3767802361   0.9154288553   1.5399429162   1.1485551855  -0.3811810728   0.0823991504
-1.0383120364  -0.4255274875  -0.4356512783  -0.1333607674  -0.8884346574   0.9372700211   0.0111467127   0.5048818324  -0.3906172028  -0.4094704493  -0.8293888843   1.3426696268  -1.2101461934   1.1327256005   1.8737200976  -0.2715083759   0.9781742958  -0.3238596770   0.3790588669  -1.5568225660   1.4740917716  -0.3039491372   1.1466123037  -0.3849363504   0.5885128755  -2.0250708972   0.5701223843   1.3600345895  -0.2173069726  -1.1724876497  -1.4496951143   0.4836080637   0.1629760965   0.0811798971  -0.3103551596   1.6068522395   1.3329206951   1.2147925504  -2.4217266052   0.0937975904
 0.4596557953   1.1250501436   0.0973107854   0.2005591515  -1.9221681496  -1.5042673467  -0.4445785430   0.6407420301   0.9559397814  -0.6617867779  -0.1909855871   1.8116777915  -2.8618702600  -1.5365066448   0.6896211411  -1.9979855207  -0.0819709434   0.3459233904   1.7336339998   0.1592271106  -0.4384815762  -1.0163920795  -1.5241618481  -0.3217422966   0.8053729680  -1.6216251150  -0.9783523783   0.1971012989   0.5390909547  -2.2584671365  -0.2127843935   0.4321187694  -0.4409742770   1.4748418488   0.9934475892  -1.2779213377  -0.8050791151  -0.2690645076   1.6694556315  -1.1836843561
 0.3485742986  -2.3141409991   1.3430706417  -0.2662080344  -1.6081497003   1.9512555841  -0.9330956494   3.0495604959  -1.6050047147  -0.4258991849   1.2855153902  -0.5246858654  -0.0222775449  -1.2951028515   0.3855607545   0.8301909968   0.6986861369   1.9029317896   0.0762196913   0.0841362350  -0.8557746180   1.1861105256  -0.5143897026   0.2192157778  -0.6624647329  -0.3065959157  -0.5419282514   2.0593919529   0.7536404360   0.4789379736  -1.9284453014   0.1321548999   0.2222115786  -1.0426313035  -1.4395829342  -0.9341598450  -1.0956352813  -1.6707747162  -0.8541076088   0.9455198624
 0.6511065152  -1.0318550407   0.3012948719   0.9173659022   0.5835078293   1.2421116979   0.1426744438   0.2020269983  -0.3744590323  -3.4259215028   0.4411775668   0.4994610812   0.1835849116   1.5915491566  -1.3775454995   0.3140804070   0.9986633943  -1.1716078758   0.5239060418  -0.6508306950  -0.0672309716  -0.2974048053  -0.5747329281   0.1004179890  -1.3994844397  -0.5756958399  -0.4440467324  -1.8956665346  -1.2305934462  -1.3029188692  -0.1100185372  -0.1050748147  -0.1486438759  -1.8435014992  -0.7419947555   0.5887958810   0.2768490338  -1.1849089864   0.2422040176   0.0778314896
-0.8251920541  -1.4810927350  -1.4322657603   1.6518425678  -1.0719192472   0.3000613903  -0.8191260894   0.1104001380  -1.1813019523   0.4217082222  -1.9437727702   0.0003071069   1.1335651595   0.2096586451   0.4113345853  -1.5548580729  -0.4405277923  -0.9932394897  -1.4606888050   0.3448551409  -0.2390800226  -0.0109488838  -0.4755055450   0.5616395945   1.2444630374   1.5835190944   0.0279176645   0.1092995665  -1.2659041760   0.9007343908  -2.7722774390  -0.7926854291   0.4651711525   0.7753948589  -0.1093081573  -1.2800326987   0.1894611134  -0.1742068981  -1.1556346294   0.7596189933
-0.2642606627   0.9430986865   0.4370595854   0.7386831772  -0.7170292726   0.1970816377  -1.1989714338   0.6343016435  -1.6194875743  -1.6043167996  -0.5964097109   1.4149784769  -1.3143510161   1.9828605778   0.0566478649   0.4029866544  -1.4680892085  -0.0121609951   0.9747302829   0.6694982717  -1.5800973952  -0.0561872269  -0.2463015539  -0.8477107167  -0.3049877882  -1.6521160046  -2.2141313590  -0.0807476569  -0.1934800753   2.3434332295  -1.4023423518  -1.1281619347   1.0878352869  -1.1746542229  -0.1081312121  -0.8483555484   0.9602211152   1.0866059713  -0.4678398890  -0.2408307746
s3
 1.6072336476
 0.8245370936
-0.0821929473
-0.7153874486
-1.9096683253
-0.3395401915
 0.7937922195
-0.2684032102
 0.4387158257
 0.3456345784
-1.1980285334
-0.6195270650
 0.3713149523
 0.4873697952
 0.2545167202
 0.2465917880
-1.1903586693
 0.1365928938
 0.4168715927
-1.3890220626
-2.1244997857
-0.6001766284
 0.3464280656
-1.8515887549
 2.3042067413
-0.5422101805
-1.6851514554
 0.1848586059
-1.3416915211
 0.3126275068
-0.9882945857
 0.5535652095
-0.9343871947
-0.0061241385
 0.9831482894
 0.5229207059
 0.5754617350
 0.3242381376
-0.4098998499
-0.6531127492
w4
0.0377749486  -0.9732701323  -0.1454029189  0.0561103349  0.0927819858  -0.0377797725  0.0054052054  -0.5758639380  0.5542064901  0.0731523427  -0.2977296020  0.0523029301  1.7065369624  -0.0632517864  0.0231258111  0.1173625364  0.0732259986  0.2633826707  0.0576070380  -0.6471778086  -2.0595657491  -0.9270391452  0.4323763008  0.0989041453  -0.9456501567  -0.0071201787  0.0636556792  -0.2155171379  -0.1932872924  0.1548676907  1.0064594211  -1.7045890167  -0.2751257447  1.9909937352  -0.0219990483  1.4759431352  0.3857315346  0.0929762857  -0.1808923246  -0.0694472893
s4
0.2767923345

