layers: 6
str: {2,40,40,40,40,1}
w1
-1.4637901323   0.1561279110
-0.2669292051   0.9577094254
-0.3312722522  -1.4119991027
 0.9862777300  -1.0765147499
 1.1653731897  -0.0324386802
-0.3502327519   1.6962043099
-0.8254353402  -0.1753788543
 1.0537421679   1.4954160279
-0.7567018300   0.2850382178
 1.0365099724   0.2447932835
-0.1166483885  -1.3019707589
-0.2538760490  -1.4689727714
 0.6114025046   2.3086853532
-0.3428359125   1.1392417833
 0.5794146182   1.8105648522
 0.3019897531   0.2746982530
-0.0494368727  -0.5914461423
 1.6011971645   2.0736593416
-0.5059067261  -0.2071668762
-2.2000112667   0.9058491154
-0.8476717182  -0.9223911715
 0.6639735350   0.1592446580
 1.0568115575   0.7555488910
-0.2416839210  -0.2703848729
-1.0372821534   0.6729912988
-0.9471873535  -0.4857847042
 0.3070276274   1.4486023034
 0.6562712409   1.1131875737
-1.2528384518   0.0431274342
 1.7408934639   2.0586200917
-0.2798136313  -0.6713372872
-0.4618002324  -0.2622412098
-0.4165095434   1.1789562900
-0.0204943157   0.9214740096
-2.5192251533  -1.0819059079
-1.2343188122   1.3958599316
 0.5519735688   1.6882934324
-1.6389500759  -0.0472967176
 0.8812816101  -0.7462714040
 0.9147116663   0.4105818524
s1
 1.4046027486
-0.4510870688
-0.6081844508
-0.2531901822
 1.2872847477
-0.3067649797
 0.0080006157
 0.0290390176
-0.8575875803
-1.4652315334
 0.9602236012
-1.0181772175
 0.1933296644
-0.3671918617
-0.5778326475
-0.4189278863
-0.8578101611
 1.2948412708
 0.1175560461
 0.5856441857
-0.6029514165
 0.1953271520
-0.4622734537
 1.0779840390
 0.8557797279
 1.1194079825
 0.1837792201
-0.7559214736
-1.7193251234
 0.0500710637
 0.6168095116
 0.1730173924
-0.6034222443
-0.0986903781
-2.1237401815
-0.0316026966
 1.3964829725
 1.2809046208
 1.9730254107
-1.7496645264
w2
 0.7909564175  -0.5665229567   1.6584438605  -1.6380739882  -1.1944530701   0.0250132507  -0.4091331414   0.3961403935   0.9609520560  -0.4417104268   1.4568984114  -1.5086344364  -1.5740237144  -0.1661757680   0.6309885226  -0.7035514975  -0.6635679695  -0.3864931764   0.2833516807  -1.1384104312  -0.2831443175   0.9215928990  -1.3094221053   0.7813059320   0.3314720487   1.0996395913   1.7472853361   0.5745897197   1.3193877420   0.0285783065  -0.9608055379  -1.3333778448   0.1584677633  -1.5888278350   1.9858191979   0.8072214741   0.3782353956  -1.5239401343  -1.7098293371  -2.3435364508
 0.2416550386   0.6163298517  -1.0248115663   0.1934901237  -0.1247584763   0.1379675954   1.1384635568   1.9942369170  -0.2328889256   1.0337189624   0.7667038582   2.6208787963   0.6593166893  -0.1480483132   0.6916678190  -0.9866263821  -0.9293253223   0.4223029870  -1.7179999032  -0.1308286432   2.1385901756  -1.3797973171   0.5438655413  -0.0998261380  -1.7624779702  -0.8195705913  -0.3184707693   0.1508041359   1.0961200742   2.1007193578   1.2427181618  -1.3972407279  -0.7542994437   0.4345630653   0.1675896552  -1.6962105078  -1.4838854076   2.5556821121   0.2438562129  -1.8210253458
-0.7011218894   0.7967065180   0.2424456850   0.6060287948   0.3481640671   0.1872828882   0.8743706087   2.6534895292  -1.2168942301   0.6590772360   0.2654946124  -0.8123903556  -0.2238113556  -0.0087973527  -0.2025121584   0.9459173466  -0.0679733819   1.2398909058  -0.9841803654   1.1443615494  -0.6629624391   0.5778801627  -0.8270779481  -2.0447612256  -0.6521019602  -0.4157227599  -0.3057129707   0.5588451927  -0.4540529535  -0.3943838342  -0.3919272485   0.3655534598   1.3883513595   0.7739539241  -1.1118515340  -0.1488718070   1.2115883342  -2.0414294101   1.6888387397  -0.0643393976
-0.7084256360  -1.5483884950  -0.4802740338  -0.4959415778   0.7786455924   1.0234753187  -0.6654405733  -0.9963661340   0.8866838152  -1.3641702905   2.1586267110   0.1115355483   0.4762701244   0.4724294224   0.5096130225   1.3046729389  -0.7068785188   1.1848846178   0.9384801541  -0.1287138367  -0.8329341423  -0.4491428309  -1.2936177945  -0.7792351039   0.2263655586   0.8784144481   0.2497296509  -1.4687127103   1.6438393283   0.4241333494  -0.5790882704  -0.3456974691  -0.0144164609   0.5813352498   1.5020128128   0.1571804058  -1.5688091522   0.9390428695   0.1066242613   0.0814077415
-1.2413701395   0.1496992640   2.7908391541  -0.3082616742   0.0373782858   0.4449350127   0.2977278883   1.6763480761  -0.5118269292   0.5338198708  -0.1354903814  -0.2463146011  -0.9439569188  -1.3055244861   1.6765194262  -0.3943710006  -0.9179749164   1.2138030163  -0.3324901031  -0.9051288237  -0.9728732441   0.5612165638   0.6991056964  -0.1979186414   0.2001077345   0.3054375080   1.2336343613   0.2610780951   0.7133541343  -1.2844263574  -2.6724132168  -0.3422864027   1.5232905744   0.5578515611   2.1238606847   0.1221177156  -0.1517050185  -0.1265911942  -2.0018738663  -0.3526144599
 1.3374500870   1.8438794667  -0.8559573433   0.4595024804  -1.1479154065   0.2561763231  -0.0055110206  -0.1057186106  -1.4165598622   0.0228566632   0.3526232383  -0.5544435501   1.3003810757  -0.0903376132  -1.8252289162   0.0971937821   0.2144002156  -0.2097746719  -0.6803547708   0.5078815585   0.0863712551  -0.6233563147   0.5377058469  -0.6691672824   0.2619849303   1.0178662492  -0.8322177578  -0.3423650549   1.5327290453   0.6979944568   1.0040576430   0.1612855824   1.8207578767   0.2705148148   1.2205707262  -0.8694048641  -0.7466663684   0.5486599841  -0.7863980511  -1.0987882728
 0.8830807155  -0.6807756452   0.9958178962   1.1194976817  -0.0126023458   0.5523469347   1.1578075590  -0.5329369556  -1.8461949480   0.0212751837   1.4527204454   0.3452689041  -0.4370368608  -0.0213369314   0.1352218888  -0.2122292415   1.6969417794  -0.9630182872   1.1772250796   0.6235115175  -0.0562700815   0.1981509617  -0.2219970309   2.2226291890   1.3311174286  -0.4315711961  -0.3574932664   1.3100153001   1.6047695853   1.1296741871   0.8098234284  -0.3097594623   1.2441854095   2.3153469308   0.2829421308  -0.4242146283   1.5664811920   0.7993266722   0.1805365448   1.7088748467
 1.7918213540   0.3087111625   0.7388068078  -1.5108215725  -0.4179597672   2.1644414221   0.4203462779  -0.6230252144  -0.7733343126  -1.5358046984   1.8126329127  -1.4345862304  -0.0846935646  -0.8120015384   0.2558751163  -0.7368535826   0.3237688661   1.2704678455  -2.2894473498  -0.0189500585   0.0065537130   0.3321683141  -0.5998013220  -0.6568071425   0.4002006301  -0.7255165256  -0.6401695277  -0.0739961131  -0.4578351170  -0.9611607316  -0.2349200795   0.8987209001   2.1884634835   1.2059241060   0.3944518602  -0.5221353408  -0.0274461314  -1.3694223323  -0.0613035275   0.3999895667
 0.7109061536   0.2641495245   0.0411003493  -0.3500913411   0.5905527692  -0.6533919384  -0.4421279198  -1.0126807099   1.1912012761   0.0142148214   0.7646111546  -0.5949557354   0.8083007267   0.1120032361   0.4055756734  -1.0848044602  -0.2701962407  -0.1263708534  -0.6889663296  -0.4265992730  -1.1299479417   0.3841458276  -1.3867124333  -0.5048768793   1.5431959737  -2.0343142462  -0.9969983064  -1.0870147713   0.2305273858   0.3733429372  -0.7211307876   0.2368446249   1.4636440832   0.7294347028   0.5223161802   1.0154105883  -0.9519857636   0.5643758134  -1.8432977622   1.3202953731
 0.8487205151   1.1301321868   1.1044509656  -0.9304058137   0.4301165078   1.7880895227  -1.1602370733  -0.7353345457   0.1174863674   0.5941546393  -0.5717812169   1.3303814932   0.3548615724  -1.4568218746  -0.8877155846  -0.7334614109  -0.3005766954  -0.1944773550   0.6299397247   0.4503282420   0.2825091294  -1.0360206431   0.1114868196   0.4593151303   1.5725043787   0.3510259518   0.0829381116  -1.3487655692   1.1972501436   0.1087919821   0.6045614753  -0.6157526940  -1.9868647588  -0.2529667314  -1.6020000632   0.9933117247   0.6746597460  -2.1301332248   0.4924185300   1.5418898206
-0.1873886779   0.9596050633   0.2151228924  -0.4851512104   0.3812756082   0.7723452449   0.2007053205   1.4467338625  -2.2195090518   0.7726994198  -0.8048850158   0.5313736656   0.1145726172  -0.0815750402  -1.5657022780  -0.9027859594  -0.3878822183   0.0815406991  -0.2598533127   0.4224251443  -0.8718401395   0.8501251307  -1.0145570963  -0.1475277883  -0.7207112640  -1.0199385370  -1.9164952010  -0.4877354223  -1.5150013553   0.8195497785   0.6363573655   1.5780222849  -0.2362769107  -0.3223215276   0.2326087246   0.1129481869  -0.9258385318   0.0817109301   0.5064551776   0.7098527469
 1.3692316029  -0.0882064971  -0.2515573135  -2.5462819028  -0.0917648074  -0.0153061093  -0.6956594080  -0.8007422565   1.4835212668   1.4239618866   0.1430222378   0.4558123260  -0.7871416858   1.4215184792   0.2230786334   0.2309539061   1.6593174826  -1.1803565390   0.1169274078   0.2771529025  -0.3470162708   0.0505042442   2.1341481474  -1.3549225911   0.5258954064  -0.0879378917   0.3346407277   0.5494842687   1.0454979629   0.2853270552  -0.3086984765  -1.5290546923  -0.2992500202   1.4738190652   0.4120295559  -0.8978677997   0.1316225629   0.2068183369  -0.2040327733  -1.1858431763
 0.0594723755  -0.9646679965   0.2241637416   1.2644068152  -1.6759281789  -0.5303942438  -0.5371993621  -0.1768547160   0.6593026634   0.6666039100  -0.7844542617   1.2073053181   0.6370203007   0.1141587108   0.1157095647  -0.4542115210   0.1883585924   1.2284349825   0.7467365658  -0.2873580415   0.0743197841   1.1257736122   0.6422122425  -0.8569626727  -1.5834442060  -0.6782892479   0.9789073059   0.4124342532   0.4300328188   1.1338343457  -1.4349043888  -1.7257447815   0.2763315565  -0.9323469377   0.4005066628  -0.5097028095  -1.3199330230  -0.8375636810  -1.8113153799   1.6837515545
-0.9485350348   0.1822016704  -0.4643318154   0.1262071675  -0.7808236984  -0.3224481731  -0.6629684668  -1.0189607709  -1.1203934908   0.7087373640   0.2699271170   1.0202194991  -0.6073734533  -0.9661993508   1.5948738566  -1.9874020439   0.0612135264  -0.6651629975  -0.6272972376   0.8166406219   0.3036099712   0.1828171674  -0.9254775468   0.7239065119  -0.1028106879  -1.4336085712   1.4794996303   0.3073584014   0.4518841807   0.5310526930   0.3550568412  -0.1681580295   0.9770913313   1.0797091428  -0.7145528533  -1.2683297437   0.3246433337  -0.4279440676   0.1341350158  -0.0975335701
 0.1644691850  -2.4208336890  -1.9691295411   0.3140877300  -3.1940902767  -0.6894181859   0.2268560567   0.0715045412   0.9226951381   1.4232544299   1.9807212494   0.1024521482   0.0022138454  -0.9025264399  -0.8560148554  -0.3516137422  -2.6119355417   1.2800159519  -0.2901224931   2.0718261035  -0.1011237466   0.8099812851   0.9995989513   0.2010631593   1.4605160454   0.9814145777   0.5410351018  -0.7362497984  -0.8501798802   0.6640132683  -1.5923883590   0.3807645105   1.4275965132  -0.3645365717   1.3472756736  -0.6117626458   0.5991350265  -1.0166904277  -0.0210869961   2.1608728825
-0.5290140154   0.5753353359  -1.1306714124  -0.0859931128  -1.0053235956   1.0196839410   1.6725968171  -0.4518973524  -0.8559125089  -0.1505765432  -0.2997847828  -0.6831230329  -0.3605987824  -1.2137695549  -1.7128191138  -0.5558040168   0.7559072507  -1.0751108960   1.3587544840   0.8968298441  -0.7996361734  -2.0464718652  -1.3511511091  -0.0284999289  -0.4252576105  -0.3183917550  -1.1163497142  -1.6043312791   1.6834858781   0.7454959371   0.0999124675   1.6976551240  -0.2374678566   0.0828460240  -0.3873688273   1.1095423409   0.0033081109   0.4815409985  -1.0899241123  -0.4970634506
 0.5897401179   1.7370747379   0.0751429578   0.6910970359   0.6744506007  -1.5248778818  -1.1574507575  -0.7827065913   0.2386740796   1.4535761822   0.1490969925   0.7089341146  -0.9413749534  -0.7919916818  -0.4405759705   1.3941385749  -0.0519759248  -0.8718999134   2.3728696941  -1.4760940440   1.3243388913  -0.1203086040   0.6752217778  -1.4196245176  -0.8036310371  -1.0286400242   0.6236194676   0.0397880086   0.4449920229   2.2163856199   0.2519602108  -0.7671652209  -0.5973175206   0.5844599787  -0.3501013398   0.1371638513  -3.0271517004  -0.9942080451   0.7527990784   0.4152435909
-1.3673557311  -0.0698651940  -1.4861131937  -0.8827216691  -0.6943331582  -0.0516587029  -0.8739075871   0.0609220572   0.4044364188   1.2561749222  -1.7852086427  -0.9022010751  -1.9680802843  -1.1069877017   0.2829284549   0.1810391015  -0.4432319008   2.4740762818   1.2343679676   0.9543139836  -0.0225366184  -0.9853034395   0.6581412255  -1.3549300055   0.4668981955   0.8814304378   0.9577552899  -0.8744735571  -0.4734641142  -0.1824220899  -0.2396265101  -0.3644616994   0.8943562390   1.0195513379  -1.0036723178  -2.1541628751  -0.0217712851  -0.4078534897  -1.1997721357  -0.8372388407
-0.2393077548  -0.6790248388   0.1313845465   0.8860704933   1.0683064795  -1.4998372231   0.5962845563  -0.5564966648   0.0418958160  -0.9648209878   0.4245460395  -0.5426536120   0.9914142480  -1.6843969673  -0.0086785581  -0.4900651173  -0.0250084225   1.7302375307   0.7860412598  -0.5465878656  -0.4952384050   0.6272254514  -0.4199117514  -0.5527475146   0.0760625559   0.7395796703   0.0969336221  -0.2381118742  -0.5717946902  -1.0004487718  -0.4681437555   2.3260230618   0.3341739334  -1.8239883221  -0.3972342162   0.5096151832   0.3527349018  -0.6984172700  -1.0617563841   0.7550986980
 1.3077795265   0.6479869502   0.7654698679   0.0163868361  -0.1124226158  -1.6513297628   2.5764174752  -0.5042977421  -0.1344537646   2.4744448153   0.4042990691  -0.3426880848  -2.3768289820  -0.6404588468   0.7952644786  -0.4178853569   1.1405446978  -0.0032172356   1.0400409042  -0.9371388320   0.8614810184   0.4274832467   0.5566895030  -0.3982344099   0.9760105021   2.4395203195  -0.7430421054  -0.8816752583  -0.3234391257   1.1809760155   1.0073198635  -0.7755966109  -1.8923610422  -1.3163671613  -1.5640345538   1.0668339977  -2.4846619936   0.9051172943   0.4059357461  -0.9930837451
 0.6821807249  -0.4565418416  -0.2049904953   0.9002560734   0.6707498324   0.7321802633   0.2671776020   0.2201963563  -1.0340636765   0.5612896340  -1.7803957967   1.8729365840  -0.4493876890  -1.2056342529   0.5035959962  -1.9411825039   0.1644513344  -0.8614808828   1.1488657428  -1.8102419564   2.2816635887   0.4945140030  -0.3109047034   0.3329559584   0.8581412350  -0.5119883888  -0.5703821229   0.3401036647   1.9265038348  -1.0714293339  -0.6154819714  -0.4347097519   0.8796795641   0.3684355771  -2.3349772170  -2.6414682217   0.9715458264   0.0284173610   0.4892779459   0.7151134922
 1.4668307638  -0.4521802464   1.7543393887   0.1739383842  -0.7987825822   0.7836678946  -0.5570064759   1.3381118525  -2.0094361711   0.3892539425   0.5809969038  -0.5021967925  -1.1032464391   0.2722635028   1.9109353342   0.1177557317   2.2896277837  -0.9318724876  -2.6801950042   0.8612217225   0.3647168435   0.4140104549   0.8208940989   1.5419775195   1.9059986944  -1.1703421954  -0.8053859061   0.9319564206  -0.3389896889   1.8172151864  -0.0178425751  -0.1970517125   1.1668656211   0.0775833366  -1.2461105549  -0.5823516608  -1.0311663640  -0.3634924657   0.6847079846   0.9358373518
 0.3351975391  -0.3156574034   0.7438144367  -0.4876675292  -1.2965875367  -0.8455665012  -1.2978995269  -1.4869858993   0.2404193254  -0.5908773585  -0.1840708110   1.8249928736  -0.0703102226  -0.2718528293   0.8583138764  -0.4642363565   1.5128715501  -0.0443358683   0.1019637897   1.1836504306   1.1358160473   1.1998633932  -0.5077287275   0.6157190408  -0.1705310866   1.6840662654   0.6716820387  -0.2442153325   0.2487981502   0.3280201090   0.0494413104  -1.7674510412  -0.0215953250   1.7142590499   0.8462929629  -0.5705959664   0.5555023577   0.3531609012   0.9397556435  -0.7791071209
-0.2224005831   0.3562229578   1.5070618738  -2.2579023317  -0.4710040935  -0.1024464336   0.7057005903   1.0581728491  -0.3132126483  -1.4414382776   0.1087101882  -0.8913007861   1.1705103461   0.1442115673   0.8306149641  -0.1040947872  -0.6999103170  -0.7981958648  -0.8229279589   1.9954245149   0.3279705664  -1.0013618430  -0.7569375452   0.4489162251  -0.3149658367   0.0322094357   0.7442511352   0.0668200804  -0.2669939816   0.5343848912  -0.4128448130   1.5678811748  -0.5038187742   2.1161776589   1.4673895987  -1.0194780589   0.8069564557  -0.7218718410  -0.5387218205  -0.3649999789
 0.7319052882  -0.6531596353  -0.1203600821   0.9866158540  -0.4590726923  -0.7801859016  -0.3998742501   0.7701010867   1.5545855682   0.4159108017   0.1913149564   0.1740779778  -1.1630720363  -1.2597260555  -0.6703436726   1.0104116120  -1.2025793561  -1.8199045103  -0.0940830909  -0.1538506672   0.2345820642   0.2103928267   1.0400135398  -1.0658161756  -0.0475034381  -1.4427134891  -0.1671957131   2.4860386317  -0.4170613373  -0.6425129354   1.5480405196   0.6979043834   0.0354262307   0.4983997023  -1.5670566878  -2.4080964146  -2.2862003430   1.3120900201  -0.0867837261  -1.0271672470
-1.0305957723  -0.7158155920  -1.5489251493  -0.0985310828  -1.6420927020  -1.5244063413  -2.1212673824  -0.6111250828  -0.2625454555  -0.9287763290  -0.1070760108   1.0271186786   0.2922217302  -0.6668629781  -0.9530049830  -1.7407259692   1.1542591523   1.2069897032  -0.1709727157  -0.2819140659  -2.1053603923   1.8101036883  -0.1943721732   0.8362135426   1.8424723346   0.5614453261  -0.9100891839   0.5088774451  -0.2049829904  -1.9588852136   0.8782365094  -1.3148546667   0.0778883482  -1.5107746442   0.9294086418  -0.6381360197   1.1685521381  -0.5053700492   1.6041828715   1.7404498842
-0.3769829014  -1.1672458004  -0.4881022491  -0.9144206861  -0.2645924324  -0.3915443717  -0.5564732070   0.1635780034   0.3626850191  -0.7167766881   0.6803509378  -1.9567244068   0.5899453666  -0.0682586346   0.2630513247   0.9441448616  -0.2655917619   1.5381703170  -0.7946131313   0.1276687145  -0.7641082670   1.0071233102   0.4879550432  -0.6143341487  -0.1811707085  -0.0701269328  -0.6275972301  -0.9320624421   0.5881965091   1.6609080978   0.9654276429  -0.5384686857  -0.4999245351   0.2228640667  -0.1832066898   0.2194668425  -0.0635860527   2.2268973927   1.3868466726   0.2696143725
 0.5607270042   0.9710407376   1.1081134355  -0.1641656921   1.6140439956  -0.4224970905  -1.5329402514  -0.1619789701  -0.5154216005  -0.3148794252   0.9222895153   0.8113852985   2.2454643754  -0.1705762427  -2.1132251354  -0.6046547227  -0.7704073667  -0.4942854345  -0.6109416583   1.1541297104   1.2157144406   0.1267793343   1.7343197074  -0.3802049655   0.3880686827  -1.0494978627   1.0068390289  -0.3631822027  -1.7151362168  -1.0718792413  -1.3547894971   0.6909347390  -0.5516573273  -0.0231643422  -0.2269080841   0.1843228183  -0.3215939215   0.3844362493   1.0439192996   1.3202484321
 0.2931076227  -0.1173847513   1.3318216627  -0.7116702500  -0.3512038302  -0.0578210593   0.2986191359   0.5810312863  -0.6184153309  -1.3102415682  -2.7449532322  -0.4733530369   2.0340029986  -1.1080538381   0.1044328849  -0.1348191359   0.6246265957  -0.8140492544   0.7292051859  -0.5041774222   0.0488384673   0.9492725341   0.0897261666  -0.0431739592   1.5193980218  -0.7307566060  -0.1320932610   0.5516112357  -0.3779173373   0.1949496667  -0.1779856768  -1.8436345785  -0.7834826414  -0.3586540789   1.1324329829  -0.0169674883   1.3303431064   1.2959714592  -0.4844243272   1.5527915824
-0.0712569426   0.6168275125  -0.6606853417  -0.0376192889   1.5918845992   0.7224778843  -0.8612279614  -0.8818360821  -1.4083260367   1.2271049397   0.1113035762  -1.1223111693   0.4242953523   0.2012717885  -1.7731260168  -0.8845088954  -1.4264813067  -0.9415719237  -1.0354902309  -0.6264382390   0.9686475921  -0.7884669885  -0.9124496178  -1.3105142456  -1.4036046240  -1.2017205483   1.9181777787  -0.0374420941  -0.9306682118   0.4562768217   1.7968289476   0.7138203151   1.9042828791  -1.4675622918   1.3910839173  -1.6961434508   0.8386635413   0.3919183844   1.0049995203  -1.0544295270
 0.9816093610   0.0896249533   0.1307969967   0.3819204061  -2.4027725736   0.2211845672  -1.0617404844  -0.8444651528   0.3522545068  -0.2857369968   1.1086573609  -0.4393401793   0.4887019954  -0.2337086666  -0.4935341959   0.9917251875  -0.7534493500  -1.1648654680   0.1495077670  -0.2284245245   0.6543757802   0.2063368258  -2.1866773142  -0.1679922714  -0.3725645818   1.5483585939  -1.4103762304  -0.7155387145  -0.9327445656   0.7032025674   1.9203284813   0.2911474076  -0.8536991190  -0.8638791076   0.2869082637  -0.9206457202  -0.1276825053   0.0165240099   0.2530177037  -1.2572711516
-0.0122629571  -0.0250554187   1.7922204397   1.3853036892   0.3120515646   0.0577828290  -0.5281964979   1.5302760880  -0.0939701112  -0.1633964662   0.5889509935   0.7517562738  -0.3102130879  -1.3462599096   0.0699304455   0.3195930365  -0.5188340322   1.0926026106   0.5326742826   0.4658730770   1.4627038414  -1.1505035291   0.9542864065  -0.7084987510  -0.2330267724   0.6107993711  -1.2255013533   1.5580326729   0.8681274561   1.6420182585   1.3139081866   0.1849703502   0.3248691333   0.8979227655   0.6648788452   0.0093319410   0.8840699326  -1.2871338934  -0.9135954760   0.2534435118
 0.2902217584  -0.7651457757   1.3411406498   0.8448439524  -1.5123727287  -1.4094516773  -0.8547825783  -0.9342924683  -0.6419717607   0.5011489034  -0.3442784415  -1.2002401650  -2.6120786492   1.7376710304   0.3859486368  -0.3443582872   0.3909347749  -0.3770840203   0.5365602883   1.0923889879  -0.8503121690  -1.6281199711  -1.5804139928   1.1406559593  -1.0071657630   0.6681987184  -0.6272848608  -0.3919572044   1.8018753661  -0.7580930371   0.4014495593   0.4597179858  -0.7347894745  -0.4228458030   1.9140883495   1.9237072299   1.1247386130  -0.1643025782  -0.5395447531   0.4638826202
-0.4490585449   0.0153107225  -1.0145953150  -0.5346174896  -0.3684530865   0.0568073657  -0.3175879876  -0.6216469686   0.3167007244  -1.0717209529  -0.7947183024  -1.1672264491  -1.2475770523   0.1460614156  -0.8798298105   1.3142663272  -0.9044186620  -1.0832572892   0.0163119634   0.1024872378   0.1103627835  -0.4367979061   1.2979042116  -0.9079219261   2.0031580271   1.3305682565  -2.5705306082  -0.9320095564  -1.4201983620   0.9303386018  -0.2395360565   0.5729245632  -1.0037263624  -0.2983184238  -0.6833013060   0.2237998645  -0.7162987659   1.2465023997  -0.9019650055  -0.7605471411
-0.6164335941  -0.9184176169  -0.4181741014  -0.8894836030   1.2562525265   0.4273533777  -2.4100332747  -0.5324256922   0.6152922822   1.4465739836   0.1715539036   1.2908883419  -0.6543828321   0.2693633159  -0.6072573640  -0.9093646291   0.2791891859  -1.4120676653   0.0982564259  -1.8120471934   1.0333253434   0.8338892600   0.7070330536  -0.0916139411  -0.5895843335   1.7696925206  -1.8563832693  -0.9478327784   0.0699769726  -1.3198921356  -0.3372363411   1.1291110013   1.3954306574  -0.9892774977   1.7030906448  -0.0347092577   0.3217884965  -1.2039570147   1.1997809576  -0.2424079941
-0.9928028236  -0.3822176200   0.9877582428   1.0733367035  -0.6499490427  -1.3248846922  -0.8012561869  -0.5921163092  -0.9549826425  -0.9660657742  -0.1883049314   1.2277770918   0.6890668153  -0.1088217088  -1.1357440003  -0.9962473563   0.8476709037   0.5851367170   1.0299104078  -0.0969977700  -0.9136060745   0.5888866380  -0.0579758227   0.8719463018   1.3747842070   0.7260275524   0.0275354667  -0.5062796496  -0.2319214082   0.5814135927  -1.3684526511   0.1544864947  -0.5171715078   0.4944057537   0.6299839310   2.2505361648  -0.6870701823  -0.1319342097  -0.5973510017  -1.3826805194
 2.0921150331   2.0568953877  -0.1513372424   1.1008255438  -1.0500481261   1.0910748900   1.7383264692   0.2186113898   0.0258549840   0.1439324908  -2.1060527009   1.1251714785  -0.4614903073  -1.3687823706   1.0250351096   1.2368574270  -0.5242198821   1.9557751197   0.2452926592  -1.0112856260  -0.1081743018   1.2247681004   0.6098436469   0.2088683621  -0.0194654752  -0.6991630319   0.3445989574   1.0732983437   0.0835377458   0.9346998937   0.0105975478   0.8296847710  -0.8221649851  -0.2692863209   1.0919262515   1.3631349474   0.5527216722  -2.2262333051  -2.9207597208   0.6540324410
-0.3184364667  -0.3304155175  -1.5429134186   0.8013940396  -2.1196021196   2.5119131294  -2.1061966446  -0.2881947833   1.5543789034   1.0762580161  -0.6645232590  -0.6071570859   0.3345931182   0.1937606145  -0.1642473199   0.8867748116   1.2337175681   0.8865448297   0.7751035944   1.2201012260   0.5158049536   0.2154396865  -0.0121584250   1.5663103982  -1.0843034819  -1.2298513599   0.8621416784  -0.0134566324  -0.1784109492   0.6683619696  -0.1095778941  -2.1307704441  -0.7300675324  -0.4648751117  -0.5961315880   0.6025126364  -0.5787439646  -1.0021653882  -0.5597215194   0.8128700690
-0.0145260653  -0.7529314014  -0.9373922801  -1.0415983008  -0.5229913842  -0.0604773579  -0.4626788080   0.5409658495  -0.8368928000  -0.3455066620  -1.1068455283   0.5777052388   0.2568063064   2.6663763659  -0.6833854261   0.5410822015   0.9330995826   1.6616585373   1.4955106095  -1.8083653805  -0.3723031699   0.4374421548   1.7024771915  -0.6885936797  -0.2495602597  -0.1524829421   0.5260063865  -0.6378985237   1.4354645868   3.0782408473   0.0092580073  -0.9535129277  -0.5498886900  -1.2367116603  -0.2270256405  -0.3332320304   0.0354838204  -0.9378281374   0.4032286159   0.8098992072
-0.5687136901   0.5008174493  -0.4570145977  -1.7183136562  -0.2681941533   0.5193018098   0.9277975032  -0.7253379969   2.4255912866   0.6450802124  -0.9000014521   0.3388941735   0.6032410410   0.5561920105  -0.9650367196  -0.8561770428   1.1715396202   0.3113092041  -0.1505155770   0.4562573226   0.8575694980  -0.8386646290  -1.3018173212  -0.7002286300  -0.0619587769   0.6942021724  -0.9220983080   1.9364752692   0.1772096573  -2.3249215547   1.7882331048   0.3121022480  -1.0180506477  -0.6666510537  -0.3746795936   0.0559070302  -1.4881737253  -0.1149689466  -2.0924110665  -0.4823318197
s2
 2.2140183247
 1.0656908247
 0.2902996318
-0.4745777435
-1.7329541480
 0.1167749959
 1.2960207220
 0.0805522620
 1.0469085796
 0.8260837643
-0.7231310464
-0.4005365823
 0.4683244820
 1.1072141801
 0.6163335670
 0.7890155690
-0.9854702821
 0.0403728310
 0.5206510331
-1.1504966297
-2.1253964476
-0.1643801587
 0.7553063564
-1.6471627812
 2.4043765149
-0.1161764110
-1.1104911792
 0.4816331948
-1.1719755546
 0.5966714698
-0.3447018861
 0.5534754560
-0.6682306810
 0.0493384783
 1.4198712794
 1.1084282144
 0.8960833834
 0.5662542940
-0.0954919964
-0.1802983489
w3
 0.0663611170   0.2835960944  -1.1540051624  -0.3661410985   1.0457377371  -0.5480140629  -0.0323648002   0.4939561126   0.7124934456   0.5889794136   1.1883760062  -0.1094562887   0.0430336722   0.7000078427  -0.1309957650  -0.4439813448  -0.3276722377   1.9935671974   0.7147223151  -0.1345113686   0.0421700140   0.3797532360  -1.3233970036   1.8390791600  -1.3593964364  -0.1796830444   1.0990806160   0.5330092155   1.5441778040   0.7635701238  -0.0386866383   0.6689932502   0.3968569477   0.0349568746   0.5425500542   1.7130107735  -0.3448329753   0.7538533963   1.2479319691   0.7206920421
 0.0514695537   1.0363956329   1.3772863489  -1.0539775804   0.3910746384   0.2200350489   0.4645633960   0.6514150717  -1.1678932174  -0.8676409881   0.1978485978  -0.9251093402  -0.5421244003  -1.4692071480  -0.2862727792  -1.1935547309  -0.3833519567  -0.4514707614   0.6192505846  -0.9582204514   1.3238934862   0.7569847068  -1.1103478240  -0.3747364292  -0.0965624086   1.6196167449  -0.1435067109  -2.2527030642   0.2415574268   1.9012885541   2.0023986007  -0.3141308785  -1.9695942129   1.3699756347  -0.2958327531  -1.0769107053   0.7276118853   0.1741348921   0.5015153376   0.6875352626
 1.2535657895   0.9715152970   1.8642497743  -1.0849409658  -0.5251183375  -0.8724862905  -0.6292552233   0.2591163667   1.7354096498  -2.3524073871  -1.1007546954  -1.4429101100  -0.6205786856  -0.3948780745  -0.1823325625   0.4971167565  -0.8336629111   0.6164690847   0.9403332887   1.1165211920   1.0272399681   0.9972356194   0.3737966917   1.1175066130   0.5333601990  -1.2589880009  -0.9518128822   0.6812411554   1.8754205508   0.1363461224   0.4699714377   2.2761935296  -0.6596641386  -0.2422047668   0.1556981079  -1.0364390352  -1.0401704258   1.0551496546  -0.1009118312   0.9469606217
-0.3925014264   1.3691147453  -0.5917486327   0.0072993114  -1.5607255465   0.7825216894  -1.5110563481   0.8504583375   0.2013957765   0.7974463763   0.1665922455  -0.2727125346   0.8584967635   0.6840534485  -0.0783875113   0.5052505802  -0.6032799165  -0.1526180531   0.3734303968   0.4279313089  -0.3554379810  -0.0799889664   0.9287713492   1.2292689535   0.7096306213   0.8632664536   2.3481564736  -1.0237377827   0.9002311709   0.8567881780  -0.8613684163   0.0463204514  -0.7196173230  -1.0268569582  -0.4799067992   1.1943176438  -0.3639144349  -0.1055464278  -0.7294693448   1.4432755469
-0.1034167924  -1.3907491055  -0.2273228644  -1.1740895589   0.5015905523  -0.7437886066  -0.6527599508  -0.3452853370   0.4638146304   0.2557308071   0.1289029220  -0.8989221249  -1.2131533980  -2.3376588702  -0.5205697672  -0.3582895884   0.3735100541  -1.1546635025   1.4105534017  -1.4526427849  -0.4949827938  -1.4324940928   1.3524343241   2.2704704022  -0.6957075194   0.5534383396   0.0670265258  -0.4246800268   1.3745692647  -0.3953233064  -2.1471316426  -0.3898716342  -0.0489837984  -0.0270748678   0.2004068882   1.0826942296   0.7889582660   0.7278895427   0.6156838148   1.1805411420
-0.2609571368   0.2502217734  -1.4065963753  -0.7566076390  -1.1044171671   1.0451535153  -0.0744141957  -1.5257432990   1.3352222595  -1.3658644159   1.7288162554  -0.0886153909  -0.7118458057   0.1425624635  -0.2001056475  -0.8517518012   0.3839962217  -0.5309189885  -0.9335463784  -0.2296183405   1.8587112163   0.9308963835  -0.9811670252   0.1676942125   0.6427971458   0.9066418086   1.1315215248  -1.4514009704  -0.1117336059  -1.3136396659   1.1891215179  -1.8863651406  -0.8580631429   0.8060211489  -1.8163423162  -1.2992591329   2.1139673544   0.9401993080  -0.7568959989   0.5892829956
-0.3394387963  -1.0140222691  -1.3761853230   0.9644212941  -0.2448955994   0.6464773325  -0.9807356539  -0.1098991884   0.6003424459  -0.7397963054   1.1197835375   1.9720731532  -1.0353537612   1.3677374991  -0.1653345136   0.0091763699   1.0526332407  -0.8599507747   1.2894069539  -1.0842614460   0.6622917174  -0.5183753615   1.2654501787   1.0534351988   1.8295555920  -0.1924502918  -1.9892366110  -0.4621227385   1.0528903986  -0.5878219602   0.1749693388   1.1393686754   1.1012922356  -0.6744617591   0.5157530361   0.4889593220   0.6524365806  -0.8696641184  -0.3905411026   2.0132125712
 0.3190477463   0.0051925277   1.8132642239   0.2863773407   1.4676790450   1.7317768894   0.1311545393  -1.7426727649  -0.7910190555  -0.4876415870  -1.0439816829   0.0089729097   0.1545874989  -0.8019591644   0.4314094876   0.4027325086   0.3488211121   3.0209794451  -0.1507631826   0.1359015950   1.2763291183   0.2908308741   0.7672045077   0.5875069870   0.4247456533   1.5121046657   1.3936760800   0.5312377440   0.7094208073  -0.8409988020   2.2343770758   0.9203994406  -0.9075611532  -0.0431401308  -0.2198487814  -0.5965064569  -0.4805754539  -0.7872454610   0.8254395970  -0.1825174992
-1.6774400657  -0.3885275511  -0.2545151107  -0.6751548927  -0.8360350962  -0.7051530217   0.7817214664  -0.5903548675  -1.7319202824  -0.1718771531  -1.3151986812   0.7968448046  -1.2820211005   2.3252029364  -0.9741764815  -1.6824857194  -0.5406069124  -0.2722228613   2.7473373987  -0.4549272460   0.3842165899  -0.9889854998  -0.4747871301  -0.1737046521   0.0261653834  -0.5782931358  -0.1971132788  -0.7722623016   0.0927685099   1.5644789597  -1.3499793357  -1.0760347380  -1.4388973759   1.4740193476  -0.4303652048  -0.8140649057  -0.7094888654   0.8119467661   0.8223583474   0.8609683079
-0.6380076569   2.5317782995   0.5980197825   2.4056988936  -0.0156396903  -1.7991948859  -0.1156753210   0.8856277938   1.0751293841  -0.0295066358  -0.6126973386   0.5006061590  -1.0969738896  -0.3584578815  -0.1144210247   1.3608007377   1.0265760675  -0.6026598318  -0.3308877840  -0.2274737294   0.2989520333  -0.4260170558  -0.9290871242  -0.2413289687  -0.1983534934  -0.9526041410   0.8075978943   0.4487491520   1.0902074137   0.1764410877  -0.2574862352   0.7229498846  -1.7277654938   0.1101260136   0.7992854901  -1.6050402195   0.4629544782  -0.9048267324  -0.1339944281   0.5301270520
-1.5909770499  -1.8564708830  -0.8896431507  -0.7055694910  -1.4125335731   0.1940115005   0.7568754178  -2.9461655801  -0.3665252659  -1.5760328359  -0.1295866718   0.4390445092   0.1776074136  -0.6713058081   0.3705115376  -2.1671001172   1.8730124552  -0.1281448025   1.8215094067  -0.6666049903   1.6551321576   0.5597018807   1.4338248836  -0.2945105147  -0.8608846797  -0.6155277305  -0.6196491851  -0.6666980969  -0.3165705485  -0.6072785889  -0.2239310753  -0.5762526747  -0.5552052098  -1.0964364084   0.7860583358  -1.1651651721  -1.0411239403   0.9959797143   1.4218313173  -1.1428583709
 0.8411624265  -1.2514348307  -0.1952173021  -1.9501038331   0.2264564258  -0.0600337884  -0.0459315432   0.7600267965   0.5845261958   1.7790676798   0.6960316300   0.8272606706   0.1195865114   0.9135143866   1.0196597267   1.2686050485  -0.1854136863  -0.5607819452  -0.6749761985  -1.2324582103  -0.7750536739  -0.9014221682  -1.0350797992  -1.2794360215  -0.0462150394  -0.6797832532  -0.4580869503  -1.2500558257  -1.0371640673  -0.0221526660  -1.0589946455  -0.5724467372  -0.1396307217  -0.3192287264  -1.1247731918  -0.6889521944  -0.1778216028   0.7096657152   0.2639689612   0.2337476803
-0.4317725893  -0.0192716155   0.3383981283   0.8342427452  -0.2147418380  -0.6060933191   1.0463242446   2.5771870109   0.4666600324   0.1654363566  -0.1498359978  -0.1587932748  -1.1084992270  -0.2461575681   0.2101576891  -0.2885591550  -0.3758126373  -1.4403760339  -0.8508697099   0.8779881623   1.4722704144   0.9380675678   0.7529586787   2.0301042420   1.6705135951   0.4222232858   0.4154507469   0.8086626976  -0.9342285651  -1.0670853612  -2.2191297475  -0.5848718537   1.2971182704   1.2178418574   0.8101990414  -1.0333595529  -0.4731854122  -1.0136132195   0.9721316486   0.2842353524
-0.0852326748   1.0489022550  -1.0984724480  -0.0587824325  -1.0697666746   0.0145487066  -0.4599305936  -1.9673254283   0.4656730785  -0.4889790568   0.1983874178  -1.0020121607  -2.1739158237   1.1817651866  -1.3941861276  -1.4634954458  -1.0159479382  -0.2586862324   1.8761852435  -1.0567888109   0.6903648897   0.9554073702   0.3928801874  -0.9350663844  -0.8985068136   1.5500729548  -1.3784883942   1.1005659915  -0.0399199012   0.3718120231   0.5639610932  -2.0386187530   1.0281218524   1.7150759911  -0.3293132863  -1.4316485078   0.1744094073   0.8510916760  -1.0163292509   0.3486352148
 0.8597547097   0.2952787245   0.1016071160   0.0610530223   1.4901754865  -0.2678656568   1.9927596099  -1.2170387926   1.8462131306   1.0460043016   0.1436637689   0.5351551531  -0.6649457393  -0.2770077986   1.5921248733   0.8751220408  -1.3617444335  -1.0082107244   0.2662233859   0.7140108700   1.4278433910   1.4817684584   1.5137605957   0.4429554854  -1.2862290552  -0.5339723792  -0.4178362558   0.6737586185   1.9986143111   0.9616418727  -0.3709610523  -0.1516350331  -0.7848778942   1.6053884252   0.8725654899  -0.8716755170  -0.6554572546   0.0859957638   1.0443868163   0.2144024213
 1.6173031300   0.6598000341  -1.3359410610   1.7858983723  -1.5863871528   1.7751854715   0.6950427000  -1.3517637104  -0.0767711970   0.5581828760  -0.0227692983   0.0483221819   0.3019338293  -2.6415636162  -0.4506733384  -0.8408188286  -1.3302260341  -1.6420047867  -2.1431765080  -1.4967448036  -0.5460539644  -0.1068674710   1.4506542493  -0.8486871646   0.3216645231  -0.3653204235  -0.7115870074   0.1623921766   0.9160349717  -2.5519270844   1.9830034450   2.8467732247   1.3180797503  -0.5354245677   0.2457431674  -0.5358549733   1.5073059793   0.7813041391   0.0104573883  -0.3417414483
 0.3255396300  -0.2394707929  -0.5894009175   0.0187822296   1.1460904267  -1.4697368780  -0.6388519967  -1.1299058122   0.6256826383  -0.8934537696  -0.7783556546   0.2079888702  -0.0998559657   1.7693455622   0.6353421153   0.7339401798   2.2628193071  -0.1039177291   2.0608999938   0.2037136557  -0.5007080266   1.1343467928   1.0839846812   0.0703786148   0.5198459709  -1.2277405109   0.3531738145  -0.5260389337  -1.5808244366  -1.7071748920   0.3886590192  -0.1245337052   1.1627326473   2.1901270348   0.2239279473   0.7913226098   0.0395649334   0.9695912574  -0.1713491450   2.4457292172
 0.6710667485  -0.2357853960  -0.6120632808   1.6376400704  -0.4187078466   1.9745904282   0.3033532366  -1.0538491875  -0.4734910292  -0.4377721086   1.1528469108   1.0007169547   0.0825279195  -0.0600569735   0.1813420324   0.5379045013  -0.2952301938   0.4016787416   0.8655043426  -0.6210417385  -2.6994050381   2.4343313390  -0.8851037062  -1.8115581176   0.3080913672  -0.3138498786   0.5624553318  -1.4210037818   1.7536783832  -0.9314248394  -0.6147469925   2.0352444531   0.2709756124  -0.0627580393   0.2733801199  -1.4582029685  -0.1081750690   0.5656320147  -0.8809070381   0.2618398447
 0.7047936289  -1.2496764360  -2.0382268726  -0.3985837279   0.0825756787   1.1552853036   0.5831992758   0.0589232260  -0.2729174819  -0.2244400370  -0.2506716291   0.0083791125  -1.0785022801  -0.0848234663   0.1766098672  -1.3164550728   0.8729463121   0.8327803172   0.9008331526   0.1818688553   0.3357092311   0.1749663522  -1.2619245035   0.3163669262   0.7822765947   0.2622672298   0.9223323269  -0.0987951427   0.7800451508  -1.6529833335   0.6889953594   1.4828389219   1.0306533780  -2.6214054926   0.1460223531  -0.6402410265  -0.5883688680   1.1588091417   1.6106498238   0.5785718547
-0.7404712207  -0.1018574013  -2.2747242076  -1.1200981318   1.6740344297   0.0757159850  -1.2311361850   0.5102883988  -0.8422384703  -0.2291623897  -1.6651837450  -1.4632462459   0.5670353688   0.1183859123   0.1953919580   0.1623754323   1.1129731885   3.1210807626   0.1271955481  -0.9325883224  -1.3269668176   0.1095600526   0.3461221169  -0.5593560036  -0.3234385075   1.3249715111   0.8917056676   0.3046131940  -0.2861957548  -0.5026585410  -0.7964359680   0.0562939214   0.6546323841  -2.1351806132  -0.7449400163  -0.5102441759  -0.8902130583   0.1693350366   0.0025882539  -1.6641621893
-1.5393897404   1.5951073896   0.8859153307   1.0021000788  -0.7145294378  -0.4537487394   1.9662779152  -0.2389474246  -0.1683229053  -0.8151882817  -1.9326139002  -0.5798269509  -0.0230544007   0.6462375017  -0.8397956840  -0.6375004216  -2.2849953739   1.6895671860  -1.0665009838   0.8558428342   0.9020420058   0.9493385811   2.0481059069  -0.8784411583   0.5163056766   0.4952218993   1.0693330480   1.7904015449   1.1914704749   0.3465432685   1.4769026217   0.4296005757   0.1785710823  -0.2883818746   0.8046276214  -0.6592762627   0.3559548527  -1.7405384565  -0.9908230223   1.2272063478
-0.6288499688   0.3755393581   0.9133616284  -0.3777476660   1.2293858446   0.2983053831   0.7748803975   0.1931207133   0.2831904993   0.6300949831   0.4645385955   1.9965600885  -0.1752770485  -0.8362549426   0.5177009766  -0.0032619401  -0.1341990812   1.0091931193   1.4336720317  -2.2370835857   0.3246359862  -0.1356877816  -0.9191973673   0.1725410004  -0.4314319975   1.2350584397   0.9883442935   1.0315270031  -0.1976856809  -0.7684675655  -1.6838081507   0.3639303318  -1.2203925370  -0.4794888430  -0.7341646216  -0.2282090659   0.7215892250   0.3714030391   1.0463989370  -1.2592917311
 2.5147093799   0.9708664146  -2.5020379399   0.0935533087   0.1405468460  -0.3673115350   1.5580543473  -0.6851721258  -0.9549523820   0.3053468190  -0.2366553995  -1.9034972468   0.1853114109  -0.5261477773  -0.9831139042   0.0766919440   2.9653498800  -2.1777134411   0.2886631310   1.0925158780   0.8602664159   1.9964010493  -0.4714638571  -0.3797867611  -1.1283192548  -1.3250858655   1.3697208936  -0.8172111143   1.3451031020   0.2420162445  -0.9198795540  -1.8514423854   1.5181130744  -0.7986782647   0.9894241631  -1.1808337429   1.1448303506  -0.0342095861   0.1010215255   1.1554720466
 0.6221217796  -0.1713146403   1.4358143361   0.7085424252   1.5169209054  -2.1615968416   0.0334706937   0.1970419908  -0.0143001700  -1.5978880331  -0.3635975900   0.3574156923  -2.2587937772   1.2207973469   0.3063449773  -2.0299381732   0.3495487040  -0.0467052536  -0.1157961701   0.4234629235  -1.2468481989   0.6038513325  -0.8149679308  -1.9954050276   0.1247613916   0.5702071097  -0.7747000037  -0.3567205396   0.3592061141  -1.4334034943   0.5160814453   0.1350037384  -0.5030265886   1.0006947355  -1.1964125506  -1.5340944166  -1.4453139141   0.5888115932   1.2099265012   1.1937299741
-0.1834331712  -1.6967291692  -0.6806226711  -0.9520214909   0.0179223689   0.4560412572   0.8879828642   0.1478077867  -0.9297331400   0.6553850617   0.5189243079  -1.0984750686   0.4515847485  -0.3105572366   1.5087016890  -0.3447968135   0.0799318685  -2.3916334925  -1.2241412583   0.3379157962   0.3827486008  -0.0413751822   1.5304698136  -0.3734356158  -1.2201152609  -1.2866012942   0.2348809904  -0.0425309217   0.5816435100   0.8410442996   0.8295808848   0.8166645910   0.8028461456  -0.5045209127  -1.1060619602  -1.0578789425   0.1773671899  -0.5520892079  -0.6904289055   1.1250599591
 1.0163790743   0.7763862736  -2.0748181312  -0.5390055773   0.8543500490   1.1840660413   0.3100261747   1.0621229822   0.5683322518  -0.5562345743   2.2989594569  -0.9963451676   0.1275459212  -1.1272905534  -0.3519854665  -1.6159065579  -0.3227215803  -1.2367348678   0.2392958876   2.0326298417   0.0709622413  -0.0908010516   0.7373442945   0.6375346651  -0.0093217165  -1.4430199183   1.5609277699  -0.1860969343   0.9346638538   0.2366780708  -0.9774080813  -0.3364734240   0.2703793074  -0.4842204610   0.1476720500   0.8882932158  -0.2017758310   0.3399241979  -0.9299632028   0.5818379394
-1.6826723873   1.5582441354  -0.5470096363  -0.1784698048   0.5652780329   0.7358473101  -1.1660119059   0.8240530819   0.4186124720  -0.8869463218   0.7431197775  -0.3989171682  -0.5751106428   1.1140601050  -0.1849311127  -1.4504241497  -0.1169341674  -1.4740938764   2.3506954238   1.2278353751   0.0397062787   0.3476514982  -1.0470162175   0.1025854263   1.3050449033   1.6646039178  -0.4955325186   1.2364938099  -0.3142363331  -1.2313474888   1.3001876752   1.8440372731   0.8269856296   0.5130150084   0.2074355367   0.9186464321  -0.2597852064  -0.8287634350   0.4706666201   0.7414179751
-1.4818206832  -0.2750945683   0.1264118402   1.1369670084  -1.1154877796   1.3402301472   0.3969023182   0.1774272422   0.3966253386  -0.8486697949   1.4247234077  -0.3376028518  -0.2740387014   1.3497123844   0.1431550216   0.7774127212  -0.6805555964  -0.5130543085   0.4303833511   0.9525940430  -0.1127828486  -0.8294443367   0.7490967160  -1.6540822480   1.6231023591  -1.6651794867  -0.0438722362  -1.5198681282  -0.4917825220  -0.7820623978   1.4472511056   1.0419761610  -0.8914331172  -1.1580122252   2.4347154684  -0.0699035027  -0.3901401228  -1.4105941982   0.6535067490  -1.0155111259
-0.3795794506  -2.6884889444   0.6933301166  -0.5148643081   1.6693815463   1.5003255213  -1.0634064692  -1.2229493107  -0.8310105761   1.6047035775  -0.6182367617  -1.0533111850  -0.7330039633  -0.0260924472   0.4960768976   0.0142383567  -0.7736557666  -0.6378423598   0.8674979168  -2.1028649445  -0.8109682771  -0.2652980939   0.7367157792   0.6844962462   0.8693541140  -1.4849405106   0.1156798702  -0.3695017517  -0.9508244902   0.4393037422   0.9805966341   0.1938545156  -0.1787066803   1.5128368220  -0.6728817577   1.7529056649   0.1693521695  -0.5158862385   0.0224616681  -3.1313591865
 2.9963916947   1.0676505884  -0.2466290588  -2.4935301673  -1.2250664822  -0.1179932831   0.2518443455  -1.1942125208   1.1659451418  -1.0782670566  -1.4415866165   0.9630579591  -0.8456227456  -1.4307779962   0.1279537020  -0.0636995574  -0.5614318097   1.2827679537  -0.2291033594   0.4808845110   0.4476797240  -0.0322852184   0.0334885333  -0.0007078007  -2.2327666773   0.0130146487   0.3206740687   1.2597217226   1.2855290328  -0.7285479862   0.8258431999   0.7719277945   0.1826506632   0.0304602998  -0.7358648258   0.8796999815  -2.5193303545   0.7023429970  -0.6363492409   0.7064143387
 1.2988867441   0.0854752952  -0.0006110423  -0.4791686820  -0.9762593346   0.2643918242   0.7225076199   0.5265436955  -1.8463869338   1.1342245648  -0.9075382234  -0.0980123467  -1.1656116057   0.8798300303   1.8039849836  -0.8057796166  -0.5109113595   0.8248033774   0.8892121699  -0.2478074967   0.3331775465  -1.4053942663   0.1698577265  -0.3718591665   1.2103228190   0.2201460352  -0.3684292498  -1.0009810892  -0.4480150894  -0.1888910993  -1.1624721783  -0.0895833590   0.1108941895   0.5263052259   0.0460180987   0.0319767408  -0.3221899164  -0.7983156624  -1.3452453924   0.1524738489
 0.1231466824   0.6415221902   1.2472414923   0.5896965086  -0.9178089798   0.4449280530  -0.0463280598  -0.7735851066  -0.1424127479  -0.6082643541   0.0235825333  -0.2895825253   0.4836541601   1.7509958385  -0.4107860894  -1.7206743376  -1.5490283629   0.6796726567  -0.1395985858  -1.0342184022   0.4758411117  -0.5307535685  -0.8580361213   1.8147228410   0.0608810947   2.2600326457  -0.4865822308   0.9065471749   0.1732888664   1.1542830775   0.6810141659   1.6070300753   1.8534312227   1.1564189779   0.4308344907   1.0723915577  -0.0895261765   1.2356924548  -1.5775716275  -0.5859733463
 0.3774693480  -0.0891153824  -1.3689349537  -0.7556985291  -1.4177835718   0.4080012316  -0.1285178054  -0.7145709394   0.9792230515  -0.1016922831  -0.4095612369  -1.0504279376   1.4384903251   1.0928400865   0.0134953726   0.0320019485  -0.3578684118  -0.6081885540  -0.6870564711  -1.1446840425   0.0562852013   1.1860420074   0.0325626952   0.9947155179   1.5464453706  -0.0940428950   1.2456492962   0.1547263366   0.2445775561   0.5616860783  -0.3400609701  -1.2471450693  -1.5878806702   0.0050540354  -0.9252521714  -0.4860147296   1.7662523732  -0.3928359631   0.0063587774  -0.0303192288
 0.5676659686   1.7051958172  -0.1746196534  -0.2270930807  -2.6756415652   0.0992447719  -0.4243762206   0.0960840370  -0.1995038400  -1.0841242902  -0.4076629659  -0.6865762508   0.4079044488   0.0721132797   0.4669812007  -0.6239640423  -0.5040154600   0.7177687412  -0.2990324793  -1.8579544113  -0.6274935180  -0.0989176721  -0.2088901276   0.0820820912  -1.3576399329  -0.0027302249  -0.8278803582  -0.4434358823   1.9023494972  -0.6285045783  -1.1161388779  -1.9692516909  -0.9156652985   0.3266456992   0.0587741337   0.6707158414   1.9757698752   1.1625219530  -0.7222503598  -0.1341147576
-0.2742538040   1.4394469883  -2.3824207352   0.5500365141  -2.0248490603  -0.6194254278   0.2903708494   1.2123556895  -0.2179438705  -0.1714458621   1.7604453672   1.5152265013   0.6549079592   0.6217884986   0.5355387022   0.8159174494  -1.7497997579   0.8750704109   0.8264827159  -1.3940786529  -0.6198810555   1.4602242232   0.6010571344   0.4319557672   0.5942972732  -0.8789851070  -1.0627449541   0.7077570247   0.0137579608  -1.1602535691  -1.4606393402  -1.3997880554   0.6794060769   1.4060188103  -1.7069915260  -0.1161983927   0.8778712632  -0.7361512818   2.1597201001  -0.7783620162
 0.1944134082  -0.4518664724   0.3721904755   0.1014730816  -1.0613613010  -1.5007414788  -0.5670503183   0.4484447435   0.7829776761   0.4117262520  -0.6726728961   0.7823958441   1.3183179626   0.7593416946   1.6586979180  -0.2920350287  -1.0991800293   1.9826385177  -0.6286475255   0.9222173075   0.1098456247   0.4272118952  -1.1936797704   0.6452321645  -0.2412693790   0.0032835711   1.2446676984   2.3805498892   0.3647424092  -0.2339575630  -0.0221712568   3.1801178319   0.0816426888   0.4608687595  -0.1410016978   0.6442839319   0.8470174932  -0.4612187556  -2.5618101375   0.9232181332
-0.2913407413   0.4379826838   1.0910246270   0.0948168149   1.4663727282  -1.9014587618   0.7827141145   1.4781344785   0.6068713504   0.8244049934   1.4979033015   1.6488432046  -1.6950411561  -1.4391557436  -0.0742072428  -1.0677471270   0.4771364194   0.7025377005   0.6322726585  -0.6771097429  -0.0553483708  -0.8486513935  -0.5948879834  -0.3600906466   1.9813234322   0.6686777294  -0.7902670085   1.0182123374   0.8444921888   0.1162719988  -0.6512805297  -0.6254876516  -0.0855280226   0.8515066489  -0.8447912966  -0.1924783377   1.0859948773   1.1583639572  -0.3063633533  -0.7342842325
-0.1819099655  -1.2735110034  -1.8180458345  -0.3033987201  -0.0852140948   2.3539535429  -0.1382537616  -0.3376514050   1.1501034925   0.5135318284  -1.2028230585   0.5044700171  -0.7690631821  -2.5630004127  -0.1815884872   0.5696288811   1.2225362122  -1.2525378227  -0.8018444417   0.2196541686  -1.7637812519  -0.3300193362   0.6970488866  -0.0341915941  -0.0578975884   0.4492535030  -0.0273331561  -0.2411776232   0.5146098850  -0.4376258930  -0.5067016990  -0.8732224941  -0.0493847007  -0.9990726871   2.1993482970   2.4640174804   0.9608462255   0.5698543843  -0.0824514972   1.6253724211
-0.1698438112  -1.3396025721  -2.1003867614   0.0201732894  -1.0512062448   0.0554962886   0.0838720685   2.1333473115   0.2859887864  -0.5035019991   0.9809409936  -0.9656891605  -0.0724607445   0.7771838087  -1.3060166726  -1.3867219610   1.0426787151  -1.0743155839  -0.5566473018  -0.9119056757  -1.4498561355  -1.2738049806  -1.2743575480  -0.2390150976  -0.5837049298   0.5211353786   0.1798746877  -0.2817862895   0.2549126476   0.8881886832   0.4264455200   0.1708765178  -0.2634625960  -1.6875044060   0.2520019818  -1.0064010099   0.0514545507  -0.0446016802  -0.3355067976  -0.2540393358
-0.4582167163   0.1245596884   0.2760115422  -1.0347593179   0.1069945582  -0.3804455636  -1.4643491780  -0.2815865751   1.1769593173   0.0486787687   1.6338236769  -0.1311916202   0.8321156626   1.5565923225  -0.4809806386  -0.5568100331   0.9453447467   0.9868750590   0.1433072495   0.4021671800   0.8153056051  -1.1563580948  -0.4811697616  -2.5378318474   1.4820951705  -1.3889803161   0.0246047314  -0.2658943648  -1.4955867097  -0.5424051344   1.6232523009   0.7035116104  -0.5373504133   0.3062901240   0.1096863584  -0.2332545253   0.2895797472  -0.2555872353   0.2758378866  -0.4268522849
s3
 2.0986050656
 0.7722019947
 0.3731710689
-0.4683464121
-2.0655297745
 0.0974734577
 1.2954189752
 0.0682939192
 0.9842106939
 0.7954452425
-0.8396365391
-0.4014117499
 0.6245912075
 1.0470601964
 0.6184694545
 0.7213072858
-0.7688925924
 0.4673375758
 0.6436658609
-1.5841503072
-1.9105473749
-0.3999520551
 1.0293270571
-1.6162419301
 2.4599141326
-0.0778259968
-0.9166759432
 0.5257876004
-1.1101958970
 0.6271306442
-0.3055557220
 0.7790464724
-0.7453088904
-0.3036063884
 1.4188595952
 1.0180734416
 0.8012341274
 0.8966461008
-0.2421191846
-0.4105120340
w4
 0.3773954294   1.3795155850  -0.3383581789   0.8345987986   0.1452468944   0.4060075448  -0.5951967213  -0.1031986742   0.2680422573   1.1183585568   1.0416365274   0.9647962513  -0.8140221074   0.3217985111   1.0483864553  -0.4256732294   0.0072269322  -0.0328594262  -1.2105200612  -0.2387364677   0.7565187026   1.0064035386   1.3509588282   1.4211126102  -0.9330681118   1.3117355666  -1.2228823308   1.9463937957   0.3052127289  -0.4086254464   0.3622759526   3.2491812231   0.2161778555   0.6433996973  -1.0012244697   1.4426711907   0.2132952243   1.2583109227   0.4516199125   1.0147604482
-0.8791797730  -0.9812462374   2.3890471861   0.0806277715   0.4996068479   1.0498069155  -1.6950170909  -1.2967968288  -0.7980932504   0.1179194515  -0.4681060563  -0.8531048667  -1.3893780049   0.6192105526   0.0512174083  -0.7402348604   0.3704978905   0.1187011891  -1.4637618091  -0.1324428597  -1.2752355626  -1.2130267401   0.2494885967   1.1924834691   1.8594625366   0.1144325439   0.3781817332   0.8280277249   0.5874112737   0.8918069998   1.4095531154  -0.8950972801   0.3540720840   0.0849672106  -1.2314711608   1.4426094678   0.5927691803  -0.4825459053   1.5753604828   1.4754019944
 1.4930118428  -0.0434429679   0.2129347240  -1.0004733501  -1.2481258925  -0.9369029677   1.1894975686  -0.0559838664   1.0913849858   1.0164486917   0.7929193622  -0.5477843984  -0.5344628123  -1.6539790308  -1.0385580585  -1.4202246685   0.9747713633   0.2846689648  -0.5439205943   1.0496158344   0.3228375408  -0.4591134286  -0.1060611099  -0.5394747600  -0.9802866882  -0.1667337361   0.8211787028   1.0825150794   0.3755004099   0.0652554937   0.9926172627   0.1880210020   0.3382950962  -0.4284427406   1.0051373598   0.0850865563   0.9667085962   2.5781723708  -0.5990905408  -0.1329055708
-0.1460197196  -0.2667963541   1.0453492195  -0.0762213962   0.1213857405   2.4784475412  -0.9914106615   0.2226415874   1.7956560331  -1.0207004001   2.2723341953   0.0086663489   0.0220733391   2.2237008235   1.2187556389   2.1743515281  -0.8579772844  -1.6719610943   0.1160374948  -0.4524170239  -0.9927496170  -0.7661432602   0.2720599730  -0.0930864628   0.3354755972   0.9648475975   0.3712637191  -1.8309699430  -0.5487943936   0.7900707620  -0.1854759808  -1.4607883524  -0.3227423195   0.8829690943   1.1008415568  -2.2764975692  -0.4117131270   0.7767964263   0.1020468205  -0.3572471318
 0.1014662045  -0.1395508158  -0.7198942648  -0.8290382887  -0.0396906000   0.2170393950  -2.4547131935   1.6743668609  -0.3986989822  -0.6089385457   0.5368675325  -0.0716444866   0.7213933855   0.1158354876  -0.6052840694  -1.0144729184  -1.0145401794  -0.0060159634  -0.0679324073   2.1209904274  -0.2225790307   1.2248657942   0.6640665694  -2.1652354481  -0.8942304004   0.6228799784   0.8411965937  -0.7170391593   0.2852508224   0.4953685760  -0.9769127707  -1.5213185228  -0.8129959347  -0.1917268034   0.3058582695   0.8395617806  -0.2956310769  -0.8649577628   0.1206833644   0.1776482455
-1.8696457439   1.4512252713   0.7368308445  -0.3563077605  -0.5289494271   0.4413160145  -1.4993063817  -1.7702838362  -2.0076070090  -0.8638694179  -0.4210496102  -1.0502094309  -0.3554606504   0.0693040383  -0.0121446738   0.6281664624  -2.3096121444   0.4983638150   0.7099035257  -1.2802021941  -0.6622901430  -0.3964045841  -0.9526361566  -0.9676934182   1.6530982252  -0.2247984937   0.4971921891   0.0298857772   0.6232623711  -0.7334199619  -1.4854045981  -0.1071636374  -0.4512479518   1.8862941642   1.8083889053  -0.6167898265   1.2758777531   0.1283712873  -0.9890792730   2.3765717161
-0.7527404495  -0.1163434613  -0.5400159957  -2.0150183944  -0.5227007272  -1.1710043982   0.7606602006   2.1707969101   1.5308150514  -0.0719615151   0.9797511789   0.0940298813  -0.1373192450  -0.7020062295   1.6061876638   0.4388025254   0.2018171197   0.1178175566  -0.4276083868   0.4694887554  -0.9184252357  -1.8032993504  -1.3314112025   0.7211876750   0.6201005174   0.5182586875  -1.4190757950  -0.0512223858   1.3362399828  -0.0965200329  -0.8328009019   0.1786679590  -0.0454866453  -1.8372113087   0.2466690109  -1.1789270195  -0.7978159082  -0.0313327970   0.6139440329   2.3817997263
-0.6034901161   0.5140349892  -0.3935740418   0.6806595700   0.7780936581  -0.9004453493  -0.4341161803  -0.9813132027   0.7316627856   0.0741717311   0.3628271079   0.6835249426  -0.3055745968   0.1843664216   0.4480381443   1.1915087602   0.5146086411  -0.5557307235  -0.3600372986   1.4366168616   0.3808156895  -2.3670472658  -0.4781426221   0.6857455528   0.2317811966  -0.3524225697   0.2499490923  -2.7273275879  -0.9591202210   0.4836465161  -0.0527403017   1.5220079336  -0.3122087005  -1.4727546697  -0.9196676508   1.4402972304  -1.3406729656   0.4600896228  -1.4198975976   0.0735731900
 0.7448818496  -1.1946813420  -0.6908923076  -1.1984468507  -0.6138802938  -0.8228895789  -1.3875193348   1.0047261183   0.6442287530   1.4013659163   0.0599302343  -1.2829168270   0.5937871466   0.7664261338   1.5430926114   0.2770627884  -0.1118838234  -0.6270348533  -0.7676575370  -0.5221570549  -0.8405837768   0.7931082454  -1.3354043079   0.3857394308   0.6028337304  -0.3865802551   0.3954014972   0.5030906536  -0.6858546708  -0.9212976062   0.0705866863  -2.5477359299  -0.5150242571  -0.8179281507   0.3578754734  -0.6013024455  -0.9940915443  -1.2336847146   0.3630670119   0.3747765368
-0.6751323294  -0.6702083871  -0.9685654549  -1.3682208353  -0.8174814725  -0.0634421886  -0.7552694382   2.8618125731  -0.4414980048   0.0759453984  -1.0075845732  -0.9353018346  -0.0126431590  -0.5486774837   0.8363192814  -1.6981508786   0.6063419495  -1.6234562622   1.8479195126   0.2062430798  -0.5822318076  -0.1533111018   0.9131324553  -0.4413787864  -0.6118198002   1.0389686384  -2.0380560229  -1.5530367949  -2.1208744530   1.6849066012   0.5716895716  -0.8944184860   0.0977555277   0.7968210069  -0.8987014522   0.4635283428  -0.7702088157   0.2871844374  -1.0508365950   1.1373311219
-1.0033882658  -1.1588826630   0.5148823013   0.1978817745  -0.2987610834   0.8406455847  -1.5608804391   0.0925092448   0.6739108254   1.2669329295   0.5348615609   2.2567573072   2.2446239821  -0.3603426752  -1.4437806212   0.7008681067  -0.2748963399   0.3179736106   0.3031083745   0.7687398798  -0.5601289311  -0.7795397559  -1.1379473924   1.9034961067   0.7251284814  -0.6180904757   0.2471749829  -0.4595783885   0.3548300445  -1.5000461703  -0.8964882127  -0.4262881750  -0.6758896955  -0.7518008095   1.3966766055  -0.4128086760   0.6713025552  -1.1740406932  -0.9579491650   0.6441493689
 0.1497873369   0.0365524876   0.1550124578  -0.8663544834   0.9403814491  -0.2003446048   0.9333402208  -1.1495673950  -0.8436344159  -0.2347048826   0.3178914868   0.8502066466   1.0729498193  -0.7669412095   0.6593573901   0.9758754946  -0.1868487422  -0.1534951303   0.9652296549  -0.2174590526  -0.1028319889   0.1088105140  -0.6006491761   1.1132678838  -0.7032761374   0.7551997130  -0.2236853765   0.9877500359  -0.7918402487  -0.1662308674   1.2434264078   1.0335718767  -1.0232104760   0.8184273067   1.1502922531  -0.8389151897  -2.6765615751   0.0741734113  -0.7430731094  -0.3650937125
-1.7853419881  -1.6528185053  -1.6475725647  -0.9592057033  -0.0876853119   0.1015001909  -1.3249016060   0.1112595433   0.0974188681   0.4001307285  -2.0109811576   0.1763801569  -0.3096920193   2.1870213981   1.3433048565   0.2252655459   0.3875569438  -0.7457995164   0.1309239086  -1.6755841504   0.0584520267   0.4517947329   0.3585476596   0.5781008045  -1.3145634553   0.1429858246   0.7958783925  -0.9453948445   0.3246940680   0.5949232751   0.0018994541   0.3371905211   0.6968729978  -0.0701788726   0.6196854436   0.9110144458  -1.9413372618   0.4076976906  -1.1229480369  -0.8078153608
-0.2221816347   0.6594386225  -0.8575485953  -0.7412696665  -0.5152604856   0.7919063190   0.4008317105  -1.0856886030  -0.1969013642   0.1558432893   0.4589445516  -0.0801393170  -0.2382511538   1.8552834121   0.3421489603  -0.1281298951  -0.7183580715   0.5522174873   0.5151626240  -0.8822166957  -0.5568350837   1.0466001586   1.5039425391   2.3003186709   1.8524909955   0.0779820650   1.9508242324  -0.7215688585  -0.9162871208   1.0984913497  -1.2993538726  -0.0200007078   0.4592951434  -1.6716024560  -1.3049298427   1.0429955055  -0.5147270607   1.2874971535  -2.0196346965   0.4485100186
 1.4418236953   0.2329426152  -0.7067448867  -1.9566327728  -0.0984474555   0.2248350576  -0.7582817854   0.6908486196   0.8277346195   2.4349202489   0.7951594659  -2.9478117877   1.1405740454  -0.1308149971  -0.7758253333   1.5411704695  -1.9786739057   0.8891425982  -0.7308360916  -0.6456924034  -2.1941062912  -0.2883206230  -0.6951508603  -1.2525420466  -0.9808056614  -0.0496380797  -0.9926698228  -0.4642920534   0.0529464276   0.2682077159   2.0388591613   0.0375879927  -0.6431106167   0.0880590526  -0.4333987925   1.4149736704   1.3381926123  -1.5325860335  -0.4026673666  -0.1764666826
 0.4371784309   0.1148088620   0.2389571003  -2.0128175738  -0.7768806803  -0.0206633424  -1.2566184502   0.2868435738  -2.2689171532   0.3261739357  -0.1479598249  -0.7969921259   0.3202687859   0.0777882391   0.2126753069  -0.3175942098   0.6874030198  -2.1943735917  -1.2724041989   0.8297874420  -0.5452752955  -0.3699359124  -0.7292069435   0.6485313738  -0.4750152081  -0.1018986850   0.4890211247   0.9461526352   1.1588214777  -0.6177448438   0.4796805626  -1.1091311154  -0.6601661691  -0.6557287179   0.5092280796  -1.8219958260  -0.6766456705   0.0930616746  -1.0079161079   0.9597479103
-1.2628292000  -0.8032993324  -0.2600008320  -0.1300225048  -1.1758755191   1.8551370369   1.8718548758  -0.2282118019   1.0011782517   0.4234869468  -0.8920889727   0.2817255985  -0.7394622461   0.0363006224  -1.9976702730  -0.2860293316   1.3824490284   0.6145886799   1.6776437886  -1.0761379506   0.6555528793  -1.1452670143   0.5387149814  -1.2532694406  -0.5416829726   1.1985318956   0.4227191569   1.1960191398  -0.5075733465  -1.2131480851   0.7047558898   1.8239434312   1.3927656671  -1.4294358932  -0.1973238529  -0.5927875369   1.6751154540   0.3337964585   0.2099928094   0.3965214426
 0.6898932442   0.0409201405   0.7886975143  -0.8196526574  -1.3560542401  -1.1975797939   0.0124495483   0.7926313711   1.0139370180   0.8123019502  -0.7902559287  -0.2137523040  -0.4583111963  -0.7034237187  -0.7775474404  -0.0823315026  -0.8939482825   0.6578347886   0.1196985864  -2.5414967873  -0.7078443349   1.1815664679   2.2800575705  -2.5042825980   1.0515537867   0.9061755771   0.0202149563   1.0823068274   1.1500735062  -1.8533431285   0.5626241742  -0.1171475618   0.8646413236   0.8622068388  -1.1781303139   0.3247385764  -2.5487439642   0.3187120323  -0.5213483832  -0.0600831465
 0.2460975998  -0.0617983391   0.4591984970  -0.3710911191  -1.3741257419  -0.0330589517  -0.0150935898  -1.6688716298  -0.5961457677   0.8667520907  -0.9831002075  -1.0497789795   0.1943504618  -0.2419440404  -1.4385192782   2.0677302774   0.2064894855  -1.4000514563   0.6512085531  -0.2257306950   0.5198682969   0.2290138307   0.7100368892   0.0950571170  -0.7517153975  -1.1162952382  -1.4478163617  -0.0490026944   0.6606103438   0.0745655985  -0.9308006308  -1.1432599751  -0.7058272337   0.4184864119  -0.3030080817   1.1450179283  -0.0854645561  -2.9195504062  -0.5044073190  -0.0519473149
 0.4657288797  -0.9140090273   1.0947895126  -1.6116795821  -1.2118973696  -0.1787052683   0.3866109417   2.3424245724   1.7142030980   0.7439611102   1.4115402649   1.6707298491  -1.1145518724  -1.0274568434   0.8713547080   0.0961607850  -0.0647006037   0.4615554596   0.3278774858   0.4918197982  -0.9578662937   0.7559353142   0.1718011752  -1.0978268283  -0.4250863250  -0.3088878637   0.0244865510   0.6681286890   1.6451148975   1.7822230130   0.2363399969   0.4649294205  -0.3277544505   1.1308384603   2.1389184640  -0.3358378782   0.8134772966  -1.3567943685  -0.3104662747   1.6645974254
-0.4570758290   0.0402404045   2.1810790317  -0.1395985600   0.4089610781   1.5699345943   0.4439322935   1.6555152102  -0.2100728808  -0.1078249654  -1.2160174235  -1.2392559379  -0.4650604525  -1.1695374553   1.5289676168   0.0348922638  -0.4346111072  -0.8514206078   0.0805042887   1.4188236131   0.1188723544  -0.1287092475  -0.3047696197   0.4630992114   0.9362226945   1.1018797193   0.2895490084   0.8703864573  -0.0232687892  -1.5002991116   0.1180113483  -0.9425935351   0.3368250107   0.1799673914   0.0201175445   0.1203189052   0.3084063568   1.0929992172   0.9169455790   0.7933763926
-0.3797392797  -0.4444674505  -0.4072567663   0.9681556145   1.5303162983  -0.6600234104  -0.2629825625  -0.9224631004  -0.4873807123  -1.0949729136   1.7756930152  -0.2526597652  -0.3102715248  -0.7439847962  -0.9609206545   0.5723059460  -0.1486102888   0.2949531287   0.0466293461  -0.1358552872   0.6990284795  -0.3213791036  -0.6589533968   0.0718774765  -0.4896664888   0.0299097556  -0.7991807805   0.2952667703  -0.4248897805   1.7103534184   1.0754363143  -0.5889956490  -0.7742085164  -0.1711859141  -0.4289001762  -1.1112131047  -0.4769184723  -1.6070759215  -1.1109449662   1.0462990206
 0.3124555034   0.5214838783   0.9951623198   0.2545965040   1.3184969695   0.2472374069  -1.5500583774   1.7492641387  -1.9359257202  -0.4820958707   0.2950470019  -1.2866237693  -1.7293638336  -1.2227406808   0.8787417451  -0.4774788798  -0.4997278572  -3.8551055902   0.5716662373  -0.3738267884  -0.1243623482  -0.2965266020  -1.6872757155  -1.6388285451  -1.0879097535  -0.8389276950  -0.0801169622  -1.1394636960  -1.3787190161   1.5281508060  -1.1604828913   0.4175155385   0.3920207654  -0.3788682257   0.4349153063  -0.5695039219  -1.0940127120   0.3524082995   0.4505129710   0.0038727387
 0.0134985534   0.2139956257  -0.3300827829   0.6222872102   0.3732071833   0.6094410129  -1.4574765869  -0.3993725776  -1.0181512693  -0.5259899418  -0.0023470099  -0.2385369462  -0.9845001149  -2.9418085590   0.1675035849  -0.0487859810   0.2106329351  -2.2716064162  -0.2283485104   1.1233702334  -0.4287130406  -0.5072456107  -0.3488264725  -1.2904035256  -0.8585465989   0.5735470693   1.5095592888   1.2389613134   0.5720860839   2.2460496459   1.3886721610   0.1886202686  -0.0966234625   0.4211188177   1.5830671799   0.5376658909   0.4357747109   0.5298433012  -0.4341588827  -0.6237123314
 2.3283581592   1.3179892473   0.3563343481   0.8385930211  -0.9998574945  -0.1852124897   0.5450033423  -0.0555775230   0.5366945311  -0.2601358926  -1.1452989413  -1.3253252250  -0.0355772622   0.7987024432   0.8505231489   1.9527183632   0.9117230715  -0.2822678348   0.4237441165   0.9879741171  -0.3198305129  -1.8169178278   0.1121931250  -0.7609360233  -1.5070016809   0.1934223654   1.3010356689   0.5635230309  -1.9781142446  -1.3179073654   0.6338018581  -0.4315115718   0.8883557273  -1.2938794939  -2.2488242743   0.0028481317  -1.4014752634  -0.5321218821   0.6199472717  -0.5843229032
 0.5505916898  -0.1850699981  -0.5163980072  -0.0798017584  -0.1161443095  -0.0117251518  -0.4438969553  -0.0087754293  -1.2039294311   0.7428571110  -0.0175528195   0.4321416109  -0.1354380365  -0.5326208739   0.6103038087   1.3800714838  -0.4954187386   0.8240722993   1.4211627690  -0.5694577154   2.1926022824  -0.7421485889  -1.6656855443   2.1363791882   1.1480789441   1.7404172221   0.3185372563  -1.3884818216  -1.8065233486  -0.4304706874   1.0432526666  -0.6841557039   0.7183862273  -0.4641567621  -0.5741595623  -1.2159868295   0.2274225333   0.3881502640  -0.3783711940  -1.4529883808
-0.1252092017   1.1081397109  -0.3191063428   0.3789236372  -0.1151822293  -1.6336877864   1.7138573917  -0.4843985287  -0.0435109301   0.0188915412   0.7404401439   0.4876054478  -0.2860722655  -0.8515445027   0.1022659113  -0.8768779236  -0.9644989471   0.0774783497  -1.2926978620  -0.3507642604  -0.4125585343  -1.9735747002  -1.8747182774  -0.1635717449   1.7197425988   0.6491539925   0.5166449819   0.6739750677  -0.8503425059  -0.1814364998  -0.4737768966  -1.2345550757  -0.0494861994  -0.3768358937  -0.1772874709  -0.6479691640  -1.0220889341  -1.3838420728   2.0556504146   0.1425201220
-1.4946706899   1.8530063904  -1.1679091546   1.4007232846  -0.2332105444  -0.7709522050  -0.7161291077   0.3167939369  -0.4560705699  -0.8370324107   0.1548851301  -0.5965741045  -0.9141429405   0.5547850898   1.4944509676   0.0439397000   0.4176772250   0.1980368642  -1.4385597815   0.4461402579  -1.1673392196   0.8725184261   1.7576614187  -0.7690218621  -0.5075472140  -0.0564217269   0.3642322894  -1.6746522790  -0.9728754794  -1.1553112907   0.1201365368   0.0564317938   0.3584015384  -0.6855764054   0.4732472867   1.3817148525   0.8446875491  -0.0961306622  -0.3694553894  -0.5348463021
-1.2072684909  -1.6148565581  -0.2584525391   1.1297651570  -1.6471177577   0.9363727663   0.4693906252   0.5089778830   1.3459064435  -0.0186377561  -0.3437700424  -0.3551872614   1.5454575434   0.2415118852  -0.4977956057  -1.7708914314   0.4691416957   2.8622226724  -1.1175746621  -1.4608167892   0.2188259060  -1.3339541648  -1.9065187749   1.2636270861  -0.6113316373   1.2557503860   1.4990782352   0.6149686334   0.6021484199   1.5811630195   0.6570934421   1.4788324423  -1.3281656441  -0.6584972324   0.1235209968   0.5560905466  -0.6532675796   0.6309967851  -1.5193689664  -0.3841357662
 0.3361769732   0.5706292997  -1.2374796068  -1.2194395426   0.3928388301   0.9826343752  -0.1401025231   1.0054748788   0.5799229249   0.1917478906   0.9117968715   0.5579204131   0.1687008104  -0.3537129917  -0.4452140270   1.0796656117   2.1715407104  -0.7014306063  -2.5260484239  -0.6919729565   1.3639132959   0.4632354530   1.3516469500   0.5539646367   1.6675713899  -1.1872540560   1.0086412310   0.2377436931  -1.5530936997  -1.0483938323   1.8494949424   0.4140201060   0.8414269433   0.0866549500   1.7338360577   1.7006387314  -0.6950374348   0.6212228140  -0.7641517993  -0.7051442367
 0.3531673736   0.9820264929  -0.3664227756   1.0461529267  -0.1302924116  -2.1999313935   1.2332434432   0.1778866467   0.9372387133  -0.2453289004   0.8631883887  -0.9968160208  -1.6022150545  -1.7100855156  -0.8408430624   0.4202140937   0.3462926112  -1.2623756919   0.3066538951  -1.1000040239  -0.6304590887   0.6954990100  -1.0851625341   0.4867704969  -0.1189918237  -0.1137483684  -2.7110763620  -1.3695538653   0.5428202565  -1.3015256519  -0.5378957565  -0.5991571688   0.0767079648   0.9577531715  -1.0761412315   0.1102810168   1.1603530465   0.6719632024   1.5668368198   0.3890398406
 2.0038465340  -1.4097682776   1.0122448816   0.0696040608   0.9387908764  -0.2902777973   0.2977833922   0.3134944673  -0.3463653187  -0.4331709127   1.3775279471  -2.3536226273  -0.4018485017  -0.4569559279  -0.3190275444  -0.2199608774   0.1264621814   0.8973402416   0.3461944076  -0.9189991947   0.1590143189  -0.8533645994   1.1388710715  -0.6489345758  -1.0182312751   0.5078935619   0.9999521842   0.3767846753   1.2864232574   0.0523878357  -0.0830779738   0.7889369571  -0.3094312562  -0.7247490723  -0.3421715556  -0.4762101451   1.3448014162  -0.9741675587   0.8041110032   0.3585177050
 1.1300033396   1.5033961651  -1.4069263853  -1.3037451467   1.3610185192   0.8982947400   0.9786516597   0.9684758682   1.2748082852   0.1476324745  -0.1815657460  -0.1348294597  -0.5931143434  -1.2314855623   0.7924719534  -0.1797051829   0.9017993144   2.0685523391   0.1001581861   0.4461687876   1.1960779034  -0.3518376122   0.5075037456  -0.7853388158  -0.8470288540   0.5727641643  -1.0073664116  -0.2254688280  -0.3034971155   0.2328426838  -0.3195784021  -0.7930043632   0.0483489386   1.3474353000   1.6783341470   0.7198001982  -0.2309310258   1.3864556671   1.0073784593   0.3273614558
-0.9740913328  -0.7095454628  -0.7329253228   0.0068318872   1.0835044518   1.8730488138  -0.2861009084  -0.3666790094  -0.1334358812  -0.8917174939   0.0401852627  -0.1209993390   0.4960660962  -0.0832177037  -1.7297074427  -0.5923622189   0.5110197423   0.1802779957  -1.0219232169   0.7675992753  -1.1353975436  -1.3160279230   0.0287950601  -0.2047706316  -0.1833236180  -0.3926927480  -0.5092212927  -0.2468515871   1.3972483283  -0.5638927731  -0.0021844796   1.9265893669   0.4645231065   0.3264748709   0.5770442117   0.6059309284  -1.7963603068  -0.3202590970   2.1421902876   0.4403410931
 0.7208149498  -0.8818488527   0.1535920075   0.2034007295   1.1493214994   0.3529341948   0.5714736666   0.8840129932  -0.5662192990  -0.0828227566   0.0291772942   0.4235886034   0.0396589657  -1.6959820017   0.6883349402  -0.6682402417   1.1496746051   0.0341939825   0.5888190033  -1.2504291303   2.2670554826  -1.4921513372   0.9960932360   0.7307515610  -0.1434780193   0.2643032767   0.8259738551  -0.7120176077  -0.0329853977  -1.0328661217  -1.3744950314  -0.2427862041  -0.5925069396  -0.2878024039   0.7731940988  -1.7705210015  -0.3950790276  -0.6297711279   0.3707052356   1.3508919692
-0.1342474619   0.1896790865  -1.5036973041   1.8429039857  -0.8163940361  -0.5440758697  -0.5640665674   2.3371502754  -0.4181456376   2.0644571345   0.4092790800   0.2283899711   0.1079069996  -1.0896857122   0.0181699424   0.4087702224   1.1455093179   0.8491771964  -1.4939187104   0.5068638982  -0.5785255706   1.5874384839   1.0550888702  -0.8020421624   1.4136196496  -2.4053169504   0.6009367246   0.4452620356  -0.7175973069   0.3630110899   1.7944383517   1.4296856500  -0.3434999343   2.8492738771  -1.9254138115   0.3459491626  -1.2562183698   0.2025854812   0.7864101723   0.8799368417
-0.5632499978  -0.5353285990  -0.5305727773  -0.1519223624  -0.9701079005   1.2838071693  -1.7719370710   0.5381672338   0.3211674065   1.0329615565  -2.3840085553  -0.7492439411  -0.4817781935  -1.3561488131   0.6126593917  -0.0844167648   1.0092226341  -1.1517524542  -0.4835604452   0.5311426440  -1.1302714005   1.4589969234  -1.8601417670  -0.1164876120  -0.2203327094  -1.5968293555   0.6060660371  -0.4732127473  -0.3165849776   0.9478480035   0.0735061246  -1.7129972184   0.3662694871  -0.4846285220   0.5342636656   2.2488746852   0.5838841217  -1.2292240452   1.2401571029   0.4126138711
 0.9914689507   1.7695013807  -0.1547769089   1.1422625755   0.9518044189  -0.2894418610  -0.1262474103  -1.5034433181   0.0655979749  -1.1179480234  -0.9685725949   1.1194787292   0.6244609444   1.3311794370  -1.0793431012  -2.0788428292  -0.2836989307  -0.1115062411  -0.0516941171  -0.5421110806  -0.4980026737   1.0120507430   0.2633812495  -0.0666860111   1.3452283050   1.5910653153   1.0778249638  -1.0988986682   0.1888386382   0.4092362699   0.0751794080   0.4693812606   0.3891241349  -0.7485273914   0.1739763184  -1.6428589525  -1.2373363772  -0.7302206073   1.5901422078   0.7276743928
 0.2888177240  -0.2519318903  -0.1219475152   0.5922290682   1.6165154787  -0.7210230082  -0.5500880362   0.7677590205   1.1124860567   0.3625360564  -0.3486294199  -0.1249477537   0.1426903331  -0.4938066213  -0.9487069158  -1.0366459453  -0.3634127660   0.8503512876   1.8315381980  -0.3314152180  -0.2531166239   1.2084452685  -1.4896369609  -0.8176910952   0.4075729595   0.0560320924   1.8750252298  -1.0494893574   0.0206188951  -0.7257960298   0.4629092661  -2.2043186836  -0.7428904583   0.6968412563   1.1596458415   0.0349088660  -0.2715776867   0.8491227784  -0.8718864613  -0.6025610743
-0.3337627925  -0.0185704299   1.9334312642  -0.7013360391   0.3137448377  -0.1564737917   0.9245451175   0.4717869778  -1.4661377771   0.6051560540   0.3739479405   1.0618328603  -0.3441658334  -0.6006328409   1.5063874700  -1.6643687758  -0.3983057398  -1.3038945950   0.4284155370   0.6660992441   1.2010336577  -0.9683340141  -1.4743696565   1.0398625908  -0.9163873742   1.1954827506   0.4396703262  -0.3955626278   0.1362395557   1.4317998600  -1.1821500716   0.1860849008  -1.2633186404  -0.7693870640   1.5392821029   0.5821552168   0.2786118906  -1.1485471357   0.7123884642   0.5845882147
s4
 2.0981384085
 0.9329901315
 0.4637064927
-0.5052108532
-1.9036843951
 0.0456105033
 1.2673333228
 0.0370325654
 0.9421840404
 0.7841308516
-0.6573507731
-0.4319135746
 0.4904359789
 1.1461225085
 0.6261063853
 0.7199730865
-0.8473623013
 0.3712258043
 0.6061625964
-1.2788319163
-1.9584022461
-0.4177599227
 0.7482268793
-1.6302255081
 2.5695711049
-0.0995315596
-1.1422133683
 0.3941575907
-0.9366437057
 0.8738913111
-0.6390687188
 0.5557308351
-0.6795248713
 0.0145440443
 1.4011739989
 1.0177298018
 0.8140627175
 0.5973173339
-0.1046348398
-0.2173427905
w5
-0.3522943288  -0.3732997067  -1.6312463062  -0.0322358406  1.3806313715  0.0877742239  -0.0903123626  -0.0398360489  1.0899329798  0.1341970581  -0.9835105654  -0.4110442938  -0.5303762502  -0.9468387449  -0.3536993285  0.5128832904  -1.5169951587  -1.2078935661  2.2286691611  -1.6051132102  -1.1238710718  0.6294432163  -0.5162426363  -0.5762115237  -2.4057116678  0.1371081054  0.9390816133  -0.0602284286  -1.5174216668  -1.7188825133  1.3176225668  -0.4872393735  -0.8334937981  1.8380375469  -1.7237294702  -1.0067541995  0.2600451796  -0.1268628855  1.0752798261  -1.1317595827
s5
1.4214496804

