layers: 5
str: {2,40,40,40,1}
w1
 1.1034114757  -0.5052109307
-0.7673937627  -0.5713197505
-1.6065534154   0.6545251024
 1.5692896292  -0.9989127068
-1.4225273779  -2.2965050923
-2.5932876279  -0.0547908810
-0.1912326125   0.5240704528
 0.9838418560  -1.7308006562
-1.7238863268   1.2104884410
 1.9774268645  -2.1292825836
 1.6438623755  -0.5625059609
 0.6617071824   1.8481715571
 1.3865485901  -1.5609581202
-0.1242135824   1.9720611757
-1.6258519348   0.6901796950
-0.1769171343  -1.3875838853
-0.3301595778   1.2962697380
-1.9095504672  -0.0522800426
 1.1296181359  -0.2532852624
-0.9780811934   0.8485134116
 1.3755438557  -1.5894434884
-1.4584777193   0.7360794866
-2.3506818733   0.6530143124
-1.5754725045  -0.6376578101
-0.6471437435  -0.8936806586
 0.5159493389  -0.0609208704
-1.1772477877   1.7328028746
-1.4685389881   0.7767276837
 1.1446029357   0.5673641144
-1.2409902680   0.7218824563
 1.2301844391  -0.3516775519
 1.6991395122  -1.3230142055
-1.2424673801   0.6473466459
 1.1735368523  -1.3289667545
 0.8514137216   1.2004676165
-2.4187438137   0.4946485883
-0.5320248784  -1.8928587786
 1.5969206105  -1.0952275383
-1.6033693590  -0.7804129655
 1.7648412811   0.0956647720
s1
 1.4430943184
-0.7521537740
-1.1000075317
 0.4368928628
 1.0796302442
-1.3914872284
-0.4244342756
-0.0324144939
-1.2433023433
-0.5507489692
 1.5221164161
 0.0323764242
 0.1946375792
-0.1401716748
-0.9926032820
 0.1231426596
-0.6682956486
 0.8532404128
 0.5455957662
-0.0745402770
 0.0654186964
-0.5712483950
-1.6222158668
 0.8629788791
 0.6897430627
 1.5614311169
 0.1402876855
-0.8985568794
-1.6327594560
-0.9748561528
 1.4398969163
 0.1611001689
-1.2859786506
-0.3055836051
-2.2640569685
-0.5965419204
 1.5883609393
 0.7004880335
 1.5265578270
-1.2123075619
w2
-1.0247021257   0.4666945538  -0.2998299792   1.2290099485   0.2066677678  -0.8729891395  -0.0074551779   1.2923942028  -2.1726420018   1.3277595613   0.5993684363   0.4556295770   0.3846377077  -0.7507144066   0.7380548645   0.9952066266   0.4264386419   0.1488337504  -0.7531625195   0.7507433898  -0.1459438784   0.1966713753  -2.7111657145   1.1942640104  -1.2904143939   1.2666838397  -1.2362509006  -1.5748881379  -0.4219480120   0.3446448526  -0.8153259711   0.5913854755  -1.2552847896   0.0308341222   0.2342587873  -0.3571310504  -1.4922462040   0.5897833328   0.1144053089  -0.3087647452
-0.6243615883  -0.6177625111  -0.1827688993   0.1131586641  -2.9120781550  -0.9445569806   0.4184671761  -1.5700755533  -0.7493684316   0.9547032979   0.7992184190  -0.8491170447   0.4240540711  -0.3801294584  -1.1781399823  -0.8861051888   0.7404500193  -0.0149864821   0.6597626376  -1.2872494276   0.4782051297  -1.6893900086  -0.6880860200  -0.2885836343   0.0015652085  -1.0720173715  -1.3745676873  -0.2805130097   1.4222935121  -0.5277718581  -0.2089677059   0.7447116208   0.5708690829   0.7038916726  -1.1951983289  -1.5925954965   1.1833402987  -0.5639273147  -1.9030735499   0.1498862857
 1.5579111012  -0.8096326005  -1.6814526379  -0.0112390714   0.6594050761  -1.3419512701   0.1106621028  -0.6556606481  -0.4060549391   0.3605793555   0.9570103919  -0.1623078592  -0.1276740899   0.8284367837   0.7033399059   0.0684486007  -0.3164961098   1.0549885703  -0.0481354068  -1.9419510692   3.7274202359  -0.5703597832  -1.2724725336  -0.6868153157   0.2305944393   2.0171938899  -0.8648685110   0.9569529040   0.1682241371   0.3385573819  -0.0712224804   0.2649960389  -1.2913626757   1.5127143383   0.9858814297   0.0359797700   0.1274315657   0.2465990094  -1.1157428671  -0.8193091241
-1.1236829558   0.2156482167  -0.9069546499  -0.0248195834   0.9929949863   1.3089687315  -0.7261363314   0.6106059387  -1.1429047623  -0.0550807842   0.1418112658  -0.8873470402   1.0198989022   0.0412315297   0.0788163186   0.2332448106  -1.2334876657  -0.4366946702  -0.3727809311   1.2007971071   0.8941327619  -1.0997286036  -0.6800221924   0.2591001333  -1.6121150448  -0.5934805165  -0.9774380555   0.7073058858   0.2833457283  -1.2541591749   1.1946584173  -0.7023894621  -0.0381015632  -0.9525733797  -1.4125249045  -0.1342427491   1.4571101219   0.1982249363  -1.4624483861   0.7448842986
-0.6842958528   0.2778310561   0.2092864158  -0.0835725666  -1.3166649785   1.7377714556   0.6452018472  -1.4006458574   0.4220287934  -0.9689103832   0.7543955758   2.0021793466  -0.8214258291  -0.0877413058   0.8928705639   0.0035777306   0.9171413098  -0.4152191013   0.8391383676   0.3359327917  -0.9417740845   0.7952770620  -1.0556943060   0.4059589969  -0.3475439335   0.5977137736   1.0166564943   1.0784281651   1.3313925675  -0.2456439640   0.1529760623   0.1528522873   0.3611224413  -0.3464313008   2.6160706512  -1.2664249005  -0.9068268896  -0.4941456420   0.1278506495  -0.6449710365
-1.1051719852   1.0673799911  -0.8717517282   0.3233284238  -0.2738664277   0.6370848134  -0.4248559195  -0.2271255169  -2.5343995490   0.7422686128   0.1392364518  -1.4372107537  -1.3765712848   0.5155848812  -0.4866877318  -0.8800254241   0.0654104268   0.2998492397  -0.7289905943  -1.4079811761  -1.0273046447  -0.5223967282   0.5518130598   0.1680662902  -0.1184475276  -2.0946333564   0.1748832515   0.8493445336   0.2471487608  -0.9722630278   0.1683830007   0.8185119907  -0.5301593397   0.7271235665  -0.0822129787  -1.3804569443  -0.4764394588   1.9291667812  -1.0464539383  -0.6353101265
 2.0619764549  -0.6543476009  -0.9580604965   0.3886481469   0.1519999509   0.1585210135   1.3758492944   0.3077336095  -1.0742472290   0.9704178486  -0.1549499153   0.7124677272  -0.5311312912  -0.1834986811   0.1372487790   0.2642164587  -0.9916173806  -1.5218985997  -0.2577932681  -0.5113597848   1.6605792410  -0.6253509917  -1.5159707931   0.0965864193   0.5035723493   0.8662790265  -0.7860168531   1.3653495998  -1.4209650055  -0.1144655233   1.4811918149  -0.2091180002  -0.7647085834   1.5183765852  -0.6109989477  -2.2018409384  -1.3940834131   0.5025332931  -0.0846348689   0.7825120483
-1.6395547616   1.4269709092  -0.3519649119  -1.4788443393  -1.0017184594   0.8309235299   0.5660011211  -0.6137253074   0.7787275533  -0.5914822102  -0.2311489367  -0.7930404896   0.1009103856  -0.9582472476   0.5983941259  -0.1839491864   1.7336033444  -0.5815047833  -0.6565393489  -0.8528796534  -0.6773957103  -0.1657969971   1.1410497030  -1.1243248078  -1.0385649664  -0.8256387359   0.9461307747   0.7762879400  -0.5240492765   1.9147920792  -0.9771207169  -1.8694579362  -0.7601475173  -0.9664614875   0.6303980661   0.5154642048  -0.9971327052   0.3375361355   0.9626648115  -0.2795125341
-1.2809394160  -1.2597589728   1.5162218747  -0.0555611558   0.2137733043   0.5346055278  -0.7501863106  -0.1319402595  -0.0350184125   1.5636138763  -0.4447266057   1.1247177346   0.5370166213   0.0775716771   0.7016781034   0.6462501666   0.0335335507  -0.0733626963  -0.1565485710   0.3838888283  -0.6895244369  -1.7603193867   1.5148812724  -1.2642775060   1.4616576901   2.6838370439   2.0370204177  -0.9725026069  -0.3135264643  -1.9707082237  -0.6237083175  -0.4036263958   1.0911386439   0.6000376415   0.7026856516  -0.8090983131   1.7279063176  -0.6698743714   1.2107047595   0.9209944272
 0.2823238954   2.5050495578   2.0848971398   0.7014985003   0.6854655628  -0.6666521923   0.5649975100  -1.9832951063  -0.4078339681   1.8350084054   1.9976859473   1.7379194110   2.2171139636   0.0572620342   1.0344541347  -0.7724555918   0.8727956698   0.1005607959  -0.3823751829   1.2946463453   2.1386825343  -0.3763469530  -0.8650765289   1.3016379807   0.4128011136  -0.7319428163   0.6262706009  -0.4380648223   1.1384697486   0.7130945376   1.3863845956   0.0053254180  -0.1940500086   1.4072404544  -1.0216537928   0.6275336393   1.0676305751  -0.0407915372   1.6705293670  -0.3177901256
-1.0840623635  -0.1865628645  -0.9041294323   1.6701122677   0.2158187457   1.5438061716   0.0559309996  -0.4705464731  -1.0322546017   2.5198914848   1.8419232192   1.0554554711   0.3773429246   0.8948920136   0.7154770208   0.0179005549  -0.2890555755   0.7240548662   0.8297439666   1.1627082974  -0.8562944751   0.3277854888   0.7798225320   0.2270219746  -0.6363580547   0.4507980862   1.0140678753  -2.2381359747  -1.2907808845  -0.5617082439   0.5234906773  -0.1837744629   0.0991960209   0.0459000529   0.9192053457  -0.0123377369   0.6347359249   1.8936967306  -1.1725456352  -0.4342844291
-0.2309797527  -1.0744824016   1.1470355756   0.5334903603  -0.3767364803  -0.7576264535  -1.6894405120   0.8883514783  -0.0639337498   1.5247407848   0.2561094885   0.1101249051  -0.1666061614  -1.1609736117   1.8487596774  -0.5443998321  -0.8826820939   0.7057573266   0.7494990858  -1.0242043326   0.0882979653  -0.5986449850  -2.1608306408  -1.5043587037   0.7145156534  -0.2069581316  -1.2459207307   0.5045071289   0.1833740176  -0.9002776798  -0.2045209789   0.9724975191  -1.1228840391   1.3991057846  -0.3135272260   0.6768019453   1.6752123570   1.1130669539   0.0558532407   0.4853518044
 0.4609715264  -0.0167959684  -0.7254721924  -0.0288479993   0.9220517662   1.3244620473  -1.3310509226  -1.4725640557  -0.0650429042  -0.5008155165   0.7290441542   1.2632322645  -0.2611462853   1.9139396700  -1.0564005554   1.4061598622   0.5761150692   0.5717873918   1.3105003026  -0.5581061552   0.0811271980   0.8180134612  -0.3235705350   1.5706259078   2.0500942167   1.4599338465   0.2040588905  -0.5538814669   1.2261338027   0.4530107316  -1.2489925387  -0.8744630336  -1.0667583388   0.2507748047   0.4045195024  -0.8527461542  -0.6143815111  -1.0815569297   0.0804379542  -0.5127638956
 1.9482765536  -0.4829672547  -0.3945148215   0.8369858608   0.1562422877  -1.3275245663  -0.5962280281  -0.5545408921  -0.6249824675   1.5246466283   1.2721388950   1.3350295938  -0.5950573621  -0.5590276868  -0.2156581794  -0.3255832771   0.9071898799  -0.3280515315   0.0968039096  -0.0798980854   2.0527176931  -1.0604151172  -1.7698606397   0.1841893016  -1.9399264142  -0.4241193832   1.0570758508   2.6082140634  -0.3596968449  -0.0720723715   0.9256021844   0.9957564421   0.2392627900  -0.6905131450   0.5231646496  -0.7908151319  -0.0152316991   1.4356188644  -0.4059441184   0.5607679063
 0.2906868726   1.2902765906  -0.7212963979  -1.2092231349   0.5775401273   0.9820850269  -0.4272545322   0.3225427018   0.8802904855  -1.2907801428   0.7464392268  -0.4149551897  -2.8320096157  -2.1902046249  -1.2732801469   0.1003352688  -1.0984902024  -1.9594822016  -0.2750753174  -1.7886203933  -1.2736652741  -2.2682277743  -0.8565397281  -1.0314508180   0.6203435630  -0.7026645019   0.9040777531  -1.7927658203  -2.0589406053   1.3238608321   1.7650766196  -0.5098575475  -1.2347235248  -1.3713152420  -0.9819257161  -0.4569684297   0.5468105754  -1.2577210049  -0.0732342491   0.3745228756
-0.2266663042  -0.0739288816   0.7227278080  -0.1209004120  -1.7205349599   0.4910822617  -2.5672243760  -1.7191370054   2.2107433610  -0.6844014066  -0.4911424458   0.7935844522  -0.0339089310   0.7558672259  -0.6359926853  -0.6092682038   0.4298929646  -1.0970268742   0.3020475742   0.4411357746  -0.4114978497   0.4349907645   1.8360299583   0.0107565383   1.1614101155  -1.6292301568   0.8643670634  -0.0363314622  -0.4118943228   1.7127934620  -2.0334537176   2.4544338491  -0.9625733910  -0.5166135444   0.5108372198   1.8153186869   0.2070735005  -0.3015399527   0.5440669762   0.1481752526
-1.2599580303  -1.1892451639   0.2077758309  -1.3022699294  -1.9041932597   0.9245695558   0.1424551918   1.2826271335  -0.7379878997   0.3862815408  -0.8013320602   0.8582567379   0.4565962630  -1.1296988081  -1.0829137262   0.3658486132  -1.4239985811  -1.6440234548   1.5096398211   2.3313528798   0.1785274658   0.1961712450  -1.2681737542   0.5367015286  -0.6537865685   0.3231407067   1.1703043376  -0.2267668236  -0.8024816944   1.1274145534  -0.3429786078  -0.6796763946  -0.0929289463   0.5151272729  -1.0416055597  -0.1228267106  -0.9197484795   0.4256854712  -1.4758295593  -1.1022073543
-0.7977141589  -1.4062008229   0.1923712404  -0.0437612976  -0.0649407558  -0.3283458625   0.3888429987  -0.0283124444  -2.2463941498  -0.7530045328  -0.0390759290  -0.2793022301   0.1797287004  -0.5569855070   1.1043753338  -1.5761805160  -0.3537292653   0.7978631931  -0.9181233103   1.7837536363   0.0899350938  -0.4705501483   0.2666976337  -0.4450228062   0.9873333333  -0.9117831175   2.1127588641   0.5613627736   0.7959698794  -0.4106627069   0.9548400550  -0.0080521482   0.3784794095   0.1368450565   0.3589087811  -0.6953965003  -1.9387418638  -0.6439508138  -0.1559002656   1.5437919599
 0.6659401645   0.6885337604  -0.4537784227  -1.0045788663  -0.2066372416  -1.3634686150  -0.0290844822   0.7211980402  -1.3202514789   1.2531556822  -0.9914827668   1.3674450584   0.6333952120  -0.1567936200  -1.2132272425   0.1519300077  -0.3123908267   1.4643404838  -0.2052851598  -0.6017073820   0.3935177852  -1.2041860800  -0.0792675668  -1.1119540070   0.5639658773   0.0010651077  -0.4243455046   0.5299127532  -2.3223905295   1.3802459075   1.9484833246   1.2387494131  -1.2026265320   1.4068699057   0.7425226209  -1.3931455862  -1.2120698752   0.2712660385   1.1871703381   1.0465014061
 0.1947277602   0.9355313206   0.0659694001   0.0694542282   0.9310069563  -0.8429011476  -0.4150302843   0.6172720110  -0.1166686350  -0.4609424201   1.7843185928   1.1098472702  -0.8680830560  -0.9802062135   0.5376436929   0.6463606925  -0.1469807164   0.1379754251  -0.2318065586  -0.3837002279   0.8233721975   0.4477420642  -0.8005419884  -0.9942700684   0.0769320129  -1.1024563404  -1.6602024741   0.5753944911   0.8875833334   0.9374196708  -1.6782286517  -0.6190230738  -1.1913936406   0.2075544900   0.4422825545   0.8855932894  -0.2884450971  -0.8855190644   0.4664809655  -0.4805777386
 0.7285288949  -0.3289009559   0.1616579739  -0.5207892069  -1.1944230957   0.6145619791  -1.0930198898   3.2161943326  -0.8900300974   0.4778797663   0.0302902183  -0.8145642862  -0.7213966923  -2.1663782770  -0.5516452116  -0.0034315549  -1.8709348000   0.5861233373   0.2273091072   1.4959477313   0.2475127901  -0.2781420857  -0.0562786195   0.8198350016  -1.4370349133  -0.8660604766   0.7144026980  -0.3275829731  -0.1751133240  -0.2717072490   0.5231465790  -1.3440698370   1.1783833679   0.2581547161  -1.3351062547  -0.5725609905  -0.4489786932   1.2292067862   0.2514598975   0.4373755502
-0.3616829193   1.0615067380  -0.8360079175   0.1694594490  -1.0699227897   1.1512171875   2.5375750875   0.7191502476   3.1566627024  -0.8676092308   0.2575692982  -0.7444349949  -1.1208652610   0.5744820726   1.1298581240  -1.2509196910   0.9431034493   1.0855568519  -0.0149103237  -0.3239111696  -0.4295696644   0.0289840034   0.1144515908  -2.3761824630   0.4714759540   0.9712158572   0.3259827593   0.4089706765  -2.4900391910  -0.3423446957   0.4576770530   0.2038780806   0.0964385967   1.7411543105   0.0302694167   1.0091095641  -2.1260234316   1.1488302380  -0.3279548055  -1.0839967162
-0.6249797010  -0.0135869495  -0.4695145171   1.7318473883  -1.9249132935  -0.3723754543  -0.7182959971  -0.9328076798   0.3654229248   0.3792848888   0.5762438045   1.1573296808  -0.6960965390   1.3436192013   0.0125289450   0.9851264493  -1.1820073620   0.3063450546  -0.2632569574  -0.5792718425  -0.5079215163  -0.3683453208  -0.4067349811  -0.5713935105  -1.7678514243  -0.0435639696  -0.0913505867  -0.1149312007  -0.0500302790  -0.1828557810   0.1181675486   0.4563180646  -1.4388544818  -0.7320947922  -1.0859208562   0.7815644774  -0.6557414022  -1.5219019590   0.4693147226   0.4216882260
 0.4906670815   1.8529817377   0.3457993228  -2.4966869114   0.3205301323  -1.1799491513   0.5966835365  -0.3049261097   0.0151466159   0.2625311741   0.0574910329  -1.8985347274  -1.4182725995   0.5707539689   0.8683590805   0.8823907812  -1.2973060974  -0.5528671189  -0.0150448398   1.2377415543  -1.0797263124   1.7329304640  -1.0027887529  -0.3814682013  -0.9469038067  -1.9097773447  -2.4393045225  -1.3533559493   1.8928340836  -2.3068051439   0.6686436186  -1.5617507520  -0.2303558556   1.7701261020   1.0754747116  -0.5482070927  -0.5841101557  -0.1662333774  -0.3947763151   1.1432094658
-0.5250639502   1.0761354001   0.6330893238  -0.3881259118   0.0490124720  -0.2369054090   1.3578841772   0.8991198752   0.7706855121   0.1062923257   1.3337496555   0.0412971271   0.6730295136   0.4084948205   1.4034420903   0.1530332871   0.6557528423  -0.1564430258   0.5940159626   0.2434344048  -0.9471255361  -2.8545789289  -0.1291189288   0.7561661389  -1.0308222940  -0.8415102745  -0.8194618503   0.6982738478  -0.5807521841   0.5656478555  -0.7062815510  -0.2530547561  -1.0658325731   1.0713377706  -0.1416309968   0.5541589704   0.4850583907  -0.2301553098   0.3268528891   0.2489586669
 0.1192485601  -0.8165665625   0.6670459421   1.0531246521   1.6789879365   1.0259895287  -1.2108870682  -0.5982346571  -0.1050923767   0.3222824948  -1.2591411741  -1.8408622162  -0.8717767869  -0.2740968335   0.6443625698  -0.0663413386  -0.2424525775   0.4967923224   0.0753721297   0.2446502242  -0.8706260715  -0.1387538609   1.3598727367   0.7779455097  -0.9881709988  -0.1420045829  -0.1225941034   1.0968880746   0.9202806477   0.9279747158  -1.3682599370  -0.8078174701  -0.1357073776   0.3528419831   0.3372608898   0.5621450015  -1.8645670902   0.2151913297  -0.5485380079  -1.0125841995
 0.4246241558  -0.3031952275   0.5366509986  -2.2550132606  -0.4056955510  -0.5413159708  -0.6344946110  -1.1858332725   1.6856771463   0.0084844508  -0.6030120472  -0.5947224969   0.0740142141  -1.8700400751   0.2223350364  -0.4858845527   0.3563501272   1.6485912176   0.1355602779   1.0366969148   0.9897425925   0.5577522777   2.1020897823  -0.0765597585  -0.1315697798  -0.1872393015   0.7378980964   0.7148003837  -0.5724299073   1.1194203237  -0.1937429121   0.2393049484   1.0014375109   0.4119215486  -0.2002594536   2.5523700069  -2.0530963794  -2.3517132314  -0.5878439488   0.3881926952
-0.8176969637   0.7463139829   0.8455515000  -0.2459901650  -1.4591834697  -1.4490327356  -2.0700330289  -1.2214663246   0.5711488775   0.4308896923   0.0581161703   1.3025774450  -2.0229231796  -0.8528120947   1.4845306329  -0.2830868726   0.2633287177   0.1564034194  -0.1322684536  -0.7180551296  -1.6930168205   1.8499518349   0.5291382088   1.0177314857  -0.6162356380   0.5100174574  -1.4263612061   0.5730627252   0.3495205077   0.5721671988  -0.4682100436  -1.3509288163  -1.3577575356  -0.5524245973   0.5848428847  -0.4007127412  -0.5828312469  -0.8512943081  -0.4605909090  -0.1150039182
 1.1448225173  -0.8488936524   0.8951158664  -0.8897621347   0.9001205804   0.1776035429   0.0160747730   0.6514471533   0.9270993822   0.9018783892  -0.4207400379  -0.3874831468   1.5661400956  -0.2949686263  -0.7839137848   0.3434538096  -0.2676561318   0.0173238654   1.0539421200   1.4642300536  -0.0300877193   0.7837889588  -0.6621379570  -1.9467645591  -0.0045865369   0.9881536797   0.2743027986   0.2780551151  -0.7832902872  -1.1609383820   0.6331102444   0.1177648060   0.4922951524  -0.4111521008   0.4010517574   0.9613759768   0.4586888372   0.0755601879   2.2978452202   0.8342892483
 1.2849382369  -0.8740484343   0.5852422394  -0.0260936468  -0.5389434176  -0.3432283248  -0.3893717590   0.5570698042  -2.6829238390  -0.7561500752   1.0979983461   0.3390477491   0.2248445459   0.8226747458   0.2507817842  -0.2918074949   0.1075638837   0.7110702628   0.5370062157  -0.8339952832   0.2196709858   0.6088154673   0.3254647026   0.2662255853   1.4252157329   1.3658529811   2.9946136007  -0.4406041739   0.2912768022   0.7361436686   0.4260700424   0.3193674266   0.0486413651  -0.1320836456   0.6968965500   1.0306673618  -0.3648176216  -0.9265406024  -0.0067778555  -1.0359686530
 0.5091682110   2.4356927255   1.3011434406   0.3179515361   0.6518890662   0.5753490110  -1.4742749006   0.6269332217   0.3375746679   0.1468874675   0.9475420651   1.7901423937  -0.0246868459  -0.1398867349  -0.5091281721  -0.4968619183   0.3669637439   0.6679431253   0.4448494919  -0.6253358502   0.2284029140   0.2522595516  -0.0782100640  -0.2753033327  -1.0847535864   0.0699439395  -0.5213569673   0.1181266466   0.9739611757  -2.2539093242   1.3302099648   0.7750853641   1.6423411193   0.5230134283  -0.1900754116   0.6061501958  -0.2174467889  -1.6903685878   2.2314021539  -0.2627786857
-0.7998084253   0.3021596854  -0.9785356743  -1.1189866313   0.3173323013  -0.9210875975  -0.3573003289   0.1261238544  -0.3479117205   1.1387653178   0.6372811847   2.0389451289  -0.0313374627   0.6211366978  -0.1599988811   0.0691628588  -0.1028017736  -0.1084026648   0.6473562543   1.8783744761   0.3034296678   0.3695210787   1.2678633026   0.7515019953   1.3078656392   1.3101537869   1.8714738796  -0.4908833786   0.7221573827  -1.0483836706  -0.3380871966  -1.5569532675   0.8609678850  -0.4694871651   0.3618038872  -0.3717976014   0.9600095694  -0.3574522981   0.0482889641  -0.0995448856
-0.7207291653  -0.2558906990   0.4808357651  -0.1217525279  -0.2898153761   1.1470707237   0.6966007648  -0.0965532939  -0.3247233118  -2.1298981255  -0.4732139446   0.2353239861  -0.5283512865  -0.2114609406   0.5021742855   0.6135401160   1.4717240278  -2.7472303856   0.1038219082  -1.6188143029   0.1703886622  -0.9639433996  -0.7655882811   0.5261292593  -1.7577024730   1.3613344932  -0.5537308038  -0.3802332026   1.5035250741  -0.3440006082  -1.0110067033  -0.0748585523  -0.6117317217   0.6306986415   1.1029942186   0.3309968667  -1.0114118342  -0.6789327861   0.3116343066   0.2423558865
-1.8239165750   0.7791524742   0.1666277896   1.2927740073  -1.2134313205   0.0815140990  -1.6730759828   0.5328134504   1.0235419433   1.3155435702   0.2322708125  -1.6430388862   0.6178072797   0.4540536482   0.1507085032   0.4081975888  -0.3992542860   0.5693276392   0.9602389051  -0.5416705467  -0.1131499367   0.3915833919  -0.2959977954  -0.6099928761   1.2369356797  -0.2190033359  -0.4907979737  -2.2840736106   1.0695177093  -0.5247998571  -0.8772755795   0.9071014876   0.2645119139  -0.0798915844   2.5403123699  -1.9012116029   1.4066733384  -0.5206801236  -0.4347018524  -0.3652423474
 1.1705147480   0.9956575298   0.1455723323  -1.0540127303   0.4429147515   2.3124070913   0.0559490897   0.4255057684  -0.2041964706   0.6278736190   0.7178580679   0.1150240306   0.3246546305   0.5766815642  -0.6217283246   2.2248107694  -0.7324211446   1.6899564908   0.6023067935   0.5726315146  -0.2011523355   1.1498258882  -1.2149380473   0.2814189826  -1.0267584446  -0.5076842009   0.0599240834  -0.7730701006  -0.7879317125   0.1351236814  -0.3864024849  -1.4176236357  -1.1291240220   0.5918321659  -1.0616711225   0.9984712375  -0.4916660911  -0.0266673569   0.8232131365   0.3321258580
-0.9335303694  -1.1244484172  -0.9927407193   0.1665461580   0.3184660745  -0.4939287674   0.5478095326  -0.8772747121   1.0115649865   0.7229993664  -0.8733640931  -1.4170115488   1.2537151254  -0.0036384641   0.5265040798  -2.6824793522  -2.1210148478  -0.3411656378  -1.6065302907   1.1269552810  -1.5677226927  -0.9943994292   0.2290698158  -0.3282864963   0.6596396607  -1.1865008744  -1.2982220145   0.4866842233   0.1646525975  -0.6813338911  -0.9902487678   1.0057569077   0.4992825260   0.5842116913  -1.5388829577  -0.5775905123   0.0522407823  -0.9300761319   0.7940459796  -0.9185133411
-1.2990179528  -0.2691033407  -0.2466946702   0.3888070524   0.1872290476  -0.5049888186   0.3327766595   0.5449312955   0.8424440710  -0.5947954131  -1.6558712649  -1.1782362559  -0.5389583000  -0.5788673359  -3.3296014068  -0.2285381416  -1.4885275264  -0.3531746296  -0.6298985151   0.7126958732   1.8553277743   0.9205455694   0.0984534931  -1.0311708897  -0.5031662554  -1.3986050365  -0.0023965169   0.2980225313   1.0980259425  -2.1050970851  -0.6848525685  -1.3910032477   0.2301783535  -0.8906862879   1.3608339932  -0.0176343138  -1.0543292965  -1.1869637407  -1.5457582717  -1.3294806350
 0.8369944030   0.2967441573  -0.6592418519   0.2331682510   1.1825452900  -0.3448858138   0.6326070112  -0.4221288672  -0.2402451407   0.8055564892  -0.3495571840  -0.5682709103  -0.7815854059   1.4521629137   0.2222616493  -1.3861891143  -0.4953184997  -0.0396528896   2.2364904284  -0.0715236024  -0.0019337432  -1.8982584776   0.3107396850  -0.1497364773   1.9967362418  -0.4107694548  -0.3210874554  -1.8888672284  -0.9063444553  -0.7717242276   3.3586436120  -1.5835214662  -1.6524479658  -1.0288788251   0.5001790628   0.4533474986  -2.1007676886   0.1238190531   0.7991448150  -0.2365740387
-0.5398110930   0.4645710082   0.0412228010  -1.3607092182   2.0154586084   1.7398178718   1.2991745368   0.7391823463  -0.8772218875  -1.5813032486  -2.3126341745  -1.8744492469   0.0894430995   0.0153061088   0.6206035687  -1.1678685129   0.5216102737   0.7263085948  -1.8400575878   1.3357116049   0.7262781576   1.2695304636   1.3800728142  -0.7543763698  -1.0307357228  -1.1892637724  -0.3750673532  -0.2346051648  -1.7816264505  -0.9568735999  -0.1753910179  -0.9540501716   1.4949491147   1.0829268923  -0.6056860186  -0.1275029810  -0.1239777360  -0.7401084757   2.1769566187  -0.2058413119
-0.4124276490   1.3905447721   1.6534967389  -1.5813761789   0.3991347953   0.6437165784  -0.6320479927  -0.5057354386   0.1096711448  -0.9649956399  -0.2318981891  -0.2492750832  -0.4852005140  -0.5550809228   1.3616541489  -0.6129526201  -2.3528944092   1.0751847924   0.5292572613  -0.8275437740  -0.5796907324  -1.7377119214  -1.8298109368   0.9650775042  -0.6319253625  -2.3391588864  -0.6058635954   0.3673577731  -1.1824101559   0.4482678741  -3.2799126387  -1.9218824368   1.1718770364  -0.0966533809   1.7914710316   0.6178559807   0.2010897991   1.2306113278  -2.3046054412  -1.0133970616
s2
 2.2558912037
 0.4720438858
 0.3877926888
-0.6724595274
-1.3141827166
-0.0482093342
 1.5666397316
-0.5126854239
 1.4376455036
 1.8970283432
-0.0675452644
-0.4990067499
 0.7890253687
 1.1876227216
 0.1767348128
 0.5307273240
-1.0976284686
 0.2297746421
 0.7848185313
-1.3590157329
-2.3531567080
-0.5866324543
 0.7815724596
-1.6262229824
 2.6776608054
-0.3825199004
-1.1864594217
 0.1606645687
-0.8352127282
 0.5534609728
-0.1524821968
 0.6086107154
-0.7589831851
 0.0279981623
 1.7251644930
 0.4683521390
 0.8693538959
 0.9933388493
-0.4491339456
-1.0520783820
w3
 0.6582585450   0.5015822675  -0.6618307499   0.0353207719   1.0364415151  -0.3896363256   1.0459408484  -1.1820299918  -1.3951150408   0.7802831395   1.6358141793   0.6073919207  -0.9202588748   0.7436300237  -1.1371268736  -0.1862716919  -0.8992080323  -0.1828164028   0.4125876082   0.8484231138  -0.1237124949   0.3239898198  -1.3863572606   1.0114464242  -0.5294780377  -1.7151926218  -1.2310284884  -0.9477349339  -1.0284490727  -0.0047334153   0.5838040790   0.0860609536  -0.6346250974  -0.5631000157   0.6497510611   1.0682947160   0.2031170794  -0.2309586255  -1.5211786654   0.9472622732
-0.0555466523   0.9023636353  -0.7897627409  -1.1840783864   0.0377111624   0.7099261853  -1.6682734635  -1.5256838796  -1.0925355591   1.2086768837  -0.5178472713  -1.1503304167   0.5714216343  -1.3522376985  -1.4636644441   0.6673659701  -0.6451016280  -0.6224871171  -0.3844052505   0.7459315999   0.0959727833   0.1910605773   0.4997373002   0.5145938667  -0.6062478011  -0.2610689999  -1.6687734070   0.0382827213  -0.3078646553  -0.7114887129  -2.0496004831  -0.9820489283   0.1920956286  -1.3729724416   1.1152621651  -0.6831611877  -0.9566963725   0.9440082936   0.1175949663   1.9254498474
 2.0447324546   1.1766414911   0.3584812636  -0.6624252928  -0.9197367612   0.4815069361   0.3629670772  -1.3175578433   0.1662062781  -1.5085394974   0.5959036803   0.3514497024  -0.4796602493  -0.4102378067   0.1933178984  -1.1512604948   1.0178841743  -0.4769073446  -1.3720774295  -0.6883863631  -1.4817221529   0.5052334054  -1.2670782566  -0.2686771745   0.0353892836   0.3734039577  -0.3694910614  -0.9941339977   0.8056984812  -0.4578606670  -0.1013964989  -1.0633927463  -0.6039208243  -0.2956344521  -1.1874522499   0.7126564468   0.5370071296  -0.5562826362  -0.5834535735   1.7076097730
-0.6358150002   0.8309458378  -0.4418721350  -0.0492346792  -0.1949744049  -1.4065231626  -0.6135994670   0.1381118783   0.0010022524   0.1158865426   0.3304977538  -0.0192486761  -0.1932759717  -0.1915570534  -1.4595938439  -0.2134944223  -0.6630343779   0.3155088164  -1.8173875878   1.1900383475  -0.1040891464   0.1256103137   0.3278680956   0.8974641995  -0.9788838743  -1.0034153262  -1.2908724826   0.8881570090  -1.1868605246   0.2994613251  -0.8295222891   0.2646466112  -1.0812277871  -0.2624407322  -0.6261384171   0.0762954596  -0.6432497239  -0.4648402018   2.6083387014   0.3034994140
 0.8534991841  -2.9279221739   1.5466395893  -1.3482149633   0.7367483174  -0.7169136646  -1.3611991124   0.6590219236   1.7538364728  -0.2392306403  -1.2951520642   0.7225614878   0.7050487268  -0.5976436738  -0.7399583072  -0.8350853591   0.8748701809  -0.2673089647   0.0127260295  -0.1271780079   1.2170507069  -0.6754133645   0.5476826967   1.5382386486  -0.9933552010   1.0899596003  -0.8070083658  -0.0935475386  -2.3555940373  -0.3609668361  -0.1214972043   0.2555758114   1.2060056072   0.1598012424   0.8121841315  -0.7980814300  -1.8317428806   0.4327573116   1.0140709392  -0.4154103189
 0.6836592252   1.2898367580  -0.8118047797   1.3486177423   1.3663693282   1.1746243871  -2.0691546268  -0.7218257622  -0.9284459685   1.0957800492   0.0965083087   0.3326361180  -0.6924719737  -0.8557854183  -0.9798290065  -0.4083292539   0.2548220990  -0.1990128764  -0.8566010610  -0.7631173504  -0.8655647394  -0.3027435577  -0.1243273887  -0.7943037779   0.4592227706   0.4319031086  -1.7140412777  -0.0855424785  -0.4692134281  -0.2643994618   0.5757288229   0.1728890588  -1.4120214212   0.5095316800   0.3526421990  -0.2821366647  -0.0118516088  -0.6125660159  -0.7917572714   0.3566781727
-0.8852286058   1.5461584243   0.1798958228   0.4885208576  -0.1781825241  -0.9188111593  -2.6359522123   1.3652627448  -0.0481438338  -0.3258940081  -1.0759851807   0.1242845796   0.3147429743  -0.9429302167  -1.4036436477   0.1938758344   1.8104219810   0.4925440124  -0.4140109944   1.6990992077  -1.8541425248  -1.2800633673  -0.1633030993   0.4149244644  -1.0158765664   0.1933591464  -0.4489347647   0.9060358988  -1.0533489597  -2.0583942957  -1.2472152299  -0.5747650849   1.5947610670   1.6120879712  -0.2710812633   0.7728272816  -0.8042526786  -2.9230964878   0.4828550102   0.6693741308
-0.3642487654  -0.7888993436  -0.5236215586   1.2740363863   0.0620807867  -0.5966950625  -1.3002076527   0.3958148104  -0.6321009392   1.3677663474   1.5064731578   0.4025087878   0.5410465287   0.5333371608  -0.8908695983  -1.5836053873   1.3732734239   0.4658395950  -0.1263767553  -0.6605500919  -0.2534168604  -0.8172218403  -1.4473874793   0.6962049659  -1.2949020377   0.2409373898   0.7895236718  -0.6344590357  -0.3991226122  -0.3877422794  -1.1391579116  -0.1726624731   0.8455218761   0.5063643147  -1.7793438259   0.1451941414   0.3292280922  -0.0084162540  -1.0292132950  -0.1880791959
 0.2493561037  -0.5194018663   0.4785439534  -1.4216863180  -0.6713250739  -0.6055450888   0.7681809957   0.6908132766  -0.2084376677  -0.2575020084  -0.8963293074   0.4511222005   0.7568207329   0.6757399923   0.6351447818   0.1169201419   1.1068680601   0.0966041621   1.8998746960  -0.2235826084  -0.2185702620  -0.8581225409   0.1234125140  -0.5131678263   1.8400292778   1.1120840669  -0.2044720288   0.2114726669   1.3302471649   0.6697802751  -0.7443790617   0.6648276683   0.0877066522   0.8610215905  -0.8325187150   0.7961205701   0.9799804702   1.1453436792  -0.8927746859  -0.1986331062
 0.4485350380  -0.9780888568   0.1763859338   0.3673668013  -0.5648583506   0.1934893493  -1.5053758450   1.3466870148  -1.7973258912  -1.8257696212   1.1630951522   1.6608679037  -1.4453765797  -1.7406468916  -0.5157049964  -0.1617914382   0.3705156506   0.6344446046   0.3426978459  -0.9544689502  -0.2494687876  -0.9505971980  -0.1014916105   1.9444570547   0.0579835055   0.1484516913   0.0330368457  -1.2205417345   0.5428318615  -0.1907452819  -0.3041590998   2.1749729064  -0.8202446247   0.3926869925  -0.4242559142  -0.0969966278  -0.6495767413   0.2829671356  -1.5265577933   1.0450435784
-1.0138970002   0.7078475041   2.0461870655   0.8360600676   0.5693154822   0.5768996527   1.2973805088   0.0156181278   1.1029947252   0.9367829416   0.7442475771   0.9056390349   0.7668156280   1.9016850612  -0.5100868097  -0.5716933538   1.0415818255   1.1394292868  -1.5369969217   1.0698826295   0.5908660795   2.0324637513   1.7562160456  -1.0697772592  -0.0385758489  -0.6795224615  -0.4799509046  -1.2781732030   1.1272987500   0.9979060953  -0.0362881438   0.7531486233   1.7215689684  -0.4440919960   0.5761109608  -0.9159872665  -1.3283463492   0.9013245867  -1.4436456812  -2.1002617483
-1.0990389256   0.3303170895  -0.9086386246  -0.5873672803  -0.3278981001   0.8942229217  -0.2011297151  -0.0238531884   0.9785219157  -0.5399550069   0.6319058027  -1.3446619826   1.2887350602  -0.1442040218   0.1124018641  -1.0926253834   0.0685659600   0.6433042461   0.2095191810   0.1665956311   0.8420442384   0.0537103616   1.4933458581  -0.6620146947   1.2655212432  -1.8306147788   0.1304673615   2.2105845431   1.0959390963   0.8269670484   1.8372394271   1.0183791388   0.0107310898  -1.3602990532   0.7290927973   1.0778065800   0.7456891304  -0.4733189985   0.8982262847   0.5424004735
 0.7789354365  -0.0339344929  -0.0880431300   0.5896372807   1.0149633235  -0.9448554282   1.9925918055  -0.0985506438   1.7639151839   2.4658197244   0.4691179714   0.0581578862   0.0718437045   0.5556203201   1.1554761087  -0.4825497443   0.8763091464   0.3184292341   0.5639724376  -1.5579238197  -1.8942118581   1.2838336577   0.1938129161   1.3757764076   0.5901777337  -0.3340311265  -0.4194993781  -0.1903173478   0.0567108841  -0.0463229348  -0.3727456383   0.2401485687   1.2542341057  -0.0434447250   1.6284649711  -0.8098748437  -0.3216867008  -0.2342479343  -1.5242598112   0.2950919966
 0.4342645851   0.0889389498  -1.1498854733   1.7867836590   1.4199893990  -0.8301363341  -1.0593921814  -0.1842256310   0.6441859748  -1.0794268486  -2.0355201656  -1.4931572399  -0.0297214314  -1.7013084446   0.6341782107   2.1943952465  -0.7247417385  -0.7801206904   1.0185070411   1.6295529274  -1.3029067865   0.8249930064   0.5636064401   0.9760484611  -0.7745938876   0.1977219436   1.7524682932   0.0012404646   0.5031007678   2.0858961761  -0.7553268893  -0.4013405199  -0.0500887478  -0.4702683420  -0.2933043550   0.5550017851  -0.3748199353  -1.5422039572   0.4192909356   0.0047751152
 0.7031168645  -1.0561136757  -0.5200440751  -1.5137875292   0.1959943550   0.1079013821  -0.5600720854   0.7927111139  -0.6148187837  -0.5740324848  -0.1188321541   0.1153509251  -0.4548752044  -0.9582979383  -0.1239308426  -0.4427514876  -1.9558583958   1.7873242991  -0.0140543192   0.4510288761  -1.0611774339  -0.2427606108   0.6264999872  -0.6165248356  -1.0149703276  -0.5799002673  -1.0768834417  -1.4968653800  -0.5351595752   1.9171824714  -0.5542671903  -0.3362767712   0.3764605931   1.8567218067  -0.6089273961  -1.4740877188   0.8174564936  -0.2487556562   0.8023527290   1.5626600894
-1.5573874568  -1.5486480847   0.9526850433   0.5285292344   0.0227554151   1.5651602463   1.0727641822   0.4843470411  -0.7518316340  -1.1911277841  -0.7328541098   0.3183859969  -0.7492114470   0.9339780645  -0.6814878818   2.2889272618  -0.2586221977  -1.3155762397  -1.5495478834   0.7637455364  -0.0175063885  -0.3984709062  -1.7208521445  -1.6051538230  -2.0443546972  -0.9144758286   0.4333351921   0.5038015222  -0.8517920815   0.4717119494   0.7910930006  -0.7322808983   1.4201782958  -1.6487759448   0.4561186993   0.9994331785  -1.6781342075  -0.0157588255  -0.5268009257  -1.8897820162
-1.7775734242   0.0146715839  -1.6825658517   0.2521421811   0.5609322112   0.7618999001   0.2940305715  -0.1808300773   0.1454175527   1.4738088845  -0.1998511937   0.0042734755   0.1629088486   0.9331666739  -0.2421544633  -0.5988498620   0.8259288888   0.4472403359  -1.0255794656   0.9683508062  -1.1233036544  -2.1167708195  -0.4931737905  -0.1619546853  -1.7811758943   0.1879477004   0.6054608882   0.3386345610   0.9929718161  -1.1317607493   0.6373069521   0.2728742735   0.2408138783  -2.0692830474  -1.2209734850   0.2999553502   0.8952775966   0.6217221237   1.3732700654  -1.3253821318
 0.2559716990  -0.6776212440   0.7977034977  -2.0617939243   0.9602178491  -0.4528575276   0.3959915489  -0.9362468768  -0.8432777119  -0.3761897750  -0.5887747683   1.5467454739   1.4674371966  -1.4123636134  -2.5913150732  -0.2007870508   0.7552527596  -1.0262828520   0.4078890962  -0.2423978303   0.0104004454  -0.8518998099  -1.3260003036  -0.2147917368   0.7631533640   0.4584707695  -0.9472440349   1.4989015716  -0.2334076065  -1.6280657434   0.5842996807  -1.2669412133  -0.3906557489   0.5087337225  -1.7249103512   1.7481642898   0.7741526246  -0.6737524379   1.2822408535   0.5186638811
-0.7543858743  -0.2781291881  -0.9297179118  -1.3918544040   0.8311875785  -2.1292400407   0.4275898140  -1.1570238188  -0.2435104959   0.0104001812   0.1825841147  -0.0501759665  -1.0287158409  -0.1845907682  -0.5322466441  -0.3951734332  -0.5880846602   0.1659255766  -1.1139728915   0.0757003507  -0.4500416159  -0.2055612944   0.8155524660   1.7722738031   0.7474352644  -0.7258930399  -1.5586089641  -1.6399455410  -2.1183695907  -0.6650350238  -0.3961592423  -0.4164348399  -0.0650919861  -0.7231811705  -0.5535367869  -0.9275734131  -1.3719876373   0.8773913682   0.7715196840   0.5472710158
 0.5975411001  -1.1588626033  -1.6847412229  -0.3910294288   0.2511623292   1.4745130025   0.1253297926   1.1802529152   0.4580381838   0.6324518888   0.7795273155   0.7372461860   0.3926713743  -2.5587225620  -0.5562634594   0.8141873519  -0.3966766318  -0.3586215330  -0.8821376255   1.1365714185  -1.7649749331  -0.3407988434   0.1257402861  -0.5750255366  -1.3236363531  -1.7658372381  -0.5754745935   0.2265741634  -0.2535313369  -1.1767579449   0.1857790133   1.2521039570  -1.1357526295  -0.4825949150  -0.1628407361  -0.7878652752   1.2227089625  -0.1018950666  -1.3814846756   1.6766796061
-0.7707992871   0.8301064446  -0.8457146767  -0.1630855841   0.8373124864  -0.0795679566   0.3809255925   1.6648537290  -0.3508008612   0.1481678151  -1.0224491946   1.3594097755   0.8680800238  -0.2053250549   0.0765769105  -2.5388556991   0.6716759975  -1.3648603586   0.4395167632   1.5275887410  -1.1188395582  -0.4516884593   0.4762820341   1.9525068733  -0.2871541895  -0.1678212424  -0.0746992156  -0.1257837633  -1.2665012591   1.3320035536  -1.4650767841  -0.7602682632   0.3216760537  -0.2362937926   0.5516051876   0.4760062292  -0.3672203975  -1.7059955994   0.4111640824  -0.4549575262
 0.5277183479  -1.6157785468  -0.5737401632  -1.1046149067  -0.3531128481  -0.1679944514   0.4294769128   0.3233195383  -2.9165776437   0.9398974404  -0.1977207437   0.2345803637  -0.3356362278  -0.4744841569   0.2662644862  -0.2327074948   1.0403963074  -1.9995605358  -0.3722681961  -0.4541926044   0.9626289041   0.1395277590  -0.6399422266   1.5396287680  -0.0920694532   0.3659266686  -0.4368432239   0.0021997818  -2.5634305550   0.6240704822   0.7289597688  -0.3263752861  -0.7211539377   1.6955234756  -0.4607763475  -0.1382634831   1.4397342387   0.4077022808  -0.3160250394   0.8923177726
-0.2775459043  -2.3724346564  -0.3186932976  -0.2812184719   0.2196530954  -1.0106237405  -0.8842504327   0.8884525974   0.0769782797  -1.2268069643   0.4435389446   0.9655119973   0.8081042403  -1.0148226850  -0.5659708793  -0.3880767072  -0.9303406568   0.6162112941   0.3417464321  -1.1296512559   0.9186528300  -0.2932548043  -0.9986766973  -1.5644592118  -0.7977915912  -0.2142318328   1.1309198482  -0.3242799841  -0.6125832838   0.2011161743  -1.4252618059  -1.2514928225   0.0122524886  -0.2627297120  -2.1051909094  -0.8808110973   2.0581924582   0.3266775754   0.8423214813   1.0857787823
 0.7108763737   0.7911109124  -0.4848418421   0.2481694499   0.5505267354  -0.6328943371   0.1247534640   0.1949014394   0.7351850391   2.0875003540   1.5411738977   0.3554211587   0.3071740979   1.7405662009  -0.6238527220  -0.2294090942  -0.2985022600   0.4000752032   0.5979920649   0.5822471031  -0.9484565085  -0.3208357072  -1.0353900808   1.2706198149  -1.1669294950   0.0646433058  -0.9034802608   0.5600002271  -0.1860157278   1.5099388434   1.9523469831   0.8840702981  -0.7944357582   0.2427600093  -0.2859042110  -0.2531498714  -0.0002502229   0.5290875761  -0.0847971287   0.0814492421
-0.4491135535  -1.5017977526  -0.4925697186  -0.5552589589  -1.2884112495  -0.4488950048   0.5460786305   1.0985084955  -1.1533902887  -0.4774422753   0.3804917331  -0.3600345667   0.3531281655  -0.5450634709   1.4202381472  -0.2301216671  -0.3155648135   2.0859208588  -0.3842158923  -0.9429246847  -0.9646973198   0.0529471745   0.7266658376  -0.1618513946   0.4475510681   0.9455866865   0.1751982291  -0.1561290405   1.3931429732   0.2912006187   0.9545587239  -0.0162211616  -0.0001863908   0.1734269457   1.2687939208  -0.0341276445  -0.1941064959   0.7091230485   0.3072000754   1.7033323590
 0.2745909903  -0.3216587830   1.9388816246  -0.0358413983   0.5620472210   1.3940238360   0.6816475293   0.6556040619  -0.3514522455   0.9587397056  -1.1515324843  -0.5046953552   0.1701514119   0.2389584787  -0.2227602626   0.9181555774   0.5811717880  -0.4450635783   0.1686523224   0.1637729472   0.7276787681   0.0386583290  -0.9503043587  -1.1994439550  -1.8607488222  -1.3181364468  -3.1700776232   0.8010763215  -0.3086844889   0.0859526527  -1.8419721424  -1.9833388828   0.3519581472   0.5187189342  -1.2965825258   0.2931779534   0.0581633450   0.0620871987  -0.2762999959  -0.7821466780
 0.2574068612   0.9100085397  -0.5806842347  -1.3318983067  -0.4465370125   1.1120064794  -0.4808367390   0.7763210920   3.2295541494   1.0418084062  -0.5233865138  -0.9261361494   0.4342393767   0.1663951802   1.7013086721  -1.1723729912  -0.7441571734  -1.2127548495   1.5103548794   1.7215604448   1.5366563029   0.4626866470   0.9464552520   0.1771284128   1.9783430922   0.3377888107   0.2114117636   0.6174223994   1.0700715433   0.5199601731   0.4186247266  -1.7270668498  -0.9409401002  -0.1048274766  -0.2893014903   1.5865575021   0.1595484278  -0.5709058022  -0.6035845587  -1.7671370550
 1.7800024255   0.5359277645   2.7184450192  -0.2421410471   1.4753139552   1.3734570120   0.2639645940  -0.3488505850  -2.4224008599   1.7018360844  -0.7517891634  -0.3277978407   1.6457987794  -1.7500089882   0.7058123105  -0.0498652691   1.9945101457   1.9396753537  -1.7998998678  -0.3172912168   0.3213652072  -1.1595991562   0.2423856457   0.8434649591  -0.8790573173  -1.1694845491   0.1390289956   0.7337025417  -0.2492927968  -0.3141565575  -1.3056034081  -1.1549754910  -0.5955564254  -1.4228640576  -1.0113188481   0.1262183426  -1.3635061484   0.4919454374  -1.9134130258   1.0024917722
-0.3600241196   0.5455749641  -0.9020179393   0.9510645329   0.2915648037  -0.1537246256  -1.2186947162  -1.5771724993   0.1886072919  -1.2425180302  -0.8885439403  -0.7951493924  -0.7009578283  -0.6778597584   0.6068652236   1.1507098002  -1.0885397376   0.1212117518  -0.0160599759  -0.1442904986   0.6564943395   0.2910762097  -1.0910172998  -0.2897793402  -1.0248420790   0.1548619332   0.3745968839  -1.2806055968  -0.8596868454   0.3106381519  -0.7787900668  -2.0069925948  -0.7297870249  -0.3218575350   0.5213119835   0.5581859489   0.2013480491  -0.4987523056   0.2387962509   0.6007643186
-0.5824791869   0.6899538642  -0.0947537860  -1.7099692331   2.3804764474  -0.4791373980  -0.5140350197   1.5904326779  -0.1879669952   1.7509095259   0.3590386008   0.1591540649  -1.2761773188  -0.1248242989  -1.1680336751  -0.0639439534  -1.4256280253   0.9711578564   0.3097322358   1.2181107327  -2.5136830519   0.8050372815  -0.5235379631   1.7019297880  -0.3503056015  -0.0080756724   2.8093175049   0.5003393766   0.1565169622  -0.4711492173   0.0812046371  -1.7260528813  -0.1084263815   0.1950511326   0.3004409907  -1.1796583169   1.5174793171  -0.8293780301   1.0654255580  -1.2939070028
 1.1996536901  -1.1131752021   0.6587568533  -1.2851441295   0.5292171324   1.5632454908   2.6161191509   0.0510231682  -0.6536596705   0.6729795147   0.8293080358  -0.7787953068   0.2014865374   1.3549631882  -0.3052984177   0.0671151082  -0.2253474323   1.5615439084   0.7020834450  -0.0314265632  -1.5307939565  -1.8084720289   1.6397482406  -0.6268141176   0.4304651007  -1.3556306465  -0.2674219640   0.7667703887  -1.2016017261  -0.6489551115  -0.4836700995   2.2466908375  -0.2198093553   1.2214773732   0.0451845028   1.1969578819   0.5734504069   2.3989240000  -2.0662192253   1.8012438181
 0.3950316614   0.6920753475  -0.4634474498   0.4531091930   0.8272760313   2.7251103212   0.4193321934  -0.5665163074   1.9805123265  -0.0314154578   0.5670144459  -1.0764606579  -1.5671466759   0.2413866336  -0.6655138946   1.9409725603   0.8396617820   1.0132555905   0.1067708792  -1.1029408124   1.6516514317   0.3301444963  -0.1851098875   1.0174410842   0.2671525235   0.3048676789   2.2552525526   0.1856364748   0.9166614818   1.1967780831  -0.2722065649   1.9041924993   1.0180748815   0.7066800992  -0.4874219056   0.3139304294  -0.3001562793  -0.0416653293   1.2694588837  -0.7380951688
-3.0408357034  -0.5021680541  -0.3211934162   0.1896198365   0.6773747852   2.2481504353  -0.8305480105  -0.4163686172  -0.3793686699  -1.2572368970   0.0540862268  -1.0240385514  -0.0278245545  -1.2310392068   1.7715529258  -0.2187682372  -0.9059186683  -0.2665901235  -0.6650635572  -1.6793913121   0.2506015170  -0.2144083522  -0.2031213808   0.2184960699  -2.9358895617  -0.3855580110   1.9165068473   1.5774745533  -1.3209242052  -0.8890005514  -0.8488069752  -0.7343965099   0.7245373884  -0.5638954188   0.4183125050  -2.3824311525  -0.3039064849  -0.9949905335   0.0707022727   1.5800912665
-1.2595848392   1.4147570537   0.8290840467  -0.9887775157  -0.9248701098  -0.4670522711  -0.2384304805  -0.1486885191   0.1616051249  -1.1006422277  -2.7640672163  -0.4609083530   1.1780450242  -1.0490618864   1.5497428214  -1.6377811001  -1.3646313863  -0.1911461430   0.0060246286   1.5407077314  -0.7559298809  -0.4426712692   0.4740988784   0.8505132162  -1.2870238360  -0.1662563897  -1.8127861763  -0.9215682128  -0.0115509088   0.3416016696  -0.4217527167  -2.3599410564   0.6022900808  -1.4927126534  -1.3785056126   0.9157624138   1.5399646004   1.1565892091  -0.3653767647   0.0819708343
-1.6725778041  -0.1258353526  -1.1301328480   0.1180622445  -0.9520408128   0.8672690103  -0.7684957216  -0.1417349392  -1.0821082787  -1.1821829302  -1.3596642602   0.9606128099  -1.9947875219   0.2264161192   1.8418475708  -0.5109538856   0.9714485666  -0.5347910775  -0.8180029875  -1.5765280622   1.2259723684  -1.1080282587   0.5667670833  -0.3790592846  -0.1137281842  -1.5778080750   0.7010104450   1.0235746403  -1.0713141836  -1.9637045786  -2.1641165163  -0.2905085449   0.1675927188   0.0365692841  -1.0953239600   1.5832697245   1.3329378572   0.3970516422  -2.2978161296  -0.1011328127
 0.9861011678   1.5151068796   0.8607867780   0.4891665402  -2.3905711958  -1.3801295784   0.2412513323   0.2871525706   1.0396807419  -0.2052823180  -0.0729513568   2.5603480444  -2.6978591335  -1.2056074991   0.2486090102  -2.1876184725  -0.0991778704   0.0144477148   2.2631242053   0.2300732656  -0.3236581240  -1.0853111837  -1.5854563277  -0.3139227850   0.9261264488  -1.9614704022  -1.6903994098  -0.5794011945   0.6934980701  -2.0851709242  -0.1239690488   0.5726408667  -0.2955983069   1.9828474255   0.8658963995  -1.0567816427  -0.8055670864  -0.2010115067   1.1256979309  -1.8063566160
-0.3192655966  -2.2856791902   0.7300840180  -0.2076128533  -1.5461908844   1.9213972440  -1.3739130862   2.9694169346  -2.1476933573  -1.3002747158   0.6693257031  -0.8286257376  -0.4901886839  -1.2576636921   0.6253659673   0.5916766570   0.7867640021   1.8602165454  -0.2933012007  -0.0421645928  -0.7066533687   0.8142980899  -0.4847595967   0.2319558262  -1.0551024326  -0.4242603826  -0.2716757566   2.1338780106   0.2545064661   0.0516101326  -2.3573268980  -0.2903731314   0.2543576209  -1.1706337963  -1.7338071899  -0.8329850960  -1.0956091245  -1.7371265822  -0.7633458985   1.2716193050
 0.6917676650  -0.7510654620   0.4283153272   1.1124156461   0.6355550620   1.2708132334   0.2842231407   0.2408718806  -0.1834842698  -3.3436425739   0.4514880173   0.5391482908   0.4396435341   1.8743267162  -1.3739633857   0.5751563081   1.0241929726  -1.1470342115   0.5747582078  -0.6353813383   0.1176715685  -0.0399280420  -0.5187709355   0.1071182284  -1.1499356384  -0.3483755234  -0.2533399407  -1.9052358593  -0.9656046453  -1.0141081273   0.1340875028   0.1806499475  -0.0477784797  -1.7399422626  -0.5818459122   0.7238687558   0.2769596138  -1.1628737275   0.4163833476   0.1106139615
-0.8581361364  -1.1252180896  -1.4447774073   1.8418978826  -1.0344185740   0.3177587330  -0.8200638601  -0.0641353127  -1.0716590248   0.3696631178  -1.9738130721   0.0080820696   1.2910188072   0.5300549388   0.4309919114  -1.3905360456  -0.3744088066  -1.0182133420  -1.5669908171   0.3494654373  -0.0585491003   0.1507176788  -0.4491015598   0.5700186634   1.4056134309   1.7795046913   0.2671366205   0.0455600444  -1.0872768124   1.0921981503  -2.6205025868  -0.6036495785   0.5550381961   0.8608093985  -0.0009550912  -1.1958352398   0.1895305488  -0.2283500722  -0.9905150424   0.7929304776
-0.1054655887   1.1613517364   0.9926839183   0.7468488268  -0.6295199309   0.2039019166  -0.6502479176   0.6442193336  -1.5530512999  -1.2385073278  -0.5692286059   1.5265020785  -1.1583779219   2.4318470719  -0.0850526509   0.5743068115  -1.4341896356   0.1757117792   1.4121624636   0.6276841420  -1.5008166918   0.2628407617  -0.0468119903  -0.8253570687  -0.0727258391  -1.5416465869  -2.3755959485  -0.3976293496  -0.1190034113   2.6405638473  -1.3021378872  -0.8517721181   1.2045260175  -1.0566522479   0.0268099462  -0.8938941375   0.9604620647   1.4710000798  -0.4494681042  -0.3148433030
s3
 1.8549885639
 0.7713556162
-0.1104689774
-0.6975119296
-1.9626068875
-0.2275935015
 0.5501578115
-0.3555702865
 1.1530752094
 0.3749737772
-0.1134665173
 0.2661013321
 1.4011582978
 1.1693386059
 0.2505891801
 0.3962607734
-1.0934854710
 0.0914790195
 0.3207057660
-1.5143803061
-2.0992345127
-0.5762319908
 0.1649500901
-1.1536664211
 3.1533321499
-0.7831740355
-0.9836956011
 0.2303481908
-1.2953603238
 0.8038919860
-0.6209207645
 0.5421209696
-1.3850024311
 0.0112543176
 0.1869202472
 0.7087093649
 0.1442421011
 0.6157981312
-0.2169253227
-0.3588100160
w4
1.3219563461  -0.9234030858  0.3618673422  -0.0818403420  0.3131542254  0.0587489865  -0.9981425731  -1.3943503803  1.5470048968  0.1263973166  1.5888483910  -1.3955700482  2.8016090592  -1.4786359282  0.2159642599  -0.1937470287  0.2336788322  -0.0186116462  -1.4896034909  -0.3629616193  -2.0741500474  -0.8396520318  0.2125234025  2.2377547038  -0.4428272773  2.7071213385  2.2602562782  -0.1379442549  -1.2666806253  -1.1894070261  2.4758646896  1.2191723309  -4.2938451302  1.9997018468  -3.7494107288  3.0341950650  -1.4267495384  0.3167975912  -0.4938547161  1.1745583127
s4
3.2068429389

