layers: 5
str: {2,40,40,40,1}
w1
-0.0606921014   0.1743522348
-1.3593167054   0.7081348831
-2.1191681229   1.5315392810
 2.3967887733  -1.5755996534
-0.7852236275  -2.2325880955
-2.4379952615  -0.4978823887
 0.3141738946  -0.1121737024
 1.2003676469  -1.1918558803
-1.5043348644   1.0783391782
 2.0375765412  -1.2751258465
 0.0835403311  -1.4731302801
-0.2702042272   1.5567736432
 2.8124626265  -2.0063349352
 0.2405742615   1.5272297321
-1.6349559063   1.3305818947
-1.0912006001  -0.9701234906
 0.6389117670  -0.7170631579
-2.2651145626   0.2603594921
 0.0589403996   0.2220233875
 1.3484551784  -1.3134439156
 1.7990411281  -1.2154726549
-0.7627858473  -0.7461179964
-2.5141317901   1.5446860076
-1.5074780497  -0.9209660333
-0.1424723809  -1.0566214533
 0.7111836788  -1.0668515966
-2.3076603207   1.4170578969
-1.0961005579   0.0473372965
 1.7046946525  -0.4282320351
-1.7500035642   1.3705005251
-0.2968904969   1.2632168425
 3.0207909508  -2.0528073940
 0.4235080951  -0.3680635155
 1.9896242320  -1.3105357217
 0.8195657041   1.4063204667
-0.3930284737   1.0672885338
-0.6931400872  -1.1798874662
-0.0910755359  -0.2683746471
-0.5579301270  -1.1216377350
 1.6470706337  -0.2937779446
s1
 1.5386038537
-0.3585038044
-0.4354463951
-0.0063712340
 1.4738931453
 0.0597030328
-0.7775297610
 0.1611907606
-0.3231767159
-0.8508280870
 0.7357142046
-1.1518990193
 0.0220006938
-0.8444312533
-0.5985644844
 0.0181400728
-0.8259857356
 1.0072553083
 0.1024464266
 0.2167916251
-0.5324930579
 0.2263230482
-0.1906120206
 1.1472232885
 0.5175950507
 1.0834988136
-0.0896688262
-0.7258666678
-1.7389891556
-0.1440745765
 0.1649647191
 0.2328548022
-0.0732154015
-0.0435509549
-2.1642594170
-0.0491212340
 1.8496005007
 1.0558240569
 2.0389985889
-1.6031891583
w2
-1.0631059423   0.3978150152  -0.5173792224   1.3849749454   0.1523664634  -0.7584289781  -0.0264388068   1.2395948505  -2.1465258185   1.2531983177   0.5723862534   0.4264745686   0.3962658658  -0.7411534142   0.5158239004   0.9064511719   0.5165539699   0.0312270688  -0.7514148760   1.1689706036  -0.1353169266   0.2448103298  -2.9965399130   1.1322307863  -1.2878715168   1.2954250181  -1.3106912085  -1.4729204806  -0.3761860091   0.2215671700  -1.0349868650   0.7271846525  -1.0237710145  -0.0429024004   0.3242186896  -0.4059700770  -1.6134655783   0.3542311317   0.0201717867  -0.2398493796
-0.1926121986  -0.1111968654   0.2470495718   0.3027352192  -2.1930411393  -0.2628479996   0.5177336066  -1.0419813845  -0.2261845862   1.0452970261   1.5276098310  -0.9312407312   0.6821918196  -0.4767579552  -0.9883711686  -0.2138006662   0.8679728642   0.5372515712   0.8730983868  -0.6475408692   0.6649699365  -1.0749858987  -0.2675326690   0.3538954989   0.6644625694  -0.4455164255  -0.8744537001   0.3148062465   1.4510424691  -0.0375653152  -0.3713035145   1.1770101506   1.0905271021   0.8016837034  -1.1215590205  -1.3661086962   1.7561485846  -0.1637569573  -1.3528031553   0.2094003515
 1.2777554730  -1.0872943508  -1.7047917459  -0.3243175216   0.2341667276  -1.5609232395   0.0269857325  -1.0617142885  -0.3021994473   0.0367424016   0.5614519458  -0.0908335127  -0.4982433612   0.9323121959   0.7767161024  -0.3652697627  -0.4051909011   1.0027644459  -0.2597354812  -1.9239725984   3.3780645219  -0.7468731418  -1.2958720164  -1.0521793213  -0.0415350797   1.6844478712  -0.7987667865   1.0053821614   0.1140704942   0.3233336047  -0.1134746965  -0.1036564358  -1.3722083905   1.1322995077   0.9780984848   0.1003939836  -0.3053054874  -0.2580900969  -1.4218942070  -0.9730531956
-1.2798965041   0.2175717646  -0.8881136610  -0.1256885926   0.8999517616   1.2652327114  -0.7820020782   0.5475677703  -1.1027984052  -0.1238901762  -0.0434427902  -0.8835364639   0.8851944187   0.0357568664   0.1524724064   0.1865236335  -1.2734739950  -0.4782712630  -0.4655266070   1.1621021343   0.7980061684  -1.1155320002  -0.6755943677   0.1582371952  -1.6767824784  -0.6720819159  -0.9423354061   0.7022222445   0.2590130456  -1.2147142079   1.1646986455  -0.8656780243  -0.0631304377  -1.0714739104  -1.4044951947  -0.0739264030   1.3852838438   0.0750471888  -1.5588507059   0.7275368406
-0.9471412878   0.1688709135  -0.1197029234  -0.1638862341  -1.4583637642   1.4171271424   0.3445692084  -1.4106536222   0.0670687867  -0.9525871743   0.6542866623   1.6197615349  -0.8429109391  -0.5559175057   0.5212581746  -0.0847852472   0.6115523841  -0.8471175583   0.6706652634  -0.1202491424  -0.9513291248   0.4052284800  -1.4126074038   0.0861719117  -0.5929707236   0.2410517152   0.5400794332   0.7494300302   1.2493818535  -0.5930895538  -0.1049132876   0.1468287620   0.0148990667  -0.3757071667   2.4512896653  -1.6822276183  -1.0440388699  -0.6130201171  -0.2774364922  -0.7227868511
-1.0369560458   1.1174141738  -0.8698667875   0.4015029049  -0.1847305021   0.6613423150  -0.3858793603  -0.1433542733  -2.5500253889   0.8273376182   0.2300892575  -1.4330186231  -1.2909362136   0.5091327734  -0.4845907966  -0.7866271268   0.0868078150   0.3042234961  -0.6896818476  -1.4097900464  -0.9407028541  -0.4811950972   0.5459574838   0.2511874107  -0.0491164558  -2.0133924768   0.1752961696   0.8549300362   0.2639156234  -0.9627173267   0.1996651281   0.8985563581  -0.5443181910   0.8117660672  -0.0942338974  -1.3791750058  -0.3871933668   2.0225812347  -0.9744562665  -0.5897726021
 1.8459065964  -0.7815326561  -0.8510946279  -0.0227383535  -0.2308765572   0.1250067407   1.3523034001  -0.1366676774  -0.9247775047   0.5996149345  -0.6255498454   0.8181763586  -0.9776778452  -0.0915716523   0.2998456832  -0.0983186838  -1.2383780088  -1.5274439663  -0.5365809378  -0.6665258145   1.2662601180  -0.8492719635  -1.4140404872  -0.0950529432   0.1614042957   0.4519220049  -0.6969392115   1.4494423688  -1.6122100471   0.0003739474   1.3383181470  -0.6249576424  -0.8645459325   1.1049489738  -0.6519119187  -2.0736402109  -1.8539856434   0.0833205340  -0.3453754372   0.5160730007
-1.2554424275   1.5153423209  -0.3743069573  -1.1003346764  -0.7140346089   0.7518336558   0.7910697469  -0.5049494790   0.6060313469  -0.2565952221  -0.0044133261  -0.5755665432   0.4072594386  -0.5986527803   0.7743286151  -0.0460619881   1.8671826674  -0.4093576667  -0.3183206090  -0.8547270756  -0.3720178830  -0.1648343004   1.1601220713  -0.9217402842  -0.8728992719  -0.5597512727   1.0150481054   0.5808196480  -0.3886113609   1.9059016351  -0.4270087345  -1.6853611719  -0.9304396194  -0.5867930294   0.7212730882   0.7546319175  -0.6709101049   0.7339178707   1.2750789483  -0.0677250674
-1.2971402395  -1.3332940744   1.4367224497  -0.0768929981   0.2553639223   0.4269246276  -0.8149649450  -0.1011649726  -0.1769992408   1.5201705510  -0.3180545427   1.0233681393   0.5400482885  -0.0234751246   0.5548683256   0.6949374746  -0.0299728327  -0.0888542285  -0.1069604347   0.2674916385  -0.6982747306  -1.8803532485   1.4558311612  -1.3360131834   1.4221123419   2.7644656496   1.9863522652  -1.1249190965  -0.3355528252  -2.0717476934  -0.7102696981  -0.3529961236   1.0009570942   0.5759801932   0.7496586898  -1.0022492704   1.7503251927  -0.5578224517   1.0982889503   0.8807288547
-0.2604098313   2.0015603637   1.4442760048   0.2530813462  -0.1272491775  -1.5593047076   0.1119903221  -2.4906987253  -0.9953087713   1.4652080261   1.4583668600   1.3279423606   1.6456645465  -0.6595140456   0.3789478595  -1.4865882414   0.1961263216  -0.8702254149  -0.8067023103   0.4854159743   1.7148269863  -1.4670057163  -1.5592901029   0.3345619568  -0.4247945671  -1.7344274681  -0.0482385122  -1.1066267590   1.0549679204  -0.0178962740   0.9646994389  -0.4785069091  -0.9665447949   0.8273880922  -1.2281343265  -0.1135595463   0.3662440578  -0.6799361247   0.5904109932  -0.4828230837
-1.6237340501  -0.4847183303  -1.1292114551   1.2465875802  -0.1308422263   1.2568912284  -0.2735013829  -0.8545760094  -1.2632790907   2.1275065198   1.4024424057   0.7003573348  -0.0858174256   0.4474465313   0.4667299040  -0.3180519988  -0.6430852239   0.4066799462   0.4141937959   0.7957081321  -1.2718300800  -0.1162743544   0.5845465114  -0.2016499454  -1.0410777450  -0.0326594600   0.7714367796  -2.5275626951  -1.4976988204  -0.8775093646   0.1143538312  -0.6413232776  -0.3106758980  -0.4429830962   0.7419794498  -0.2914086286   0.2526545292   1.3951373847  -1.7101787477  -0.7601571333
-0.3698468927  -1.2304709517   1.2413352186   0.2174756383  -0.8682769835  -0.9077304055  -1.6188816165   0.3000353323   0.1452271414   1.1388463813  -0.0934156449   0.4046390787  -0.6662937257  -0.8361684565   2.0348155720  -0.9679465930  -1.0055518003   0.7141534464   0.6548799215  -1.0183056302  -0.3636880220  -0.8235846952  -2.1147653376  -1.8747759567   0.3377830268  -0.5420788462  -0.9593109053   0.6129792397   0.1244503782  -0.7959172409   0.0034863268   0.5113668795  -1.2278721660   0.8424526847  -0.1837837269   0.7939022923   1.2165409417   0.6323265698  -0.3071863580   0.4078134615
 0.4093193388  -0.0396491261  -0.7303611860  -0.0342581708   1.0150188990   1.2660470233  -1.3710716159  -1.4266518455  -0.1310041073  -0.4569986637   0.7571393772   1.1532777243  -0.2526465115   1.8064816631  -1.0681787403   1.4642163802   0.5806138841   0.5232192278   1.2799878191  -0.7338245020   0.1079266029   0.7505430696  -0.3300614005   1.5593850954   2.0420790667   1.4457409205   0.1440050499  -0.6418913079   1.2377637803   0.4189699808  -1.2777372873  -0.9049719373  -1.1960942416   0.2743843726   0.3434528839  -0.9315831550  -0.4917741261  -0.9880223205   0.0547373496  -0.5073407746
 1.6697356840  -0.2549329383   0.0154135007   0.4745311085   0.3543193749  -0.8172550281  -0.7149995245  -0.5809808917  -0.1187877809   1.2641027325   1.0989725037   1.0330325831  -0.8528445008  -0.8909475188  -0.0185575771  -0.1590375850   0.9120804291  -0.2400601453  -0.3105594879   0.1774017189   1.8019678312  -0.6816082944  -1.3251565672   0.4522956648  -1.7650854235  -0.5439250454   1.3331497149   3.1609220520  -0.5259526895   0.3243137693   0.4267259691   0.8466056341   0.5001987189  -1.0362023225   0.3374349060  -0.5348301870   0.0733795081   1.1389278736  -0.2413899066   0.3864460224
 0.9052274618   1.7088995909   0.1388206826  -1.3621368484   0.5954475672   1.5265133992   0.1263583873   0.3313508406   1.5542679234  -1.3132943374   0.7860233248   0.3204029058  -2.8688912468  -1.4489543806  -0.3830267016   0.2041372416  -1.0293831012  -1.0997948318  -0.0494256623  -1.3644872819  -1.3874965349  -1.7666500591   0.1493873786  -0.5664841428   0.8566039671  -0.4406067125   1.7507857728  -1.1972897708  -2.0820593573   2.0880989324   2.5242722795  -0.6607375930  -0.7519159238  -1.3704253594  -0.7689095644   0.3676624800   0.7119948210  -0.9691399330   0.6082306047   0.3301028616
 0.0740865795  -0.1069409152   0.5133617817   0.3443972279  -1.6107514638   0.3746806180  -2.4330295981  -1.4284151685   2.0330309802  -0.3289521514  -0.2472002539   1.0144620129   0.4192318884   0.9823997730  -0.7026652553  -0.5069760498   0.7371813664  -1.0782319679   0.6894394752   0.5930477398  -0.0096882625   0.5472628701   1.6514149080   0.0447292341   1.3488646021  -1.2963457093   0.7504096197  -0.2054447554  -0.1585886954   1.5833914701  -1.6952103072   2.8291280654  -0.9101315778  -0.0243269325   0.6804952279   1.7756175755   0.4203903087   0.0810941907   0.7284449262   0.4667516079
-1.2004269025  -1.1029328818   0.3158957332  -1.3348456943  -1.8273269803   1.0355530585   0.1669426057   1.3038701035  -0.6154670768   0.3402419725  -0.7267167938   0.8579436605   0.4454555933  -1.1234901886  -1.0099046492   0.4290120767  -1.4304075620  -1.5235096959   1.4956392524   2.4164140633   0.1401154474   0.2950140257  -1.1635410794   0.6188012775  -0.5693383975   0.3696060729   1.2868633933  -0.1107869927  -0.8442433751   1.2502604213  -0.3438803466  -0.6656049530  -0.0247705940   0.4731433826  -1.0645001046  -0.0319751009  -0.8346996463   0.4469587632  -1.3863152767  -1.1375850459
-1.1349342192  -1.2965009126   0.2836947694  -0.3065083733   0.0447665107  -0.2410019539   0.1062436341  -0.0831919433  -2.1790201022  -0.9346289014  -0.2533163335  -0.6866177363  -0.0106182635  -0.9587448768   1.1094772487  -1.5433622159  -0.5765128315   0.6810188529  -1.2878538209   1.6160670642  -0.0936860434  -0.5041205493   0.3433781634  -0.3797614062   0.9938818005  -1.2329211077   2.0395348560   0.6252344101   0.6475644330  -0.3669905579   0.5792341078  -0.1865983286   0.1854885126  -0.0682121586   0.1268572621  -0.6602752613  -1.9108808952  -0.8517293083  -0.2456669302   1.3510937065
 0.2016837317   0.4638659229  -0.5697185542  -1.2822581121  -0.4857267242  -1.4914420990  -0.2351075479   0.4654563864  -1.3311423741   1.0446512954  -1.2953668371   1.1925829366   0.3672051249  -0.3439772117  -1.3427360094  -0.0945381572  -0.3152154107   1.2449607951  -0.4802968524  -0.6271369826   0.1414805045  -1.2831004814  -0.1807301602  -1.4058543911   0.3743518756  -0.2138996241  -0.5685751293   0.5221464054  -2.3816918417   1.2513513480   1.5581984579   0.9870581254  -1.1955979136   1.1211245891   0.6975989584  -1.5435769185  -1.5624706940  -0.1819220208   0.8444080476   0.9162006640
 0.1681274724   0.8353821811  -0.0679882387   0.0620551259   0.8358805419  -0.9713353507  -0.4409742212   0.5059998129  -0.2133106868  -0.5255441808   1.7056049721   1.0867147368  -0.9499766591  -0.9787794950   0.4247529515   0.5371592822  -0.1591027000   0.0367449734  -0.2262597700  -0.4054482853   0.7857061562   0.3205231274  -0.9485975189  -1.1054787403  -0.0212330799  -1.2120640229  -1.7080501543   0.4560441026   0.8877666076   0.8083808645  -1.6499001915  -0.6467205998  -1.2314636821   0.1359620135   0.4513199083   0.8043041898  -0.3914583278  -0.9839977708   0.3552994255  -0.4852447236
 1.3683326136  -0.0807771427   0.3144020949  -0.1022156345  -0.8258585974   0.7963736275  -0.7019909211   3.5663776331  -0.7885473730   0.8153162853   0.5158105984  -0.4405541178  -0.2856102062  -1.7260071866  -0.2957448501   0.3185868982  -1.6209590775   0.9994964963   0.7144182966   1.8025824053   0.6153963263   0.0215160973   0.1073224833   1.1810747757  -1.0188409297  -0.2544431578   0.9924245766  -0.1961244726   0.0200867795  -0.0327722717   1.0661573808  -0.9966621490   1.3756280620   0.7304748387  -1.1138128575  -0.3518582341  -0.0059958805   1.8347537392   0.7657101546   0.7078934190
-0.1250744796   1.2181136956  -0.7993835182   0.4228850552  -0.8145456256   1.2686518954   2.5973208770   0.9941010594   3.1703682137  -0.6278085876   0.5312979181  -0.7115201357  -0.8401130849   0.5819775513   1.1582782739  -1.0003808092   0.9926161163   1.2307464033   0.1776246655  -0.2723692303  -0.1783683190   0.1341205286   0.1435225043  -2.1519925964   0.7072152286   1.2281144593   0.3429843927   0.4494716797  -2.4375524099  -0.2996125548   0.6315025207   0.4680811856   0.1221293357   1.9988208069   0.0401090575   1.0963788592  -1.8467092730   1.4327395066  -0.0996504421  -0.9865419031
-0.6253543141  -0.0284307565  -0.4786840507   1.7453209968  -2.0270026293  -0.3017781755  -0.6656135447  -0.8756083994   0.3492441980   0.4391815431   0.5123009680   1.2381274174  -0.6315824012   1.3310584311  -0.0340957956   0.9728293222  -1.1148926740   0.2165564471  -0.2966891266  -0.5846789493  -0.4326732652  -0.3467355221  -0.4018803308  -0.5700024610  -1.8107617821  -0.0810156387  -0.1750619984  -0.0997736886  -0.0199971272  -0.1802723404   0.1433811946   0.5245257257  -1.3947633400  -0.6516622305  -1.0736298412   0.7977490162  -0.7650760771  -1.5107231539   0.4577843388   0.4745545836
 0.4843506849   1.8521073109   0.3465662283  -2.5010597224   0.3207891371  -1.1798838794   0.5959883497  -0.3049584251   0.0135447668   0.2612010191   0.0579451284  -1.9050218389  -1.4220530522   0.5635907550   0.8664938508   0.8821974259  -1.2993343748  -0.5509792137  -0.0210342072   1.2344342451  -1.0826071994   1.7301004144  -1.0018630407  -0.3814522791  -0.9461929394  -1.9117938731  -2.4409208128  -1.3536816702   1.8858043192  -2.3115406765   0.6618346123  -1.5633059007  -0.2323143429   1.7649711879   1.0680472020  -0.5616604992  -0.5843102492  -0.1709705513  -0.3951855622   1.1335236398
-0.5013485911   1.0862293658   0.6144792317  -0.3782521191   0.0601511869  -0.2373549754   1.3397567384   0.9606486872   0.7636771365   0.1277302227   1.3305112637   0.0229564478   0.7149826764   0.3587167314   1.3725303685   0.1603462651   0.6181855560  -0.1824129833   0.5980499772   0.3041851173  -0.9272215976  -2.8217920330  -0.1434252100   0.7739670674  -1.0085989765  -0.8186555812  -0.8709151957   0.7024974573  -0.5704796005   0.5567141415  -0.7673247059  -0.2195202708  -0.9881672225   1.1202215094  -0.1257659810   0.5638132352   0.5111006107  -0.1825979718   0.3539699649   0.2639423978
 0.7122842617  -0.7805493776   0.5304192658   1.6367577837   1.8850280927   0.8825955705  -0.9652724279  -0.2201420476  -0.3244397204   0.8186244505  -0.7854760779  -1.5248350610  -0.3446285628   0.0897443163   0.6553602240   0.0666309957  -0.0790109298   0.6493419453   0.6315442116   0.3672664961  -0.3656120552  -0.1789344390   1.2148895098   0.8472179833  -0.7373470902   0.2798222720  -0.1484622984   0.8674450075   1.2478955644   0.8106153904  -0.7551026147  -0.3584574712  -0.1751924766   0.9280965199   0.5870899484   0.5716241560  -1.5303414432   0.8237742809  -0.3035741775  -0.6265974129
 0.8480967250   0.0057617074   0.3632512831  -1.5574760796   0.2019763920  -0.5300706687  -0.6446514184  -0.4507022130   1.3202866522   0.6708959040   0.0778111842  -0.8089375139   0.8734317567  -2.0570480532  -0.0083682798   0.0687592468   0.3636606592   1.6312612320   0.5848300570   1.1478648267   1.6666426933   0.6961364137   1.9385846580   0.1871916609   0.3228666786   0.3195626787   0.4295814128   0.4503994734  -0.2737488579   0.9553543584  -0.0198832881   0.9432954829   0.9764193971   1.1787188868  -0.0974082013   2.4552802569  -1.3841712671  -1.5617053695  -0.2763224644   0.8033193708
-0.6179661783   1.0475798981   1.3555230277  -0.3385852560  -0.9705019853  -1.2332703007  -2.0066566876  -1.1684705693   0.7732499644   0.3939313707   0.2983021295   1.2371907397  -2.0606878964  -0.7365334481   1.9437098838   0.0717912021   0.1429685539   0.7142873228  -0.0482113231  -0.6911100404  -1.7897435559   2.0965852105   1.1417376328   1.4422633335  -0.3299353054   0.7392786636  -0.9402816800   0.6936199885   0.2000372857   0.9644767653  -0.2325920172  -1.4847416266  -1.3366217778  -0.6135809385   0.4803590577   0.0255232618  -0.0726533453  -0.5186868866   0.0134739855  -0.2907095037
 0.7870825869  -1.0841803804   0.4840797687  -0.8786705357   0.7378072581  -0.0953862022  -0.2502416726   0.6544189396   0.5728392434   0.9068530107  -0.5024274388  -0.6900880418   1.5988394900  -0.6306875033  -1.1997872751   0.2269568629  -0.2956796078  -0.3966431213   0.9015453774   1.3072342876  -0.0045303571   0.6179390306  -1.0935224574  -2.2311897018  -0.1300694501   0.8624276673  -0.1613304147  -0.0085385319  -0.7718895897  -1.5183084253   0.2571997590   0.1488952643   0.3233601538  -0.3847908538   0.3212821672   0.6378085655   0.2409021141  -0.1314353701   1.9607460059   0.8534391163
 1.2991623206  -0.8776517429   0.5747403304  -0.0044877156  -0.5273895257  -0.3521711500  -0.3784871399   0.5732475530  -2.6953641030  -0.7336770782   1.1141584751   0.3412425543   0.2427139646   0.8228824544   0.2421629767  -0.2851688050   0.1147584856   0.6963861281   0.5464122343  -0.8288800570   0.2436226413   0.6095737027   0.3125989996   0.2730840248   1.4331266429   1.3779252055   2.9883853124  -0.4470347792   0.3034936370   0.7258158976   0.4339608022   0.3400737757   0.0490152251  -0.1124211197   0.6963138670   1.0232023797  -0.3514716837  -0.9106967134   0.0030038091  -1.0165531190
 0.4748700585   2.3947101506   1.2165534392   0.3274828296   0.6508265662   0.5094481486  -1.5499725812   0.6640493113   0.2483057092   0.1475966913   0.9667392752   1.7050795150   0.0047142117  -0.2219646701  -0.5889570889  -0.4954378420   0.3529990883   0.6491761990   0.4497185820  -0.5904997831   0.2358543507   0.2806200619  -0.1386767285  -0.3308996331  -1.0671637810   0.1140728255  -0.6011068952   0.0326890005   0.9568296413  -2.3213719434   1.2042556439   0.7723484543   1.6550004442   0.5619545497  -0.1732126709   0.5476130549  -0.2211756542  -1.6609125906   2.2069967294  -0.2883585671
-0.9025844367   0.2621882866  -1.0019495982  -1.2093107731   0.2549360526  -0.9445374104  -0.3866642557   0.0661236653  -0.3744914577   1.0671687771   0.5675406737   1.9803308309  -0.1184999962   0.5605937339  -0.1963541792   0.0093324371  -0.1257894298  -0.1658488593   0.5540825758   1.8531220311   0.2366423635   0.3532560907   1.2437266493   0.7017241735   1.2514596254   1.2301571138   1.8440586934  -0.4995336470   0.6870936020  -1.0805889723  -0.4503527323  -1.6393546823   0.8383121194  -0.5502362304   0.3185315718  -0.4414141296   0.8833151253  -0.4461473126  -0.0102788118  -0.1520523664
-0.7478488064  -0.2507571785   0.4766734113  -0.1387437838  -0.2794213283   1.1486214095   0.6873039754  -0.1047322869  -0.3335859644  -2.1520787696  -0.4390829951   0.1944774382  -0.5371584790  -0.2642825015   0.4796928881   0.6294981821   1.4713235632  -2.7635318728   0.0723851766  -1.6514175609   0.1619312314  -0.9645846732  -0.7685817185   0.5333294158  -1.7540994818   1.3336561975  -0.5538972485  -0.3809909375   1.4723189573  -0.3605897010  -1.0402053571  -0.0663084587  -0.6314783520   0.6018523928   1.0507584337   0.2877861458  -0.9962490213  -0.7014809774   0.3145214155   0.2130256924
-2.0896165569   0.6765738309   0.2126799626   0.9447260317  -1.4800598584  -0.0227555762  -1.7352421569   0.1660973515   1.0793414527   0.9917872203  -0.0663793507  -1.6883435697   0.1993300585   0.4359097854   0.2251217587   0.1650820295  -0.5157047751   0.5246873624   0.7305626457  -0.5860861687  -0.4822753539   0.2621584430  -0.2618278064  -0.8252731669   1.0010991039  -0.5340270562  -0.3861703233  -2.2785138483   0.9448248785  -0.4993274056  -0.9861087152   0.5114311396   0.2114453239  -0.4969367385   2.5263279289  -1.9171268590   1.1074327972  -0.8933014149  -0.6625073890  -0.5454638731
 0.8571391218   0.9362138516   0.1349455347  -1.3328468280   0.5193680212   2.3916973520  -0.1005866903   0.2867748525  -0.2487734060   0.4541035476   0.6069570605  -0.1776225463   0.0133227574   0.2206309689  -0.6649657423   2.2331291496  -0.8193481663   1.6140732802   0.3435855704   0.4387293959  -0.3780679991   1.0970577557  -1.1998403273   0.3533066970  -1.0822899814  -0.7380858618   0.0232721128  -0.7571226750  -0.9644661884   0.0395739391  -0.8185113799  -1.6955339276  -1.1683373141   0.3046465825  -1.2968035475   0.7612930496  -0.6155167961  -0.2905568284   0.7113306526   0.0758208981
-0.6008712065  -1.0374683638  -1.5641551767   1.2448964850   0.7405695320  -0.6198459263   0.4958823003  -0.0364537698   0.6864192329   1.5686289190  -0.2158384535  -1.3931036675   2.3284445867   0.0525129739   0.0971890487  -2.2318906378  -1.5364932881  -0.6829495123  -0.9807238746   1.5734389853  -0.5787032892  -0.5282801721  -0.4825766083  -0.2222283490   1.2007488703  -0.4425577373  -1.8143105967   0.2878501647   0.7401127155  -0.9245431218  -0.9868835570   2.0156843061   0.7552173098   1.6438890452  -1.2120440900  -0.6339576361   0.4958623773  -0.3216474949   1.0318074949  -0.1046590250
-1.2998742874  -0.2690421872  -0.2468700084   0.3877294107   0.1870901557  -0.5051165258   0.3317968347   0.5439842385   0.8422206094  -0.5958685329  -1.6567706857  -1.1788124909  -0.5396947043  -0.5797721909  -3.3296808226  -0.2285264705  -1.4895410711  -0.3532901541  -0.6305331815   0.7114092954   1.8543158661   0.9204710498   0.0982731498  -1.0312799382  -0.5035262236  -1.3997383810  -0.0029192447   0.2977872176   1.0969525332  -2.1050693621  -0.6854627556  -1.3920611336   0.2293133195  -0.8912405742   1.3600727314  -0.0177019906  -1.0545099391  -1.1872775080  -1.5461653051  -1.3304270137
 0.3642204169   0.0044534649  -0.9212301886  -0.0550098716   0.7772935080  -0.5682264006   0.4333613270  -0.7094608702  -0.3475970456   0.5840308960  -0.7643692672  -0.7479654725  -1.0677805732   1.1896724872  -0.0633562070  -1.7326547732  -0.4820866991  -0.5403101235   1.9143566153  -0.2306949647  -0.2268651357  -2.0176199050   0.0735193272  -0.5708448834   1.6369800993  -0.7829381438  -0.6183689782  -1.9933685184  -0.9581402925  -0.9969638419   2.9299762628  -1.8360865555  -1.7033734497  -1.2967394613   0.4644282928   0.1726160365  -2.5792361387  -0.3692724044   0.3187979316  -0.2877038531
-0.0498512383   0.2878024232  -0.2178893113  -0.8632788196   2.0310634664   1.3912846015   1.6386441476   0.9501002500  -1.1361981681  -1.2278004516  -1.8780724699  -1.4544640596   0.4880418881   0.5467365897   0.5450247060  -1.2175170833   0.9169672083   0.8245263921  -1.2437269612   1.5210143465   1.1254639968   1.1967508486   1.1390360408  -0.8909782812  -0.9283819341  -0.6296065480  -0.3475435755  -0.5272225321  -1.4043885760  -1.1407801851   0.3316162665  -0.5771652606   1.5084461050   1.5842558154  -0.2098641781  -0.3139693726   0.0114756414  -0.2096530507   2.2643348419   0.2024507792
 0.1176763947   1.5728283798   2.3587223782  -1.7018726366   0.4933855101   0.9051210100  -0.0439286392  -0.6749805467   0.5920053875  -1.1070980647  -0.2231595969   0.3775979402  -0.6930360678   0.2172859313   2.1815395852  -0.5667383495  -2.2026197113   1.9177485528   0.7817076923  -0.3931408131  -0.7807379791  -1.4302809533  -0.9934703237   1.2933062519  -0.4232287459  -2.0007593635   0.3173710914   0.7155286480  -1.2331314086   1.0129924312  -2.5755757184  -2.1441082302   1.5757267766  -0.2552689498   2.0176868183   1.2056110676   0.4127518233   1.4710259432  -1.7219953154  -1.1183753041
s2
 2.2191936329
 1.1003867276
 0.0861878476
-0.7484192556
-1.8258952014
 0.0329077574
 1.2532917440
-0.0571188959
 1.3642544178
 0.6830485083
-0.7967808421
-0.6652959830
 0.7382330499
 1.0945040724
 0.9745744299
 0.9044195189
-1.0206764739
-0.0861803200
 0.3689248694
-1.4704708699
-1.6184092560
-0.3101147754
 0.7519907194
-1.6336298067
 2.6804827234
 0.1694073772
-0.7321791479
 0.5513577101
-1.2451729328
 0.5657677432
-0.2024608694
 0.4895650238
-0.7955733162
-0.2592655275
 1.3750615277
 1.0723058599
 0.8681993011
 0.4271978565
 0.0492279375
-0.3188052395
w3
 0.2259330215   0.3386409259  -1.1612982321  -0.0101904266   1.1563246110  -0.4067788950   0.6918012711  -0.9674578368  -1.5972239530   0.4833424405   1.5479730245   0.3951309974  -1.0076815900   0.3859356567  -0.9621857123  -0.0770155413  -0.9017786028  -0.0406638449   0.0560535476   0.8135002976  -0.3129808712   0.2577046536  -1.4692411203   1.0102938517  -0.6231448524  -1.6477908287  -0.8883214728  -0.5398813956  -1.1296396973  -0.1210641692   0.4673343132  -0.0280720289  -0.6539004220  -0.6927871119   0.6364093566   1.0418173775   0.2030603306  -0.5020664482  -1.3706719892   1.0987241249
 0.0198598903   0.8746063102  -0.7553742491  -1.1843429269   0.0354931889   0.7115259195  -1.6252014994  -1.5267090600  -1.0562956270   1.2838689573  -0.4485380869  -1.1297245084   0.5965963748  -1.4152951571  -1.5802385154   0.6841649750  -0.6531413435  -0.6493096191  -0.3358154836   0.7644745080   0.0092572557   0.2196533566   0.5056972940   0.5150860706  -0.5852958046  -0.2628856846  -1.7259702764   0.0039609785  -0.2439175963  -0.6870148683  -1.9966815101  -0.9600801005   0.1900137758  -1.3591893038   1.1423547232  -0.6715254361  -0.9566853957   0.9591615712   0.1093275192   1.8043692363
 2.0666204841   0.9616819335   0.6495285321  -0.6403635670  -0.7721191959   0.4668503640   0.7222644120  -1.5105227830   0.0086171453  -1.2253969739   0.9437814904   0.4962213127  -0.6471176206  -0.6881911844  -0.1419580726  -1.5421572700   1.0013103617  -0.3974809308  -0.9720541186  -0.7192224909  -2.1339737791   0.2747279695  -1.0596248443  -0.2667405859  -0.1841400059  -0.0657652758  -0.9648392454  -1.0557957345   0.6251281674  -0.6495222008  -0.2979589117  -1.2602769238  -0.5988122448  -0.2585472139  -1.2790100431   0.3841897541   0.5368014329  -0.1597103593  -0.9856119469   1.3215381696
-0.5714699472   0.8084782756  -0.2891225144  -0.0244371344  -0.1184841490  -1.3978173781  -0.4168574725   0.1467047166   0.0507831010   0.3332167444   0.4228840451   0.0375951982  -0.1685991384  -0.3339717540  -1.6988218118  -0.2541199070  -0.6865515871   0.3472465900  -1.6502287430   1.1916003754  -0.3011122444   0.1451494844   0.3335931810   0.8988399661  -0.9891192048  -1.0619980926  -1.5117449145   0.8223321060  -1.1599283402   0.3132883123  -0.8222286970   0.2746814507  -1.0805433915  -0.2149462991  -0.5973023315   0.0154747420  -0.6432340169  -0.3696283575   2.5331239475   0.0399832839
 0.9081834638  -2.8997712165   1.6406253367  -1.4192252040   0.7685817559  -0.7161776683  -1.2407430090   0.6025821266   1.6505599347  -0.1213366252  -1.1803028987   0.7630220462   0.6629729504  -0.7746773471  -0.9188856392  -0.9208804203   0.8602736093  -0.2034227752   0.1392828456  -0.1314915936   0.9170133642  -0.7491998333   0.5384264499   1.5387552052  -1.0717211141   0.9584124934  -0.9961116485  -0.1117672271  -2.3731281738  -0.4331260488  -0.2053200792   0.1863152952   1.2065214986   0.1820482816   0.7278108979  -0.6930819301  -1.8317022820   0.6254837542   0.9135582972  -0.6328598853
 0.6380644869   1.1318751894  -0.7688070262   1.3205504407   1.4257519421   1.1629837059  -2.0064248644  -0.6821210604  -0.8955179200   1.1392028727   0.2614482180   0.3863590572  -0.6389650738  -0.8694328308  -0.8712591188  -0.4652109663   0.2664312203  -0.1583444304  -0.7490296208  -0.7553730023  -1.0000155145  -0.2659298746  -0.0094415922  -0.7942769780   0.5365131071   0.3705317177  -1.7498973324   0.0700218819  -0.4038224464  -0.2055558836   0.6378888988   0.2266274433  -1.4221682568   0.5175421288   0.4880982074  -0.4856294769  -0.0118423545  -0.5091197562  -0.8555911182   0.4571261968
-0.7100472780   1.6746911011   0.3890852224   0.6262623602  -0.1117653567  -0.8944176003  -2.4181917281   1.5090274467   0.1021198175  -0.0401792885  -0.9846564136   0.3842924183   0.4639904484  -1.2787980374  -1.6352976681   0.2015065716   1.7525800072   0.5062840285  -0.3160407473   1.7127136872  -1.8497370433  -1.1792680678  -0.2607949372   0.4124321196  -0.9515098458   0.0390253205  -0.5964632030   1.0482850980  -0.8521427423  -1.9249118513  -1.0362374098  -0.4389422477   1.5327851873   1.9107545201  -0.2304175668   0.8274298753  -0.8043555953  -3.0742673752   0.3771006006   0.3526350960
-0.2865632525  -0.7402800942  -0.4595595134   1.2874411365   0.0029899663  -0.5876703279  -1.1745159902   0.3906951303  -0.7025282548   1.5715656499   1.5434963714   0.4473308432   0.5432366313   0.5676189912  -0.8343789158  -1.6315969853   1.3483714790   0.5331465043   0.0645779624  -0.6528388018  -0.2855710866  -0.7161029894  -1.4201768001   0.6924289192  -1.2075471945   0.1484273630   0.6650160902  -0.5792122709  -0.3572315087  -0.3315092348  -1.0532185956  -0.1254093130   0.7837206919   0.5698086581  -1.5696229717   0.2330502414   0.3289739518   0.0334334517  -1.1003627622  -0.3100516053
 0.1873515924  -0.7752205933   0.2762386176  -1.5166335086  -0.7274211499  -0.6141924009   0.7067018652   0.1133364429  -1.1240073169  -0.5270181777  -0.9102224866   0.3001702885  -0.0255478848  -0.0099334807  -0.0491267929  -0.7276595123   1.0863407199   0.0667252274   1.7194591164  -0.2352962366  -1.1005196838  -1.7405025181   0.0852320440  -0.5066746106   1.0062922794   0.2656328472  -1.0167104682  -0.2215824475   0.4924684443  -0.2123987804  -1.5929021128  -0.2160570729   0.0964479052   0.8015568187  -1.5256228529   0.5471342010   0.9798447542   1.0107973696  -1.7025969352  -0.9046850879
 0.5421522169  -0.9334055278   0.2854108398   0.3586314015  -0.5674725755   0.1980963320  -1.3367931911   1.4096975260  -1.7656533228  -1.6748252392   1.2685561418   1.7993358499  -1.3413184993  -1.7516792833  -0.4760853802  -0.1847260705   0.3653394537   0.6909454989   0.4428388847  -0.9436839340  -0.3133328507  -0.8987145941  -0.0657213214   1.9434329609   0.1362289189   0.1071732537  -0.0540343670  -1.1327934067   0.6419071215  -0.1002231443  -0.2227879104   2.2663914327  -0.8065253288   0.4935068690  -0.3587675431  -0.0803139378  -0.6495974087   0.3572828081  -1.5804069083   1.0817727933
-1.6312479213   0.5251063462   1.2297385169   0.7683812070   0.3703902883   0.5518604994   0.6194489028  -0.2936328093   0.2312622469   0.0513282638   0.2700189340   0.6281119755   0.0154859535   1.3676618669  -0.2990972031  -1.1838717677   1.0447299575   0.9421439240  -2.2382524145   1.0080891138   0.4383004724   1.2732029209   1.6739911005  -1.0702317752  -0.7665910301  -1.2237838322  -0.3787211170  -1.0623567102   0.3374656539   0.1857738810  -0.7834670069  -0.0609707487   1.7102431304  -0.6345990863   0.0028963718  -1.0090847963  -1.3289379095   0.3866349359  -1.8874989917  -1.9328811706
-1.4045563030   0.0918245595  -1.3011525327  -0.6299568312  -0.5905782953   0.9136781844  -0.4720248452  -0.3794554401   0.2140080154  -0.8386540419   0.2069765524  -1.6382889259   0.4553441079  -0.9992616834  -0.5103978428  -1.7099842037   0.0190213306   0.4067448836  -0.2975101212   0.1523436753   0.6325959130  -0.7714907933   1.0007225999  -0.6630882002   0.3519319815  -2.2766403735  -0.6243600963   1.6787433486   0.2387211285  -0.1040739831   0.9554152654   0.1046776931  -0.0123032548  -1.4681589261  -0.1933670409   0.8410384011   0.7454493922  -1.0523856687   0.5064081401  -0.0085922874
 0.3865169294   0.0955042041  -0.6287752480   0.5163699273   0.3915715777  -0.9861399144   1.4482128177  -0.1069851406   1.7708770954   1.5660931541  -0.0202271194  -0.2325599598   0.0584129160   1.0878749923   2.2323145469  -0.0806322094   0.9692364534  -0.1686439506   0.1584012958  -1.5107487236  -1.1708053286   1.3269904909   0.1854144999   1.3743970222   0.7423862574   0.2860031103   0.2803333114  -0.2450960623   0.0105471363  -0.0063694172  -0.3431629904   0.2763823535   1.3065928555  -0.2584460318   1.6903219166  -0.6228300659  -0.3216652677  -0.2640869482  -0.8974068021   1.4642452080
 0.6119405219   0.0546353379  -1.0516203843   1.8251743792   1.3484018363  -0.7954594870  -0.7640491809  -0.7024976628   0.2026432788  -0.9701835744  -2.0547208399  -1.4047783278  -0.5142290321  -2.1106101396  -0.1011456008   1.4097407633  -0.7898330792  -0.9583010514   1.0470874371   1.5333009089  -1.5523215123   0.2501792034   0.3481194869   0.9739902134  -1.3488063824  -0.4526366139   0.7994509648  -0.6451062898  -0.0091309862   1.5253803082  -1.2187030588  -0.9657997547  -0.0968206710  -0.3760005598  -0.8141883419   0.3397476711  -0.3751791915  -1.7927725708  -0.1497018186  -0.7855455268
 0.5675477344  -1.0761181848  -0.5723864871  -1.4767463687   0.2721189612   0.1041018104  -0.4770460618   0.9531874283  -0.6857069459  -0.6441269782  -0.0772262103   0.0332092508  -0.4068665106  -0.9531698215   0.0276107936  -0.4273814186  -1.9381231736   1.9537940843  -0.0135297536   0.4535053594  -1.1764043794  -0.2176728743   0.6526467809  -0.6179867916  -0.9579977161  -0.5877683655  -1.0809364876  -1.3380350136  -0.4949872972   1.9614588586  -0.5337890033  -0.2927559044   0.4110368834   1.8273960118  -0.4715457408  -1.4409714844   0.8174851140  -0.2071653595   0.7994426781   1.7650280883
-1.4381010559  -1.5136930668   1.1008100583   0.5255612061   0.0567547778   1.5710295502   1.2659347307   0.4941813306  -0.8035866475  -1.0136648494  -0.6367681152   0.3545645040  -0.7423511851   0.8646195811  -0.8906656713   2.2201448251  -0.2750969658  -1.2350836393  -1.4110390819   0.7626447241  -0.1232033491  -0.4034748889  -1.7304236885  -1.6047222723  -2.0581960834  -1.0108395676   0.2126000884   0.4614151885  -0.8270254108   0.4615741141   0.7791470388  -0.7453489349   1.4082301018  -1.6135599767   0.4889858009   0.9918527075  -1.6782566296   0.0454709384  -0.6214031623  -2.0825651973
-1.8153532216  -0.0450323689  -1.7521236100   0.2665135909   0.6034636439   0.7591337471   0.2598187636  -0.0521994511   0.1138249736   1.3382264501  -0.1728971739  -0.0357605347   0.1918636669   0.9180379433  -0.1162180545  -0.5810295254   0.8299237261   0.5079795502  -1.1011911223   0.9743565461  -1.1044239457  -2.0997794770  -0.4959436779  -0.1629675682  -1.7586218706   0.1990424029   0.6494004050   0.4773622028   1.0393986715  -1.1149128855   0.6661764686   0.2950577426   0.2414306229  -2.0728814458  -1.1709044104   0.2742417078   0.8952710543   0.5743721159   1.4034100083  -1.2067196194
 0.2471067163  -0.7088616375   0.6065152647  -2.0521632631   0.9118420364  -0.4621971233   0.3753593484  -0.9977354053  -1.0924698245  -0.4690813698  -0.5860932036   1.4555696578   1.2480249906  -1.7765545744  -2.5610648182  -0.5246971444   0.7587766061  -1.0852377008   0.3628711252  -0.2314549914  -0.3099411066  -1.1481173031  -1.3560066292  -0.2186813517   0.5679158373   0.1397457457  -1.2517085217   1.6315012833  -0.4716477776  -1.8813824139   0.3576303448  -1.5244423803  -0.4273939648   0.5589990185  -1.7497704807   1.5056340314   0.7738412407  -0.7890150606   0.9470808024   0.4742136187
-0.6065137265  -0.2391783183  -0.7185623974  -1.3799486868   0.8831138984  -2.1230561837   0.6864030554  -1.0671165863  -0.0835469954   0.2350865196   0.3388445709   0.0113691202  -0.8665586290  -0.0564111643  -0.5938497787  -0.2944545230  -0.5894841336   0.2431294127  -0.8945308355   0.0765629671  -0.4356164917  -0.0330203313   0.8152639042   1.7743236235   0.9062143326  -0.6362247463  -1.6368129154  -1.6844228617  -1.9004307768  -0.4934258419  -0.1943183974  -0.2492180434  -0.0832328464  -0.6884702231  -0.3862394819  -0.8287617355  -1.3720098841   1.0389096700   0.8746139548   0.4520104378
 0.6316483646  -1.1566451898  -1.6524738738  -0.3842924283   0.2542195303   1.4755229535   0.1464644591   1.2367320122   0.5672818910   0.7002835887   0.8238660202   0.7489180377   0.5014152727  -2.5494562490  -0.5602523213   0.9037435567  -0.3964703638  -0.3537843702  -0.8603601472   1.1410196152  -1.7650224548  -0.2357138974   0.1420511539  -0.5749395447  -1.2172716242  -1.6884007794  -0.5373095308   0.2639615925  -0.1417304883  -1.0656284649   0.2951124764   1.3615121977  -1.1351831223  -0.4761462584  -0.0524888727  -0.7868781637   1.2227076452  -0.0833863651  -1.3342646552   1.7141536165
-0.6747974933   0.8596327087  -0.7536374173  -0.1349716166   0.8418827000  -0.0715099093   0.4736657016   1.5944956378  -0.3040795248   0.2192517973  -0.9826115271   1.4307446713   0.9071773214  -0.1892687248  -0.0449940923  -2.5863779101   0.6718732125  -1.3560409331   0.5130884390   1.5284515969  -1.1226951928  -0.4162776883   0.4987409499   1.9529430035  -0.2725993823  -0.2112280454  -0.1457231000  -0.2059253568  -1.2063058904   1.3621762049  -1.4408495827  -0.7315067647   0.3244053343  -0.1944289824   0.5697501200   0.5333262351  -0.3672404169  -1.6695556642   0.3621772762  -0.5722308027
 0.7128967946  -1.5802610132  -0.3982341990  -1.0908288251  -0.3468409558  -0.1587892724   0.5981744207   0.0879826405  -2.9939963548   1.0497091486  -0.0876487775   0.3479004261  -0.4298963098  -0.6043012952  -0.0447090123  -0.4235093118   1.0205803083  -1.9732248974  -0.2518159247  -0.4497394075   0.7422748997   0.0235658124  -0.6784838559   1.5422089307  -0.2165641900   0.1562253259  -0.7631777000  -0.2070095315  -2.5204975575   0.5194399496   0.6272576394  -0.4220983364  -0.7165019112   1.7605058728  -0.6138524780  -0.0645505839   1.4397997520   0.4527505055  -0.5457709564   0.5021630627
-0.1637168910  -2.2912377583   0.1277306738  -0.2136712962   0.2850809117  -0.9901755467  -0.3526404612   0.9570796299   0.1754662704  -0.6530553974   0.6064330579   1.2863411380   0.9840493941  -0.9725117659  -0.8480205744  -0.3729974945  -0.9355235155   0.8123139342   0.8179525141  -1.1226385474   0.7547261792  -0.1394828427  -0.9985160359  -1.5627604597  -0.6987793938  -0.3095942730   0.7457764169  -0.5454411782  -0.3869243780   0.3788121638  -1.3202911399  -1.0770156362   0.0208596142  -0.0700865491  -2.0832346533  -0.8223037833   2.0582279570   0.6153062858   0.7975910549   0.7858816228
 0.1337581900   0.6072136634  -1.0842809947   0.1589468963   0.4585192968  -0.6822720030  -0.4153766672  -0.0928579193   0.2264397374   1.4014902522   1.1800504449  -0.0594013528  -0.2532312484   1.2681990058  -0.3096694228  -0.5949113247  -0.2641167628   0.2293977682  -0.0950639786   0.5425156158  -1.1429350664  -0.9025012448  -1.1829085022   1.2649259229  -1.7159512291  -0.0674223026  -0.9704101060   0.5920716206  -0.8148809164   0.8769387452   1.3650408141   0.2676263468  -0.7957680740  -0.0485426126  -0.7513073672  -0.4937444223  -0.0003326740   0.2469514831  -0.2698664160   0.2150167227
-0.5665240788  -1.6494942487  -0.6713239726  -0.6508439497  -1.4459882446  -0.4261191378   0.4439980709   0.6160634374  -1.9153229622  -0.6341097627   0.1024109226  -0.4561154801  -0.5017592373  -1.4242161012   0.7842383487  -0.8796060024  -0.4611048109   1.8428280347  -0.6686990266  -0.9683873049  -1.5092492515  -0.7975319194   0.4498340469  -0.1607787763  -0.4771161380   0.2233273324  -0.6802818290  -0.6887578098   0.5472857788  -0.6396184718   0.1106252916  -0.9395788161   0.0077123186   0.1058151771   0.2747881443  -0.1928649271  -0.1942168455   0.3475026553  -0.4583054133   0.8007850414
 0.1275880254  -0.3424506492   1.9316148597  -0.0270907546   0.7636312905   1.3680175925   0.6702037714   0.8416214579  -0.3865653855   0.8697073661  -1.0024047619  -0.5366935038   0.3685814341   0.3028867916   0.0802238496   0.9848594957   0.5810617098  -0.2097379986   0.3073329971   0.1638702952   0.3134840204   0.2083878458  -0.5621919656  -1.2022405463  -1.6665689468  -1.4936403789  -2.9690379190   1.2983686348  -0.1101342429   0.2740355236  -1.6725995717  -1.7889782778   0.3514090073   0.4911896908  -0.8763271863   0.3347127310   0.0575932600   0.3867805492  -0.4265275070  -0.6545847189
 0.2600113025   0.9061218978  -0.5498338323  -1.3146740861  -0.4380898331   1.1126086610  -0.4857155096   0.7486239451   3.2559729955   1.0056215503  -0.4818883450  -0.9112670828   0.4727497519   0.1349285942   1.6115896266  -1.1940015265  -0.7406475818  -1.2138361137   1.5033631257   1.7256435936   1.5273856150   0.4495991713   0.9372021155   0.1768957117   1.9677463597   0.3161637082   0.1954032015   0.5709075879   1.0919582027   0.5146230363   0.3796747288  -1.7304095466  -0.9400597372  -0.0884539119  -0.2910907007   1.5605687010   0.1595488914  -0.6062465265  -0.6088073913  -1.7833051483
 1.6697629398   0.4328146266   2.6422422805  -0.2431563002   1.5657088937   1.3635163787   0.1545449166  -0.1902625505  -2.4116391233   1.6331602210  -0.7219261652  -0.3640899270   1.7253664540  -1.7311812826   0.9012277060  -0.0014993183   1.9898421265   2.0196444011  -1.8471431694  -0.3144375585   0.1918953736  -1.0844012474   0.3376563621   0.8372868497  -0.7773687942  -1.2174683561   0.3014949071   0.9781029006  -0.1640175961  -0.2285302164  -1.2201719191  -1.0614880120  -0.5887768845  -1.4590006398  -0.8257192127   0.0888892151  -1.3637806385   0.5506392116  -1.9191893925   1.1399544797
-0.1917274760   0.5242387224  -0.7193188588   0.9478533785   0.5351097292  -0.1405636223  -1.0660310177  -1.4153600245   0.4092982804  -0.9309339238  -0.7712691957  -0.7434920748  -0.5523775198  -0.8533419261   0.1099519915   1.2558891729  -1.1459641102   0.1486116883   0.1816767395  -0.1393784184   0.3144680212   0.4554234969  -1.0273910257  -0.2888799597  -0.9316367039   0.1530941784   0.3063794448  -1.2638942944  -0.7033329040   0.4474328972  -0.6238049430  -1.8758651432  -0.7306688168  -0.2733168596   0.6736752210   0.5079263775   0.2013794250  -0.3352245086   0.2310199414   0.1371538628
-0.4127788099   0.6710491899   0.1969117952  -1.6371448762   1.8752669402  -0.4724233137  -0.2331346292   1.1038776302  -0.6029546289   1.6440299267   0.1132406760   0.3842394101  -1.6668453120  -0.1266164537  -1.1607998435  -0.7406120246  -1.4341115853   0.6998702260   0.4456719093   1.3214612942  -2.4285982373   0.3462322026  -0.5553136433   1.7039761631  -0.7398136609  -0.4305945680   2.0452529608   0.0036735110  -0.2016730369  -0.8703266623  -0.2605570474  -2.1543168857  -0.1158567614   0.3872219508  -0.0562979555  -1.1576112037   1.5168628900  -0.8384110916   0.3962739329  -1.4341914903
 0.6197370317  -1.3155747797  -0.1238060778  -1.3942523661   0.4428568392   1.5286921326   1.9860023477   0.1926236823  -1.2670547464   0.1120539880   0.5600965657  -1.2315882299  -0.2877330978   0.6981298623  -0.1222340464  -0.0403636555  -0.2145568743   1.4822232582   0.0082102743  -0.0368516575  -1.8947383756  -2.2004357032   1.4405809182  -0.6387413408   0.0003643035  -1.4138448261  -0.1508641420   1.1367428073  -1.6632857095  -1.1494104745  -0.9197862534   1.7754723581  -0.2478740956   0.9392196289  -0.2657090124   1.0585970031   0.5730366776   2.0036016607  -1.8290693494   2.1843223000
 0.4062367079   0.6941270846  -0.4510766200   0.4550886780   0.8276392267   2.7253118010   0.4311975534  -0.5666004156   1.9922002286  -0.0193788980   0.5791277126  -1.0650284055  -1.5556638903   0.2521775000  -0.6660325453   1.9408387812   0.8397997408   1.0141656129   0.1190404537  -1.1019319182   1.6524902360   0.3371728283  -0.1780105869   1.0174649758   0.2786620462   0.3048462073   2.2546770496   0.1852792419   0.9290918503   1.2084777431  -0.2604990791   1.9156806929   1.0185795671   0.7134331153  -0.4762062634   0.3141901272  -0.3001555355  -0.0331991460   1.2688745927  -0.7389065952
-3.2372313000  -0.9595478902  -0.1720428314   0.1749903725   0.8675109893   2.2516667010  -0.5619784940   0.6310259978   0.3079084439  -0.9763186262   0.6678440870  -0.7527266092   0.4597901710  -0.7087894116   2.6543043194   0.1501194369  -0.9428899652  -0.1840861667  -0.0649696248  -1.6245577962   0.2734908451   0.2932314819   0.0459649485   0.1986859439  -2.2185935784  -0.2381140596   2.1650265684   2.6285889904  -0.9378244274  -0.1782773170  -0.1183412272  -0.0239460882   0.7644269262  -0.2451852056   1.3263532773  -3.3411296447  -0.3042921904  -0.5291997187   0.4178486083   2.8235466045
-1.2621355030   1.4141551162   0.8275573499  -0.9889276966  -0.9243830003  -0.4671356685  -0.2402742067  -0.1440499502   0.1636962599  -1.1023105706  -2.7647331496  -0.4624208333   1.1804742287  -1.0469528186   1.5566816814  -1.6343754478  -1.3644715408  -0.1902346219   0.0048521774   1.5407257633  -0.7541262092  -0.4402947311   0.4735030761   0.8504855692  -1.2843698294  -0.1639448920  -1.8093021533  -0.9164842101  -0.0086485106   0.3442771538  -0.4195139780  -2.3567027536   0.6025082199  -1.4933959679  -1.3757683725   0.9148564033   1.5399711735   1.1571150077  -0.3617916162   0.0873046999
-0.9022237335   0.0578743160  -0.3923561426   0.2578499217  -0.8355550317   0.9522695384   0.0417748102   0.5147813201  -0.0247250128  -0.4704758178  -0.7773644951   1.3502545189  -0.8065503537   1.6844724129   1.8402064955   0.2608069000   1.0053103278  -0.4080108878   0.4472550550  -1.5411281408   1.8780447472   0.2561997331   1.2200262707  -0.3758883256   1.1628855020  -1.4588128804   1.2180226500   1.3499849508   0.2930066318  -0.5905623070  -0.8059563795   1.0407133054   0.1682378707   0.2296520384   0.3802905203   1.8513995759   1.3326469340   1.1572198202  -1.8911344864   0.1270933714
 0.3826376782   1.3237876752   0.2181876680   0.2884453830  -1.8427697918  -1.4591011581  -0.3152268595   0.6616681371   0.9845166855  -0.6141698801  -0.1567407729   1.8506428396  -2.7484884953  -1.4370185827   0.7137491063  -1.8936935730  -0.0363576660   0.3393118272   1.7748220555   0.1652557937  -0.5014246537  -0.9825058809  -1.4749772902  -0.3145679152   0.9093440144  -1.6237524751  -1.0281410508   0.2038525443   0.6283105502  -2.1579855108  -0.1585790585   0.5384461526  -0.2713131969   1.5743272642   0.9184202463  -1.2826820315  -0.8047699213  -0.1864035536   1.5770615885  -1.1614360854
-0.0554990484  -2.5123246575   1.1491856873  -0.1693354471  -1.5812612716   1.9483590745  -0.9880907582   3.1413908565  -1.9874764391  -0.4957883144   1.1066563772  -0.4710799553  -0.2947143394  -1.5323861034   0.3689521289   0.6029797311   0.7345791003   2.0139925053  -0.0513766600   0.0746560946  -1.0847569709   0.9771294386  -0.5637836902   0.2199824821  -0.8927843453  -0.5432613921  -0.7465986521   1.8814968175   0.5013638379   0.2648535238  -2.1599860831  -0.0801356975   0.2438806021  -0.9907939339  -1.6273071906  -1.0697807764  -1.0958514544  -1.6890678429  -0.8806196674   1.1727539942
 0.6373358656  -0.8376788331   0.3640526820   1.0506658957   0.6474205074   1.2671432936   0.2380408670   0.1849481879  -0.3409475362  -3.4460604298   0.4809169418   0.4939659847   0.3153182186   1.7226678203  -1.4703999673   0.4467055586   1.0043594372  -1.1544979218   0.5808494002  -0.6462215093  -0.0598032927  -0.1324840993  -0.5029006532   0.1061639811  -1.2807758772  -0.5026127383  -0.3927591873  -1.9232596412  -1.1134462600  -1.1636557878  -0.0074292398   0.0177569223  -0.0600159784  -1.7746723006  -0.5619404493   0.5855454190   0.2764835644  -1.1528092835   0.2673671442  -0.0103458056
-1.5349200200  -1.4834042206  -1.4635087415   1.8334145386  -0.9784144556   0.2986415013  -0.7521317934   1.2436174108  -1.0597220055   0.5174023771  -2.0023267193  -0.0082507964   1.1584715603   0.5166970609   1.7370925111  -1.1741179025  -0.4144570909  -0.9987008188  -1.4670896398   0.3326200293  -0.1121353347   0.3113168362  -0.3070001183   0.5641810531   1.5494686605   1.8504403473   0.3017241480   1.0049517073  -1.3587671159   1.2263630372  -2.4656875955  -0.4721137882   0.5293349424   0.7982181877   0.1815568964  -2.2319597536   0.1890690512  -0.0876985613  -0.7706467480   2.1556787431
-0.4083580068   1.0409840745   0.4706521620   0.7640022804  -0.5512293000   0.1864841210  -1.1048941308   0.8293771033  -1.7381649298  -1.5505047401  -0.6384420642   1.3255359425  -1.2270247467   2.1661685189   0.0848124883   0.6247633990  -1.4382767588   0.2010684460   1.0070682677   0.6639500441  -1.6520271965   0.1692465055  -0.1119432249  -0.8322840391  -0.1297098683  -1.4787708811  -2.0021692934  -0.0347325463  -0.2171007786   2.5392665087  -1.3543964737  -0.9471187127   1.1989647457  -1.1493375707   0.0560488111  -0.8280786215   0.9603733485   1.2210733876  -0.2055417097  -0.0917775305
s3
 1.7348022032
 0.7949869801
-0.3093061470
-0.6861589272
-2.0354762745
-0.1735770500
 0.6861205036
-0.3043667750
 0.2667876737
 0.4669967301
-0.9299997079
-0.6680617910
 1.4429639714
 0.6063579612
 0.2954225179
 0.3849811582
-1.0757382157
-0.1666140129
 0.4924052960
-1.4037238448
-2.0696679325
-0.6806916109
 0.3408176086
-1.7939968679
 2.2213824631
-0.5987555704
-0.9891124558
 0.3160448498
-1.1595095036
 0.3973561110
-1.1232202387
 0.5539276769
-0.6715712996
 0.0139973192
 1.5616796211
 0.6286572729
 0.3567687111
 0.4596642363
-0.0904511921
-0.4582057570
w4
-0.2577277253  -0.9436084450  -1.2775906045  -0.0628502929  0.0028754844  -0.0427105878  -1.7652702484  -1.1234137097  -0.6685148952  0.0262284259  -0.3122627663  0.1398539229  -0.5148344378  -0.9815020115  0.0946604651  -0.2916075454  0.3104136893  -1.0739750674  -1.6002033092  -0.6245872905  -2.0890501485  -0.8509058376  0.1586680828  0.3100150784  -0.9150908694  -0.0800736295  -1.6665252892  0.1917685742  -0.4841870658  -1.8630367110  0.8112790218  -2.5783042283  5.9355799996  2.0010752429  -3.5569042266  0.9237243589  0.0949552776  -0.5131087895  3.2578039558  0.4725715186
s4
-0.5965300979

