layers: 4
str: {2,40,40,1}
w1
 0.8664219536  -4.0987006456
 1.8964023610  -1.6653910586
 4.6221627689  -3.0599122935
-1.1313652330  -1.3584730105
 0.0339774477  -0.6326388481
-0.7284589242  -4.4074623600
-1.1738478807   1.5444053427
-7.3745323868  -4.0970005367
 5.0686433686   0.3623617120
 2.5955446480   1.9971287064
-3.1065795136   2.8891667055
-2.0282703821  -3.7531696948
-1.1860327249  -0.6413151896
 5.3046646384  -3.1003284419
-1.1284138044  -1.7850749391
-2.4093459070   3.4137894614
-2.5799441767  -1.1222541135
-1.7846634165  -0.2545808193
-5.2359124088   2.6262043019
-1.2867657599  -1.4484123402
 5.2213001915   4.5593269187
 5.3014180760  -1.4723823164
 0.7257188909  -3.1713564995
 5.5654746124   5.9555536296
 2.0406509995  -4.6882757676
 4.1022786208   4.7114067650
 4.6632013245  -2.7049070490
-1.1499572343   2.4257579021
 3.6344322110  -0.0408159461
-0.5151526119   2.5970259300
 1.8568686628  -0.0898496261
-0.8740596731   4.1117220015
-4.1296018748   2.0597708080
 1.8768383076   0.2989325023
-1.4810601997   3.8458571633
 0.1373021352   0.0885645963
 1.3990985599   2.3669819452
 2.7129000453  -0.2299304913
-0.9827594647   2.9578510892
-7.4130029814  -4.3744906663
s1
-1.7732792155
-5.1765834544
-0.1188813716
-5.4999179137
 5.5071543484
 2.3520693342
-4.1762631253
-2.1347393768
 4.0125159596
-3.2989525086
-1.2019123003
-2.6624699429
-4.1278651797
 0.8790602352
-6.3374002938
 5.2899914462
-3.8757760436
 6.4678257860
-2.8173401567
-5.7151690572
 2.3569622378
-2.7532496264
-3.4902827688
 3.0510969804
 1.7273320464
 2.0412704783
 0.5232598919
-5.2114279364
-4.1503736666
 1.4141645975
 0.9861206243
 6.2120742044
 3.9876018582
-3.8798833629
-2.5836794373
-3.5579033473
 7.7657625133
-3.8313389540
 4.0952614199
-2.2666629534
w2
-1.2626501910  -0.4589091965  -1.8166091400   1.9755000028  -1.3946818100  -1.7100068975  -2.1182150438   2.5116003095   0.8543337033   0.0753687404   0.2749740611  -0.5481658984   0.5823462502  -1.4201060727   2.4748661180  -1.2211732589   0.5137682723  -1.9152370269  -0.1745097388   1.4576087878  -0.9356169802   2.2050837000  -0.0592387455  -0.2739464645  -0.6592515639  -1.8110676970  -2.1545832303  -0.4779736177   1.3298359146  -2.0127830599   0.8559219292  -2.3041296358  -1.5638857576  -0.8510930070  -1.2033116274   1.0251655812  -3.0175964301   1.2640728874  -0.7555473746  -2.4404071025
-1.0136236130  -0.4687504080  -1.2656289961  -0.0798495223   0.6089061529  -2.6404859492   0.0066052585  -0.1757206396  -1.1656455503   0.9938827245  -0.9443438114  -1.2242877704   3.0964281280  -2.7219472984   1.8238998742  -1.4872070602  -0.8654601621  -2.6252539601  -1.9976153423  -0.3366029375   0.1655700567   1.9147954486  -0.4765348548  -0.7595118349  -0.7149328443  -0.1195760973   0.7980369300  -0.7515722341  -0.2318582184  -1.0822077631  -1.0044487625  -2.6652690975  -2.9692012463  -0.5980597897  -2.5462011641   0.0238424325  -2.7470816459  -0.3902666688  -0.1855240822   0.5863224932
-0.6888206606   1.5384319019  -2.3204074281  -0.8105171343  -1.4757893195  -1.1757648553  -0.4207897770  -0.1017688996  -1.5988008887  -0.5611897572   1.3858989361  -0.5715640081   0.2510287082  -1.3898083763  -0.5450589304  -1.9282441971  -1.9629805464   0.1345337569  -0.3786676032   0.3164911664  -1.9658478235   0.9207765834  -0.2469888333  -0.9657806116  -0.6858952183  -0.7282904073  -1.6448576076  -0.2756537051   0.6903148358  -1.6775711041  -0.6989456869  -1.3070171230  -1.0261240093  -0.4126559071  -0.3412103086  -0.0731215442   0.4253841391   1.7728408570   0.2239776665   0.4806532298
-0.6975151678  -2.5141958447  -3.0531607362  -3.1631455258   0.0830432908  -3.1347906328   1.2124313976  -2.8760267049  -1.0300044667  -1.1412608068  -0.7674175836  -2.1216179170   0.7049568961  -3.4035138440  -1.0381961969   0.2559470514  -0.6996450374   0.2569736049  -0.7695182439  -1.8667000239   1.9601286994  -3.6332143922  -1.2058003629  -0.7043159055  -1.6114533109   1.3741830144  -2.6205964274   1.3203953980  -0.8626963124   0.7874128175  -1.1046434946  -2.5721716327  -0.0741970204  -1.5964144042   0.4178761695  -0.8757389262  -1.1085382375  -0.3708210555  -1.0631395039  -2.0788639256
-0.0439672433  -1.2759717757   0.4663981353  -0.1969575050  -0.5249838769  -1.3165086319  -2.0670087440  -0.3298775980  -2.1638267733  -0.8937719518  -0.2770390336  -2.2114597462   0.4313895036  -0.9093584301  -1.0609170531  -0.7090003497   0.2939444318   0.9086562941   1.0050524925   2.1964658147  -0.6655518369  -2.6597606219   0.5625866444  -0.9914622619  -1.0746105950  -0.2538403616  -0.5624589716   0.5078803050  -1.9756249620  -0.0592432045   0.1730069478   0.5567903680   0.0459318568  -0.7341043620   1.1105021979  -0.0651364328  -0.8273796399  -1.8452416043  -1.1985504338  -1.2171617170
-0.3664809833  -0.9614951514   1.9848417454   1.5214295499  -0.9037685764  -0.5290472052   0.6839204205   1.1189873187  -0.8831645379  -0.8293710117  -1.5425562697  -0.7517582891   0.6112935713  -1.9686745451   0.4670553217  -0.9877637737  -1.3031003212  -1.8269283239  -1.6684947926   1.7767917437  -1.2934595748  -0.1937049619   0.4330464109  -1.3087351347  -2.0123957954  -1.2385099363  -2.0854757592  -0.7015695545  -1.4935173050  -2.1919087386  -2.8455822632  -2.3717581808   1.1304291770   0.9175449067  -1.9278300419   0.8649307001  -2.6009245404  -1.0207816324   0.8906739965   0.1590437753
-1.6009479490  -1.0344231726  -2.7962699398  -1.0061202382  -3.9463659668  -2.3090291871   0.3168085382  -2.2545338300  -2.6832981412  -0.4583755065  -0.0268652094  -1.8473550947  -0.8703964273  -3.0288929921  -0.4350495108   0.2103540964  -2.3456672242   0.4661370620  -0.5984057703  -1.2703393096   2.3291083106  -3.2850565216  -2.4329679195   1.4509298699  -1.2660425799  -0.2172257184  -2.0229399488   1.3622571904  -3.3530147616   0.4776428685  -0.4104328329  -0.8657110757   0.8192183704  -2.2568152250   0.0536093127  -0.2900704945  -2.0909886587  -2.2138234844  -1.4352667913  -3.3796282336
-2.6744197277  -2.4251475576   1.2257509688   0.1345575747  -2.7854957428  -2.8572574041   2.4285346314  -1.2090132953   0.5221774045  -0.4139656148   2.1540511503   0.6963505340  -2.2693456091   0.4925794228  -0.2827018712   2.2773727248   1.3771249447  -0.1232439062   1.0188731994  -1.6316447870   2.2353757138   0.4610498308  -1.9162619570   1.6830025790  -3.5219977551   1.3003147107   0.5468592974   2.1347521732  -1.9351080145   1.9365830475  -0.4322089061   1.7994943923   1.6086711294   0.1528080938   2.3580794256   1.3709709628  -0.2423466423  -1.9666191959   2.1518758378  -3.7771324536
-1.5101547096  -1.4151312608  -0.1939380949  -0.3017446134  -1.6280603481  -1.2168198470  -0.9833315998   0.6364782812  -0.7448304560   0.4401619301   1.2143577755  -1.0036174018  -0.1327493163  -0.2776420566  -0.3075015562  -0.3843664666  -1.8193642904  -2.0949991449  -1.2676173189   2.1124407389  -1.0260998834   0.8461727111  -2.5649729191  -2.4059495251   1.4732481217  -2.4180761150  -0.8695967078  -1.0597643372   0.6369372633  -1.3482347244  -0.2963354089  -1.2224517675  -1.7146942805   0.0702847186  -1.2262592138   0.7896454691  -1.3166269175   0.4191322076   1.2992153758  -0.7774142482
-1.4937352824   1.5616371976  -1.2796213043  -0.4222720024  -0.9170288542   0.5429512901   0.0109075920  -0.3224746701  -0.1081101702  -0.0310442044  -1.1627247965  -0.3017385438  -0.6010922855   0.3256506977   1.6073949317  -1.0747804157  -1.4128746894  -1.5719646090  -2.9406972371   0.3101649919  -1.0453704935   0.3791881004  -0.1525826078  -4.6069629162   0.1070277623  -0.6211463649  -0.9506902595  -1.2398195544  -0.2131950323  -1.4176885973  -0.4507037979  -1.7819122336  -3.4419298021  -0.2497834276  -0.0942642252   0.1711546186  -2.6618618664  -2.2092164496   0.3141834742   1.8385423188
-1.9131232331  -2.2247748802  -3.7829942662  -0.4055295182  -2.8073319608  -2.3316246180  -0.0105190466  -4.3058990883  -0.0958167506  -1.8796758478   2.1249098019  -1.1420942143  -1.1305094677  -0.4595082469  -0.9836539605   0.3386318364  -1.2714213948   0.3707160135   0.1232332291  -0.9035199654   2.2865301661  -2.0987340877  -2.9180072067   1.2382954440  -0.8012587400   2.7573097631  -1.6442081752   2.3071702962  -0.5732096705   0.8898285175  -0.8847693810   1.8392548956   0.7015922370  -3.5166243963   1.9051524229  -0.0875501759  -1.4174997805  -1.6702545130  -2.3378729047  -3.9080464251
 0.5528396699  -0.5268685646  -0.2584123306   0.9868823234  -0.7011446767   1.2613852663   0.2244867701  -0.7973805669  -0.4833846146  -2.6570066616  -0.6443896863   0.8059875633   1.3545179381   0.3562746940   1.7201532173  -1.8271493694  -0.2101659438  -1.2930256418  -2.5135390766  -0.1477979606  -0.5263409045  -0.0882889198   0.0946689905  -1.2146636865  -2.6903480802  -0.4822899020  -0.0920456126   1.0133802201  -2.6494252464   0.3769072168  -1.2868673379  -1.6725466164  -0.4064367968   0.6152250602  -1.4895531445  -0.6292654511  -2.1553201901  -1.0602194622   0.0602679690   1.3984783499
 1.0073313049   0.8718908377  -0.2043081962  -1.1797248322  -2.1710660038   0.7209432304  -0.0115795979  -2.1346046840  -0.8610952251  -2.2235766132  -1.2323900117  -0.9888309178  -0.0003244210   0.6489134823   1.8647763041  -2.5928037351  -1.2505579342  -2.3163486484  -0.6665111070  -0.8207150509  -3.5038797193  -1.1236399966   0.2829619743  -1.6563513454   0.4770822119  -4.1595532545   0.2686098477  -0.4744420667   0.2320601963  -1.0836364807   0.6612176366  -0.9189831326  -2.0717831046   0.5626482070  -0.4592173817   1.5029381477  -1.7566052577   1.0603756677  -1.4219391348   0.5978801435
-1.6150221885   0.3418138277  -2.5831871651  -1.3015993536  -1.4326065751   0.1557164449  -0.9066994303  -1.4521725795  -0.0406812788  -2.1054551365   0.0275791412   0.7649329394  -2.1310525649   0.0826708201  -0.7971638958  -2.4865997302   1.9639690628  -1.8344469715   0.0676003904  -1.2783844787  -2.9751213660   0.1378625349  -2.2843849484  -3.7634218166  -1.5761598455  -3.7734388830  -1.3356599190   0.6721090274  -0.4526370447  -0.7544431202  -0.4010172922  -1.3251436960   0.2809407861  -0.9200684721   1.3021703677   1.0163160114   0.7166387869  -1.3175914302  -0.0269455344   0.4254404077
 1.8648892802   3.2842807039  -0.1786945276  -1.1183019214  -0.3941714758  -1.6170085020   0.4010406998  -5.9405602516  -1.5388697030   1.5801109284  -1.4966423088  -2.9211490328  -0.2822498403  -1.7708600042  -0.5881654973  -3.7883201179  -2.0906212460  -3.9084977072  -0.7848971986  -1.5311716917  -1.6806085020   0.8413256303  -0.4585488093  -2.9605216353  -0.7140484471  -0.8493455524  -0.5578074141  -3.0392835980   3.8475017174  -2.4612622652   0.2755494537  -1.4158298299  -3.8153992158   2.2490178033  -1.8379740902   0.1518986056   0.4675535240   3.5907642681  -1.2405195674  -1.6365288508
-1.6494577177   2.3198338601   0.3046875332   0.3976151592  -1.7943851430  -2.4122171225   1.0580315651  -0.5472910489  -0.7275314555  -0.7209490027  -0.2553835762   2.2325944835   1.0414227202   1.9327416564   2.3854653098  -3.3396296565   1.2040874022  -0.6495072351  -1.5496003126   0.4837999672  -1.2343218736  -2.2854070833  -0.2155996925  -0.3028706998   1.5879851532  -2.0950926715   0.4358201104  -1.5842025410  -0.9551892815  -1.0385554142  -0.9523960113  -1.6720829181  -1.3602909034  -0.6598758990  -0.4744304193  -2.1369658808  -1.9070487317  -0.4196790766  -0.0851279324  -0.0488706162
-2.4642792426  -1.6269288585  -0.2960543320  -1.0969339059  -2.7685856096  -1.7647825763   2.0226923617  -3.0692920944  -6.0296674186  -2.0061627922   0.1593153788   0.6164089155  -0.6222903270  -2.4067185011  -0.9080180005  -0.7500567978   1.6933196837   0.6842878209   1.2451501590  -0.6950387807   0.6741116650  -2.4851499708  -2.2809969356   1.5993479007   0.9143206700   0.8096884605  -2.6281411380   2.4672456889  -1.5359737997  -0.2895820811  -2.0309757347  -0.4214847683   0.3376525152   0.4392577220   2.1051374168  -0.0711191817   0.3621066277  -2.6562310725  -2.7144642246  -4.3671494944
 0.4503994520   0.5370340026  -0.3402701244  -0.0953929348  -0.5715012490  -0.4611423858  -0.7143020754  -0.2218375766   0.1013075273   2.0347157333  -1.2293772001  -1.6050021822   1.5638234622  -0.6106722806   0.4793721267  -2.2904843533   0.1199309837  -2.9701595617  -3.0625520147   1.0571031017  -1.9555546892  -0.6905514219  -1.0607161575  -2.7142415755   0.7651870467  -0.6251089566  -0.4716072899  -0.5648502058   1.2269965862   0.8958365280   0.0514900620  -2.8230591425  -1.1754830014  -0.8112127736   0.2921349455  -0.0841099167  -2.7803608643  -0.0611640808   0.6899583186   3.0605299639
-0.0582234492   0.3964946986  -0.1535459266   1.1860103866   1.2523188743  -0.7419880792   0.8908688413  -0.7695272689  -1.8231496693  -0.8281885388  -1.0163241726  -0.5959949372   0.0124852266   2.0586215202   0.4547666943  -0.0525499558   0.7592966333  -1.6458650532  -2.8205222921   1.4177545850  -1.9593854117  -2.8538254195   0.2117407862  -4.2859474693  -1.7531368528  -0.7072355513   1.8609922441  -1.4100690816  -1.4866329840  -1.7379386237  -0.4259632988  -1.0120748062   0.9532947688  -1.2717603543  -0.7570662558  -1.9789156708  -2.8895990463   0.7078426515  -2.4871194342  -0.5642960290
 0.0232115171  -1.2380376719  -0.2851536728   0.0596587549  -1.8628151854  -0.9265273289   0.6707807714   0.1048532590  -1.3018836338  -0.6353913793  -0.4776858914   1.2056075107  -0.2504323903   0.8917734454   0.1116024148   0.0480534265   0.0056828833   0.0346306256  -3.3770137013  -0.3350502439  -0.1521401359  -1.3930646821   2.1509592983  -1.3506458530   1.0683691416  -0.2899822040  -1.4860052803  -1.9665392283  -0.1196266685  -0.1440939642  -1.3289306535  -1.7451761964  -1.5855500444  -2.2981764726   0.9967775129   1.1076663111  -3.3866819595   0.4520394314  -2.1436661221  -0.4450844744
 0.3821257878  -0.2052973254  -0.9906990685  -0.6433418509   0.3838265619   1.2460834326  -0.4610609745   3.3445540230   1.0091343237  -0.7368061812  -0.7212055614  -2.8673847690  -0.2619951183   0.7014958544  -0.2603623745  -3.7313008784  -1.8492237467  -1.8420477425  -3.7127589500   0.3938645858  -3.7702076066   2.6035788069   0.0771345525  -2.2734679102   0.0686076617  -2.2641739821   0.7160608053  -0.7668095455  -0.8654411151  -1.1089122789   0.8498989406   0.3703086108  -3.6243985567  -1.2239924193  -1.3193164996   0.4895569464  -0.6918562646  -0.9044902691   1.0556009024   3.3599697068
-0.7607092590  -0.8214989164  -2.2942419827   0.0728018634  -2.9613271432  -2.1499550047   0.3501778657  -0.1566848850  -0.5956940124  -1.1219214159  -0.5357631961  -0.4827244302  -0.2668436907  -0.2866444287   0.3613362258   0.2651777072  -0.8862561202  -0.6200252578   1.1288681428  -1.2850712340  -0.2224234250  -2.5856393619  -1.5998034205   0.6116020187  -1.5655373825  -0.0531921214  -0.4021680912  -0.8482288748   0.6275423083   0.5530349734  -0.1130868686  -2.2050628618   0.8445058976   1.1497321935  -2.3780218637  -0.3044095040  -1.8904841787  -1.8253852225   0.2019855868  -2.4425959607
-0.6349488545  -0.8539782687  -1.0195045110   0.9086917055  -0.5730061984  -0.1241170245   0.0996097757   0.0003001796  -0.1219541300  -1.0880917072  -0.4911096884  -0.5790679040   0.3911933928  -1.2188868296  -3.7148516085  -1.6284822641  -0.4900505698  -1.2231450284   0.0173625591  -0.0981580682  -1.9659910678  -1.9527380111  -2.7137713262  -2.4490477275  -0.6378862775  -1.5072408446   0.6282066241   0.2971103634   0.4416362033   1.2126859599  -1.5011337985  -1.3747346407  -0.1794466085   0.3979105882   2.1273068876  -0.9834133523   0.1732200394   0.7490595805  -1.8240671979   1.4465682600
 0.6435534258  -0.3364472306  -0.7681258030   0.7546931643  -1.8173112471  -1.4059729844   0.0030550345  -1.5542974497  -0.3348513268  -0.5004275330  -2.6995629109  -0.1161631622   0.4119831184  -0.8771635283   0.4475642627   1.2852733988  -0.9445678416  -2.6677849660  -0.2031351562   1.1153705365  -1.2532436473   0.7290406852   1.0013941571  -1.7190901465   0.7768521654  -0.7062939282  -1.9621286112  -0.0576739810   0.6783512551  -0.4102201824  -0.9526506379  -2.9415039667  -0.6984030399  -1.1097211426  -1.0116427983  -0.9590945624  -1.5270044141   1.2481955129  -0.9321351000  -1.0082832715
 0.1310568863  -0.2326721614  -0.9306340614   0.2888350219  -1.2641892851  -1.2075133292  -0.9265550262  -1.0062978082  -2.1901365680  -1.1654118660  -0.7520929836  -0.7584681343  -1.0672653396  -0.1691967730  -2.0159668534  -2.6053567532   0.5710676392  -0.3928499348   0.0204177582  -0.8860237139  -0.8669978323  -1.2512322632  -0.2003314521  -1.6463139706  -1.3812014974  -0.4666092670  -1.6637240415   1.0047742229  -0.6809962292   0.1956022788  -0.8223192812  -0.9309670920  -2.2075125707  -1.5712359340  -0.0839024422  -0.2496569082   0.0888051259  -0.2621878407  -0.8174263838  -0.4809754592
-0.3684358563  -0.3746809672  -0.0298744311  -0.6994055743   0.5685123081  -1.3302455467   0.5645419574   0.2401405950   1.8765574057  -1.6547873928   0.2737828512  -0.2981044141  -2.1692220789  -0.9868652501  -0.4319001302  -2.0311320355  -0.5570590805   0.2271342128   0.7195025721   0.0611758792  -0.5328091241   0.6756696673   0.5167466147  -2.1054314373  -0.9726643626  -1.5385094149  -1.1553383719  -0.3655414661  -1.3531431209   0.5002639945  -0.6059886547  -0.0432843582  -0.3575754071  -2.1845234254  -0.1823214712   1.9740311897  -1.3722391929  -2.1526522905  -0.3034283832   0.4766306972
-0.1880390955   1.6593156829  -0.3510597667  -1.5490510410  -1.1723831176  -0.9240642320  -0.9493557243  -3.1845268331   0.0048310420  -0.4800892263   0.0724559598   0.4201214594   0.0165779348   1.2773192908   1.2134190587  -0.8795697907  -1.2263309783  -1.6364597638   0.5115574807   0.2671935892  -2.4693987112   2.8067614735   0.5296090745  -3.4071493123   0.5012169396  -2.1959813117  -2.0430173524   0.3645193308   0.0652474953  -2.4746130266  -1.1525627828  -1.1581862807  -0.4472220765   0.2930120284   0.4790614632  -1.0227717465   0.1287884920   0.8388288849  -0.9765877242   0.8740072310
-1.0728365452  -0.6667349078  -1.5065485862   1.7835216335   0.4547675675   0.4129624871  -0.6652688285   0.5559138148  -0.9379864094  -0.3743067072  -2.3971836785   1.7398520774  -0.7820122095  -1.2689927016  -1.4426139182  -2.1822207588  -1.2863814172  -0.2432631594   0.9767983238   0.7583363195   1.5684704051   1.1821910534  -0.5175761001  -1.7765026916  -0.9740774520  -2.2420552994   0.3432340746  -0.4470481397  -0.5084788823  -1.4864156111  -1.0482347762  -1.8727928527  -0.9729245572   0.3426189964  -1.2389173418  -0.6625404197  -1.5860644761  -2.1060219393  -1.4829824958   2.2283699007
 0.2810696734  -1.8106636054  -1.3155272465   1.9187384071  -1.5470974691   0.4382144398  -0.1599232977  -1.3977063917   0.2522475628  -0.3148862473  -1.1574106349  -1.6283691389   0.6037025683  -0.5747664267   0.3555369048  -0.2273891098   0.9099411056  -0.4725419149  -0.5134258918  -0.3485619558  -0.0392322004  -0.0656448219   2.0066384876  -1.0530324516   1.0900117276  -0.8319535823  -1.2226451171   1.4967580738  -0.5033697750   0.1954000085  -0.7508802516  -0.9858648274  -0.5160819834   0.2671793153  -1.7477557952  -1.0348359155  -2.4205717117   0.2317444186  -1.0475978699   1.3469413789
-0.0659079046  -0.7656553947  -0.0783038438   0.9962793132  -0.6509705891  -0.0635901100   0.3969890574  -0.0522193087  -0.7227207087   0.0034653791  -2.0670693571  -0.6473583879   0.9991024719  -0.4001166985  -1.1521806814  -1.7358980853  -0.8761065359  -1.4619251475  -1.4052040395   0.0840134507  -2.4788302204   0.6283456700   1.1823420065  -2.4825395745  -0.2193507486  -0.5844018135   0.7295469597  -0.9547541132   1.0052188804  -1.3536215852   0.1668509823  -3.1586815012  -2.2521806123  -0.6388385000   0.7215175390   1.4816454583  -1.7208117937  -0.7234598635  -0.9784441209   3.3942483112
-0.9436886667  -0.6456285626   0.2465007832   0.4213992096  -2.3773121972   3.3139355454   0.5363754377  -0.2942680996  -2.1237063379   1.3368884416  -0.0497204687   0.4799925853   1.2361239678   0.9159768351  -0.4012193116   0.6060144632   1.3945078067  -2.5784748100   1.6465457317  -0.4483164762  -0.5735835697   1.6203168903  -1.3234450393  -1.3143903532  -0.8262183173  -1.1876103856  -0.8911376905  -1.9214958267  -2.2585884110  -0.8588807571  -0.7143519190   1.4326438082   0.0876820424  -0.8659439603   0.0180801502   1.0324014755   0.6597474930   0.3864564287   0.4983614740  -1.2932572419
 0.0868380960   0.5956976783  -0.0995889402  -0.3912288350  -0.3182575050  -0.5543979476  -1.7962171834  -0.6717112254  -0.3482188934  -2.5724721050   0.1996915941  -0.7432573708  -1.2701065710   1.2283485037   0.7858821983  -0.6230873697  -0.3527333475  -0.4322486510  -1.2403338527   0.1205767148   1.3113743723  -0.5010965884  -0.3808972866  -0.0834267789  -0.7592527475  -2.2600982940  -0.9061511916   0.3501046983   0.5618907725  -0.8450653550  -1.9735170881  -2.5365060711  -1.7357740417   1.4622081288  -1.6271743178  -1.7227668373  -1.5559272397  -0.3326212975  -0.7911363256  -0.5915225166
-0.7393295386  -0.7238637867   1.4273587076   0.0447303471  -0.5837463366  -0.5121981753   1.0890280174   1.4097039944  -2.0550486965  -0.3880587862  -2.9569764915   2.8910408154  -0.6333902174   0.5296961250   1.9138753665  -0.4784457602  -0.3901367580  -0.6127914984  -3.2339372255   0.7041450815   0.1750174714  -3.0780800626  -1.4532223290  -0.1096972423   0.5429892414  -0.7557498175   0.0639879084  -0.8947258168  -1.3584737844  -0.0291862885   0.5292272606  -2.2178834803  -0.8609829525   1.3807308629  -1.5461834266   0.3576538633  -0.9924720412   0.2881073112  -0.1406506892   0.9539859811
 1.3406992766   0.4316683450  -0.6855240548  -1.0890886068  -1.0843433908  -0.3311516108   0.5426931866  -0.8220049467  -0.8602586719  -0.7663364803   0.3516059908  -0.4878584481   0.4368570775  -0.1789988691  -0.4129714806  -0.3981264455  -1.5356959714  -0.5646458176  -0.4228229743  -0.8212703518   0.0646535766  -0.8348830648  -0.9524391279  -1.3741337838   0.4969601395  -0.8744914331   1.3933705500   0.1001118614  -0.2868590239  -0.9056625762   0.2450768455  -0.9851930425   1.1584072485  -0.0496620164  -0.3779306599   1.0522894968  -0.2459600180   0.3952827062  -1.7553865418   1.1061987757
-1.6510840771  -0.2974381660  -1.1182251142  -1.8519048343  -0.6150337309   1.6888340463   0.5198981791  -0.4021883292  -0.9576110357   0.1268521114   1.1436472811  -0.4030350155   0.6583129695  -2.0924473291  -1.4640514823  -1.8550614048  -1.0463339990  -0.2765711047  -0.8743952597  -0.0633575125  -2.4319139098  -0.0077092965   0.8977949207  -1.0213338178   0.3915706113  -2.7216336352  -1.4435952582   0.1460948705   0.9815584307  -0.2192453153  -1.4891078734  -0.7871747036  -1.2314926325  -1.0590162905  -0.7512885735  -1.0727911045   1.1498724063  -0.9401640275  -0.6809036378   0.8581939375
 0.4694136628   0.2067203365  -0.6460057756  -0.4345118588   0.0596748073   0.3356389755  -0.7767334309  -0.8751673895  -2.2911075032   1.2881382541   1.4592309166   0.1080525476  -0.2416759597  -1.9450083578   1.8381724635  -1.6767958007  -1.0409298590  -0.4050935349  -0.1219100033   1.2143916144  -1.4043307605  -1.3833450391   0.2787934240  -3.2508434869  -0.0298863823  -2.5338906777  -1.3975780827  -2.2185228997  -0.5476688539  -1.5300072523  -1.4109469150  -3.2510634354  -0.9021387681  -0.8993354251  -0.7451100877   0.5443118451  -1.8847141297   1.6216956908  -2.2505837582   0.5832497118
-0.4357178900  -0.1489506883  -0.8637943793   0.9658736217  -1.1143169630   0.3168168404   0.2602816354   1.0739403507   0.0580748469  -2.7052699996  -0.9985785331  -1.3831194570  -0.2734584295  -0.2036044097   0.1292185736  -1.7224424417  -2.1953176161   0.1671687114   0.4393205933   3.5508983108  -0.3196188889   1.2406940606   2.1477654054  -1.0539326417  -1.0220495433  -1.7681294830  -0.4350048971  -2.1352545767  -0.5549689173  -1.4580466832  -0.0006593704  -1.5746074804  -1.3243635051  -1.5739285469  -0.6197048209   1.3064584888  -2.2018887767  -1.3763780909  -1.7072310534   1.2298807533
-0.2113439059   1.0309380850  -0.0095280872  -0.5629714606   0.2907046077   1.0300263708   0.4145052674  -2.1912335350   0.8615446313  -0.9019450489   0.4436928820   0.5110300676  -1.0018591244   0.9436665565  -0.4105100422  -1.2123678287   0.1778866254   0.1584051382   0.1403556137  -1.8451518053   0.8027198053   2.6194024219   1.9054952650  -3.0502205341  -0.3655974115  -1.1228211857  -0.1328074727  -1.6777052276   1.0250633008  -1.6362119260   2.0989927518  -1.8420866505  -0.2499696478  -0.6912925142  -0.7404382207  -0.3494861947  -0.7097475583  -0.3459065755  -2.2600944897  -0.3425002247
 1.1016521933  -0.3692395794  -0.4232902965   0.5742064691  -2.0533428888  -0.5228016831  -0.3254828386  -0.0122265926  -2.5145293318  -0.2410029530  -1.5864343995  -0.4306544097  -1.1655209716  -1.8562907168   0.5453437597  -0.2608235459   0.2754117498  -0.5401720966   1.2402887653  -0.2720332202   0.6959858379  -0.8177019918  -1.2253275060  -2.1362649114  -1.4124636382  -0.8466800283  -1.9520944736   0.4693525520   0.2763591103  -0.0404006607  -0.4146551859   0.1370365129   0.5339713320  -1.3222934794  -0.9277803145   0.3119793075  -2.6021149567  -2.1078893087  -1.8931827785  -0.2129275565
-0.1233894050  -0.8416049245   0.5395653671  -0.5232396243  -0.7924201695  -1.9227490670  -1.2030831692  -1.7826857627  -1.5363997447   0.0193027379   0.9515287347   0.5479237276  -1.2837200155   1.1628430248  -0.2014938788   0.2843221968  -0.8331252834  -0.7483683195  -0.5478718252  -0.8420099188  -0.7320266453   1.6498056411   0.7808680753  -1.5882915859   0.7961272431  -0.6037558075  -1.0287647120  -0.1719721872   0.8540835335  -0.1607075685   0.4557665749  -0.6400546458   0.4197914342  -0.9355543988   0.5868305209  -2.8293629634  -1.1839281472  -0.4862509295  -0.2434258782  -1.4204295939
s2
 0.4117874646
-0.2030700399
-0.8930403827
-2.2399611631
-2.7157575309
-1.6760276270
-0.3880864642
 0.0955552451
-0.2214354018
-1.2087084808
-1.4049657714
-1.1514218226
-0.3357043749
-1.2245836977
-0.3560818210
-0.4217099428
-2.1551271399
-0.7873294049
-0.4879032918
-2.4506950311
-2.9300151419
-1.7609250213
 0.1962745750
-2.3373602553
 1.0853401763
-0.8222128172
-1.2516044291
-0.5155441906
-1.8736935505
-0.7767881917
-0.9396429802
-0.5870215514
-1.4181253733
-0.2538803150
 0.0038044950
-0.4028648707
-0.3217511321
 0.7241405339
-1.2542133055
-1.0112687174
w3
2.0357476051  0.8012115048  -2.0784819227  -1.0742027838  -0.7531423852  5.4635825708  -0.0947984268  0.9147588173  -1.6986501558  4.0907822560  0.8404036210  -1.4966672315  1.8400833928  1.0896459940  -1.5224850885  -0.6329870678  -2.4822376806  0.5851418076  -1.1448288122  0.9631623736  1.8628261178  -2.3535212735  -0.8344291246  1.6698576453  -2.0512112810  -0.3590922706  -1.3269794033  1.2940811531  1.4809227392  0.7140379409  1.1785261695  0.6000674284  -0.7748955839  -0.6553117809  0.9402678544  1.2116960308  1.2688937841  -1.5532865425  2.4405672156  -0.2243429239
s3
1.1752273217

