layers: 4
str: {2,40,40,1}
w1
-2.9785605272  -0.2690920645
 0.8545247956  -0.8022256731
 1.8633462851  -1.7650677587
-1.6708357860   0.2020039091
 1.9861380758  -1.8339668800
-1.6316649873   0.5184265160
-3.4500839078   1.2748196515
 1.6448522029  -2.0300215456
-1.9946194152   1.6159122572
-0.0233230138   0.0958682632
-0.6875628436  -1.2709571351
-1.5490086855   0.6605658014
 1.7916766551  -1.5754969371
-2.5849854252   0.0511054740
 1.6025995866  -1.0600237527
 2.2665224266  -1.8972105110
-1.8141357208  -1.2358126990
-2.3981410946   1.1132828171
 1.9128316738  -1.7811255871
-1.2534699794   1.1900072779
-1.7760072799   0.2298098679
 2.6973383888   0.1609139170
 1.0251116581  -1.7688528165
 3.1931828805  -1.0769149496
 1.9560336836  -1.5840995482
 2.1999798543  -0.6418396631
-2.6154199097   0.1424525848
 1.1697352088  -0.9100593799
 0.9681673005   3.2049567527
 2.0835403450   0.5967305930
-2.6862235103   2.2109004402
 1.9436439472  -1.7643893994
 3.0664557131   0.7554295528
 1.5845017867  -0.5242602549
 1.4624944495  -0.7316781060
 3.0280310485  -3.1650058833
 4.1705087652  -1.9887324633
-1.6886792861  -1.6370692036
 1.6576801035   1.5815870917
-1.6029441863   0.9536222864
s1
-0.1231337021
 0.0037311308
 0.1105381192
-1.7279224174
 1.3458809411
-2.1004667030
-0.2104316068
 0.5552242559
-1.6187762991
-2.2977790427
 0.7450285669
-1.9739663113
 0.5243608712
-0.9139269502
-1.0289864438
-0.1030610915
-1.9608720906
 1.3260779032
 0.9496354784
 0.5274255481
-1.2447186180
 0.0802698252
-0.2154938070
-0.1255787678
 1.7737741094
 2.4932346134
 0.2405928328
-0.0225305176
-1.1328183244
 0.0874157903
-0.6768442862
 0.5498031476
-0.4794424941
 1.5600068889
-1.9611018391
 0.9726296507
 0.6337817350
 1.5561227891
 2.3787596421
-2.3824480372
w2
-1.4296366430   0.7570725088   1.0897971208   1.0249370099   1.0142460750   1.8280596297  -1.9055201350  -0.4606992770  -0.2533306917   2.0250957952  -1.3309607255  -0.2174631784  -0.7623133651  -0.6375468916   0.9895205796  -1.7879990760  -0.5785953968  -1.3146934105   0.5013622953   0.5033921005   0.2708715592  -0.8271119848  -1.3581236089  -0.7363153865  -1.5415182802   0.5667661690   1.3717348145  -1.4741419798  -2.5126417408  -0.4702232783   0.4489439267   0.2534254591  -0.1057570556  -1.0186671916  -0.1942917690  -0.2343373112  -1.2599677066   0.2958773023  -1.4223396488   0.8485384158
 0.0394525443   0.3971461873   0.3807795916  -0.1782311573  -0.9109067818  -0.4421560183   0.8484935582  -1.5082828975   0.0871458923   1.2205426328   0.9942196941  -0.3231444372  -1.7892124932   0.3004458043  -0.2959183324   2.3126649282  -0.8965326068   0.7656817462  -0.7097173175  -2.1016186455  -1.2569431912  -0.8412633675   0.3242874054   0.7839200104   0.7382497486  -0.9377533948  -2.5318260399  -0.0349005502  -2.3515944111  -1.2516219343  -0.7911619775   0.6651890311   1.4538081541  -0.1114055886  -0.4166668243  -2.0523076520   1.9580555668  -0.2044883722  -2.3655316982   0.0083768102
-1.8450774657  -0.4645361772   0.0352180446  -1.4007026694   0.2883139194  -1.8283447475  -0.7093691044  -0.6407217685  -0.2861407408   1.6084344982   0.9740814065  -0.0793647855  -0.3671767998   0.5645362612   0.0503754246  -1.3047834836   1.2714485784  -2.0077720537   0.2812170816   0.7690588229   0.0042819068   1.3779933740   0.9147825508  -0.5928498501  -0.9858977771  -0.6436449462  -2.0846966892   0.9603531778  -0.7487241943  -1.2152200310  -0.8035805884   1.1906701449  -2.2591855708   0.2046090068  -1.1621608150  -0.6247788310   0.6207525406  -0.0273536335   0.2193954565   0.0509113273
 0.1764748001  -0.4155693939  -1.4787237782  -0.5141030083   0.6418392209  -0.8391559193  -0.6354632099  -0.4086278729  -0.5377755803  -1.7495303787   1.7662513170  -0.5098297688  -0.8100838441   0.2237748629  -0.0610692002   0.2506878433  -0.0068635118   0.8192742034  -0.6856625447  -1.2220994719   0.8786952319   0.2229567633  -1.0329802719   0.8280355646   0.4719204801   0.0291435385  -0.1237821156   0.2856402686  -0.2473576737   0.5182499520   0.6981731991  -1.6398297870  -2.7108867193  -1.0693271654   0.2482276143  -0.4558728405   0.6950099965  -1.4456464882   0.4803603572   1.0880769979
 0.2734693291   0.1260473064  -0.2887063964  -0.2893521368  -0.2833415653   0.3048370554  -1.2270507672  -1.0542137347   0.9966634907   0.9096496856  -1.0457519229  -1.1198160663  -0.2583057772  -1.7577233614  -0.0762065723  -0.7767828395   0.9696083296  -0.9416017506   0.9265989466   0.9231160206  -0.6985045958  -0.3089248596  -0.0354626317  -0.2029493770  -0.4453277434   0.0555150864  -1.0124252526  -0.0598660796  -0.7585364000   0.0745552530  -1.3465803681   0.4974140890   1.0509707120  -0.3778923805   1.2256824988  -0.9075248187  -0.0672132097  -0.4384136591   0.2154970136  -0.6123357670
 2.1631180008  -0.7151783678  -0.5910186175  -1.0710234464  -2.6091637536   2.4092395570   0.0039763813  -1.1757144291   1.2388582356   0.9514921941  -0.9209322018   1.1494106500  -0.1783606025   0.4858608906  -0.2742544068  -1.2861360723   0.1558900238  -0.4600523537  -0.8201739397  -1.1026714982  -0.4706340293   0.5684840332  -0.3088573751  -0.1468305126   0.0816547053  -0.7692448942   1.4580620222   0.1412707710   0.0158928710  -0.3167458793  -0.1305980152  -1.3326360750  -0.4218855599  -0.5192646900   0.4342593364  -2.3511992297  -1.7114298838   1.0906442635  -1.1933591174  -1.4982043152
 0.6716148526  -1.1079005039  -1.5003795232  -0.7711618079   0.8670057949  -0.3109855787  -1.3369040059   0.4450071795  -0.6969931852   0.2945102669  -1.7615585441  -0.2599789229  -0.6124706788  -1.3205856951   0.6553352527   0.3470718853   0.2150417168  -1.2685191626  -2.8206495000  -0.2951507492   1.0176927759  -2.3753139893  -0.7141205193  -1.3128132431  -0.4140754458  -1.1520225077  -0.6931349418  -1.5518471025  -0.4692116626  -1.0412354735   2.1433006228  -1.7032595627  -2.1363765111  -1.2985779786  -0.8038057058  -2.8081407843   0.7699255865  -0.4106919335  -1.5864839816  -0.2507245545
 2.8580973887  -0.7905971899  -0.4742451192  -0.7731850857  -0.0100031756   0.5447452916  -1.0846075726   0.7109387328  -1.8307035820  -0.5380797543   0.0802988480  -0.6091277983   1.8923196476  -0.8160951021  -0.3078628096   0.7193312754  -0.0656477484   0.4108740614   0.9359982775   0.5847485064   0.6767530046   0.1501605310  -1.7226743917  -2.4276476822  -1.2743725406  -0.1333815962  -1.5558268638   0.2298427260  -1.8164314984   1.0659619028  -0.7710422995   0.6927144823  -1.5166746179   0.9505327786  -0.5450801326  -0.6470690927  -1.5189755161  -2.6495442313   0.7466138809   0.8833865099
 0.9560609352   0.2667629398   0.0491839000   0.6636259191  -0.7802961461  -0.0484564381  -2.1901817505  -1.6969108760   1.3890987687   0.9277586523  -0.8576796871   0.2177498502   0.2570922065   1.0022879887  -0.7474159435   0.6730519918  -1.7927813185  -1.9129025341   0.6480374349  -2.2828430822  -1.5737959075  -1.2276331391   0.3803053031  -0.8419415463   0.7924104817   0.0036960316  -0.8715253280   0.2568580851   1.5596629021   0.2690139388  -0.6293510520   0.9600350578  -0.9778917049  -1.5584195930   0.2285215628   0.6418210099  -1.2061255718  -1.0408470821  -0.3639306307  -0.0281003216
 2.1757239003  -0.8130533489  -0.9003428450  -1.4115872682  -0.9364455499   0.2698842712   0.2174394785  -1.1726267539   0.3501248493  -0.4583444809   0.1556925488   0.1243670228  -1.2650834527   0.2486463758   1.1147944554   0.5625541347   0.2089161947  -0.0795821555  -0.0346564217  -1.7369239319   0.1808254879  -1.7305495773  -0.4479612174  -0.3355535314   0.1309130212  -1.5225438287  -1.9216437155  -0.2431214671  -0.8866070050  -0.0612516851   0.3411745480  -1.3707035758   0.0402407865  -0.5075206662  -0.8932675978   0.0640654438  -1.9125351228  -0.9657448516   0.1716576386   1.0810407759
-1.3798214031  -0.3648211461   1.6274142841  -0.2619126771  -1.4100362627   0.7959934994   0.4077797040   1.5510387971   0.7866069116   0.3221613680   0.7645472242   0.4822626873   0.1573073285  -0.8998227687  -1.0287106919  -0.6833682609  -0.1985075907   1.3883358928   0.5464203157  -0.7551554916  -2.4529152746   0.0472757133   0.1124188146   0.1880557704   0.0782608393  -0.1403956190  -1.3209350623  -1.2334001283  -1.8014489099  -1.2987029554  -0.6528700767  -0.8432439713  -0.1505158860  -0.9118873860  -0.0825061513  -0.9810473918  -1.3910695675  -0.3333066375   0.6847132400  -0.1976620549
 0.1594220658  -2.2009511002  -0.5136883666   1.0596268468   0.4682108277   1.2968097082  -0.7089100652  -1.1611696740  -0.7580045452  -0.7238557956  -0.3456447184  -0.1174548899  -1.4392862142   0.9503653764  -0.7505878932   0.0115019377   0.4691245437  -0.0286313911  -0.5023613694  -0.6562706218  -0.8911398336   0.4110277091  -0.7484004223   1.0737973007  -1.3353131961  -2.5430818805   1.0615893916  -0.0485642735  -0.8724119697  -0.8853228547   0.6057019777  -1.8670065620  -0.3014617891   0.1049303778   0.0756432076  -1.4932490561  -1.9147160461   0.6610771359   0.2213842344   0.3137028055
-0.9649744490   0.7406430222   0.4385993342   1.0246840242  -0.4668827721  -1.6112265465  -1.0533077380   1.0048420481  -0.5039091735  -0.8095259061  -1.4396518836   0.2356810187  -0.5630770091  -1.4090222367  -2.5195509934  -0.4567114397  -0.8420570709  -0.1934254269   0.0069212466  -3.0927176208   1.2145737684   0.8057491804  -0.3532899931   0.3902735617  -2.1753434705  -1.1417014326   2.1996762214   1.2556010339  -0.1869794917  -1.8188294819  -0.0641915351  -0.3983836681   0.9986649160   0.2813965953   0.2247355360   1.7712972918   0.5965945725  -0.2027367905  -1.1252965720  -2.8521347810
 0.1661075235   0.4593926318  -0.7096168645   0.6478879367  -0.5019034187   1.5646919527   1.2822424345  -0.8181854019   2.0369352633  -2.0373048252  -0.1086147217  -1.2563240785   0.4183264896  -2.2738423297   0.1230598636  -2.2548414666   0.8772823146   0.2983376606  -1.8933673196   0.1443046256  -2.2705529740   0.9917295115  -1.3147984151  -0.8374158330  -0.6712347464   0.1012888257  -2.0904767940  -1.1937253075   1.3232536520  -0.4650322695  -0.2764136666  -1.3421582832  -0.2740549087  -1.9253961794  -1.5476744185  -0.7557932446  -1.4583917546  -0.2186833065  -1.0031862169  -0.1640319707
 0.3022970949   1.3829126991  -0.2313819083  -0.1522357077  -2.0065008234  -0.6139517271  -0.3684402230   0.1126231071   0.9384396892  -3.4754329587  -1.5719282407  -0.1501161118   0.1013801867  -0.1642269842   0.4942291753  -0.7326643448  -0.3587720713  -1.0241499644  -0.1327237265  -0.9603630811  -2.1325360627  -0.4600777717  -1.3061564257  -1.0012448729  -1.5392794528   0.1262738115  -0.5661086074  -0.0760931739   0.2871529199   0.0103330308   1.3203797448  -2.1456821749   1.0925583773  -1.2621530133  -0.8784323584   0.4622272715  -0.5634357324  -1.2152632848  -0.4170262787   1.5469788887
 0.6889708565   0.5849125739  -0.4391622349   0.1765275956  -0.8788329059  -1.1617474660  -1.7419835575  -0.2926617112   0.7042628959   0.7704973114   0.5260245707  -1.4151799585  -0.1635399156   1.3491712567   0.7516122609  -0.1535157333  -0.5580771923  -0.4694722939  -0.9852510963  -1.9683506345   0.1501214076   0.0075709942  -1.2290592671  -0.7363720275   0.0882076982   0.8705860404  -1.7743406006  -0.6225540378  -0.1180628855   0.0574526138   1.5400731035  -0.7936613288  -0.3673209243  -0.5474758300   1.0966336192  -1.2600175904  -0.7989153714  -1.0473949807  -0.2295629827   1.5638312356
-0.6776392120   0.0459251369  -0.1784486119  -0.2553946722   0.3355174175  -0.5416157535   1.7904064609  -2.0487890823  -1.9866182071  -0.3865986023   0.4386098752  -0.1096310930  -0.3534679828   0.8801696508  -0.6982795654   0.4049769291  -0.0904584804  -0.2295842853   0.6563258469   1.1586766517   1.0724458980  -0.9336807445   0.0413248520  -1.3851158526  -0.7768279704  -0.4807020601   0.0996787544   1.6932164133  -0.6305025747  -0.8417922863   0.4177787586  -0.6473651356  -0.0000478732  -0.8340156019  -1.0896392710  -0.5477376451   1.0586719949  -1.4346792330  -0.9526365561  -1.4411049307
 0.6211056894  -1.4770593928  -1.3715656774   0.4449222589  -1.4970406251  -0.2796684119   3.1652782995  -1.2973634255   1.4447928776  -0.0705765915  -0.5158004392   1.3445063026  -0.2627851589  -0.2872150477  -1.0009729166  -0.8695767734   1.3432879920   0.1170414029  -2.3399454628   0.5528527552   0.5721437660  -1.1608916257   0.3215731622  -0.2754313408  -0.5477156500  -1.7430693262   0.6344480994  -1.3342388398   0.4489854771  -0.3797188628  -0.0790863304  -1.2441044501  -0.7542341839  -0.8376649643  -1.0471228253  -1.2923288867  -0.7579246230   1.7953006637   0.0457322061   0.3763598757
 0.1422894360  -1.6904801162   0.0299136130   3.0023694222   0.2548538305  -0.4507269005  -0.6188990844  -0.6314384507  -0.0385154155   0.2074355329   1.6040824493   1.3039723472  -2.1774085172   1.8907952579  -1.3124006171   1.3814662439  -0.7816902767  -2.6512180819  -1.3949082160  -0.0198394577  -0.3168103105   0.3323859507   0.2646614557   0.5121924663  -0.4801875768   0.0711384827   0.4160784414  -0.2343498129  -0.4301154149  -0.8092362638  -0.4999405956  -0.9243795537  -0.1277205798  -1.3028356461   0.5717328873  -2.1023331974  -2.8470584638  -1.1267627967  -0.4877461521   1.0952349872
-1.8695569752   0.9373065577   1.1670834177   0.7315208781  -1.0861204247  -0.0289666939  -0.0017429769  -0.7574572192   1.4605300268   0.1810633274   0.3303423562  -0.9139215141   1.6313986900   0.9788601458  -0.8690927477   0.3844906367   0.9838689217  -0.2789025226  -0.3738336927  -0.5030202690  -0.6379888492  -0.7135426427  -0.1218462933   0.6328951799  -1.2303530474   2.1748487958  -0.9153264490   0.7178679343   0.1759576126  -1.5837026505  -1.3076931143   0.0054098176  -1.4108791626  -0.4613013327   0.6434117249  -2.8566617448  -0.9550493593   0.2129135466  -0.1659463717  -1.1847209864
 1.8009076196  -1.0074888080   0.1642795160   1.0141399327  -0.8557706269   0.3060548602  -0.3209398922   0.1670950610  -1.7621044088  -0.5370589541  -1.5170935052   0.9908501317   0.3620592570   2.2723587577  -0.0250417000   0.3666266478   1.1421405942   0.1635834863   0.0633219718   0.4453891248   1.8176381275  -1.4541798622  -0.1276022430   0.1386553810   0.4080629283  -0.1512914583   1.1801809073  -1.2008332113   0.0291832335  -0.8802303541  -0.7456536841  -0.7648293508  -2.5872992314  -0.8584537968  -1.5081251005   0.1357324811  -1.6273899420  -0.6570245102  -1.0308227157   0.2559331489
-0.7626249993   0.4659541318  -0.3795662794   0.4267532841  -0.4110704860  -0.9723295374  -2.9848513960  -0.4003295500   0.2771479272   0.0727313920   1.1801457407  -0.1046196308  -0.9848912095  -0.3401382964  -0.5485590796   0.6698980020  -0.5486152934   1.0189980773  -0.5177825501  -1.3424288623   2.2535911078  -1.1177084306   0.3307253244   0.1388760330   0.9044321311  -0.7239104048  -0.4633869755   0.0103527354  -1.0477765827  -0.6672060626  -1.3667324232  -0.6871817772   0.3673084557  -0.4483900191   0.3572943518   0.8025759813   0.5082067925  -1.1403934317  -1.1502395101   0.9109931977
 0.9689639129   0.0485252683   0.8624008302  -0.0524504520  -1.0382124452   1.2725048687  -0.7122947725   1.6886643860  -0.4689299733   0.0080467975  -0.0655782058   0.0406372694   0.1553243004  -0.5923505144  -0.1925320999  -1.0552159380  -1.0010436412   0.5337361377  -1.1756569633  -0.4468200098  -0.0958007569  -1.2790048624  -0.6691748570  -0.9580829862   0.4610953831   0.1940406005  -0.7342148971  -1.4685184222   0.0761713483  -1.4556000144  -0.8537142720  -0.9126306783  -1.3418099446   1.2899044832  -0.6043142213   0.2853158032  -0.7053101328  -0.6807866449   0.2584703316  -0.1087617489
-1.4179073635  -0.2286783845  -0.8098098946  -0.6521267145  -0.5652487733  -1.8813841891   0.7550748933  -1.1650992067  -0.7552733299  -0.0289597373  -1.1160012913  -1.5715092084   0.4418028702  -1.2292974950  -0.1589463104   0.4705502815   1.3885283185   0.1664893604   0.1946599107  -0.3807362534   0.8035786228  -1.2310989095  -0.8635478151  -1.2590070096  -0.9829585042   0.6325381748   1.2238118631   1.0203995226  -0.0306992131  -1.1227670372   0.4877939173   0.5182953430  -1.0913133849  -1.9798756047   0.2033872653  -0.7660290302   1.6453332027  -1.6283200551   1.1901269325   1.9501420269
 0.3584755365  -1.2454838582  -0.9111792682   0.1042664520  -0.4600608983   0.8646862142   1.9652062248  -2.4945507381  -1.0622394637  -0.1667901186  -0.0902411073  -0.5304327636   1.0323324558  -0.3474890316   1.5068069357   0.5123062471   1.0955161956  -2.0691054090  -2.7197431133  -1.1378314356  -0.4053445872  -2.6846014330   0.0842541590   2.4544865319  -1.9391263061   0.1194190994   0.2179437352  -0.3424205321  -2.0368257805   0.7398593550  -1.1859090990  -0.2434666391   0.6271193906  -1.5495148700  -0.3801888758   1.3930113652   0.0838895193  -1.5395490182  -2.0216232194   0.1320102129
-0.0111878209   1.0834513737  -0.3428977431  -0.6257912422   0.5632813166  -2.4357470446  -1.0907220057  -1.6195805388   1.0291289618   0.9212015147  -0.1756926072   0.2763625271   0.2682298624  -1.1746880349  -0.4808949936  -0.9566347626  -0.2485569139   1.0699126701  -0.1025872541   0.9651651810  -1.2167154315  -0.3816214535  -0.7890434627  -0.5518851881  -1.5183629130   0.2448779033  -0.7165695038   0.4091665119   1.3477007056  -1.8245393075  -2.0577100402   0.2363777923  -1.1122805128  -2.2887729827   0.2863788519  -0.4921490400   0.5354372045   0.4307014007   0.3872316552  -1.1001120736
 1.2413070572   1.1574837841  -0.2204688108   0.3147806196   0.8981746535   1.7443339515  -0.7110830391   0.4289127125  -1.0202395136  -0.4824513163  -0.7013165197  -0.9092489160   0.0393067093  -1.7779593891  -0.4861911937  -0.9448497542  -0.0778126072   0.2891578391  -0.3354708840  -0.6158158070  -0.8091909993  -2.1898617490   0.1583553914  -0.7194521520  -1.1702112861  -0.2568864548  -1.8799993194  -0.5543549073  -0.5391324503  -0.8655491840  -0.4583809353   0.9529333309  -1.2076165773  -0.3787767452  -0.3393271485   1.6706707898  -0.2853686065  -0.1076719002   0.5082864809   1.4270960593
-1.1162268137  -1.5756049311  -0.7721227691  -1.3790721321  -0.9988139839   0.4030052018  -0.2900165891   0.0987439935   1.5977133466   0.0089492089   0.4166647842  -0.7088528713  -0.5089792741  -1.2831867574   0.5628205426  -1.9266715004   0.1792842017   0.5579207761   1.0209729839   0.0442749139   1.1701077676   0.4484990955  -2.3067488632   0.1501785858   0.5834100846   1.2463968439   0.0490980888  -0.2969026614  -2.2155069970  -0.5785486446  -0.2441673190  -0.9508313745  -0.5320109136  -1.9088396212  -1.8039685020  -0.8566684000   1.0468735425   1.3756123756  -1.4672422002  -1.1542911893
-0.3966981802  -0.3273476636  -0.9611157542  -0.2885833434   1.1506245916   1.2353456666  -0.8871144963   1.3490683789  -2.5437503660   0.2237693279  -2.2872614770   0.3818434973  -0.2542502067   0.6184052577   0.3174107234  -1.4017409637   0.1050883320   1.7389547089   1.1926789271   0.4245767006  -0.7509981235  -0.2909528299   0.7631180900  -1.6693171687   0.3302508825   0.4988535565   1.0449873785  -2.7655230808   2.2278199103  -1.0399942036   0.1689800839   0.3971319804   1.4053494860  -1.7850957672  -0.6512756097  -1.7344327959   1.0674068627   1.1476771301  -2.6595486880  -1.3131546973
 1.6273767461   0.5964082259   1.2336534245  -1.4303276229  -2.1169122145  -0.6434465187  -0.6793913209  -1.5054586387   0.3995427249  -0.1607454934  -0.3602391544   0.5069114476   0.2505566781   0.2095529344   1.0057503096  -0.2333699330  -0.0081040532  -0.9338279689  -0.0590203104   0.2437076859   1.1223062791  -0.4815967352   0.3712195025  -0.1039457825  -2.6822344173  -1.3085168804  -1.2030796506  -0.1528141015  -1.3922192977  -0.1831749010   1.2935299957  -1.6698118477  -0.6719739426  -0.1878696058  -1.2080485306  -0.1727634291  -0.3553301271   0.1363689591  -1.6055005249  -0.7407977613
-1.9140884927   1.4295341162   0.3666466003  -0.7701374361  -0.3286887192   0.9456216737  -0.4700194203   0.4267873278  -0.0288164099   2.0624608168  -0.8654816678  -0.3615629829  -0.2687314725   0.0978872248  -0.8148390195  -0.9572552974  -1.0260285268   0.1299326510  -1.8483336158   0.5475657919   1.6845167822  -3.5014919915  -0.2295811512   0.8147451858  -0.0873691311   0.1587649330   1.1356132540   0.2847858787   0.0131800252   0.5570515714   1.1549103532   0.7452799083  -1.4335220386  -1.8702989765  -0.8396775623  -0.0514020723   0.3459724307  -1.0417138440  -0.4977202647  -1.6033081774
-0.3011449041  -0.2585122189  -3.5792417465   0.6548975391  -2.2528976639   1.9673935683  -0.5453904319  -1.6927791420   2.0414123210   0.1313549197   1.9780075545   1.7100511610  -1.3851832590   0.8054385517  -0.4209679450  -1.4351060807   2.8342475527   0.1237282624  -0.9511536397   0.9455182104   0.0228454348   1.0529303988  -0.0871904243   0.4111028584  -0.9390935534  -1.3671868707  -1.5938312595  -0.0907361401  -0.3230804280  -1.6467430340   0.0939880261  -0.4066311496  -0.6049599454  -1.7961947333   0.4864098058  -1.9320611443  -0.5216061976   1.7536541146  -1.5186500703   0.3395586609
-0.5622685962  -1.1073606779  -0.6691168562   1.0758180746  -2.4719946316   0.7470474635  -1.0384830470  -1.5924792107   1.2816227139   0.5000080725  -0.6468899011   0.8068697857  -1.0376077160  -0.1659144448  -2.7584956190  -1.6561054431   1.0662498837   2.2212012174  -0.6980102505   1.1715412944  -0.2135248761   2.2669475478  -1.0843863801   2.4869777105  -2.5525680619  -1.8630134279  -0.4901016127  -1.0272500156   1.1954137325   0.6647644284   1.6360983079  -1.7128347452   2.7505049411  -0.6633953707  -0.2323825130  -1.0610760061   3.0070035122  -1.7872351921   0.3620988120   2.5953922331
-1.9713254570  -2.3112900548  -1.0883926015  -0.4508086742   0.2817525181  -0.1741609330   0.4237133625   0.4637865435  -0.6097309304  -0.1860019186   0.1010697549  -0.1380222438  -1.4137465869  -0.7554188195  -1.2123640094  -0.5416738648  -2.1710504373  -0.9483129406  -0.1012495306  -0.9654155431  -0.3558302062  -1.8631607974   0.1572745454  -0.3183646832  -1.1930409866   1.4757231234   0.4858907350  -0.9336679928   1.2223179670  -0.1951445008   0.2083636963   1.2828238007   0.7645895204  -0.0077660508   0.6200111269   1.2275417431   1.3772328875   1.1862442888  -3.3129886671   0.0021856622
 0.6660711466   0.0314662395   1.9980063585   0.5396688265   0.0443366677  -0.3460456009  -0.4278943547  -1.1140461859  -1.1753938492  -0.3542714103  -1.6766275460  -0.6571065727   0.1371688367  -2.0796185330  -0.6788996782   0.3267848210  -0.5140788259  -3.3722966449   0.3835665781  -1.5065132098   0.4921149367  -0.1626908979  -0.3652652674  -0.5320444268  -0.2068714964  -1.9490119594  -2.0071898817   0.8371339184  -0.2263025524  -0.4971185331   0.1278516782   0.2983434632  -2.5987335603  -0.1231418355   0.1943644238   0.0118050262  -0.1628156213  -2.4816274732  -1.0630645941   0.5664137796
-1.8200103787  -1.0848735759   0.2452488343  -1.4241569947   0.7304310716  -0.0670422725  -1.4309036980  -0.9511798916  -0.8131064479   0.3440056153  -0.6176989986  -0.8455837067   1.0592229431  -2.0259018539   1.0814153612   2.4251193309  -0.2949679422  -2.9882349615   0.6819278195  -0.8918681361  -1.4992617076   1.3653896124  -0.5931152875   1.9363540470   0.4307108670   1.2535429464  -1.2742821029   0.4652071150  -2.0077829023   0.5438888347  -4.0201207068   2.1354034077  -0.3544573198   0.8237804616  -0.1969856813   2.0663244224  -0.0127276589  -0.2216395960   0.4097991211  -0.0828144623
 0.2044491208  -2.0868113144  -2.0590929002   0.4517478953  -1.8299128727   0.8069360389   1.8695878596   0.4183198199   1.0464207440  -1.1441002582   1.1280299397   0.2431749781  -1.0240204756   1.1809109744  -0.3772217517  -0.9420474819   0.8860056399   0.5126579849  -1.1331428181  -0.6260757285   0.0193762724   1.1468492283   1.3112239286  -1.5313574017  -0.6816533139  -0.8115927105   0.5540147248  -1.4661955803   0.7917833488  -0.0283211387   0.7662334667  -1.8144208309  -0.3326370678  -0.5584349790  -0.8750909816  -1.2456999502  -2.8348116381   1.2429047328   0.0500138010   1.6476705162
-0.3614229233   0.4543993285  -0.7171888820  -0.8240645635  -0.5734910069  -0.7916744283   0.7293568551   1.7346441946  -1.0164805824  -0.3264899121  -0.7814032822   1.3816731329   0.3367554952  -0.1863338782  -1.8464551632  -1.3195343896   0.0306770050  -1.0333345404  -2.4865109614  -0.5974284761  -0.4259997532  -0.2757755960  -0.3295543707  -0.1488572361   0.2173549362  -0.2251331346  -0.1170594761   0.5476230645  -2.5774980573   2.1150094137   0.5566083654   0.2563472568  -0.3158491809   0.3286452288  -0.1250512045  -1.2667999470   0.3526949858  -0.2783539895  -0.2856138039   0.2262011710
-2.0214250582   0.9569619381  -1.1578638481  -1.1037602573  -1.2881618005  -0.5195626227  -0.5710996633  -1.2641681544   0.5667470673   1.6171593030   0.4870707315   1.0260185977  -0.9531242205  -0.2718099195   0.6370072044  -1.0750252970  -0.2868533110   0.8422682098  -0.1641915136  -1.7807059285   0.9418938720  -0.8889899368  -0.7934937366  -1.2491644475  -1.0251943161  -0.4481986816  -1.2922851921  -0.0819820203   0.2443627345  -0.5416739915  -0.1988435819   0.7200994863   0.1398775305   0.8340887638  -0.2597305985  -0.5438727054  -0.7484280078   0.7495682982   0.5237614287  -0.4836762258
-0.3124240879   0.0595346515   0.2485137387   0.3971430771  -1.9393334409  -1.2609456676  -0.9285690933  -1.0097130353  -0.4361342632   0.6463852581  -1.6429606663   1.0260558032  -0.7776329269   1.2028708791   1.5209968085   1.2317142256  -1.5902438392  -2.0640933293  -0.8740120391   2.3061484898   1.3644716711  -2.0694443681  -0.2972622310  -0.5995780210   0.8687713720   0.3269734122   0.4576115375  -0.9684013985  -0.7905185358   0.5596456009   0.1365359694   0.4369627851  -2.1224894331   0.0307955175   0.7750069762   1.0343216126  -0.0515549123  -0.1050714854  -0.9647469795  -0.1308014467
s2
 1.3293290270
 0.0094678248
-0.5143935741
-1.1022846374
-1.9743795683
-0.3108021748
-0.5598831215
-0.1199793690
 0.4758637018
-0.0138079798
-0.9096344141
-1.0032268741
-0.1528969946
-0.2310708409
 0.0768580953
-0.0438225715
-1.2312777123
 0.1471902151
-0.4368027783
-1.7159273942
-2.3631951975
-0.6455284706
 0.3105167527
-1.8393077340
 1.3483119677
-0.0826475420
-1.7803299477
-0.0172733891
-1.6982434776
 0.3850040249
-0.8800302026
-0.0257404466
-0.7268954064
-0.5089650844
 0.3672708667
 0.3174154737
 0.2995962004
 0.2276302134
-0.4230229515
-0.8955948585
w3
-0.3704448881  0.4023294648  0.6353813511  -0.3947085844  0.1839300633  0.3385902552  -4.4357423858  -0.1473497122  0.3447654701  -0.6165326242  1.1806054033  -0.8259576422  0.3836357875  0.0548843955  0.3914433328  0.2571691579  -0.1729406100  1.5468410372  -0.8490294959  1.9699587020  -1.2837765850  0.1056911109  -0.4563826046  0.7589339917  -1.0751666093  -0.2517960507  -0.9925596089  -0.5645228803  0.0515995285  -0.6298281862  -0.4869761702  -3.0004021648  -2.5577621930  -0.6134866011  -1.5167912441  -2.7625572444  2.1625718080  0.0723759252  -0.5109393191  -0.5459837921
s3
1.9497370901

