layers: 6
str: {2,40,40,40,40,1}
w1
-0.9832793085   0.6034053564
-0.5266693835  -0.8707862060
 1.0844474549   0.5998426313
-0.1182785484   0.9906917368
-0.0527521431  -0.7086518902
-0.2436803945   0.2224751803
-0.2330848066  -1.4291561928
-0.2600163781  -0.8047157935
 0.1475277538  -0.5944353905
 0.8282317065   0.8902296742
-0.7874894943  -0.8611578606
-0.2139739488   0.5117156749
 0.0194450955  -1.4255056473
 0.0645576757   0.4928253534
 0.8565619968  -0.5411078075
 1.6219468927   1.6150140242
 1.3969291709   0.9842693828
-0.4489910297   1.1035892274
-0.3887653775  -1.2101765889
-0.0379525276  -0.0263832978
 0.9927465622   0.6731462502
 0.1048234619  -2.0134779977
 1.9654958302  -0.0511086591
-0.2344344896  -0.7781319411
-1.4961975548   0.1902089523
 1.8142773576   0.4880423878
 0.6781420064  -0.0908084455
 0.6455515785   0.3954097421
-0.6462207632  -0.5600754763
-1.0214817837   1.7509241732
 1.3541795576   0.7678692432
 0.4490725304  -0.7929575292
 0.9257851440   1.1080656871
 0.4850341134   1.1129495258
 0.4517289765   0.5017412307
 0.3305815629   0.2102853951
 0.2018529712  -0.2591619447
 0.6944880247  -1.0995266569
-0.0439779440  -2.3865524468
 0.2906173553  -1.5126055232
s1
 1.4235197404
-0.4694795378
-0.6546116337
-0.3249533599
 1.4270905603
-0.2979786430
-0.2451097237
 0.0026266479
-0.7791000978
-1.4674106129
 0.7485632491
-0.9867431353
 0.2365918218
-0.4186945228
-0.6308284253
-0.2546251759
-0.8783147067
 1.2276449995
 0.2148746084
 0.5917545337
-0.6164695577
 0.2917499468
-0.4358320972
 0.9184176666
 0.8455671193
 1.0998270947
 0.2791824710
-0.5998818497
-1.7232641165
 0.0000748109
 0.5286090133
 0.0627634354
-0.3860099853
-0.0170617568
-2.1284579921
-0.1791556810
 1.5198109662
 1.2900529492
 1.9681056086
-1.3743970347
w2
 1.3616693064   0.3943938832   0.4018463947  -0.1111497764  -0.0190978577  -2.0545901692  -0.7019228686   0.8796313937  -1.0804475165  -0.6844964521   0.5029198396   0.0291736051   0.2700644976   0.7395331775  -1.4335173164   0.7726968748   0.1664532907  -0.1618314770  -0.7405113752   0.3157673843   0.3768355226   0.5639230155   0.4695510816  -1.0177564898   0.0027585077   1.7926625647   0.8763290016   0.1657287860  -1.6711337936  -0.4395496893  -1.0441740496   1.6315404932   0.6638810645   1.0864550816  -0.7701973757   0.4290416625  -0.5081931324   0.9510217865  -1.1250560222  -0.0880397433
 0.0190073207   1.7662182325   0.0721590108   0.9963880562   0.1845103415  -0.9383685259   1.2481263276   0.1776528309  -1.3034225417  -0.6366032115   1.0685008113   1.1513723314   0.5092632809   1.3509870883  -0.3260088923   1.7377669546  -1.0196751732  -0.4492557292  -2.0608034501  -0.2264074982   0.9949708692   0.5151226044  -0.3302494190  -1.4155105210  -0.2572950282   0.5314510867   0.7844591585  -1.1511977860   2.7948663618   0.7273308036   0.8289023338   1.8975548636  -1.2019365616  -0.5955989660   1.3216851349   0.4565449850  -1.4495722526  -0.3207466303   0.3603390756   0.9326397345
-0.2992329669   0.2021446867   0.3336385419   1.3751692468  -0.7101417297   1.1021443038   0.9548730107  -0.0615220176  -1.3129372209  -1.7011181743  -0.4074410691   0.2440834068   1.3533466834   0.0308463729  -2.3661890016   0.3013430238   1.4868560360   0.4027299092  -1.0467740299  -0.0561661725  -2.2244030863   0.6653972087  -0.4932314576  -1.0562025987   0.9607793808   0.6955850441   0.4859472810  -1.0046743075  -0.5497688629  -0.3840865072   0.9083755416  -0.1437830082  -0.2872342732  -2.7932943536   0.5967102306   0.8647687572  -1.1704158468  -3.2744558626   1.2590941656   0.4936896875
 0.7948894041  -0.0114943220   0.8615281568   1.5310013628   2.3379553611  -1.1101237644   1.2885956387  -0.6487652872  -0.3702192372   0.2157943441  -0.7130925871  -1.0152669836  -1.1510659192  -0.1097271393   0.9480281245  -0.9076182799  -1.8465717248   1.6645108594   2.1024759557  -0.4745178312  -0.0127811047   0.5050934064  -1.8854250898   0.2281611026   1.0241693457   0.4148874768  -0.2463530789   0.6231639568  -0.6348628560  -1.1244304460   0.0362593412   0.9532568382  -0.5421066637   0.1961896089  -1.9551396319   0.1441244219  -0.7347798494   0.9631047527   1.2262118894   2.1392593849
-1.0422750799   0.2810695779  -0.9146999238   2.0232600117   0.1493698884   0.2407998666  -0.4094246991   0.0614853586  -0.5447762271  -1.6942597283   1.0299608351  -1.4786146017   0.1904187929  -0.4051702849  -1.4909600596   0.2636402301   1.0469314239   0.2053007340   0.5034997531  -0.4680175307  -1.2889337892  -1.4526053561  -0.8952880752   0.4731707964  -0.2324093614   0.5595451649  -1.0092568091   0.3289862746  -0.3465294439  -1.9575013899   0.8962222238  -0.6448094545   1.5271436261   2.1983939720   0.4736180549  -0.8010557595   0.8801397523  -2.2466970792   0.9716784874  -1.8302104454
 0.7297599139  -1.4539995288  -0.1878796236  -1.6301573732  -0.6887479954   0.3848571071   0.5866408438  -0.6497746029  -0.4431129135  -1.7296701387   1.0149228210  -1.3323185848  -0.7793589137   0.4089644294   0.0578022986  -0.1335455616  -0.7621982903  -1.1835189386  -1.9127052308   0.0676363601  -0.6935373382   0.8044663240   0.1747846759  -0.0328584121  -1.1823770123  -0.2007143029  -0.5194336788   0.8141525427   0.3649467807   0.3554241478   1.1431555473  -0.1001562424  -1.0469615188  -0.2200348123  -2.0401596553   0.5060503203  -0.9171656065   0.9292358855   0.7746909054   0.7477486981
 0.6237641632   0.1500754259   1.6109146268   0.3242369546  -0.0023094553  -1.0711813371   0.8910589096   0.5435023637   0.1466850946   1.3352180374   0.5565537697  -1.4034280551   0.0098368026  -0.1050080630  -0.1964973457   1.6310610351  -0.3199549145   0.6792550642  -0.8548571277  -1.3979386490   0.7741577662   1.7676885151   0.5560173690  -1.1575153533   0.7587923977  -0.5935716588  -0.7967214660  -0.9208458592   1.4128664616   0.9919434939  -1.9794800733   0.5583607811  -0.5780483691   0.8572162353   1.8989805890  -0.9698083184   0.9324085647  -0.0507242069   0.6414235483   1.3209443400
-0.5216102155  -0.5286650297  -0.2052075427  -1.6453153870   1.7803144966   2.2450161473  -2.2833915445  -0.5617787799   2.2160434950   1.2350570294   1.5283757567   1.1712166490  -0.3056238021   0.2711167127   0.6233550176  -0.2261935069   2.4325183169   2.0212823583   1.8362390000  -0.8821967848   0.1462745783  -0.1037515318  -1.5090283135  -0.4528236848  -0.0823286748  -1.0442893090  -0.2336554217   0.5130194516   0.0213737892  -1.0364275233  -1.4402577362   0.8193671226  -0.4053858844   1.0785864014   0.8071580564   1.5028945077  -1.0532144438   1.7274840152  -1.2751557100  -0.8696913347
-1.8294270201   0.5192304013   1.5220496427  -0.7343437343   0.9779999795   1.4957513175  -0.9884013526   0.8429722045  -0.0858505667  -1.3357830509   0.9201387278  -0.8612199571   0.4040900391   0.6273922672  -0.8574298983   0.0910074817   0.7367817469   1.7104790284  -1.5673539433   0.6423841279  -0.3998027370  -2.0439244513  -1.6359872825   1.3898518112  -0.0806225768  -1.2159530716  -0.5410061595   0.8950404028   0.3104883849   1.1991698542  -0.1369227820  -0.7445260202  -0.3921643101  -1.8428356590   0.7641185484  -0.3514176730   0.2037445295   0.0732162909  -0.5939422005  -1.6671824964
 0.0780296786  -0.4094242945   0.9321072798   0.1630912215  -0.6165924648   1.1628100267   0.2608241247   0.5003529809   0.1138796674  -0.0612258051   0.4151731736   0.3617694708  -0.7119822097   1.4200664006   0.1497993605   0.2251582134   2.5967535943   0.4856289469  -0.3039062812   0.8576184802   0.1006077354   2.3092656717  -0.0525598780  -1.4227044231  -0.8737945275   1.2113823974  -0.1462336300  -1.6567340232   0.7735320950  -1.3710785517   0.0469124546   0.0651190819  -0.3737106575   0.7989179419   0.3431001564  -0.3504719334  -0.3194166747  -0.5761117863   0.6334718817   0.0682755734
-0.8647982308   0.7649047086   1.3442203720  -0.5937625391  -0.2260200757  -1.0581268921  -0.8668673784   1.5653381856   0.9014149723   0.0402776835   0.5423111167  -1.4335842514   1.8499566790   0.6037121532  -0.2787579034  -1.6953799245  -1.0157960393   0.6293207702  -1.5233226653   1.2855619046  -0.4502570535  -1.5657863175  -0.7201813532   1.0963652245  -1.3819687770   0.2467938762  -0.7100256021   0.7408986136   0.1243853316  -2.4845219441  -0.5064228783   0.9257114317   0.1919164437   1.3801423798  -0.5452562845  -1.5900360445   1.6697817674   0.2190771333  -0.1289143878   0.3585825359
 0.8671900763  -0.2481832534  -0.7006983762   1.0444494104  -0.0443286374  -1.6239720050   0.1670290712  -1.5457931269  -1.0700216842   0.0643008540   1.3567729019  -0.6095037225   0.0887862662  -0.0447327452   0.1417414856   0.3072859580  -0.4523744394   0.1126413885   0.4482800713   0.2428628364   1.0484583721  -2.7059209284   1.8370102456   1.8303047218   2.0313573116   0.3117631703  -0.0811302888   0.0570241302  -1.9708748123   0.5890586844   1.0181720679  -0.7112499447  -1.3060817828   0.4072742773  -0.3629232549   0.4699175832   0.6188677938   0.3423675709   0.4588570180   0.0640136345
-0.4510242398   0.8549689449  -1.1433980478   0.3546277541  -0.3721310149  -1.1889472175   1.6361664257   0.4861237477   0.5862121446   0.2052509313   0.8979837013  -1.0438956185   1.6243133644   0.4125754890   1.2072475209   1.2221383496   0.4285903538   0.3944008108   0.3884489386  -0.9266441305   1.0299438180  -0.3233689583  -0.2968827431   1.1348222083  -3.4137594703  -0.4173089143   0.4280878514  -1.2259698589  -0.0433790645  -1.7168184435  -0.3524431934   1.3948020721   2.3639093980   1.6824947539   1.2796106494   1.4443009825  -0.6157833828   0.4560743506  -0.1608695592   0.4458255080
-0.3562464029  -2.0791735178  -0.8607071970  -0.7295109856   0.4047678016  -0.5710414541  -0.3921733498   0.7945204484   1.8120446539  -0.6203610765  -1.2080045334  -0.2092017989  -1.7173571178  -0.4975688562  -0.1483801317  -0.3300773270   0.8550492281   0.5976069356   0.7816620984   0.6938600281  -1.2291813015   0.9158954553   0.2532468151   1.0158630492   1.6213802193  -1.8877564092  -0.6762676001   0.9097053003  -0.6592594969  -0.3648475716   0.4049438353   2.8898510557  -0.3532381684   1.5513003418   0.2429224399   1.5402775511   1.8494867256   0.6020458659   0.5118684624  -0.7339257823
 1.3432388727   0.4424186550  -0.7709398732   1.1273678013   0.0613476290   2.1857627895   1.3392574139  -1.5463365528   0.1549236036  -0.1567782430  -1.8203477523  -0.3960365515  -0.1664063487   0.0509478257  -0.1453635420  -0.4797555479   1.5724610576   0.0045482722  -0.9578130974   1.4832864269   2.0626641809  -1.4025384505   1.0577381369   0.4091190983   0.6239339482   1.2522177104  -0.1458342863  -1.9371986684  -0.5328514786  -0.4124529248   1.5571728199   0.5458698969  -1.1417995893  -0.6082911309  -1.8745312811   0.0941732657   0.8191148187  -0.0400542336   0.3562003809  -0.0107821282
-0.9872995533   0.6362185730   0.6898250818  -2.0104991649  -0.2637072087  -0.5456319148  -0.6571479157  -0.1073838549  -0.8863141289   0.7823462203  -0.6421763985   2.0766231818   0.1108075699  -0.9122223459  -0.8358886255  -0.0330399565  -0.5867473625  -0.3138526296   0.7788670216   1.8751024535   1.2340152843  -0.0489992905  -0.1978258903   0.0961930463   0.5284238813   0.3440177478  -0.3939665207  -1.1064021033   1.8427998403  -0.3862394185  -1.3693385942  -0.5811753735  -1.1012787013  -0.5976884732   0.2712784400   1.2030996520   0.4907447476   1.2587340745   0.4435975939   1.4301483830
-0.3472616129   0.5680370052   0.5346097438   0.9525376821   0.6861885589   0.3960215966  -0.5030997707  -0.3749129501  -0.2094294447   0.5632715324   0.4746783178  -0.7816239866   1.0075086100   0.5776278406   0.0098098423  -0.8717861589  -1.6784773299   0.2723962610   1.3595701081  -0.4657693647   2.1437365663  -0.2482790023  -1.3332355504  -0.4634992239  -0.6693298669  -0.1598395147  -0.2322583491   0.0278817080  -0.0673293733  -0.1429152074   0.8461806832   1.1656953166   0.6226044099   0.2266426076   1.2201429536  -0.2165698501   0.0654789631  -0.2066806289  -2.6702168864  -1.9294213717
-1.3792817877   0.0285659503   0.6254195392   0.7624915542  -1.5775431554   0.3147462382  -0.2495168185   0.6333687651  -0.9840469231   0.0383165504   1.9267707547   0.1017851202   0.6571685117   0.0749643356  -1.1283692425  -0.7277105166  -1.4100132276   0.7734210487   1.0164016083   0.0509067896  -0.1582598917  -2.0521712369   0.0218887524   0.6103380361  -0.2196313843  -1.7175401585   0.3334990106  -0.0871692973   0.9767123888  -0.8060855930   0.9903814456   1.4092009644   0.5631118675   0.8076667893  -0.2763567720   0.2731283412   0.0925351874  -0.9389671041   1.9945560549  -0.0864936623
-1.7113262388  -2.7934466159   0.7184637427   0.0208476918  -1.7429818627   0.5616063538   0.5663928196   0.3832116121  -1.9252666471   0.1765951383   1.2256329419   1.6809261539  -0.1127285960   1.2150085298   1.0451451545   1.1594659099  -1.5815781529  -0.3179587050  -1.3095750034   1.9876588533  -0.5157341081   0.5273024941   2.3380740259  -0.0647651159  -0.5476172294   0.7149364577  -1.3250523090  -0.8739581920  -0.8033579675   1.3316831961  -1.0654983158   1.0536395907  -2.7978619976  -0.2744823869  -1.3197577815  -0.3793277824   0.6261987357   1.7408747632  -0.2995863356  -0.5639488741
 0.2284265673   1.5729374508  -0.2593499181   0.9997745745   1.0584018055  -1.1221231215  -0.0257020984  -0.2142432618   0.2878124685  -0.4143545408  -0.8750971464   1.0238087123   0.0427223102  -0.4242268427  -0.6334668137  -1.6041296824   1.2711161967   3.0510669201   0.5740244009   0.4324672567  -0.1942692408  -1.4057915076   0.6667390025  -0.8439935457  -1.3980877416   0.5799974835   0.2811248143   0.5785683958   0.4891182562   0.6031498004  -1.5287035876   0.8197883509  -1.0681324564  -0.2995386583  -0.0501631108   1.7448980647   0.2540707244  -0.2465389503  -0.4782669064  -0.1824343708
 0.6161862196   1.0470198814  -0.4383340629   0.7541181020  -0.5413965196  -0.0590659778  -0.0216232985  -1.9460478613  -1.0744969270  -1.5879352416  -0.5006525186  -0.6887204864  -0.6229733089   0.8275614801  -0.2122431432  -0.8872271999   0.7464231853  -0.0757308440  -0.2101290304  -0.2294676529  -1.8060869273   1.2362283454  -0.4875295175  -1.1388768057  -0.3560376716  -0.3053255166   0.4125834129  -0.7077021169   0.7429514248   0.0137698269   1.0398853980   1.4572911328  -0.4667515233   1.8920622226  -1.1419754954  -0.7555271900   1.0724632533  -0.6206133857   0.6614619132  -0.5929832725
 0.4829156958  -1.3213794171   0.8967316523  -0.5534774581  -1.1109985993   0.3765858484  -1.1717659725   1.3035156137   0.3368194246   0.6989188434  -1.1935046559  -0.5857251911   0.5269754600  -1.0091700437  -0.8552833016  -0.2355316036  -0.4539958283   0.9152355107   0.2691130728   0.5331069043   1.0906313459   0.4789901310   0.0973263261  -0.0476909699   0.2651219434   0.8673686197   0.8272288253  -0.1794295418  -0.7995801420   0.8498459656  -0.6422664765   1.0809795745  -0.1394570189  -2.4788768575  -1.1010036710  -0.3377719414   0.9386436018   1.1292501953  -0.1313392631  -1.1028708757
-1.3285864801   0.2824901236   0.7703039323  -0.3277025246   1.1236579841   0.6735294277   0.9857288694  -0.8676974414  -0.1231699697  -2.1688027942   1.0165144318   0.2277504674   1.5377849073   0.8054417454   0.7969523658   0.5939457129  -0.1451002642   0.5002302400  -0.3526734084  -0.1800383218  -1.8329250350   0.0340752875   0.3407738755   2.2278864093  -0.2146806181  -0.9820845070  -2.0086375887   2.2279280311   1.3354283633  -0.5322207400   0.6251818732   0.1694426092   0.3081471435   0.0353939927  -0.7317558126   0.3491410916  -0.0582751881  -1.0529447548  -0.1191501911   0.8144090936
-2.4248074907  -0.5603254501   0.8434834532  -1.2301409429  -0.2291041478  -0.2386434397  -1.1492992356  -1.3547660035  -0.5693710803  -0.8674594022  -0.6712090637  -1.7629107290   0.3475099202   0.8972372242   0.3769439941   0.6279021468  -1.4284425291   0.7663720116   1.1589648423  -1.1158744375  -1.1547669312  -0.0550039805  -1.4701914023  -0.6211006209  -2.2615170195  -0.1739011475   1.2785764921  -0.0305747310  -0.9470298053   1.5128489433  -0.8889871333   1.0321093144   0.0349106855  -0.2499104957   0.0124406087  -2.1210578814  -0.1169315860  -0.7196460497  -1.0659591664   1.4632752325
 1.4552875950  -0.0756562745  -0.2384955147  -0.7520521156   1.8577866798  -0.0081366250  -1.5287723373  -0.0272743746   1.2802338910   0.9281060409   0.3217992399   0.8429173683  -1.0009107628   0.4993137473   0.9881925901  -0.4163443205  -0.2413295878   1.7386807835  -0.8849723147   1.5582737177   0.4877638888  -0.4818207047   1.6136868562   0.4184139477   0.2646068438  -0.3569709254  -0.8845881547  -0.2936658543  -0.2489057519   0.6870477957   0.3279136091   0.6777291276   1.9207439212   0.2037629157   1.0385584343  -1.0891437864  -0.3808068644  -0.2957890212  -1.4673577095   0.1917023393
-0.1855597191  -0.7812157404  -0.8661108895   0.3550720269   0.0835400811   1.4398064307   1.3721650196  -0.9978001319   0.2616303063  -0.6635652628  -0.6451438728  -0.4154407661  -1.6852139956  -0.0332745978  -0.9742406011   0.5590818561   0.7003640264  -0.9011012101  -0.3030322773   0.1580983303   0.6960657813   0.0365958523   1.0204149342  -0.8295398593  -0.9882243337   0.0066121880  -0.2614666796  -0.2514532433  -0.5835686762   0.3313559435   1.3678153168  -0.5851637353   0.8596715599  -0.7351550562  -0.6260158442   0.9327718075   0.7754557208  -1.6955497578  -0.5875945051   0.5095524148
 0.2558695511  -0.1478151481  -0.1020889615   0.6921553386   0.3112760185  -1.2857314674  -0.4222877763   1.5300380759  -0.7279908053  -0.4779553340   0.7810627117   0.1939939618  -0.8753258763   0.9116187794  -0.6786817573   0.5716626641   0.8850500689   0.7422843742   0.5733250878  -0.9280840288   1.3060684432   0.6162429982   0.8202854841   0.1657991340   0.1856813039  -0.6171195432   0.8705101594   0.9258378591   2.4545593521  -0.1555309048   0.3980508297   0.1879617875   0.6011822339   0.7064668947  -0.3723492446   0.8925668347  -0.9227496574   1.3494454410  -0.0824196428   0.2549065998
 0.5685002740  -1.4742614345   0.2156501875  -0.6120587570   1.0580822955   0.6788319286   0.7096738683   1.4185853304   0.7082398654  -0.0992537759   1.4949642242  -1.2351821534   1.2714482598  -1.0611547038   0.3038803770   1.4995846835   0.3794322216  -0.4083609250  -1.3543500378  -2.0212264900   0.3480068720  -0.4850772582   0.6950701866   1.0983477253   0.2429965170  -0.4388616583   0.5719983265  -0.2661729248  -0.5546737730   0.8872429243   0.0388010710  -0.2601010332   1.6498636495   0.8553263575  -0.0522518657  -0.8832977291  -1.7310908454  -0.6106168999  -0.7631836859   1.7667722736
 1.4603598239  -2.1265778922   0.4151608320   1.7382641814   1.8486912185   0.4749501886   0.2399084179   0.5079736987   0.3027490980   1.3145844054  -1.0642455173   1.8233008943   1.7378905921   1.0564666262   2.2837156787   1.6961766397   0.9568375076  -0.3327618950   0.8731708522  -0.1288040897   0.9859687838  -0.9855202582   1.8190923875  -0.7099029759  -0.4944122261   0.7251647257   0.3374523051   0.3273502302   0.1968678926   1.2302017157   0.1154000204  -1.5212445137  -0.2197301549  -1.9297054411  -0.9394159295  -1.8847180982   0.5504421443   0.2544151902  -1.8216170068   0.6004606071
-0.5352733153   0.6427410296  -0.8381519097  -1.0725970280   1.0853987015  -1.1978343312   1.6493251967   1.6905252616   0.0787308014  -0.2248254147  -0.8041872704  -0.7164636936   0.4366007893  -1.5373533241   1.9652516198  -0.6786708915   0.4709058611  -0.8695027783   0.3467501191  -0.3778806313  -1.7556554952   1.6753729417   0.3881500433  -0.9453984578   0.0278079871  -0.5325300814   0.0988747906   0.3134755819  -0.1665863828   0.1447476852  -0.0969354876  -0.2041794221   0.4027397538   1.1511040594   0.1699149473   0.6871091500  -0.0162048088   1.3254778498   0.4609345514   0.0801600166
-0.5463818600   0.0097110024  -0.7318908807  -1.0577910280  -0.4650327333  -0.1363503081   0.4102429624  -0.1786315766  -0.5607711858   0.5492996314  -1.1654466030  -0.1156640532  -3.0731377438   0.5247501908  -0.9390945585  -0.6583125331  -0.4905185802   1.0556017439   0.0977444832   0.6814823805   1.3883361400   0.1328668224   0.0386021171  -1.6195584599  -0.0917651362  -0.2055726814  -1.1322320808   0.1230802276   0.8916856619  -1.1082226109   1.6103292232  -0.0461784804  -0.2355397338   1.2184922689  -2.6684977893   0.9100739772   0.0772136249  -1.3313624381   0.3416900029  -0.3973268825
-0.7148694540   0.2627082471  -1.1592848029   0.5490724032  -0.7517550165   1.1373800129  -1.2036245481  -0.7272177760  -2.0524368284  -1.2071226980  -0.1689808345  -1.1318103846  -1.1225939033   1.7952288269   2.6459646700  -0.1215528511   0.5806512604   1.2739381983  -0.9950326799   0.0099475162  -0.9641809584   0.6080029973  -0.3353692621  -0.1865581522  -0.1336309624   0.4194517993   0.8342660488  -0.3663857700  -0.2527208817  -1.0551025499  -0.8415063135  -0.8416116313   1.1670700073   0.6663323353   0.0687953164   0.4375956958  -0.6664342952   2.7407823215   0.8674862786  -0.3681915454
 2.6651229908  -0.4671709769  -0.3173471276   0.2051820542  -0.4823698849   0.7315440841   0.3616130164  -0.2482030122   1.5256481716   0.2136579739  -0.0300247754   0.8447983285  -3.1245626994   1.6186447650  -1.5429191042   0.4704567597   0.7650148319   0.9346492990  -0.9451528895   0.3003401487  -0.8117719045   0.9386132123  -0.8788329764   0.2993662636  -0.4142891555  -0.0139386499  -0.4105758783  -1.0101408883  -0.5447012385   1.4356389226   1.9097950252   0.1136784586   0.1704015780  -1.0357098954   0.9167398847   0.3272557780   0.6547980090   1.6977267785   1.7069681034  -1.8802138559
-0.3010403461  -1.2331645150   1.2105590204   1.8673492509   0.4323804272  -0.2729031677   0.3953309320  -0.3978282514  -0.8619571518   1.7108081160  -0.6559066188  -1.7304508948  -0.0082053223  -1.1287651481  -0.5262113853   1.3356641333  -0.1843118428   1.6140888052   0.6161125584   0.1590044407  -0.9019232490   2.1935203416  -1.4625982886  -0.9873905390  -1.2810914971   0.9871071058   1.5242375699  -0.5847042089   0.8184599571   0.4603736659  -0.9516121837  -0.4103073525   1.8730062043   0.7135132809   0.1123692769   0.6415897111   0.5330406070  -1.7424761015   1.0935104197   0.0550101839
 0.8644997242  -0.8507399878   0.1067789953   0.0458697773   0.7411218580   0.9298416917   1.0769331160   0.9323449066   1.3495557802  -1.1942357090   1.4951989598   1.6077144878   0.7008390385  -1.4587243265  -0.0503871330  -0.0336905273   0.2598806222   0.4917196697  -0.1441900554   0.1760356208  -0.7911606082   0.8066957200  -0.3731508179  -1.7389748613  -1.4787365668  -1.3490629068  -1.3738144188   0.3247341045  -1.2951068703  -0.6807645232   0.0092556311  -0.3921258165   0.5135547435   0.0106216388   0.4203373589  -0.1967853399   1.4829523254  -0.4016098140  -0.7810731693  -0.9987858215
 0.8907589908   0.3910798484   1.7173494095   0.1480446679  -0.2469396199   0.3276228998  -0.3610351402  -0.5096124856   1.9824312274   0.4941589779   1.2933540875   1.7057912181   0.6153773969   1.0170115047  -1.1453104450  -0.1212386583  -0.0404609013  -0.2851483983  -0.5807968363  -0.1689078193   0.3096979439  -1.3653602150  -0.9399281197  -2.3489949657   0.2782444974  -0.2934519483  -0.2266487886  -1.7535450310   0.2475147863   1.0388945980  -1.2719778734   0.9525150356  -0.1336694268   0.6817793120  -1.6082098472  -0.1063804540   0.7767901655   0.7887639457   0.7662625274   0.0076798131
 1.0556822878   2.2219819356   0.4184948631  -0.9159020392   1.3039969019   0.3967867286   1.0741455684  -0.4806116412   0.4730579683  -1.3277108796  -0.3887498313   0.1311640381   0.8839805260  -0.2940178294  -0.2825600854   0.4788573906   0.7436545575  -0.9125859294   1.0980944894  -0.4884008594   1.3572137175   0.2990105322  -0.0903176013  -0.6317106016   0.3789988807   0.2853810402  -0.3235570830   0.3051012219  -0.1274098731  -0.8929540631  -1.2560135448  -0.6417381495  -0.0425351949   0.6859328651  -0.6657050747  -0.8608389565  -1.3130743212   0.0641023153   0.9331740376   0.4580921327
 0.0650758898   0.2878414898  -0.5085998472   0.9507021166  -1.7250765943  -1.3828783951  -1.0839998568  -0.1872375473   1.1713113485  -0.0226263985   0.9811306123  -1.9168059503   0.2597018576   0.3039934756  -0.0938641349  -0.2634352565  -0.1051216895  -0.9942889168   0.1422278049   1.0484803808   0.2754418895  -1.2788837114   0.0178810926  -0.0440741121   0.7327441190   1.1604005105   0.3499417146  -0.5259936778  -1.5526297905   1.8292007051  -0.0962450873  -0.4568195829   0.0994765205  -0.2441118940   0.4684287412  -0.5067055684  -0.0133387257   1.4949783188  -0.4279318620  -1.8726769629
 0.5675376043   1.2314233141   0.1216904107  -1.0649447130   0.3311895542  -1.1174868169   0.9323771464  -0.3599312857   1.4452922219   0.4694368673   0.2880977861  -0.8097552131   0.1452973297   1.8387421376   0.7948843747  -0.1609855594   0.1667385777   1.7619994674   0.7311100012   0.3498795034  -0.9024659932   0.0798256980   0.7092287065   0.8061888332   0.5161731696  -0.1485009552  -1.1256682466   0.2654551867  -0.8240832407  -0.2935642298  -2.3556909590   0.6417913556   0.5559539731   0.9664363034  -0.7691382398  -0.6352616244  -1.1126104794   0.9091696144   0.3250087083  -0.9304484412
-0.1229164838   0.0444473701  -0.2201787292  -1.4469260007  -0.0032379829   1.9203076486  -0.1981245065   0.0959079936  -1.1234005899  -1.1591607338  -2.3235601134   0.4754165480   0.6992868357  -0.8202763393   2.3225179034   0.5100128472  -0.5982367760  -0.8358672460   0.3743704349   0.8828028961   0.5765517949   1.4042705943  -0.0847798375   1.6051873934   0.0465363065  -1.0085606472  -0.5659887489   0.4253276663  -0.0600635373  -0.6003476662  -0.9715843906  -1.0338470360  -1.1544203039  -0.7510981500  -2.3419191433  -0.1159796501  -0.5951934557  -0.4357427066  -1.4297374717  -0.6127577149
s2
 2.1125933528
 0.9280129708
 0.2675869032
-0.4503227211
-1.7367932738
 0.1114105834
 1.2964550372
 0.0241000518
 1.0672636597
 0.7902059952
-0.6503782947
-0.3744813638
 0.6161664242
 1.0485037214
 0.6117316618
 0.7440974188
-0.8501870071
 0.3374267167
 0.6457424108
-1.3418846294
-2.0184440521
-0.3321927305
 0.7344446839
-1.6169321427
 2.4569868374
-0.0864181841
-1.0287170281
 0.4149455895
-1.0324102597
 0.5822717675
-0.4973830336
 0.5504676725
-0.6693205681
 0.0080222031
 1.4077044367
 1.0402476939
 0.8713881045
 0.6048658079
-0.0077413598
-0.3018577383
w3
-0.8934804099  -0.0295696469  -0.0543344007  -0.3891754229   0.2570884097  -0.1173948453   1.7488501426   0.2979749277  -1.0821648621   1.3381859625  -0.7758977123  -0.6717110585  -2.2582510410   2.5865769543  -0.9849452371   1.0811429018  -0.4565362621  -1.1138454448   0.5355509760  -1.0114654920  -0.8495360609  -0.9169861089  -1.0985026236   0.9267745392  -1.4429900736  -0.2381955553  -2.7937902493  -0.2190858994  -0.0893852863   0.6775071064   0.6975724251  -1.0084696011  -0.5477564409  -0.1599690934   1.0353754814  -1.4795132941   0.6450253072   0.5521508685  -0.5150762409   1.3262331404
 1.2868731040   0.1242497504  -0.5415733528  -0.5806915606   0.9063669631  -0.6888883147  -0.0638023462   1.2863723286   0.1051771052   1.4210956959  -0.6361399871   1.0515293234  -1.0846451168   1.1585656011  -1.3902889237  -1.1424640499   0.0373231711  -1.4208907373  -0.2657181311  -0.9216200964   0.4123149248   0.2064100127   1.9682997403   1.3720341257   0.6798037084  -0.1057514238   0.4246165703  -0.7486782071  -0.5125424245  -0.3387786834   0.4853049259  -0.0774299179   0.3213527083   1.2781800401   0.4621542615  -0.7814686011  -0.8785311926   0.2817036588  -0.2851725930  -0.9843045054
 0.9463811039  -0.2491725349  -1.7074188835   1.7969228600   1.5877381752  -1.0639517961  -0.4899632198  -1.5835592433  -0.8372398019   0.0767650497   0.0830163523   0.7853758594   0.6788270693  -0.5471135771  -0.3257153047   0.7209550442  -0.0235418020  -1.4898090380   0.4470496343   0.0875103696   1.0333128950   0.1929669270   3.2431810317   1.6655066058   0.6167098780   0.6634096605   0.2466776411  -0.6080412899   1.3426937534  -0.2438460164   1.8418319077   1.4925344743   2.0865311807  -0.3579099851   3.2556990035  -0.1425846635   0.7910186009  -0.9468845640  -0.0456400249  -0.2607254601
-0.7228846753  -0.0411821758  -0.8429942595  -0.9119843961   1.1925852491   0.8892698486   0.4984293816  -1.5680015486   0.9203665703  -1.2986301094  -0.2461485576   0.4756423298   0.4865439976  -0.5736974745  -0.8903988104   0.7305564007   0.8054431455  -1.4895574945  -0.0004057634  -1.2284153680  -0.5788422985  -1.2611410740  -0.9930954719  -0.8115133881   0.2513139363   0.9609114015  -0.1328550977   1.1821150021  -0.3239688422   0.3415406348   0.0411904424  -0.7573710597   0.5483449666  -1.7128182573  -1.7318420594  -0.8519300884   0.7652433289  -0.7559849988   0.8890942782  -1.4953233037
 1.8541804928  -0.7855628220  -0.5287316647  -0.7867066626   0.1575052055   0.7075440475   0.4539163475   2.9281002797  -1.1700124257   0.6365194623  -2.1881022955   1.7654754536   2.7509921507   0.7544585991   0.8663421414   0.1976335945  -1.2934363140   0.4406056991  -0.7717385505   1.6213746481   0.4178957697  -0.1108921864   0.8485404345  -1.0410596809   0.6903569485   1.7207486844   1.7327857740   1.8724850359  -0.1980818602  -0.6958447748   0.1259409510   0.6222320578   0.5163163485  -0.1600315944   0.2855735832   1.9449639014   1.2956839999   1.4485208688   0.9676962120   0.0656725968
-1.1497343962   1.4881260888  -0.1977914955  -0.6842387627   1.1538917800  -0.0204975931   0.6831805276  -0.7592980010  -0.8122634335  -0.9681645192   0.0901696913   0.9981471680   1.3693884107  -2.1711893717   0.7386772339   0.8528864811   0.2002997978   0.0514540228   0.1685677002   1.0490559916  -0.3889786949  -1.7837091482  -0.6558617479   1.1078407827  -0.5723239026  -1.0659523441  -1.0993279582  -1.2935863849  -0.5403261468  -0.8418922378  -0.1973562476  -0.2758428054   1.0833204582  -1.1686561594   1.6059609408   0.1663296612  -0.7173703283  -0.5341363136  -0.4609498637  -0.7665777007
 1.2860897562   0.7211352700  -0.5894159937  -1.5235378103  -1.0254443992   0.5607816185   0.9267582318  -0.0526504031   0.7499372652   2.9131069212  -0.2021026834   0.2682813910  -0.0459083998  -0.0979113012   0.4936801521  -0.7124982556  -2.1565422826   0.6382948375   1.7848032518   0.4863008401  -1.0439884927   1.1676702326   0.4199415985  -0.5441046287  -0.3392973045   0.0380825437   1.3149311414  -1.2531428460  -0.3596910524   0.3916008282   1.4999890276  -0.5814375742  -0.4296301600  -0.2668448710  -0.0745996019  -1.3677079709  -1.3160284412   0.2434884672   0.4178662861  -0.2765767165
 0.8017261222  -0.5134814712   0.5596912487  -0.8434313015   0.0749293209   1.2142208978  -1.9521516391  -0.0016702928  -2.1708999627  -1.0252031401  -0.3897277117  -0.2189697371  -0.9690084046  -0.8438126389  -0.3111605411   0.3074967567  -1.1153346221   0.3209322634   1.4343744897  -2.6424457234  -0.0129210230  -0.6888259146   0.0928757814   0.2618381336   2.0539012130   0.5035536128   0.1819130534   1.9535115586   1.0269918720  -2.0437704257  -0.3804980545  -1.0417226757  -0.8039992065   0.4612119461  -0.2591258263   0.7605356718  -0.0530118370   0.6948263683   0.9843278984   0.3285223834
 2.4490676832   0.1752793453   0.4065604171  -0.1425168925  -1.2420358948  -1.2906463212  -1.2307612353   0.0093528186  -0.7235678469   0.5636775725  -0.1727665995   1.7240707808  -0.4204111512   0.4448370473  -0.6534169957   0.3296716660  -0.4644578786   0.0425862050  -0.9054052881   0.3281444592   1.5016483983  -1.1112776760   2.4159263898  -0.7232445919  -0.9850506786  -0.5955638387  -0.5666192974  -0.6043762426   1.0962799948   0.1643702735  -0.0142723079   1.6764065898   1.6207766920  -0.7068042036   0.6976721793   0.3741465090   0.7279590627   0.9112334139  -0.8765676909  -1.7229860940
-0.6654090188  -1.5745371353   0.2011716422   0.1582157946   1.6711489283   2.7239507296  -0.0325136012  -0.7462484613  -1.0313913277   1.6592147463   0.6012253325   0.5677419337   1.4367670935  -2.3738804335  -0.9340203271  -0.8660401231   0.0468302280  -0.9638383974   0.7858419404   0.1926049143  -0.8245204643  -0.1358279347  -0.7246356241   0.4638838218  -2.3371441920  -1.9645778459   0.5256241308  -0.0760211375   0.1755730112  -0.8039235999  -1.4503453357   0.3422855747  -0.0638592854  -0.6652173928  -1.7624955685  -0.7314346523   0.7378691375  -2.5241739676   0.1221782546   0.8408513521
 0.5634460782   2.0674139816  -0.8031264844  -1.1288998566  -0.3371401941  -0.3808333385   0.6648236070  -0.0096526996   0.1381779585   0.2517362130   0.4489135721  -0.2776816721   0.6800307480  -0.1330314877  -1.1023682031   2.7528796570  -0.1683267557  -0.4889546638  -1.2959723234   0.5175592040   0.4739795207  -0.0729223232   0.7113197941  -0.3137738674   0.1304964638  -0.1630612975  -0.2593216787  -0.0029342387   0.3259418633  -1.3039766498   0.9917092174  -0.9615429158   1.0056907440   0.2302675741  -0.7343346988   0.4896786985   1.9113317944   1.7350277983   1.8493392634  -1.1528254977
 1.4737652378   1.0619897445  -1.3783725603  -0.0379194208   0.8629806236  -0.2535419529   1.0732205391  -0.3600453967  -0.3181229416   1.2079535222  -2.2164666814   0.1992419595  -0.6832967639  -1.2605449517   0.1402445714  -0.2532734383   0.4742775731  -0.7778437519  -0.1096176981   0.8185347201  -1.0862403113  -1.4848624216  -2.1059950647  -0.7505732543  -0.5673625966   0.0666079201  -0.5106364124  -0.6241225741   0.3079026221  -0.7741582473  -0.7081024790   0.0117010882   1.2080039488  -0.3816200237   0.0317574000  -0.3464654188   0.0562733266   0.7093554147   0.8922748373   0.0847484116
-0.4609568507   0.5286334568  -0.6579859870  -0.9557496310  -1.3113179406  -0.3464470461   1.4955061582   1.0162541705  -0.3809177138  -0.7107289604   0.4921187730  -0.0685951321   1.4880795339  -0.8387116044   0.6345165067   0.3084654719   1.2345610061  -1.1255927803   0.4150105288  -0.9992042848   0.5567480794   0.6542708416  -1.6600395742   1.3818327517   2.0924667738  -0.1982937480  -2.5165670720   1.1805092727   0.0098725893  -0.8732673059   0.7344103346  -0.0249630750  -0.0458109235   1.0888752134   1.0676886387   2.7191515330   0.8408589434   0.7402476314  -1.1263764845   0.3932871515
 0.4617297954  -0.2832651120   0.3490996495   0.6707547187  -1.2004502433   0.1962504776  -1.3268448788   1.8383196577  -1.4242213472   0.5129765594   0.5009931686   0.1434236402   1.0817890754   0.9596991457   0.3403417779   1.7882294891   0.9132899996  -0.3537809063   0.7590137817   0.4347514550   1.4942950874  -2.2246630994  -0.2955830362   0.3289212369   0.5451355761   0.5933379622   0.4269852275  -1.5878193192   1.9042800320  -0.9670867702  -0.8384766478  -0.3053660206   0.5165683738  -1.5048904723   0.7526533189  -0.6728965801  -0.0620469322  -0.1890525830   0.0777833464  -0.1177344761
 0.1945733768   0.9386858501   1.2308850253  -0.2049012260  -0.0806060087  -0.4899436511   0.0024554537   1.6490930145  -0.1261043253   0.3097956991  -0.1830975967  -0.3969343407   1.2221489091  -0.6535193865  -0.5809527503   0.0511447998   0.2172559014  -0.2213322241   0.8066822681   0.1381842464   0.5367949296   1.3567886776   0.0187474268   0.1489580985   0.1696523845  -1.1204359418  -1.0891729592  -0.8547628771   1.1725192067   1.3974224234   1.3692022841   0.6913923440   0.2470793675  -1.3492415268   1.6781427038  -0.0129815672   1.9277332135   0.7582649323   1.0778436459   0.5218808182
-0.0502519372   0.2510674946   0.8355767039  -1.2043110079   0.5359093598  -0.2049560961   2.5943116962  -0.0333594812  -0.1516323216   1.0278299909  -0.1491720675  -2.2722509385   0.3830088261  -0.6863832469   0.0991609411  -1.3599947129  -0.5148243910   2.0389428206  -0.3662967163   2.5824974801  -1.5657634517  -0.5208037224  -0.1715934795  -0.6939382473   0.1215337761  -0.9618258441  -1.6841530228   1.3777326261  -1.1124428620  -1.7083892773   0.5237974528   0.3284267482  -1.0526134103   0.8432568588  -3.6122979738   1.5809258550  -1.0382755271   0.4370008592   0.4135821711  -1.0849076013
-0.8584280521   1.2232293643  -0.7384434683  -0.5986405578  -0.3679072754  -0.2062249340  -0.1284836315   1.1448434391   1.4647524157   0.7633698386   1.1644443311  -1.5950915723   0.9182305626  -0.8869263244   1.7952047955  -0.7923314452   0.8516907630  -0.4322308251  -0.6519473600  -0.0979894821  -0.1550807041   0.0171429340  -0.0116831835   1.7722822770  -0.2285974577  -0.3389711224  -1.0790899353   0.6294861354  -0.3365982259   0.1112788217   0.5745312669   0.6228805129   0.0617469656   1.8618725809  -0.9887494920  -0.6494654525   0.4062303258   0.8834539695  -0.0086808014  -0.6654572828
 1.6386619883   0.8893114129   1.6743099076  -2.4098268644   0.0403976086   0.0488840613   0.4391868328   0.2789823550   1.3378668412   0.7958179939   0.5030045307  -1.3987224216   0.4080563654  -0.0348174913  -0.3304305489   0.7672619923  -0.5392703339   0.6584081313   0.7171154615  -1.4039662975   2.4384636545   0.0138759572  -0.0729525941   0.5380404570   0.5518713583  -2.0014111606  -0.3705225377   0.6015231271   0.7647315393  -1.1073322008  -0.3468369166  -1.8813422863   0.5173969510  -0.6116390677   1.3300091814   0.9711282035   1.4741959866   0.3632456255  -0.9300446906  -0.3137715424
-0.5737051840   0.6708546547   0.1211288731  -0.3162774426  -0.0861884896   0.1595518423  -0.5523872294  -2.7003837981  -1.3059609435  -1.2886282325   0.7639460185   0.9671031113  -0.4478126054  -0.2041247571   0.5810039091  -0.4130063380  -1.9553691331  -0.6616290934  -0.7217253345  -1.5027542513  -1.0541713867   0.7404440818  -0.5415880661  -1.7598181342   0.6745575649  -0.9558842005  -2.0305747314   0.0288900302   2.3097579302  -0.8695261172   0.3361760682   1.0096583929  -0.4649890043  -0.2603901286  -1.0179129124   0.1145669568   0.9025957986  -0.6700059218  -0.3562021454   0.4422043471
 1.1507870406   1.4507600121   0.2041627717   0.0674559242  -1.0470529283   2.4557884621  -0.6917331727   0.7759627861   0.1401808858  -0.1077608744   2.0679136704  -0.9960021699  -0.4824988763  -0.0071278203  -1.3868692310  -0.2964163980   0.1852464932   0.7719586548  -0.0923843809  -1.0323629935  -0.1625958304   1.3638593485   0.9580941853  -2.1524607491  -1.5792640066   0.3922048746   0.1273842120   0.8103602699   0.3450124231   0.3405901218  -0.1076934186  -0.9788085634   1.5823510536   1.3878708513   1.1846632748   1.5792351425  -0.4097670593  -0.1587283588  -1.4781577468  -0.9043971489
-0.6920482982  -1.1854711606  -0.6548857160  -0.1441903216  -0.4198140589  -1.7317058218   0.5858704565  -0.4267020904   0.9976768229   0.1955779968   1.0700007323  -0.1155898363  -0.8331266005   1.6109452986   0.4990593847  -0.3677186174   0.7913958600   1.2702652795  -0.3263813755  -0.9938109636   0.9069926826   0.2615408501   0.3839307741  -0.8519601650  -0.3701818891  -0.4210265986  -1.8977712051  -0.7466496373   1.3960037439  -0.1572469530  -1.0628282770   0.3002954253  -1.8116684185   0.4783736520   0.9171632868   1.1157678186   1.2904200052  -0.5674391904   1.0461777574  -0.4813437053
-0.8598347652   1.0893153936  -0.7460315902   0.6884654248   0.6073891852  -0.9067576662   0.6072848539  -1.1571291189   0.8252957434   0.0268187196  -0.6284485357   0.9838536918  -0.1897680857  -0.1788004735  -0.8953501196  -1.0038128093  -0.7785111348  -0.4825847202  -0.6414389449  -1.0355510103   0.5043895306  -0.4883214394   0.7369819880   0.7839964664   0.7218705269  -1.5826662809  -0.9982168236   0.1342451808   0.4546954915  -0.6104066932   0.9526820382  -1.0451618788  -0.8130013985   1.1489924361  -0.6617644929   1.5662919526  -0.6983197297  -0.5373207532  -0.7416642882   1.4036214122
 0.9947385717   1.7238582871  -0.9129139287  -0.4452747722  -0.2669287901  -0.9456144441  -0.8271576543  -1.4499922261  -1.3901820877  -1.5767817026  -1.2513897603  -0.0365384405  -1.6417677782  -0.6813425064   2.3151495954   0.9425232319  -0.2468153867   0.6197950546  -2.0051794539   0.2054699236   0.5575745395   2.3974416442  -0.6340089745   1.0378040500   0.1620121048  -0.3538670437  -0.6883415441  -0.7384553811  -0.1597473565  -0.3772179473   0.1955709733   0.7634208418   1.0513662597  -2.1314652607  -1.6902904029  -0.4249088077  -0.4382195217   1.5597306747  -0.7061036039   0.6388022532
-0.6862036798   0.8356883372   0.6443384905  -0.9269321706  -1.1824335488   0.2487153224  -0.8973953402  -0.4693574815   0.3145741037   0.5670010649  -1.1428723833   0.5359766277   0.8143344835  -0.7960863291  -0.0100389821   0.1946705669   0.2436738232  -1.3401403199   0.3900096186  -0.0711166792   1.3005176383  -0.4441451753  -0.5457331793  -0.6260836900   0.0670748239  -0.5119267169   1.2731865479  -0.6353496715  -1.9474945312  -1.5150340909  -0.7149074807  -0.9685760751  -0.6559089915  -0.6272196595   0.0167445976  -1.2139235458   0.3587320087   0.0802258952  -1.4077950101  -0.2949285967
 0.5137799027  -0.7715227864   0.1520793876  -0.3387891650   0.9892586404  -1.8846372665   1.0600783397   0.9749458973   0.3821603728  -1.0585521081   0.2006120773   0.0940349884   0.9620537383  -0.1135139610   0.5642734491  -1.0244541226   1.4018422694   0.8345657354  -0.5698628135   0.3553243095   1.0690965365  -0.0154134132   0.0959915768  -0.2788162782   0.3608875515   0.2857286032  -1.6395045638  -0.3404030770  -1.9769195408   0.9231514190   1.1730144669   0.5802395417  -0.5165603814  -2.2320190915   0.6650407239  -0.5915062184  -0.1334932295  -0.5990230199  -1.0700960717   0.7221179980
-0.1896516746   0.9024941646  -0.3834832396  -1.2838487741   2.1188196468  -1.8291646615   1.5341262903   0.3160591740   1.1489897077  -0.4040917606  -0.6409177186  -1.2267942588   1.0075519028   0.0198068429  -0.7342643085   1.3816588623   1.0535557066  -0.5341491001   0.9986004595  -0.3980950213   0.3781203032   0.0139442640   1.0174671149  -1.6493615410  -0.6425163475   1.0115003579   1.8509481111   0.4694955528   0.1179771039  -1.9153830061  -2.6278412229  -0.9376567278  -1.2162916871  -0.9278571135   0.7632200160  -0.7560473894  -0.7678359266   0.2200160589   1.2987336011   1.0144280970
-0.3384234441  -0.0046841239   0.0431700638  -1.7157552622  -1.9381636187  -0.8934643976   0.4223152463   1.2439390782  -1.2495421789   0.5498416933   0.1540196340  -0.2554679963   0.2902632155  -0.4552245147  -0.1381977784  -0.1986406285  -0.5071308015   0.6759299317   1.3004280888  -1.2322350371   0.7795616286   0.3059420699  -1.9163575664   0.8072921474  -0.0025715706  -0.9080500188  -1.4448297637   0.3533365593   1.4482051318  -1.9111365646   0.6789138882   0.8934559333  -1.1526649010  -1.4760847026   0.9486748306  -0.5963686011  -2.5731343537   0.1358292324  -0.3802129837  -0.0595592713
-0.6605169112   0.6107734313   2.1124060222   2.3054630550  -0.5818030389   1.2328443038  -0.7443034577  -0.1765797844   0.9937256887  -0.9955204810  -0.1437906590   0.0262998853  -0.2300653311  -0.0807132158   0.3579506512   0.8104183277   0.1979181988   0.9826787922  -0.2898050198  -0.1473445935   1.2745735435  -0.3759586558  -0.7306994443  -1.1177408730   1.3562187856  -0.1215732107   0.8313642427  -0.5743726586   0.0065838110  -0.4248550639  -0.9096613713  -0.3880747750   0.7793944301   0.2813318226  -0.6692960795   0.7521217182  -0.1451202168  -0.6600322603   1.3637075061  -0.0729864401
 0.0368411099  -0.4357790751  -1.2410986134  -0.1995088869   0.0199907969   1.7262453185   0.0597224822  -0.5295416920  -0.2118442680   0.7511353676   0.2406746019  -0.1173274385   1.4442549771   1.1206953489   0.1357395244   1.3428234982   0.4073655468  -0.4067199980   0.3877794399  -2.0244549067   1.1412805509   0.0625429316   0.5477893891   0.1825085336   0.0885430272   0.0966423594  -0.3299353268  -0.5058851811   0.6680584206  -0.2845871157   1.2430965278   0.8414511540   0.9374624731   0.5619633368   0.2767589383   0.0899099497   0.0361755079   0.4428392107  -1.0036989749   0.8177402509
 0.0056919942  -0.3679287155   0.6496073477  -0.7798084707   1.3304013930  -0.0717241340   0.8037334121   0.0582922243   0.0938981592   1.1238749086  -0.0462795606  -1.9446724170  -1.5194457414   0.0400051150   0.8335931425  -0.1633745055   0.8506098318  -1.8532196983   0.5750442048   0.5897183264  -0.9545801367  -0.4542591640  -0.1189175702  -0.6259374713  -0.0452931864   0.7199832406   0.2854102771  -0.7244139844  -0.5421845391   0.5293884030   1.6634895337  -0.0110065228   0.5239816949   0.4878316236  -0.2199607654  -0.8805639014  -1.3711786460   0.1195083203   0.5685986890   0.2778006972
-1.3992977211  -0.0249927549  -0.3786180040  -1.3838570520   1.5901688861  -0.2990846933   1.5730131933  -0.2262532741  -2.2626258565   0.7058715358  -0.6200900426  -1.1152343783   1.0066010969  -1.3142587056   0.2674016358  -2.1108041750  -0.2093972417   2.0618358344   0.1951373387   0.0880152937  -0.1264487880   1.2067147028   0.0207807509  -2.8201602242   0.4137919866  -0.6108696457  -0.8938742437  -0.5855011636  -0.7076470088  -0.1697462226   2.6169968815   0.2241560661   1.9127886775  -0.6249336803   1.5868391718  -0.3467982943   0.8404562265   1.3180190113  -0.9284670196   0.2043013975
 0.1643761191   0.6295699370   0.6031388313   2.2355958555   1.3400858252  -0.7868462363   0.0406480020  -1.4729010207   0.0754607566  -0.8255919311   0.3212649603   0.1715815216  -0.3130131900   0.0395616707  -0.8716586962   1.7525452948   0.9547941162   0.1686863843  -0.4467608552   1.5923933461  -0.5228427686   0.9789253729   0.0353872459   0.5143416146  -0.4417680448   1.1003832460  -0.1405077174  -1.9942316600  -0.2880811018   0.7527747365   0.2972250889  -1.0558906163   0.0679512532   0.3894557100   0.6060357602   0.0436855862   0.0325883486  -0.7212456733   0.7694680949   1.2251132042
 0.7265386562  -0.2997581740   0.4992187476  -0.4229610377  -0.1895791242   0.8553876161   0.2221646931   0.4171765905   0.6647456270  -0.3591678136   0.3885513227  -1.3113959824  -0.0041480265   1.5333404849   0.2918425447  -1.1603751724  -0.3361202315   2.1156534068   0.4558755549  -0.4818410676   0.1519874350   0.1341000488  -0.3474342169   1.0298263701  -0.4292024306   0.1726837802   0.9772912411  -1.5915319971   0.5925023492   1.5499120860   0.5973703060  -0.3663066478  -0.3601557426   0.6517209954  -0.8521184748   0.4202702262   0.4029391640  -1.5035973905  -0.2115988930  -0.1242987582
-0.2806663222   0.8312255155  -0.7637033186  -0.0334838134   1.0564550431   0.5827727567   1.7230393778  -0.6322758549   0.2734866039  -0.7226544788  -0.2842254007  -2.2172815394   0.0093302592   0.2637609909   1.1967380382   1.3705269554   0.5998118268  -0.7901767530   0.5905546803   0.5056564551   1.1705948901   2.0581203451   0.4268788593   1.0238739588   1.3259396170   0.2547150287   0.7111668302  -0.0366164880  -0.6656277027  -0.2204587955   2.6742946384  -0.9513959923  -0.4438515452  -0.3551385117  -1.8105565206  -1.0767261123   0.5159435731   0.3001043607  -0.2838369705  -1.0471347158
-0.6074281057   1.0114196240   1.2513342238  -0.3327749874   0.5680937378  -0.2386956186   1.2670652578  -0.7670958703  -0.6133085041  -0.9264093055   0.4950163341   0.2439091207  -0.7073140636  -0.3097717997  -1.3952428769   0.4193012069   0.2167226302   1.3206281350   1.0815080375  -0.9745162073  -0.4719973273  -1.3613622038  -0.4004532128   0.9427931514  -1.9359520640  -0.0037090280   0.5969251538  -0.1978668334  -0.6234033133   0.9849530425   1.6541792796   0.8013767572   0.7451911779  -1.4166409023  -1.5788929348   0.7215676076  -0.3408861370  -0.6077202930   0.1518042881  -0.4199012739
-1.0171963769  -0.9428603233  -0.6846090269   0.8906172619   0.9611173451  -0.6359420610   0.5271336113  -1.3981079887   0.7720676515   0.4163867560   0.7450420993  -0.4589192658  -1.1184789349   0.6246175737   0.3082257527   0.2130317610  -0.5394713250  -0.8667127108   0.4611592538   1.3589059223  -0.0123906072   0.2196900315  -1.5442025958  -0.6026473218  -1.8549572230  -0.9147463828  -0.6199901584   0.0329349764   0.3556300736   1.5730592734   0.2768658115  -2.3358067503   1.0416940528  -0.1913473691   0.2334188774  -0.5927923524  -1.8979803883   0.8148793912  -1.3538204509   0.3977133834
-0.5744840305  -0.8126522405  -0.5853537795   0.4561068905  -0.4159407071   1.4342586041   0.2148811081  -1.4500045642  -0.9440369777   0.4218787985   1.3154336589  -0.0918224997  -0.4499322808   0.0753445851   0.0423211839  -0.2710392150   1.8977006178  -0.1360484540  -0.3613452926   0.4101580379   1.2357294913  -0.5972948574  -0.5520200244   0.6297391409  -1.4273356041   0.9895332064   1.4304124128   2.1031012636  -0.9236160642  -0.1838866271  -0.6452766993   0.8957430206  -1.5343764820  -1.2450295715   0.1377614144   1.5255389839   1.8143561976  -0.8912162652   1.3274466221   0.6243750096
-0.8027463632   1.7964705346   0.8242206537   0.7525682764  -0.5420188746  -0.1876071183   1.1447734916   0.6789357947  -0.2019333647   2.2231800498  -1.6449417564   1.1291232763  -0.0564691774   0.8789249394   0.1132578199  -1.6336619349  -0.4763909435  -0.5051447278   0.7619543044  -0.6495478980  -0.9867876568  -0.7761538986   1.5458295400  -0.1139748430  -0.5632805405  -0.0456311351  -1.5873887678   0.8909140318   0.4292523566   1.4099105072  -0.6864058833  -0.1867549446   1.0368654610   0.4641227014  -0.2744148464   1.0904218463   0.4389464728  -0.6763572771   0.9721612197   0.0734187637
 0.7457301541   0.6748541584   0.1782881671  -1.4999633007   0.9385459921   1.5490050977   1.1509146187  -0.9095927556   1.4447988676   0.7785457787  -0.7450351521   0.4057566326   1.2642825023   1.8498404906   0.9220924011   0.1428774378   0.2862463685   2.4011551860  -0.8328354006  -0.0509701744   0.9887108973   1.6967704639   0.8762758268   0.6796660340   0.4216873193  -0.5771251955  -0.0239657899   0.9948010919  -0.1350052770   0.1858060003  -0.3511604100  -0.0704415440  -0.3027056349   1.4810457492  -0.8414257847   0.4100190069   0.2158417205  -1.0910956812  -0.5042433838  -0.6536173372
 0.2896560665  -0.2509540570  -0.8194577878  -0.5435049978   0.5965872435  -0.2974981749  -0.4062824642   0.7447513072   0.1100660059   3.6678525146   0.2436259569   0.5522845231  -0.5742800414   1.5243556722   0.7580735336   1.9269907939  -1.5947094064   0.2826455109   0.3094347575   0.3598543955   1.3535337625   0.5721919837  -0.8572778905   0.7194041221   1.3343703461   0.4702998229   0.7102546004   0.7203323839  -1.0482842525  -0.5439490297   1.4627737834  -0.3589241723   0.9712654225   1.1818844837   0.4965317894   2.5053473999  -0.7502837213   0.4240510452   1.5424642449   2.4069280531
s3
 2.1035651138
 0.9134372434
 0.2690365990
-0.4777832376
-1.7343749895
 0.1100463403
 1.3184462495
-0.0944101196
 1.0468939337
 0.7840341151
-0.6691648726
-0.3561514001
 0.6256773410
 1.0557805380
 0.6185129785
 0.7078199095
-0.8759517051
 0.3857907962
 0.6813700016
-1.3737073622
-2.0329634183
-0.3096877920
 0.7544141297
-1.6169489449
 2.3688330566
-0.0993834145
-1.0406722640
 0.4434923377
-1.0553606960
 0.5645490686
-0.5475833106
 0.5922684711
-0.6764506579
-0.0025396051
 1.4190325273
 1.0178366323
 0.8974691632
 0.6358554912
-0.0149816105
-0.3013902166
w4
 0.8297786628   0.2542509636  -0.1472247974  -0.7039556272   0.5091093575   0.4342312963   0.8326471916   0.4676206415  -0.5192677633  -0.6040550110   0.4540351291  -0.5232199095   1.3342424426  -0.0526368815   0.2471874695   0.5951891901   1.0549463388  -1.2585714004   0.9697793034   0.0782643011  -0.2901719041   1.3706965279  -2.8228870261  -0.3114671620   1.0794535926  -0.7195143926   0.9868549533  -0.2044866242  -1.8507065015  -0.9532941689  -0.4457856881  -0.0715335696   1.2190613035  -0.5776882968   1.3527127585  -0.9085612834  -0.6961590622   0.1422984891   0.1877220174   0.4278768802
 1.5172228977   0.4826461108   1.7278432467  -1.0328735394   1.2305420879   0.4269857815  -0.0135091603   0.2469513967   0.0302065612  -1.9204344696  -0.5938961735  -0.2802095251  -1.6126850770   0.1011830399   0.4379268873  -1.0780369313  -0.6633081648   0.8112282802  -1.1337325504   0.3252224845  -0.8734351798   0.2419038518  -0.4085873860   0.1981344302  -0.2698282256   0.2977183189   0.6386504019  -0.9210193535  -0.2715615811  -0.6008145693   0.9048602265   1.1838905515  -0.1247780188  -0.7120656360  -0.7273966614  -0.3171495584  -1.2164511931  -1.4238176161  -1.0265222705  -0.0777460967
 0.9771215845  -0.0452984371  -0.8552621354   0.8971145377  -0.1284934638   0.2020853399   0.4920981663  -0.4300249521   0.8765530594  -0.5920668850  -0.2480260191  -0.2787055610   0.0495689683  -0.2052440708   0.3640744101   0.1110489866  -0.9761648327  -0.2820826610   1.1581251663  -1.2240984577   0.1078458671  -0.1308279797  -0.4298363535   1.4429578093   1.4554973494   0.3683831202   1.0466207795   1.2593800439   2.2716362068  -1.5597534517  -0.1001882954   0.1567396675   1.2981958417  -1.4945422207   0.0993365816  -0.7798380299  -0.8755336326   0.0795501509   2.2679751416  -0.9619993294
-0.4249010777  -0.6612924095   1.9979686620  -0.4576167127   2.3041331518  -1.2738456900  -0.4116160190   0.2021032719   0.9615058890  -0.0654620821  -0.5223034884   2.6225319960  -0.0124785322   1.8561295831  -1.2961762113  -0.1753437464   0.0966596222  -1.8084918022   1.6416933194   0.6885074539   2.0523572116   0.8604116958   0.5776095469  -0.0093867365  -0.9278245401   0.8264802286   0.0577463652  -0.3999612369  -0.6021516790   0.2598043803  -0.9439180640  -1.6983588147   0.3861268977   0.1834492705   0.2627022466   0.5814035572   2.1645749169  -0.8048218847  -0.5260343177   1.7437138768
 1.3757541350   2.1843724157  -0.9711524436  -0.8271409427  -0.6275850949  -2.4128803626  -0.6541522970   2.2376356117   2.1530473990   1.3438608829   0.5031037465   0.1740050566   0.0733541037   2.9106832669   1.5704366629   0.8020810940   0.4659871808   1.1546327780   1.0433639538  -1.1190729443   0.0412935904  -0.8177440177   0.0867117430  -1.1912085873  -0.5208635599  -0.4028840969   0.2837666068   0.9297736555  -0.6945087688  -1.2277031105   0.2055225161  -0.0000241281  -0.2042857002   0.4531642842   0.8410029222  -0.1623551330  -1.2875327011   0.1529480795   0.7195253891   0.7986728097
-0.2979396766   0.8692319530   0.6382181096   0.6727534105   0.6231346285  -0.5457945345   0.7088382955   0.3297171568  -0.1700804045   0.8174181133   1.4786483817   1.5074551023  -1.4945604206  -0.3042128493  -2.1616132258   0.7724878027   0.6438174864   1.5300740893   1.9169987918  -1.9968385084   1.4984514112   0.6864351178  -1.1740310518  -1.8710486909   1.1386077975  -0.4971130100   0.9231761546   0.3033246311  -0.6881451297  -0.0453557668   0.4933698903   1.1419528475  -1.5275637842   1.1768932008   1.0793960247  -1.0517296684  -1.1402971992   0.8542535490   0.3998554853  -0.0890932294
-1.1719685226  -0.1417422583  -0.9959457959  -0.9360813801   0.4726328672   0.5666765681   1.4660535141   0.2143457989   0.4384915109   1.1023405249  -1.1768543958  -0.4719458163   0.9650089183  -0.4466283247   0.0671438072   1.0671833434  -1.7778652045  -1.4123924390   1.8898575812   0.6404048157  -0.7118262816  -0.7631653860  -0.6209049744   0.6887474186  -0.0368252817  -0.8742549586   0.2117726433  -0.4985643328   0.3627346627  -1.1879402786  -1.2427922466  -1.3354931061   1.3445590818  -0.9380437416   0.0651014873   0.8162107333   0.9702698156   0.3886595609  -2.1971224875   0.3123034396
-0.1069301318  -1.2987163289   0.6934106120  -0.2553464723   0.2363314078  -0.2915650406   2.0990934607  -0.5581344164  -0.4503333383  -0.6082280455   0.4414785696   0.4062183178   1.0669951533   0.2740888072   1.6361296462  -1.1219542312  -1.2276584831  -0.9392008227  -0.1031772753  -0.3536062710   0.6985385781  -1.5199689770   0.3741757827   2.0455613351   1.8832360219   0.2461693026   0.0721735039  -2.3068745121   1.4977228590  -0.5130050118   0.6651516546  -1.3577663150  -0.0047642393   0.6860806541  -0.1795190513   0.0110593262  -0.5750125701   1.0863595455   0.1977693670  -0.8421078809
-0.2285907097   2.1259527412   0.1505316419   0.6861789561  -0.2350474048  -0.0033992628   0.5579225055   0.8642646774  -1.5083156816   1.4105725286   0.1018394718   0.0178698727   0.7061262570  -0.1735068582  -0.3888037506   1.3304498084   1.0994647795   0.8179580117   0.3541824554   0.7047913210   0.8712908079   1.8686388005   0.1411504614  -0.7330472157  -1.2531006640   0.7328898573  -0.5236114844  -0.2192946287   0.4459226032   0.0806849692   1.2711866242   1.6008644685   2.3214999882  -1.3383941251  -0.1900700794  -1.3937130243  -0.5145295331   1.5565771674   0.2352085863  -0.8205981354
-0.2272362977   0.7722575800   0.3121624176   0.3137620559   1.3240270690  -1.4453520491   1.4987353883   0.7733674723   0.4347364267   2.3223045925  -0.2158304095   1.4127914629  -1.1394664511  -1.3174748940  -0.5834932837  -1.0681798338  -1.1518714168   0.2958689715   0.9205539128   0.0586531704   0.7410896152   0.1696205249  -1.4839054157  -1.0631644888  -0.6837895505  -0.1426469679   1.1328811826  -0.8454365030  -1.4334385336  -0.6121139830   0.3693680205   1.0569310611   1.1012107902   0.0042423364   0.2264303070  -2.2678319412   1.9278452875   0.1687365599   0.2642596851   0.3153326304
-1.6377069437  -0.6627698996   1.4682863042   0.1879895835   0.3093484026   1.7431513351  -0.3323990180   2.4103107964   0.9147958727  -1.0456208623   0.5072600295  -0.7074429972  -0.4648082346  -0.9236691478  -0.3975733981  -0.8617643583  -0.5706630810  -1.3934295425  -1.0242078319  -1.5887827858  -1.2909832585  -1.5782565278   0.2649424543  -1.7079812128  -0.3853949212   0.4904668144   1.0920021963   0.7226328728   2.0421076437  -0.3220668768   0.0000234398   0.4107151218  -0.0304270040  -0.0170604298   0.1288345608  -0.4616538970  -0.9674881581   0.5279980741  -0.4864171201  -0.7076002212
-0.8312292425   0.0836238566  -0.4984075337   0.1130544462  -0.9158794406   1.6757877408   0.8398106284   0.3031287368   0.9925605536   1.8627814635   1.2448888751  -0.7971348431   0.6504757827  -1.8822544908  -0.5521431569  -0.7875835478  -1.2326018162   1.0028613589  -0.6003572710   0.0572505858  -0.3816901069   0.1948272128  -0.1563162538  -0.2209467388   1.3555157410  -1.4732560762  -0.6642600429   0.1958907523  -1.3509849221  -0.0524881766   0.9962482734   1.4030078589   1.3998389615   0.7204561659  -0.4029838358   0.3646477106  -0.5722212520  -1.8064180115   0.1060009950  -1.6055996041
 0.2040071870  -0.6468172393  -0.1098715088  -1.1417022509  -0.5277916916  -0.2416072975   0.5248223268  -0.1793217101   0.1458842589   0.2745808444  -1.2836013143   0.3129117438  -2.5130443406   0.1343402338   1.6216234113  -1.5820251466  -1.1641248717   0.0588380527   1.1476051116  -2.8338052546  -0.0084326831   2.1131286631   0.1025546470   0.0428844829  -0.1538189733   0.7530822472  -1.2533996790  -1.0881031606  -0.0041003862  -0.1379976565   0.9127373412  -0.5751935486   1.2193862025  -0.2209076348   0.2999886891  -1.3521135945   0.4791194411   0.9854913708  -0.3519200604  -1.1573000436
-0.5963561542  -0.5798012329  -1.4397937203  -0.9323935152   0.2863748587   0.3712114637   1.1632538153   0.3097115427   1.4659167320  -0.5458986879  -0.5869425759   0.9041642008  -0.7974586143  -1.4542908848  -1.2846869729   0.6893079589   0.2099051155   0.3215957122  -0.0707601542   0.7510491275   0.3391984686   0.3789372462   0.6946017352  -1.9218774792  -0.4078407608   0.7744167040   1.0498527835  -1.6881791260   1.7381103089   0.1813284149   0.6468654086  -1.0228193361  -0.1399480931  -0.8177178639   0.5496710855  -1.3001711116   0.2360011647  -1.6196189321  -0.5845071527   0.2083357055
-0.1818881818   0.2533784216  -0.2326661441   0.8311090101   3.2911525927   0.6626723300   1.3730634168  -0.2627716232  -1.0363588050  -0.6956265097   1.2896990948   1.8030303933   1.4250965974  -1.5812578518  -0.5390995879  -0.8263259803  -0.5160000220  -0.1089348810   0.1821787417  -0.7483941288   0.4472650015   0.5634671796  -0.2591097416  -0.1297441304  -0.3563917307  -1.0995767693   0.0026263031  -0.6422206441   0.0256509012   0.3232850122  -1.5596030312  -0.8917056296   1.3372364835   1.7853661031   0.4910595655   0.3996918050   1.4506006723  -0.8453113485   3.2736790983   0.0519634967
 0.6744756066   0.8017487432  -2.1021121818  -0.7884080858   1.3396958248   1.4706340824   0.1532748139  -0.8647832035   1.1142597945  -0.7168974498   1.1783556593  -1.0692075647  -0.2930710558   1.2465517628  -0.6403293105   1.0248523026  -1.4680439216  -1.4607572409   1.8154588939  -2.2204909970  -0.5111356875  -0.1055796896   0.1394109067   0.0011492840  -1.3338896783   0.0369197950  -0.4660558859   0.4363641238  -0.4880049121   0.2394190963  -0.0003955010  -0.7610218654  -1.4383131766  -1.2669155262  -0.4224017851  -0.5055130866  -0.9941186685  -0.9092770593  -1.5837450484  -0.4916536739
-1.4257295603  -0.9148603874   0.6310103603  -1.0979910033   0.0176109302  -1.5632087098  -1.0054594650   0.4010057873  -0.4031333096  -1.1781434155   0.8588414382  -1.3216002269  -2.2116348241   1.5215812177   0.9835899253  -0.3576925878   1.5587660389   0.1098116576  -1.5379955267   2.6240411248  -0.2223505415   1.2194142354   0.0218087586   0.0049636547   0.1859315141   1.3425984824   1.3914428934  -1.2457772776  -0.8185071739   0.3765705828   0.7708589074   1.4838773442  -1.2113479982  -0.6418746348  -0.4068314315  -0.3045747232   1.9888996899   0.5299188599  -0.8072496754   0.4158888429
 0.0370024282  -0.2917296770   0.7543397254   0.5918658000   0.6404042657  -1.0508830163  -0.3106994887  -0.4077370367  -1.7580242148   0.7157144069   0.8776128536   0.7094505566  -0.0188525115  -0.4925168248   0.8130063820  -0.6549688208   0.2859889941  -0.1447633385   0.1622709801   0.8769119134  -1.7989241559  -1.5440260719  -1.4832989608   0.1351247565  -0.3842262192  -1.4558270370  -0.5012582009  -0.7958160542  -1.0233416426  -1.7371676000   2.5773524720  -0.4857888692   0.8785746504  -0.2517215315   0.4091743979   0.7672142631  -0.3941559011   0.1436310373  -1.4839751314   1.4095156091
-0.7255618145  -0.9775192915   0.9583384026  -0.4873925307   1.3250022570   0.0999379283  -0.1638056832  -0.0329856036  -0.0433473258   0.0963660284   2.2424329429   0.3176833751   1.0480470590   1.1754439168   0.5703579755   1.1489760087   0.6650184182   1.8682104327  -0.7964150970   1.2591245815  -1.0173550082  -0.4657744243   1.2739013525  -0.3928418524   1.5012822887   0.5796933107  -0.7924514973  -0.0620562996  -0.2713224493  -0.8129039747  -1.5925094499   0.6703061121   0.0326190425   0.7100612931  -1.2589291656   1.9589305469   0.5379698050   0.1205824382   0.8873837661  -0.4381359757
-0.0876894173   0.1758761699   0.5515835670   0.2316365525   2.0572962405  -0.3609798057  -0.2185132551  -0.5814568112   0.0080263311  -0.1692536348   0.6891013335   1.5237766321   0.0079420530  -1.6043725833   0.7449319318  -0.6022155215   1.3446228761   0.6532835091  -1.2086546179  -0.1088217294   0.4018311173   0.9488546365  -1.7733291350   0.3842073588   0.2744569178   0.7056214428   0.9426872549  -2.1103040925   1.4616571614  -0.7037127208   1.3372725389  -0.4361061450   1.1075985455  -1.0416435411   0.1260411454  -0.9171742748  -1.6922715583   1.5446105511   0.9829009932   0.6243906065
-0.1985249923   1.0276714699  -0.3003096215   0.1489783131  -0.4622207982   1.0283675283   0.7626199785   0.5933495854  -1.2363917315  -1.8049953430  -1.3223615230   0.6998783946   0.4019345055  -0.3319476514   2.0505498702  -0.2842430524  -0.7195313343  -0.3748047019  -0.8189392018   1.1514188710   0.7463282430   0.1853422224   0.0761051607   1.1323153718  -1.4918527323  -0.0339601946   0.0834697348  -0.1380553289   0.6830479605  -1.3279249317   1.7512696723  -0.4736869412  -1.2011613078   0.9928303473  -1.0601637557   0.4941624865   0.3931454591  -0.8034776138  -0.7308288911  -1.3981100093
 0.0667308058  -0.1582923445   0.9851488790  -0.4346252348   0.0680394243   1.9792266784   1.6495494815  -0.3738968076   0.7817086366   0.1939869088  -0.6484392255  -0.0120652363   0.3334658853  -1.0031008002   0.1050178417  -0.1602322025   0.0050910249  -1.5436334334   1.7345972392   0.0682609910  -0.8332553854   1.4326148827   2.3961582173  -1.8343592905  -0.6827249649   1.5382180002  -0.3317380970  -0.7431549627   0.5001469747   1.8270225670  -1.6407742033   0.3117535802  -0.4331528872   0.2792774534  -0.7938020087  -1.1004276252  -0.5656794878  -0.3762962912   2.3494010010  -1.2622045682
 0.2528722235   0.6545593995   0.7416669941   0.1100575764  -1.3034584093  -0.1965925535   0.9133763920   1.6347085835  -0.2558311951   0.9281024168  -1.8697051420   1.3891897517   0.3674826002  -0.5058780821   2.0931998189   0.3771965528   0.4056897428  -0.1074132056  -0.6240407610  -1.7198872818   0.6539498247   0.6080254118   0.3175799936   0.5409986699   1.6789101434  -1.7136424613  -0.3480698643   0.4061230818   2.0232350851   1.1724023485  -0.4357829867   1.0370370640  -0.2614685214  -0.5736413154  -1.8952261932   0.1782907288  -0.7678735987  -1.6373279348   0.9589830038  -0.0131062911
 0.8538280421   0.1045421130  -0.0568229529  -0.8716046979   2.2060989129  -0.4114610602   0.0084748573  -0.0155259171  -0.5981905581  -1.1437074949  -0.9247465811   0.9259718805  -0.4795956473  -1.0461645402   0.5905800878  -0.2257392201   0.4696728249   0.1233097130   0.0985765761  -0.0982611858   1.8949461428  -1.2692088115  -0.9194197429  -2.9563864963   0.8739969615  -1.1687031804   2.3309603705  -1.2564537099  -1.5983481728  -0.6544314934  -0.5340385797  -1.0938400997   0.7328777324  -0.3851755874   0.3184243678  -1.1792056092  -0.2639611038   1.3654225207  -0.1358526718  -0.8014286896
-0.2206237359   1.4918498630   0.3953591244  -0.4992272675  -0.2544283283   0.3675507147  -1.1977130450  -0.6103603036  -1.1180346001  -0.0102562325  -0.3047111115  -1.0673522173   1.8589421270  -0.8410933887  -0.6242906237   0.2078007566  -0.9631852282  -1.1189433198  -1.4985887489  -1.4476469251  -0.5324154124  -0.1690960630   0.5060091219  -0.6209830833   0.9333385711   1.5022621730   0.3021410893   1.2410312051   0.9620941474   1.5880274494  -0.5805572475   0.0859809668   0.6018753859  -0.9339012581  -0.7211381332  -0.6112880333   0.0892958787   0.7192613935  -1.3603866023   0.3232358111
-0.7595498161   0.5067125524  -0.4786415959  -0.7870507655  -2.2960886391   1.4131359003   1.1691900110   1.2099037113   2.0843448050   0.3033698651  -0.9753820925   1.4185463430   0.2482796956   0.8566337673   0.3782645381   0.4961109327   0.7094239774   0.5166096677  -0.6644339704  -0.2729979983  -0.2895537293  -0.6204072643   1.7876313287   0.1691111165   1.6928587958  -0.9247188281   2.3903926766  -1.6076252647  -1.2293584608  -0.3685049068  -0.5959342966  -0.8773189708  -0.4722436288   1.0404532562   0.3194963412  -0.6493312765   0.2285350338  -0.3758611571  -1.3205406564   1.5538010833
 0.9650713050  -0.2452548454  -0.3610303359  -1.1599380893  -1.2872032691   0.9853620874  -0.9517159837  -0.0242594837  -0.2376947288  -1.6402245329  -0.8360096517  -0.2944296085  -0.1743062280  -0.8178252540  -0.1147259602   0.6210070575  -0.6421358836   0.9257410517   0.3191807757   0.0185012072   1.1516776570   1.0927772447   2.0664543904  -0.2965429541   1.8067447927   0.8137517586   0.1994424057  -0.3307176505   0.6371057266  -0.5531685198  -1.0181224537  -1.0388735854   0.7240752853   0.3661616501  -0.4436140416   0.2495658537  -0.8538672234   1.4765291407   0.1540822511   2.0468629939
 2.1777950277  -1.4645297016  -1.9977266054  -0.2892203042   0.5577671047   0.7470081149  -1.5231968547  -0.6328183320  -0.3909953371  -1.7733062397  -0.9257729529   1.6135626164  -0.3274173391  -0.2973477742  -1.3216294959   0.3553988561  -0.2837459128   2.1381117823   0.1721703582  -0.2500928297  -0.6616470567   1.5485002752   0.8506080194   1.3291807339  -0.7258747670  -0.8301684463  -0.2752887183   1.4823759008  -1.8028136704  -0.8160655928  -0.1722873437  -0.3640700263  -0.4601883856   0.5658902449  -1.4202672462  -1.9536462008  -1.2938857984   0.0965408838   0.5770924731   0.2297963020
 0.3270746383   0.0566635284  -0.4127083571  -1.1459867085   0.3544672064   0.6532546884   0.6571218747   0.5924601148   0.6963160570   0.3355040346   0.3673487281  -0.3614078732   0.0720812774   0.8275452553   0.0458992297   0.0051054822  -0.3341983441   0.2190904135  -0.8186369009   0.4983605850  -0.4280867821   1.6349426229   0.3295489378  -0.8199151939  -1.4856200593   0.7540773962  -0.3533473179  -1.4387541093   0.5347208432   0.8390272659  -0.2232574167   0.1218891568   1.5052612841  -0.1482294674   2.9038018111   0.7562727483  -0.5294263019  -0.8139675329   0.6775040003  -0.4691492406
-0.6814974040   1.2977388669   0.2862998148  -0.7350626152  -0.1755747729  -0.7073556014   0.1016255313  -0.5724401140  -0.0621040878   0.7784347565  -2.0624378229  -0.8107075669   1.0438417417   0.2535198668   0.1715991059  -0.5427785199  -2.0806991938   0.3644511550  -0.3230763584   0.3459653314   0.9090193571  -0.0518310500  -0.5173153557  -1.1869040113   0.8291180963   0.4259359108  -0.3564846870  -0.2051323255  -0.9165101625   0.2822993316  -0.8366572818  -1.0098190333  -0.0141029081  -0.1884779618  -0.9045713580   0.8624333014  -0.5938399991  -1.2650787574  -0.8154797792   0.2480207963
 0.2451762410  -0.8066426498   1.4346098466   0.5714928884  -2.9097992028   0.4744788384   0.6427222509  -2.3935490173  -0.0149385268   0.9202851972   1.2623594692   0.9818887256  -0.1689202838   0.0380602731   0.1027909138  -1.3661031592  -1.7263557352  -0.2601807966  -0.0164820356   0.7072922834  -0.5815516718   0.0507745218   1.0612148628   1.5808311900   0.1662582784   1.2603509719   0.3013675279  -0.1264410286   0.3957174097   0.2238054694   0.8007388815  -1.1219458552   0.1049601733   1.1315095339  -1.2922319665   1.6681320061   0.0536336821  -0.7179581633  -0.3414614573  -0.4336958225
-0.3636305336   0.0469488723  -0.2196519983   1.7015443250  -1.0461432614  -0.2474184647   0.2791182202  -2.4889083196   1.6816755096   0.4885099344  -0.9967213839   1.4894236557  -0.1255049509   0.9341419675   0.1639199505   0.9226357886   0.6823755718   0.7885250020  -0.1937882089  -0.4977289148   0.2643417722   0.2592334135  -0.1376873141  -0.4762863976   0.4632222272  -0.9049513991  -0.2778752782   1.7140306726   0.2100977004  -1.7368729871  -0.6305422431   1.2575568461  -0.4637580677  -1.0008569069  -1.0092427043  -0.2737837349   0.1089206227  -0.2125293708   0.7391744293   1.6786920755
-1.4042707863  -0.9779044147   1.5529268660   1.9578976785   2.0014481369  -0.0736678167  -0.0724854160   0.9946716067  -0.4876487110  -1.2214799794   0.7762446637   1.5058597447  -0.7266932005  -1.6477823403  -1.1951089986  -0.3349795297   1.0951701925  -0.7989700170  -0.4686594517  -1.8694618648   0.1703273533  -0.2229943721  -1.0812084845   1.4477051590  -0.2882916068   0.8777719442   0.2353504802   0.8362092902   1.2256585148  -0.2834651615   1.0857062715   1.2583353623  -1.5588094499   0.2728255359   1.7267946482  -0.1945262146   0.3322369586   0.2115055070   2.1510929528  -2.3736904890
 1.1731405144   0.2658719398  -1.1225506502  -0.0507449965   0.4042771564   0.8487908257   0.4999233635   1.6144040905   0.5083827259  -0.2458690484  -0.8874409620   3.5301510662   0.2956870382  -0.6160603569  -1.7116971403  -0.3169827435   1.6940469800  -0.4609840318   0.6681930286   1.6553857887  -1.5715200727  -1.4923077634   1.0685965822  -2.5962368867   0.3880289164   0.8289400574   0.4383700615   0.9094890029  -0.6867361407  -0.3409392383  -0.7773546428  -1.8196309306   0.6854139701  -0.8032750206   0.9664101375   0.5962746894   0.0145107716   1.0769378607  -0.5752540891   1.0843876955
 1.8406852941   1.1291205994  -0.5932778467  -1.4384774831  -1.4300533518  -0.7564411764   1.1325232694   1.9685347730   0.2874372222  -1.1338771693  -0.6695473342   0.1386336085  -0.1576890235   0.0042402850   1.4660092160   0.4887809499   0.3680092603  -0.9321288796  -0.7332084537  -1.6896006208  -2.5596068740   0.8078411427   1.0388694494  -0.3435127719   0.3142371183   1.0363487563  -0.7480652986  -0.3947327956   0.4009865664  -1.0271187403  -1.8188460628   0.8416220844  -1.0443153299  -0.7386399693  -0.2994163038  -0.8749333065  -0.4080977839   0.9350708670   0.6598050501   0.1472269259
 0.8785611539   0.8169519161   0.1147641370   0.0286470380  -0.2619656344   0.4142481324  -1.3787987272   0.6833493193  -0.0523153576  -1.1972629546  -0.5305896668   0.1829395877  -0.1398649988   0.2046164285  -0.1331343398  -1.2129277800   0.8707348169  -0.8183909253  -1.7233006437   1.2568786779  -1.9038635772  -0.1834435006  -0.0710382054  -0.4601202750   0.5970717192  -0.7052774170   0.0730858709  -0.6542593660  -0.2675207511  -0.0977224172  -0.8335454893   1.3630500782  -1.0183033464  -0.3309418795  -1.0969184304  -0.4828245878  -0.4792525599   0.3883281889   0.1922217615  -0.1471033813
 1.3328524740   0.6734510808   1.7256976525  -1.3776125632  -0.0984016395   0.3143496611   1.7470841127   0.6113643335  -1.3948580408   0.4658402363   0.5789859417  -0.1978926141  -0.2771068868   0.7296951386  -0.5683489495  -1.1463308789   0.1710353262  -0.4499863046  -2.1759743039   0.2648140574  -1.9304389374   1.0493569016  -1.4202997822   0.5678928416  -1.4305289443  -0.5497674401   0.8215044713   0.1499400313  -1.3924071920  -1.3447418888  -0.1647621478   1.0205783877  -0.6024169647   0.5742020546  -0.2753621392   0.1182038548  -0.6806971314  -1.9932306345  -0.3729328632  -0.4690978077
-0.5326112625   0.1847282984  -1.1519748903  -0.3762557443   0.4348607025   0.8590245328  -0.8149503624  -0.5504410877  -0.6075239378  -0.9701947481  -0.5644571489   0.8084017225  -0.3928106167  -0.0762617285   0.4315175596  -0.4113231740   0.2665418904  -0.0102087040   1.3922870361   0.5098038034   1.3227374132  -1.5158260088   0.1180698442  -0.8829632829  -0.4589893360  -1.6416272683  -1.7083173290   1.8205277355  -0.2530192628   1.7506353335   0.2814816997   0.7186625734   1.3234650370   0.2280523104   0.6085629511  -0.6679850171  -0.3654523832  -0.7656165532   1.0736748281  -2.1103788099
 2.0511203970   1.3546248479  -0.0582938497  -0.8911694711  -0.4451439422  -0.7548178387   2.1057299539  -0.7157426155  -0.5407801929  -1.5954317034   0.8493091874  -0.9808066227  -0.2020633247  -0.2455353770   1.9205374407  -2.7386520163   0.2381052152   0.4884724266  -0.4479731169  -1.1380860635   1.5385253116  -0.4942227818   0.2085380572  -1.6197739738   0.5485363330   0.8474776617  -1.1276886175  -0.3189896704   0.3755942383  -1.0701485521   0.2594717612   0.3624147278  -0.7440262364   0.4925084906  -0.0371765322  -1.2489161180  -1.1648738632  -0.5419754109   1.2030871100  -0.0332682473
 0.7554538041   0.7985938350  -0.5398233977  -0.4343109238   0.7219853081   0.7878442038   1.1595829725   0.2372590985  -0.3010275907  -0.2844911514   0.1825791524  -1.3554419425   0.8298050068  -0.0292966221   0.9973804800   1.4070775755   0.7779595554  -0.7290623530   1.1196033376  -0.4776004144  -0.9165085597  -0.6710700556  -0.6562839888   0.0970376843  -1.0102461093  -0.9329577463  -0.1769648795   1.1012816107  -0.2494583481   0.1890091812  -0.9457914447   0.2564635560  -0.2694964618  -0.9577043315  -1.1258950982   0.0389872782  -0.1983007024  -0.8747252251   0.4179099340  -0.7695416668
s4
 2.0927352254
 0.9572521212
 0.2578576048
-0.4587767624
-1.7378633792
 0.1297357797
 1.3038035634
 0.1628055727
 1.0446088029
 0.9041395516
-0.8157201245
-0.3883637436
 0.6343119000
 1.0129566451
 0.6189480791
 0.7203107635
-0.8667384467
 0.3351431708
 0.6796512563
-1.3938606248
-2.0071951759
-0.2182445901
 0.7448446375
-1.7384236867
 2.3883639703
-0.0941714827
-1.1205654885
 0.4357467321
-0.9352814444
 0.5706031551
-0.4997641972
 0.7416292818
-0.7362427369
 0.1001498876
 1.4273579421
 1.0208786778
 0.8819038983
 0.6715185905
-0.0121668643
-0.2937561419
w5
-0.7679852120  -0.5154513281  0.8356222266  -1.8998986923  1.8471177361  -1.0848729907  -0.3416664152  -1.1020187374  -0.6717102369  -1.7861415787  0.8704391676  -0.2035565030  -2.3428470990  0.5953217132  -1.2050481508  0.9449772328  -0.5205164629  0.2004122563  -0.4241961152  -0.9025724654  -0.1445588702  -0.8939882985  -0.6485061449  0.7507793502  1.2539837362  -0.2636993055  -0.2208532077  1.1010667362  -0.8211337649  0.0659885215  0.1627130186  -2.4153694715  -0.2367171863  -0.8904681239  -0.4396992190  -0.1555968270  -0.5099263796  -0.4703499713  -1.6339308115  -0.2981753745
s5
1.2008591334

