layers: 5
str: {2,40,40,40,1}
w1
 0.3058790925  -0.1341620165
-0.7109339436   0.1249364890
 0.4645091964   0.2824790008
 2.2920094281   1.0059383739
 1.2116438046   2.2348570204
-0.4714973355  -1.2268701679
-0.9299097870   1.5905418667
 0.3027870139   0.1786465277
 0.6975584327   0.0366620938
-1.5596794277  -0.7140223624
-0.2538198263   0.2041263882
 0.5621333295  -0.8554719603
 0.4957042191  -1.2661281278
-0.4193264461   0.1590671837
-0.0344953232   1.2973345235
-1.2400293284   0.7916523685
-0.2125999575   0.6829466193
 0.2848211845  -0.8816061638
 0.2054155513   1.4185950541
-0.8810221659   0.7721533534
 0.9319575949  -0.8024656009
 0.3100598283  -0.1479016910
-0.6536824751   0.0286462109
 1.2575772956  -0.2814009333
-0.1359168840   0.4644658919
-0.5352165655   0.0411594439
 2.5503052138  -1.3566223951
-0.8052487475   0.8262867058
-1.2057764153   0.5490303205
-1.9144721886  -0.2989043452
-0.7611997265   0.8070225567
-1.2287224200  -0.8737553804
 1.3387995970   1.1941260421
 2.1876212174   0.5870473079
-0.5108686061   0.1121745484
 1.3909282104   0.7833283651
 1.0587953411  -1.1136747034
-0.3646792400  -0.0388638444
-0.5739768486  -1.8592319541
-0.6909101447   1.8437858099
s1
 1.4888754763
-0.5232822310
-0.7211953238
-0.2558078000
 1.3497299234
-0.2369951310
-0.2881986324
-0.0514408657
-0.7199424140
-1.5913633212
 0.8853158298
-0.9730010447
 0.2872813015
-0.4462445382
-0.6901180232
-0.2043949217
-0.7969327204
 1.2594315173
 0.3228289245
 0.4759762145
-0.6311215019
 0.2516365546
-0.4156240629
 1.1314445105
 0.9733528013
 1.0870045856
 0.1672102865
-0.5956402038
-1.5257516001
-0.0750309258
 0.6465335711
 0.0848659029
-0.2885640290
-0.0321443039
-2.2086663296
 0.0604612673
 1.6308014504
 1.0885166878
 1.9122171964
-1.4352333285
w2
-0.2172259737  -0.8236061849   0.1552001396   1.0350240876  -0.2791893337   2.2792322256  -0.6249802872   0.8788937365  -0.4200510581   0.0663053351   2.7832966532  -0.6417847077  -0.5893468437  -1.3898181091  -0.6751304067  -0.6330756833  -0.8355337429  -0.8516239895   1.1410334167  -0.2346385790  -0.1804724850  -1.4908693462  -1.7502659180  -1.3378206318  -0.2128963055   0.0723059069  -0.0464331165  -0.5547289203  -0.7962513392   0.3575145235  -0.4927878960   1.5221062824   0.0823854872  -0.0039020309   1.3255855060   1.0642774581  -1.1117059883   0.3189895452   0.7256019249   1.0840963025
 0.2272131527  -0.0932603992  -0.2079830808   2.0685788217   0.2527986122  -0.4227330845  -0.7260289673   1.2133728591   1.5456898388  -0.8187508441  -0.3533207457  -0.8966559969  -0.6408845880   0.8676040595   0.7045655326  -0.6426254564   1.0978639069  -0.7028526554   0.9813514276  -0.6781165774  -0.7147792628  -0.0328678102  -0.7588018145   1.5116776043   0.0398790239  -0.1934709125  -0.5218958980  -1.8457441883   2.7887572346   0.9442293589   0.9110842805  -1.5856845777  -0.5613996393  -1.0914584282  -0.4649813428  -1.1143132196   0.7163501464   1.4620664947   0.6144110409  -1.7275811674
 1.2459694982   0.3160585668   0.0478364374   0.5974894969   0.3313927364  -0.1527871970  -0.8473085037   1.0747083296  -0.1161856474  -0.4256451181  -0.3724581494  -0.5058943415  -0.1077854799   0.9205213909  -0.5851319681   1.3913458962   0.4285672533   1.3548876215  -0.8474726676  -0.2843055822  -0.8175845143   0.5316634222   0.4451040211   0.1787927567  -0.3146551093  -1.3411754243   1.1838777482   0.2281598769   1.4035010257   0.1202494483  -1.3356977766   0.1625654872  -0.6459450417  -0.8853341893   0.1045849983   1.2755251694   0.9599887986   0.5420054290  -0.0730140106   0.1408145948
 1.6082656437   0.9772549951   0.8215691653  -0.1620605774   0.1568818143   0.5336547028  -1.5042558264   0.2547374494  -0.4352547966  -0.0427991754   0.7832512853   1.5019047181   0.4628294971  -1.1408495844  -1.8951819601   2.3614589503   0.7802522328   1.8853968265  -0.6139574828  -1.3628604931   1.0731107155  -2.2593347801   0.8434562811   0.4662015253  -0.1999411048   0.9443853920  -0.6813964772   0.2990383186   1.9858674703  -0.7942690731   1.5096583809  -0.7641230991   0.9637879821  -0.7571997765   0.0874519657   1.1336186785  -0.4432531077  -1.4627145505  -0.2893673770   0.4160572796
 2.2145288709   0.4094494403  -0.6949801456   2.0931728537   1.0533749467   0.9138103680   0.2796780559   0.2369752329   0.2572327548  -2.3767941918   0.5658161386  -1.5675576057   1.4839417189   0.7609917744   0.4491879777  -1.6348683167   0.2286349588   1.5277951336  -1.0791016707   0.9019094234   2.0015669117   1.3246477325  -0.4590998063   0.7486923854   1.7462750599   0.9365256387  -0.1167069413  -0.3291898387   0.0366724989  -0.4615936904   0.5362543057   0.3545925617   0.1364627210  -1.1793656399   0.4360308135  -0.1920764934  -1.2735417041  -2.6139311046  -0.2912149343   0.0878848902
 1.3722394858  -1.1956776720   0.8329198176  -0.1401958636   0.8472235274  -0.0308984893  -0.5175023249  -0.5019550628  -1.3490888868  -1.0142762378   0.7221632615   1.1704966746  -0.5272348355   1.1730153313   0.4901327558   2.1325952182  -0.6566656394   2.1505943766   0.0261980070   0.7658103948  -0.0809132408   0.4968837070   0.0825427719   0.8813484673  -1.2231116405  -0.7393685115  -0.3282222483   0.2954293655   0.0409438933   1.8696441452  -0.2541982876   0.2385797757  -0.0133728344  -0.2833702780  -0.0749145088  -0.5580539968  -0.0744302513  -1.2858736346   1.0243003534  -1.1203178332
 0.0156827762  -0.2593372022   1.0631960139   1.1237085492  -0.9609431876   0.0775210167   1.0392143365   0.8107544449   0.7972269488   0.1758226775  -0.5608744956  -0.7527930106  -1.0824501881  -1.4618702058  -0.8677830582   0.5933063409  -0.2536509491   0.3503588669  -0.6561564379  -0.1107539122  -1.9709694474   0.6512277165  -0.3199551266  -2.2667084112  -0.8649627470   0.3852432606  -1.8184770469   0.3203087693  -0.7029979939  -1.6594766793   1.3230068311  -1.8525754647   0.1568848392   1.1590004023  -1.1470792536  -1.2187466200   0.7810641176  -0.2605307965  -1.2577920161   1.3248889917
-0.6505733872   1.6510400564   1.2978094016   0.7887953281  -1.1141326308  -1.0021248674  -1.1109568842   1.0381120068   0.1636068629  -0.1805764726   2.1259304038   0.0465198849  -0.8834545657   0.1308578778  -1.1133532857  -0.1021907010   0.1357046231   2.4775735465   1.7732099328  -1.2945320996  -0.0584457057  -1.8682288480  -0.2740251863   0.0570814924   0.1455705617  -1.4430399357  -0.5199357796  -0.3480887025   0.5803079296  -1.8453210362   1.0404088651   2.1575408607   2.0220090087   0.3732662115  -0.0278227756  -0.2600243373   1.0557677264  -0.0949556332   0.1102842682  -0.4589354376
-0.0000533045   0.8242669817  -0.9211227535  -0.6022817621   0.0071888196   0.6212589265   0.1700291136  -1.4330230443  -0.0910286827   0.0213187148  -0.0409940490  -0.0876995761   1.1025508271  -0.2341398026  -1.3275116663  -0.3075457892  -0.2340754005   1.7429854794   0.2785595197  -0.6352649624   0.2323200953   0.1398942552  -0.7096551238  -0.0475154670  -0.0375279191  -0.2382033224  -0.3996072923  -1.1584030554   1.3677922854   0.1112473379  -0.3949468160   2.1685483231   1.0849947098   0.4879978776   0.2075472353   0.5391928603  -1.5148408410   0.7342100166  -0.6390788634   0.2599354129
 0.1792782223   0.4865439002  -0.0069629448  -0.1538216369  -0.8527604122   1.1459700940   0.0211117610  -1.4114990953  -0.2326009575   1.8111717327   0.0635574470   0.5020436861  -1.1276320289   0.8748382704  -0.8375930327   0.1511841241  -0.7944503568  -1.7026028217   1.6734329135   0.8977112582  -0.7336466989   0.8701248443  -1.0738130332   1.7898227322   1.3418523226   1.2928501234  -1.8713315204   0.9618738369   0.9914650451   0.1323107923   1.0887102731  -0.2925120882   0.7198843606   0.9377188451  -1.6771301801  -0.4586004050  -1.3413637351  -0.8715706238   0.2816720664   0.0989376132
-0.9421331106   1.3654018530  -1.2309380686   0.1252387064  -0.0022481510   1.5311266742   0.8057852746   0.5529715153   0.6347338233   0.3364534933   0.3237728839   0.0945726365   0.7206672115  -0.2261861671   1.5715465086   0.5604023386  -0.3583477968  -0.9176763488   0.5535482575   0.0535222066   0.3910827637  -1.9458066981  -0.8777647450   1.6630685288  -1.3885237427   1.0301483544  -0.4044372017  -0.6635840987   1.3189119656  -0.3437978444  -2.8881987993  -0.4453983540  -0.1872053176   0.9425237716  -1.2272871190  -0.1107100382  -0.7825622348  -0.3546647059  -0.7065880306  -0.8008417420
-0.5239090197   0.6185742201  -1.2850789793  -1.2787029800   0.8680470100  -0.2262102917   0.3386323230   0.2772444805   0.7760698469  -0.0184867656   0.1956436972  -0.5693249824  -0.2570996463  -1.1994059740  -1.4164732629   0.5185951859  -0.2837008864  -0.7817262797  -0.2721811839   0.7327487666  -0.3959682389   2.2479238023   0.2976877281  -1.7551287841  -1.4806771948  -0.2282442329   0.1986198949   1.0710052549  -1.0077453377  -0.6810933775  -0.7277411691   1.3973354744  -1.3533178054  -1.6680267114   0.4493053626  -0.9532501672  -1.1091640296   0.1938582442   0.2492425515   1.0837585827
-0.3152451358  -0.3321175003   0.0618212806  -0.1092313814   0.8531405665  -1.0718513666   0.7718837166  -0.1378730042   0.0014616369   0.8366399929  -0.3142994775   2.1160100817   0.1191653160  -0.2029215234  -0.4631675525   0.1349466520   0.4906488826   0.5252963015  -0.1192616699   0.9730775184  -1.0257989431  -0.2519947595  -1.0763855740  -2.0270366507  -0.7267192866  -0.5220672961   0.4779757553  -0.4649381814  -1.3409073634  -0.1766402817  -1.0584173466   0.6745962684  -1.5332558549   1.9816002054  -0.3326588466  -0.6699019676  -0.8505926686   0.3450076580  -1.2977629520  -0.2464298135
 0.7369558127   0.5785689524   0.3090787349   1.2172473444   0.6596685617  -0.2167416778  -0.7973752246   1.7065643336   1.4732794292   1.6600845894   0.9676100603   0.5473007052  -0.1971477857   0.9496484689  -0.0896008186  -0.2089185369  -0.2132366202   1.4318964540  -1.2323956043   0.3866438126   0.0571164889  -1.5210593794  -0.4588855332  -0.3627047320  -0.0778382301  -1.2501826661  -0.0995520545   1.3248493419  -0.6999284032  -1.3438555202  -1.8546335014   0.7707762576   0.3352430287   0.5286956325   0.4474056919  -0.2849462893  -0.4311709314  -1.5931716858   0.0002699085  -1.3388544740
 1.3414254583   0.7207380014   0.7712292764  -0.4905296257  -1.3573353081   0.6106949350  -0.3632690801  -0.1364579692  -0.1694894796  -0.8217875452  -1.8272530688  -0.4358039884   0.1680103522   0.2350336089   0.2197860087   0.8362918417  -1.2498716068   0.4694321669  -0.3858912244   0.3689404225  -0.2649228567   1.4798861432   0.7134742979  -0.2163325396  -1.6305919247   0.2516211071   0.5650347418   0.4528229296  -1.0844439846   0.4721812831  -0.9195485299  -0.5247865285   0.8350280778  -2.3663828237   0.9424985657  -1.2257811910  -0.2180742476   0.0586244213  -0.4258147434   0.1576702053
 1.5795038984  -1.5523150623   0.7690901490   2.2761838669   0.4208193702   0.1493208329   2.2760439546   1.1455334860   2.1607981099   0.7169711678   1.4293147832  -0.5955693278   0.6081267398  -0.8072765921   0.4609994091  -0.7499441365   0.0254281886   1.1195150526   0.6715330219   0.2554043731   2.1313567398   0.5839044637  -1.0261575573  -0.2989610184  -1.6633351726  -1.1855859153  -1.0759978522   0.2362087308   2.2655936720  -0.4037454231  -0.9533323530  -0.0528900264   1.3422226361  -0.0411733520  -0.9385750350  -0.4776595864   1.0640369800  -2.0937171265   0.4925314217  -0.1808465109
 0.1667530883  -1.3394924100  -0.2178463441  -0.0308551644   0.8673229256  -1.6554563710   0.8578467624  -2.0500243588   0.1291756539  -0.5157789589  -0.7782089466   0.1766910662  -1.3415051660   0.8735191324  -0.0539827918   1.4837578718   0.4075209409   0.9407155033  -1.3443853858   0.3507813709  -0.3409936342   1.5096072835  -0.0044747407  -0.3394525860   0.4509961955  -0.2568396680   0.4443570932   0.8981291267   1.4041456774   0.8277486752   0.9100409295   0.5356741626  -1.3906202715  -0.7345800362  -0.9622788383   0.1101564417   1.6829768218   0.2846863855  -0.5155584558  -1.0239673632
-0.8458546835   0.4963906883   3.2840338955   0.1462609866  -0.6254726122  -0.4355479042   0.1613651237  -0.5831070303  -0.0609626251  -0.8265146169   0.0226801140   0.1527308743  -2.5517815632  -0.1751674140  -1.1719763629   0.5422134043   0.5980239128   0.1162195645  -0.3795565839  -2.9467675412   0.1784894826  -0.7820468201  -1.5236075145   0.4448786099   0.3752952635   0.0324224105  -0.8583346306   0.7704838799   1.0756959275   1.6949566423  -0.6371389889   1.2999581145  -1.1802575555  -0.4724504545   1.5574576460  -1.7279037089  -0.7889738848  -0.2377458333   0.6449987189   0.0164336110
-0.0836812462  -0.3679679621   0.2237790554   0.3548156434  -0.6309869308   1.3998301411   0.2186345286  -0.7137526995   1.5045538623   1.6542958727   0.0445808245   0.1071352307  -0.5423434224  -1.6139532747   1.2299182862   0.4938039175   0.3731008225   0.4005247660   1.2070920203   1.2940283652  -0.4639519657   1.1776002306  -1.0305631503   1.6524048157   0.3015165863   0.5144371951   0.0317686716   0.2282332518  -0.7995761885   1.0454563837   1.3972642868   0.7464821749  -0.1538583517  -0.3535558991   1.7260621811  -1.6668881682  -1.0853403537   0.0210302941  -0.4863447199   0.5545145891
 0.0047089134  -0.1731479450   1.4769732379  -1.7092931815  -0.5927041629  -0.7772087740   0.6485540965   0.4952416973  -0.3764402307   0.2219346748  -0.1109204096  -0.4200111639   0.2808028356  -0.7749707253   1.1136756683   0.5080127387  -1.7237971702   0.6732639244   0.1129968395  -0.1338186797  -0.0090408988   0.7262116864  -1.5421525717   0.3685776661  -1.1519282928   0.7942258096  -0.0520243184  -0.3617402698   0.5145768973  -0.8646870819  -0.9965580742   0.7759389773  -0.1663538177  -0.6678162685  -0.1794827357  -0.8999472925   0.5335497001   0.0789534176  -0.2124300595   2.1508120895
 1.2840311731  -1.4490505393  -0.7459767197   0.4694326963   0.2374973152  -2.0120993991   0.3122979338   0.9915831367  -0.2017108769   1.7788137199  -0.1813397299  -0.6860652882  -1.1709197074  -0.3811355713  -0.4390277123  -1.2262696681   0.6858523368   0.7490448460  -1.3324817988   0.7051200226   0.1281359745  -0.6347178620   0.2065100732   0.8268506917  -1.2910321615  -1.3187588397   0.3777302300  -0.4010903498   0.6447955678  -0.8102526836   0.5885544136   1.0155253265   0.8169343179  -2.5414881161  -0.6185010971  -0.8015775269  -0.9746769430   0.6747666192   0.3772433681   1.3111398252
-1.5339453527   0.7745793203   0.8734693103   1.3483524296  -0.5904777320   1.1787663014   1.3935628002  -0.4988833450   0.1717742347  -0.8565420084  -0.5104862666   0.3666467260   0.3536445032   0.4097904750   1.0652267344   0.2279347424   0.6581676049  -0.9461211012   0.5443117632  -0.8259808776  -1.4959066405  -1.1053123625   0.0500959330   0.4128694583   1.0548026994  -0.0684215114  -0.1583467637   0.8256339573  -0.0937546436   0.2875836572  -1.3076394673   0.0319226993   1.6479405178  -1.6376457620   0.5540574766   0.2906545768   1.0804114874  -0.5118398633  -0.8480796110   1.3700753893
-1.6024873735  -0.7302203140   0.5839339042  -0.9459947583   0.5727216318   0.7091952383  -1.2874623119  -2.1302237178  -0.5826589023  -0.6875607162   0.1203465072   0.4691625359   0.2504749188  -1.2121839443   0.7882293666   0.8521731089   0.2098068674  -0.7566084286   0.2390899530   0.5332002229   0.5251800967   1.9843813031   1.0882678703   0.4153925869   0.3585137440  -0.2036322439  -1.3227333479   0.9453111452  -1.3373327572   0.7998586182  -0.8725824885   1.3436254716  -0.0066017591   0.8053800093  -0.0433377833  -0.2286353326   0.4623596703  -0.4701179401   0.4124084253   0.8570328821
 0.8532388924   1.5912299675  -0.6778649511   0.6999827024   0.0585407252  -0.1001485848  -1.0808154954   0.6589265577  -2.0058723204  -0.9020363953   0.2969355655  -0.9624790902   1.0597991409   3.0736067144   0.9131664656  -0.3141349934  -1.4310970902  -0.2724590948  -1.2085894835  -0.2230190061   0.0385950038   0.7610123103   1.2936676333   0.1307388440  -0.1196095440   0.2986175156  -1.6101240734  -2.3800603592   2.0637713857   0.4256452446  -0.7351405155   0.5923387865  -0.8959101165  -0.3199283429   0.2844012752   0.4980974930  -0.7063429383   0.5117795878  -1.0163171472  -2.0523120223
 0.6041868589  -1.1257738542  -0.3492999208  -0.3183529259   1.1772963125   0.3007636738  -1.0903197452   0.7168659214   1.6109206907  -0.2442341054   0.3982399808  -1.1502191073   0.3307685048   0.6157578850   0.0299109014   0.2313556390  -2.4546649207  -0.8507861038  -0.4265045276   0.6333168456   0.2412855815   0.5588126598   1.6527935385  -0.4951596303   0.6189521864  -0.3043474568   0.5524984524   1.1786539842  -1.2925709442   0.9101122892  -0.2955625667   0.0730026825   1.0670861718   1.0063273280   1.3669316506  -0.2940970504  -0.1001630217  -1.5593241794   0.2289673015  -1.6014706722
-1.6385977993  -0.8953732175  -1.4037804557   1.0662531268  -1.5787531525   1.0009006435  -0.3964161010   0.0861506208  -1.3860517789  -1.5462576543  -0.1793739653   0.7389946554   0.3061035094  -0.0821579208   0.3193384324  -0.7760471831   0.2232880896  -1.0896044682   1.4975977443  -0.2490368844   0.1270740852  -0.3346398797  -0.1463982760  -1.0026858800  -1.0052075220   0.1956474936  -0.1774976097   1.0907150769   0.0785347557  -0.4557409905  -0.0467792356  -0.3630582097   0.4447178274   0.9369832498   0.2844742107   1.6346036584  -0.1024373045   0.9158694850   0.4577423845  -0.8061016544
 0.1923771818   0.0918047163   0.0265349936   1.8536049913   1.1554539829  -1.6615975320   0.0490975450  -0.2265240883  -0.7012514983  -1.2080876949  -0.2493703402   0.2365092808   0.4478400699  -0.4914121684   0.0243977432   0.1301823590  -0.7601415154   1.0806240152   0.3371772088  -0.1673774705   0.0185657369  -0.3636119660  -0.3532301190  -0.5374732394   0.8421310162  -0.9378133773  -0.4314108786   2.2789395600   0.0599625567   1.6544140220   0.9853152445  -0.2773723039  -0.5233653621   0.3651048447   1.1759105253  -0.3795609132   0.2125925477  -0.5699151926  -2.2779851813  -0.0783914537
-0.4008808405   0.3113319608   0.6330089841   0.8385576612   1.7661710288  -0.9955510576  -0.4960201101   0.0503806792  -0.4658715047  -0.6548899920  -1.8027822703  -1.2991191671   1.1895791904  -1.7033732170  -0.1455300506   0.4137686996   1.4780300070   0.2879410041   0.7576891646  -1.1816155707   0.2694529331   1.3025293038  -0.5245327763   1.2606130648   0.8055473910   0.4528188066   0.9211898319   0.5815412226   1.4426849744   0.0748600208   0.3142591851   0.1920031051  -0.4454476873  -2.3572813920  -1.6613384017  -0.4506337262   1.6803017028   0.7226069831  -0.5188244019  -0.6358678308
 0.4686959698  -0.0097654437   0.6423124815   0.4470485352   1.3835993971   1.2181458764  -0.3538144511   1.9592860047  -0.5068449250  -0.8910197380   0.7409412187  -2.4793434233  -2.2056767953  -0.7676730563   0.0534458858   0.0312019848  -2.1151749196  -0.1682316406  -0.1786383585   0.7271601325  -0.4250326111  -0.5667476000   0.3814712186   1.5443731085   1.5738962695   0.1132385907  -0.5330951325  -0.9504035035  -0.8544039127  -0.9526404991   0.1875781052  -0.1829887612   1.0495847575   1.8882660839   1.1831406723   0.6801394434  -0.4851022622   0.3234914223  -0.5891421118  -0.7674719492
 1.9199150870  -1.3061673937  -0.2419653433   0.2820693433  -0.1995474772   0.9532523199   1.4692613430   1.7201192373   0.5746597860   1.9873077289   0.0113735292   1.0923356389  -1.8257921506  -2.4670568008  -0.2305287761   0.8591501169  -0.8174458138  -0.5224675774  -2.6325137928  -1.5584162575   0.4499656156  -0.1447245631   2.8747145844  -0.1503448303  -0.0106485903   0.2625890737   0.4904404710  -0.0286985081  -1.4856256184   1.3944365468  -0.7889614631   1.1981973816  -0.1951222587   1.1776392996   0.6886914084  -0.2805415144  -1.3420973002   1.5331273500  -0.5485603199   0.5205948643
-1.5822578559   0.4484275459  -1.0884629578   1.2793552774  -0.6211571991   0.0415854425   1.4983949992  -0.5282482938   1.0947081892  -1.6291356917  -0.2436440730   0.3826078636   0.7073900990   1.7249831013   0.4118386320   0.2218324368  -0.7902208298  -1.1826759887   1.2635172456   0.6263710823   0.3534120620   0.9840700144   1.5672225514   0.2372400852  -0.7385161563  -2.5355154154  -1.0069341135   0.8369607767  -0.1322681585  -2.6503687685  -0.3767465794  -2.6434494860   0.8599608247   0.1267458472  -0.2007083859   0.2968980105   0.2239552541  -1.1870724226  -0.1238491832   2.0560449863
-2.5672957133   1.0474046864  -0.5989927500   2.6728866403  -0.1483078234   0.8481496943  -0.6425439353   0.6668996967  -1.9646905804  -1.1499227724  -0.7999697067  -0.1259897394  -0.3880374028   1.2176713006  -1.3505564159  -1.9667503904   0.7377242354   0.5324315073  -1.8138089387  -0.2118277099  -0.0006962215  -0.0101600858  -0.0972650247   1.1743871725  -1.0283889769   0.5561628437   1.4159743076   0.4562268664   0.6441035114  -0.4882985841   1.6095645181   0.8142406026  -2.2283146009   0.2863063571  -2.4175301292  -0.6594592251  -0.2692946050   0.3517909632  -0.8561923960   0.1695940273
 0.4928385166  -0.0249291886  -0.1996001540  -0.4566770932   1.0284596656   1.0295633029  -0.3008137736   0.2511284831   0.9990609037  -0.1805738885   0.2129133666  -1.2585684470  -1.0864154909   0.1297153215  -0.6031831871   2.0715054346  -0.7786300716  -1.0348421583  -0.7376272955  -0.9526052702   0.2492569370   0.9297379825  -0.2275154392  -1.8219236448  -0.2078518219  -1.3473203482   2.1433971082   1.2042555198  -0.5363855121  -0.0040163304  -0.0864084879  -1.1855966880   0.4769552444  -0.9769590301   1.2528294953  -1.7698312007  -0.9251360485   2.1007285453   1.8821061401  -0.5706422242
 0.8136258367   1.1044118345   0.6702510648   1.9335972221  -1.4743297363   1.1955345421   0.4147839350  -0.7256088223  -1.4345503675  -0.8197450974  -0.8580407045  -1.4257212981  -1.1862296340   0.6047291024  -1.0467486347  -0.1214126901  -1.3815475863  -1.1563213598   0.0398227322  -0.7399060700  -0.4122514909  -0.0860118946   0.7747911255  -1.4080973986   0.3317242536  -0.0540732219   0.9102992327   0.0853445831   0.7480913308   1.1274307765  -0.8890044451   1.2509816824  -0.2751014603  -0.5208023271  -0.1581475456  -1.1664977548   0.0760985915   0.3802553363   0.5096014968   1.0282290343
 0.1402655972  -0.1436589604   0.8356340428  -0.2622633377   0.4784164077  -2.5923992914   1.2560223108   0.8987971293   0.7597953641   0.9593598734  -0.8491221454   1.1782477277  -1.3479696017  -0.2441186530   0.6731614543   0.0061737845  -0.4292154559  -0.9668469719  -0.1878258253  -0.3353074419  -0.4016142640  -0.3018352365  -0.8728967171   0.9339859455   0.6202584004   1.6573592759   0.2124506425  -0.5218580559   0.0315590313   0.3798714447   1.3886433194   0.1643641592  -1.2257282685  -0.1063887855   0.2343233634  -1.4165937354  -3.5428349733   1.4208689254   0.7948945011  -1.5090308986
 0.2351665107  -0.3332539331  -0.4781974095   0.0013761061  -0.2858579104   0.5212796217  -1.4926349107   1.1134512144  -0.1788509248  -0.8520702453   0.9913870554  -0.5669810147   0.7921950488  -1.2689348255   2.4093237078  -0.1008672050  -0.1764322208   1.8785170408   0.9960530138  -2.1410573184  -1.8690437910  -0.3295894843   1.1441631098   0.3380251846   0.9296403123  -1.7620308492  -0.7521447197  -0.7236931080   1.0500529132   0.1806101338   0.3985315354   1.0748297900  -1.6980342283  -2.1999132467  -1.0000829404  -0.2669211288   1.7953892576   1.1033894829  -1.6293252559  -0.1728585588
-0.6159905558  -0.1149954814  -1.4283242739  -0.1145539011  -1.1718490500   1.8490423769   0.3428282687   0.2206555010   2.0467706859  -0.0840499203  -0.0537895961  -0.0498380775   0.3475694772   0.4980147443  -0.6367024433   0.1529447639  -0.5639167563  -0.6670575875   2.3757708686  -0.3082205884  -0.7767016338   1.0338706553  -0.4799127510   1.7657673623  -1.1175902647   1.5442599347  -2.3812926598   0.4868450452   1.3132682670   0.6279036932  -1.7449736495   0.9810894468   1.1980004300   0.7781353170  -0.8256032604   1.4847261074  -0.8633135164  -1.4137283180   0.1488507114   0.5222182583
-0.1192679187   0.1752536917   0.0316174744  -0.2937593541   1.3384313894  -0.3202400487   0.5067397509  -0.4711531124   1.6388659925   1.5445700296   0.0980308186  -0.2652160562  -0.7919803406  -0.7263706493  -0.2632866349  -0.5341763038   0.5803786698   0.6027142966  -0.3923556294  -0.7185594419   0.6552758565  -0.1936130224  -1.9985751558  -0.7356046560  -0.8225485429  -0.0861466867  -1.5754751925  -1.4770100784  -0.1531926367   1.5784564351   0.0264906095  -0.2888182945  -1.5808034079   0.7770794395  -0.6224910876  -1.5806480371  -1.8511450962   2.5245132635  -0.5453413447   1.0733685639
 1.1810847057   1.1682353084  -0.9083010822  -0.4161414247  -0.0390821884   1.6610449728   0.2496463528   0.8262034651   0.4605302923  -0.9454389470   1.1386293563  -1.1243658572  -0.7709343372  -0.9041296443  -0.5995943112  -0.9324625476  -1.1976915598  -0.5182491897  -0.8999460075   3.0074426141  -0.3506085013  -0.6418464194  -0.9509862750  -0.9042824069   0.0795975163   0.2855259109  -2.3160411452   2.5980140628   1.5465105100   2.0947776016  -0.9330922738   0.2196846482   0.4711887929   1.5108120806   1.0943640181   0.1863906578   0.4498457652  -0.2674076301  -0.0538449448   0.8531779777
-0.8381556467  -0.8603568295   0.0371347824  -1.1244206318  -0.6508504487   0.9106979332  -0.6433900498   0.0121665978  -0.0171428918   1.0246949680   0.0847988149  -0.7716939849   1.7616083966  -0.7355417462   1.0213379479  -0.3590047751  -1.1336823862   0.4088470891   0.0671959086   1.2437834795  -0.1877312512   0.7490225582   0.4924100314   0.0482851744  -2.0135760307   0.1334333421  -1.0315549294  -0.0943148436  -0.0113989885  -0.7181070435  -0.6263574159   1.2900386452   0.6114542251  -0.5583830461   1.2294504765  -0.7146966227   1.2586395852   0.3566873516   0.4932304539  -0.0862456985
s2
 2.1357041284
 1.1338723268
 0.3270245181
-0.2591897463
-1.5637595508
 0.0701012835
 1.2793766767
 0.1962068589
 1.1841962373
 0.8296011806
-0.7065265103
-0.4329144967
 0.5647740466
 0.9126840696
 0.4568643320
 0.7424827360
-0.7173044809
 0.4062452309
 0.6419939525
-1.4481817156
-1.9893252088
-0.2376160027
 0.8533958643
-1.6168763779
 2.4936188012
-0.1512696251
-1.0759035873
 0.5040990571
-1.0928788316
 0.6235167420
-0.4999683706
 0.5749801624
-0.7171776333
-0.1882664826
 1.3905108390
 1.0597683300
 1.0747851273
 0.4304523296
-0.0452148143
-0.3981706790
w3
-0.7731660765   0.6639269902   1.4777111339  -0.8594038573   0.7429375529  -0.5307204528  -0.0103250725  -1.4596334305   0.9750102425  -0.7516228743  -0.0495984695   2.2825276283   0.3453164803  -0.8527695068   1.2805467081   1.0261335526   0.0680382424   0.2995642772  -0.0266907494  -0.1282895478  -1.8076672737   0.4151012628   0.1131970772   0.9386876606  -0.9893801083   2.2158432434   0.4176815135  -1.0697135333  -0.7246177088   0.3704980705  -0.6024147155  -0.1149343271   0.2905644236   1.7568528466  -0.2961768808  -0.1404917175   0.2040462766   0.6421190472   1.1621681160  -0.7198723986
-0.3813343846   0.7786960666   0.9646910730   1.5680367196  -2.6684906375   1.3014550343  -0.0375141795  -1.6774734516  -0.5385189688   1.1198968206   0.7509796420   0.3233850754   1.1668789183   0.7959958419   0.2854468898  -0.7921914540   0.7551377767  -0.4880583499  -1.0010489782   0.9805303459   0.1742794915  -2.1125720216  -2.0381474652  -1.5205686209   0.7775707899   2.0881574605  -0.5832208143  -0.7688247356  -1.0841821844  -0.6732613147   0.0477902769   0.2524691230   0.7091213864   0.3567566713  -0.5921256050  -0.4740221004  -0.1387056051   0.0182629164   1.2709592879  -2.1023895963
-0.5093382331  -0.2459453468  -0.1684334311   2.2518012597  -0.7359449474  -0.1527202383  -0.8948413182   0.5512050757  -0.7677814096   1.7226626523   1.3936850673   0.6447111841  -1.6815815893  -0.5933706456  -1.8719769458   1.1477228658  -0.9423019263  -1.9813007486   0.1973669649   0.0888339395   0.4978925733  -2.5175990152  -0.5747488596   1.0777937845   0.6793028895  -0.0276960175  -0.7429365156  -0.8828924235   1.6305318659   1.2311536384  -0.4186078903  -0.5143514822  -0.0731800017   0.9484752143   1.0309020411   1.8544424220   0.7242786824   0.3193899986  -0.1291147154   2.2283012712
 0.9700287916  -0.3115505530  -0.8664683146   1.1580288887  -0.6678010412   1.0682751673   0.1289139302   0.9743272483  -1.9320591431  -0.1026529267   0.8329436457   1.8084942344  -0.0044088294  -0.9926656083  -0.2318692757   0.7115628335  -1.0196560750  -0.6265081584  -0.2443595044   1.4303548144  -0.8756392389  -0.0878125251  -0.7705554129  -0.2082635456  -0.4309762210  -0.9738949801   1.7034791044  -0.6702012643  -0.8484251717   0.4090904800  -0.0983756791  -1.4030353561   0.1408488557   1.0884248337  -1.6695109892   1.1548954539  -1.1820929789  -0.9623561223  -0.1151713669   0.7750092426
 1.0648810977   0.3065274772  -1.6105195755   0.3648256497   0.7513132222  -0.5557541653  -0.9417495469  -0.6749281987   1.6393935775  -0.0318297353   0.2535895127   0.8683978729   0.0357803790   0.2694019100  -0.2643342215  -0.2618548146  -0.1515298114   0.9811854892   0.0710891660  -0.5755987893   1.6526242526  -0.9281864235   0.2759189109   0.1272178965  -1.5741261067   0.6000498416   0.0930032382   0.8085523134  -1.1989277929   0.0024819983  -0.0265027295   1.4920684569  -0.0765059924   0.8089532839  -0.1132592521  -0.7896546548   0.5396996445   0.3355130676  -0.1938796461   0.0502373613
 0.0222119142  -2.9098959047  -0.4842388110  -2.2305782072   0.9164492804   1.0011409641  -1.6668060006   0.7106945243   0.9703918771  -0.6497117077  -1.7753684905   0.2397227243   1.2708728576  -0.6767055385   0.6096475200  -0.2663284569   0.6165332838   0.7497489779   0.8727968811  -0.0422316554  -0.2450445940  -0.7323419749   0.6592441007  -0.6040062945   0.3555945380  -1.3508479905  -0.6081258437   0.7885998072  -0.8266359738  -0.1067087392   0.3343651259  -0.6229722843   1.5010438834  -1.1399886905  -0.6821378997  -0.9579835831  -0.3811635599   0.4749438417   0.3108931224  -0.3949812122
-0.7117701747  -1.8009542747   1.2963497877   1.6107844222  -1.0651715481   0.7669177430   0.7219125289   0.1062831591  -1.9635404863  -1.3183686195   0.6901747128   0.2687346362  -0.9450299482  -0.9648541644  -0.3867540553  -1.6433069116  -0.4855747082  -0.0450301835  -0.2855334438   0.4941397447  -0.6964873248   0.4458281127   0.4829408186  -0.5181276255   0.6359832168  -1.5774444060  -1.6494424602  -1.4392327252   0.5497752169  -0.7305252407  -1.1780889893  -0.0955859396  -0.3980306204   0.1089692100  -0.5148578686   1.2213200437   0.3395958400   1.5677684115  -0.1634302124  -0.0475465498
-1.3700285898   2.4632284045   1.1263135779   0.5587520242   0.8551660740  -0.4040403317  -0.6732845526  -1.1478717565   0.4763074518  -1.4425030043   0.1126851445  -0.1414026181  -1.1870949713   0.2507899491   0.6724378592   0.7726636774  -0.1226687945   0.2690398731   0.5598838612  -1.2647514616   1.5407696066  -2.4091214323   0.8281273207   0.1065697850   0.5254086476   0.6594112622  -0.4111130204  -0.7660970632   0.2167097451  -0.4449461495  -0.3215028359   1.1584266522  -1.5527040129  -0.6070553684   1.9807641628   2.0394411760   1.2625251455   0.0670519951   1.5759413214  -1.0513895176
-2.4647587381  -0.7656159622  -0.1856599354   0.3230762501  -0.1933094422   0.1361969334  -1.1256324510  -0.3986968896   2.5161433652  -0.4226010493   0.2135865212  -2.3078816442  -1.0472500892   0.9156545355   0.2149889730  -0.9822671110  -0.4729927352   1.1649800270  -0.2138941607  -1.1567800610  -0.2778291964   0.9347255483  -0.3116695968  -0.7737199359  -0.4250060471   0.7355328865   0.6534467169   0.4331062094   1.7984163888  -0.2315560117  -0.7155128223   0.0393382142  -0.9759074247  -1.3189919196  -1.6003015612   0.7778031465   0.0781961422   0.0790523478  -0.7587750885   0.5041522574
 0.3563499609  -0.7054008639  -0.0456847798  -2.3988163638  -0.1201145904   2.0292610097  -0.1673424250   0.6186667649   0.1984966481  -1.5959497450   1.3307109162  -0.5208072931   0.2438800598  -0.3083615405   0.3725504488  -0.0957082428  -1.6352543303  -0.0282785487   0.0489593506  -0.9912071863  -0.7390129205   1.0196979086  -0.1199766844   0.6777077650   0.5360115338  -0.1645751177  -1.5032734912   0.0412022032   0.6250413937  -0.3799230385  -0.2408238568   0.4735241541  -0.2055819122   2.6964174704   0.6629783879  -0.2202619108  -2.5159396222   0.3853611290  -0.2825703578  -1.0119307666
 1.3504266189  -1.8659924957   0.0056560276  -0.1588435952   0.4865787403   0.7345584287   0.4184346540  -0.0725158607  -0.4872940411  -0.2029954431  -0.8711387221   0.0669195887   1.9079887617   0.1899948674   0.7071491471  -0.2975946418   0.3966707742   0.2971983622   0.1959382035   1.3141668814  -0.2415114793   0.1607878703  -0.0765956468   1.5097160540  -1.5016055732  -0.2290546833  -0.0651971112  -0.3649691689  -0.9552550241  -1.6424555789   1.0779500113   1.7813033880  -1.4888657884   0.1201776040  -1.2717297218   1.4207052366  -0.6229166887  -1.2051811574  -2.4358783279   0.5972640639
 0.2367366772   0.7578462912  -1.0958223858   0.1662672384  -0.1801491729  -2.3394088765  -1.1591548930   0.0723183531   1.3997030791  -0.5790832040  -0.2998548902   0.1225984141  -1.9077945484   1.5894383247   1.3873462156  -0.0835112926  -1.4745518146  -0.8704823617  -2.6544471782  -0.0738784899  -0.3891627327   1.5068461957  -1.4746780121   0.6260268285   0.6116293913  -0.0827382865  -0.6301240370   0.1105883129  -1.4614984416  -0.0303764986  -2.5179099718   1.1334853297   0.7640861692   1.1704019768  -0.1890525759   0.7724463069  -1.0078855984   0.2899957552   1.8632015303   0.0262348036
 0.1148095710   0.3394278700  -0.9672894808  -0.6687798915  -1.9006967933  -0.4935294182   0.1792307373  -0.9089879246  -1.5561077759   0.4750502380   1.0721912640   1.4129272929   0.2447057597   0.6056839387  -0.1856698472   0.9780668223  -0.6909733632  -2.5938800827   0.3179411039  -0.5997498106   0.6543507404   0.2090370513   0.5841400441  -2.1449186474   1.1646023659   0.4563544498  -1.6880222826  -0.5916577988  -0.6713481728   1.9506934101  -0.8451111061   0.7659164753   0.2600183262  -0.4538972081   0.8622161646  -0.5003186988  -0.0052837918  -0.7432434204  -0.6219522057  -0.2007569485
-0.7347317852  -0.7938485070  -1.7253439698  -2.1192072206  -0.6851430127   0.6576902090   0.0625914511  -1.7313951773  -0.1049461126  -0.5902999080   0.0380220400  -0.1871703547  -1.2682192797  -1.4068429899  -0.1238565324  -0.7442836879   0.5358059444  -1.3039632217   0.8553116692  -0.7575708274  -1.2592427571   0.6124125550  -1.5254354513   1.8073802855   0.1329140938  -0.1765494917  -0.0085992599   0.2425455179  -0.1290435261  -0.3730456940   1.1720693594   0.0431789164   0.5752154516   1.3862450588   1.0866229333  -0.7249254599  -1.0047251774   2.5481300225  -1.0910978498   0.8688393083
-1.4987417360  -0.2564034919  -0.0924818883  -0.9609927422  -0.6242409881  -0.0896114905  -0.1905754778   0.4790996282  -1.3412408949  -0.1247114864   0.8072259429  -1.1055040426  -1.8598411624  -1.0876108551  -0.1807234515  -0.5020652132  -1.1079181744   0.5072198016  -0.7943977092   0.5234035900  -0.6169637426  -0.3915597171   0.1702626482  -1.2771836544  -0.5111802050  -1.7283136383   2.5406034911   0.9470217848  -0.4636836433  -0.8761461653  -0.0602658205  -0.8393575629  -0.6153172860  -0.7176932993  -0.8126293540  -0.8613327843   0.3260290905   0.2613811143  -0.3412578862  -0.3553987569
-1.1894902242  -0.3226304070  -0.8985751578   1.6077133489   0.3807266295   0.5183731249   1.8022046935  -1.4083406853   1.9193670319   0.6343967301   0.3008985702  -1.6745670243  -0.0877414840   1.1290219218  -0.1329331668   1.6808265925   0.1503065516   2.0495450090  -0.9860699623   0.5292439230  -0.7919321348  -0.7970157999   0.9129585963   0.3359507922  -0.6522818323  -0.1586074334   1.0209501099   0.8792579248  -1.1882645378  -0.1472304704  -0.4583423451  -0.1271143780   0.6411393534  -1.4512290411  -0.4175581043   0.0179158240   1.1768812798  -0.6731962476  -0.1709758021  -0.1034926939
-0.5990261358  -0.3283247010   1.1952842746  -0.3471725538  -0.3545465610  -0.5769199742   1.5004895798  -1.2487141368  -1.6519748433  -0.4778775534   0.0718963500  -0.5026873328   1.6721585608  -0.7718771290   1.0693536119   0.1996399832   0.9235702242  -0.3559007901  -0.9941439930   0.4362413513   0.8941642219  -0.2843486173  -0.2615247875  -2.1608852791  -0.4319294603   0.2864071238   2.0070991816  -0.9980822088   0.1745601290   0.5860733462   1.3334657234   0.2904063337  -0.8328147601   2.0085552800  -1.4190653175   1.1587486512  -0.1754727002  -0.2213018573  -0.9237461591   0.6358158211
 0.6419061646  -0.2777049204  -1.3387624867  -0.3071208113   0.3891196901  -1.1316293110   0.5474441303  -1.4072032391  -1.2107025363   1.3921849711   1.4514181236  -1.2320587684   0.5919811643   0.5588262793   0.8040366096  -0.8952884976  -1.5474125506   0.3422062633   0.9854087370  -0.7124532331  -1.5223833800   1.8568912288  -0.8188679851   0.4998722402  -1.7340996127  -0.2618127047   0.2556069494   0.4519484267  -0.2344525922   0.1012057973  -1.3542255095  -0.3714263871   0.2633667095  -1.3372964724   0.2666966633   1.1982620758  -0.6131293240   0.6461098058  -0.7935945539   0.3449978039
-0.0728050117  -1.1768564673   0.1433996912  -0.9040039366  -0.1985571772   0.9412902797   1.1912186458   0.0159431302  -1.0571753644   0.8992852036   0.1646786241  -0.2909672961  -0.2052227240  -1.1925060604   0.6480918770   0.0712373861  -0.6527497294  -0.4965477389  -0.2478066777   1.3414448184   0.1226623389  -1.0355872514   0.5344537539  -0.9941031592  -0.2263633871   1.6102956689  -0.2792709079  -0.6444911572  -1.2961562574  -0.5709716982   0.5201623179  -0.1053291008  -0.6181510421   0.8257070665  -0.1634366187  -1.5541214654   0.1691752583   0.6421095484  -0.9975084809  -0.5691554138
 0.0147798288   0.7521514921   1.0607496745  -1.3566106545  -0.3705748107  -0.6721074775   0.6326428904   1.0446488140  -0.0021298860  -1.6926448836  -0.4903192388  -0.9026100417  -2.6195685398  -1.7526545534   0.6612590554   0.9663258354   0.3900486445  -3.1940987275   1.7531977350   0.2671124139  -1.8438505774   0.7524873484  -0.9191957111  -0.7454791354  -1.3117605331  -0.1171081693  -0.5220730822  -0.4595112586   1.9499483574   0.3501616845  -1.2001541541  -1.1708564803   0.8875637135  -0.4051645958   0.2883524556  -2.7904405100  -0.8258533594   1.3902570205  -1.2571729528   0.5378694951
 0.5500363468  -2.0492044107   0.1767664879   0.7052277563   1.1858750883   0.2096040355   0.4379841911  -0.5908215848   0.3384368756  -1.5495711660   1.1093792806  -0.6390799153  -0.2189311265  -0.3272834757   0.5597973189   0.1957216759   0.4612433754   0.2757241255   1.3382095757  -0.4193172602   0.0213695935  -0.9526584005   0.0980864309  -1.4498879092  -0.3639703933  -0.1285151402   0.5986364617   1.1380144180  -1.0076151459   0.5940817488  -0.9778155187   1.9686341751   0.6131086142  -0.2847246322  -0.1086911059   0.5720002148  -1.5930928219  -0.5016809281  -1.7785232303  -0.5749989551
-0.5654567565   0.1113380660   2.0721888236  -1.3940308953  -1.0132787813   0.3916416593  -0.6296600733   0.5614807205   0.0205981503  -0.2453448098   0.3510977725   0.3358723164   0.7742261675   0.3728028759   1.8636619125  -1.1292965723   0.7436400570   0.4321416239  -0.6748657117  -0.5829689609   0.7011632401  -0.6974155293   0.3260391314  -1.0638971876   0.1840182418  -2.2924694126  -0.7634180033  -1.5030507307   0.4775865632  -0.2396420591   0.3450342263  -1.1753146932   1.0175756417  -1.7713041195   1.7661359268  -0.9200673095   0.2430350712  -2.5036841240  -0.2582057879   0.9184425274
 0.6436882636  -0.4417223568  -0.4682806831  -0.0754940666  -1.8014431251  -1.1793521772  -0.6183588900  -0.9517442824  -0.8014831990  -0.7954145786   0.3388278632  -1.9344226820   1.4263435711   0.5172230072   1.5271905211   0.1479548037  -0.5288574869   0.1376761112  -0.1554975947   0.1085130036  -0.4608092490   1.5726205685  -0.9236949032  -0.0043981624   0.8211033270   0.9691312808   1.0471362741  -0.1634560801   3.0231502523   0.4783777499   0.0952922903  -0.1307529600  -1.0072048369  -0.6464612174   0.0419772109  -1.0171794466  -0.9707371466   0.9185887686   0.4094967565  -0.2192729932
 1.5056051737   1.6128408758  -1.0692873255   0.8671400692  -1.4907248088   0.7091699565  -0.2516028037   0.7429089120  -1.5706676632   2.8570003990  -0.4127393766  -0.6567382659  -0.6616032283  -0.4361400459  -0.0046216630  -0.1524712044   0.1536618828   0.1162794701  -0.4054452880   1.0534955104   0.1072999562   0.8641223816  -0.1250417623  -1.0414333679   0.2418863720   0.7181854423   0.5680962687   0.7957475093   0.4604356804  -0.6824146006   1.2531380501   2.4872706571   1.8393068993   0.0500249753  -0.4357844951   1.0357601834   0.6889480556   0.0241308950   0.8319766281   0.8739251355
-0.4192900642  -0.2318611115  -0.7045815905  -0.2264412678   0.3725526797  -2.1222771036   0.4415971460  -0.6231609134   1.4669802516  -0.5481828223   1.5115516965   0.4999934843   1.6601421025   1.6173460317  -1.0225936131   1.3910196940  -3.0530907251   0.5620779992  -0.7123972246   0.7048982752  -0.3579076482  -0.9313869087   0.2992970320   1.0188685327  -0.3099522131   0.7624513338   0.2999164280  -0.4858759934  -1.4113592378   1.0328016084   0.7783793056  -0.7355159381  -0.4248166435   1.1703125743   0.8980078204  -0.1717338143   1.7703880908   1.5396207362  -1.0665949402   0.2219142127
-1.3390716243  -0.2683840003  -1.1277863028   1.1571140649   0.5184588325  -0.2944111498   1.4326039925   1.2947038556  -0.6594744624   0.9224158024  -1.9001099554  -2.0960647129  -0.9442601270   1.6312190814  -1.0485878174   0.2670524274  -1.1907015755  -0.5477072522   0.7170839306   0.4114163814   0.0933712688  -1.2707318137   0.9567430286  -0.6646893715   0.7303966721   0.8030763640  -0.0012597136  -1.7497039501   1.2381575467   0.0587758196  -1.9131407714  -1.6929289248  -0.9336752656  -0.5616779311  -0.1217557650   0.4290083037  -0.1356120014  -2.7486994265   1.2048689263   0.0241814089
-0.2083792940  -0.7524070221   0.4642342455   0.0029537432   0.1180100932   2.1003983111   1.2961882554  -0.2625222175  -1.0105592406  -1.3338434752  -1.0137663658   1.5928236925   1.1242222467   1.4837851482   1.3865767855   0.5054266437   1.0049516873  -0.3242151681   1.0735490885  -1.0689649919  -1.3160288542   0.2699473288   0.0295408795   0.8543194627  -1.3681507670  -0.3096295464  -0.6608367160   0.3032114248  -1.2317492439  -1.9919359847  -0.0057045935   0.1665474632   0.2772813905  -1.1222662294   0.2578160149   0.1244827898  -1.7113527923  -0.1594635270  -0.7007886994  -1.2380215249
 1.1220442855   0.2297705351  -0.8531605369   0.1392022614  -0.5717119549  -0.1303965670   1.1890093293   1.2130723794  -0.1651282784   0.1163821256   0.0929167894  -0.0938316528  -0.6438055086   0.7560365252   0.2027574487  -1.2397703659   0.4116843014  -0.0042191453  -0.0256170807   0.5253616329  -0.3686599681   0.5421160440   0.5492039103  -0.6084472287  -1.2625552787  -0.0671891248   0.6374127031  -0.1353770801  -0.4014802540  -0.4890972523  -0.3153132035  -0.2023089812  -0.0430608809  -0.9225590948  -0.2429751468   0.3435767290  -0.6497814626  -0.2938363140  -1.0646169167   0.6715499411
-1.4844033126  -0.0858999987   0.2881416763  -1.1271221029  -1.3753451851   1.4101126198  -0.9529057810  -0.8241430902  -2.0069627423   1.5029785680  -0.2992618488  -0.8813300145  -1.0236810974  -0.2925631850   0.7691153167   0.3388907778  -1.7647428682  -1.3292918316   0.8919298334  -1.1274924193   0.1992686453  -0.3485732858  -0.7018495163  -0.2974603623  -0.3641243929   1.6823915546  -0.0100222675  -0.2854260256   2.0118623184  -2.2248891392   1.1154272292  -1.0604088531  -0.2750429881   0.8878684462  -1.4199280544  -1.2045276314   0.4548784795  -1.1788632821   1.0610059205  -0.7294637277
 0.9562251525   1.2210357369   0.3110932110   0.5496846536   1.0256308792   0.2933734953  -0.1053663787  -1.5934244751  -0.8303551366   1.0278459702   0.4699021800  -1.6844958243  -0.0044944728  -0.2164358109   0.2929822875   0.1512674431   0.0906742985  -0.2801810055  -1.4326967935  -0.8340378601   1.0845802465   0.3691409983  -0.0092572560   0.1765776818   0.1836597124   0.0697577920   1.7399292853   0.6269548100   0.9597317519  -0.4333595147   0.5848814218  -1.0978144931   0.4286492276  -0.0260955046   0.1129472664   0.3982470634  -0.9109772622  -0.8085236172   2.2992807527   1.1215632662
 1.6545607813   0.4580294498  -0.2473211240  -0.3548998452   1.4844318480   0.7170480560   1.1112877956   0.7387123435  -1.6439421252   0.6558573072  -1.0505123734   0.1740224707  -0.6838983181   0.1241741932   0.4052836536   1.5593392143  -0.0659742302   0.6390551004   0.2296167346  -0.0651118773   1.0478600526   0.6508163608   0.7853265945  -0.4046900318  -0.7624258252  -0.4042964521   0.9725342528   0.5241799760  -0.7514030138   0.7071403007   1.9782919498  -1.0206213836   0.2142207880  -0.6820511674  -0.6784663994   0.0366196043  -0.1788382141  -0.7441498408   0.2583386626   2.8386592008
-0.3729074681  -1.5725909368  -0.7040390989  -1.7314145652  -1.0726360742   0.2199152228   0.7196090666   0.2212333227   1.3945953964  -0.3042053301  -2.1682516240   0.1967363512  -0.5657999999  -0.0869520588  -0.7972273345   0.6954074588   0.5736022955  -0.4767307516  -0.6650634332  -1.2338875734  -1.7068914196  -0.4949541249  -0.0710472898  -1.9865709925   1.1916138701  -1.3977522922   0.1621229605  -0.6484311528   2.4648820650  -1.4733612931   0.6874073530  -0.7503689464  -2.6065735022  -0.4017533126  -0.4921695574  -0.7600886830  -1.4012310512   0.8380279712   2.0477349346   0.2102292294
 1.4628087096   1.8631919939   0.7158466177   0.8044611733  -1.5133897687  -0.1090286760   0.5420195026  -0.3696558057   0.9490744552  -0.9371113285   1.2403794712   0.1625790432  -0.4102136482   2.0842070543  -0.8502812316   0.3423979568  -0.9166945091  -0.5359584592  -1.1556888748  -0.5765807199  -1.6938824244  -0.1343905114   0.0909198287  -0.7235420017  -0.5708596829   1.2659890582  -1.2388537368  -0.2370346236  -0.4354434298   0.5730590878   0.2891457048   0.9139511795  -0.5392154840  -1.7406149158  -0.5166296542   0.3509612627   0.4527979631   0.3874366763  -2.3233012825  -0.7419221500
 0.5622441306   0.7823388281   1.1659249591  -0.4017247491  -0.3584218844   1.3576802344   1.1933175644   1.3431712620  -1.7538432533   0.1824682868  -1.1600007741   0.9361227270  -0.8019483126  -1.4858035322   0.6982826496   1.6459777609  -0.4150283306  -1.4482015702  -1.0781840505   0.6074026709   0.2064525184  -0.7800862265   1.0409261941   0.7309717533   1.4122699392   0.8799690309  -1.2973265335   1.0919555357  -0.4497448322   0.4788329848   0.1862003969   0.3829165868   1.6136082815   0.0874984362  -0.8319348892  -1.5616042028  -1.1713541666   1.7974021880   0.8118164780  -0.2057107647
-1.2887535842  -0.3297060146  -2.5065111878   0.5143496007  -0.6755757847  -0.9552753748   0.5746043833  -0.5785796411   0.8297573602   0.3721012854   0.8480771950   3.4057425332  -1.3477953494  -0.5150150719  -0.0503702515   0.6239259870  -0.9515932365  -0.6943695549   0.6368893735   0.3550909551   0.3605201250  -1.0287894764   0.7292175353  -0.7787006907   0.0410114597  -0.2832888428   0.0036371191   0.5943085438   0.4080513783  -0.0250216081  -0.4492386378  -0.1170497250   0.6260684767   0.1091374567   0.2628009360  -0.8341087742  -0.0199708812   0.2163117679  -0.9197041158   0.2240548161
-0.4770942047   0.4819725572  -0.9937372338  -1.6176957982   1.5868505892   0.7094052280  -0.8224790405   1.2524991086   0.2367267772  -0.8172341947  -0.7390680160  -0.6190747428  -1.1292269713  -0.8164280584   0.0186476502   0.8947116955  -0.6823686131   1.3294306572   0.0023939708  -2.1015760167  -0.0885478929   0.7296270368   0.3769517139  -0.4172983662   2.0954738021  -0.7482511005   1.1823660027   0.8555100467   0.6385177704   0.4281151129  -0.7754277839   1.3301313679  -0.3964260801   0.7917653749  -1.5235166997   0.2411473863  -0.9486512671   0.4820480625   0.2285981540  -0.1714624420
 0.0963793090   0.0245369612   0.4850639527   0.9093698733  -0.6874109372  -1.2953590628   0.1756303394   0.1073915232  -0.4794477598  -1.7604274369  -0.3104966728  -0.0099734296  -0.2570191405  -0.1443992904   1.2033452571   0.3869003939   0.9454547394  -0.2527083709  -1.3989166534   0.0783666256   0.3912271654  -1.6040770131   0.8357484022   0.3360598071  -0.9521222728  -0.0273554010   0.0015274854   1.6167767056   0.2418199953   0.5477642755  -1.2719309952   1.2986368889   0.9832918659   0.6485123513  -1.1038057411  -0.6922816614  -0.5098394530  -0.6148420857   0.3193832396   0.5684641335
 0.7363726580  -0.4772741366   1.5568949083  -0.3067079348   0.6180325158   0.6428047102   0.4407274731   0.6741895723   0.5439117511   0.1129432065  -1.9205105648   0.4568288086  -0.3169736160  -0.9181535793   0.4004426055   1.5892104042   0.1878982093   0.1973631263  -0.9398259319   1.3303217568   0.2313340824   1.1405579743  -0.8475756486   0.6397744128   0.5115858041   1.6843011087   0.2866959617  -0.1537183571  -3.1843074966   0.0813993612  -0.0999263082  -1.3852328121  -0.5714578843   0.5416097393   0.7499172331  -0.1671607601   0.6486978407   0.8516754447  -0.0464506319  -2.1819919336
-0.4872595601  -0.5541196643  -1.9184904326  -1.1736222517  -0.5174544767   1.6556161326  -0.4004122652  -2.6476130458  -0.2821030794   0.0760360638  -0.9413955347  -0.6718629424  -1.7174815234  -1.6583098188  -1.6200250518  -1.0890337383  -0.9956385263   0.0095862798   2.1463733000   0.7533964825  -0.0160561506  -0.8028793797  -0.0767918271  -0.4549340697  -0.4856408467   0.8596642327   2.3874898833  -0.2928010732   0.4552991591   0.6816541976  -0.4005634327   0.2428276520  -0.7359154664   0.7052681735  -0.4480287356  -0.5191419947  -0.1168237494  -0.1489546593   0.6193799632   1.9178141349
-0.9225216612  -0.9164671235  -0.5648371498   0.6312009967  -0.8571848248   2.1073876885   0.4749282683  -0.4625592122   0.9537073522  -0.2569529207   1.0329384152   1.1207684485  -0.0830906735  -0.7403903316   1.5731065966  -0.6185331501  -1.0324669892   0.1558736262   0.6245579785   1.7325657085   0.4345665552  -0.5189397679   0.4268727719  -1.3352657385  -0.2041332549   0.5325217909  -0.5714978066  -0.3258404525  -0.7782909901  -0.7606658238  -0.1426094939   0.7791970967  -0.7114358396   1.0881730734  -0.4555412812  -0.6707338787   0.6499553597   0.5291757194   0.3629338620  -1.3180375084
s3
 2.0352030900
 0.7774174315
 0.2680025350
-0.6271997352
-1.8546581281
-0.0460425349
 1.2090002421
 0.0364968122
 1.0465661107
 0.5802954347
-0.7419686618
-0.4558235473
 0.5466291231
 0.7342254893
 0.6163003156
 0.7804459125
-0.9934593739
 0.3210201902
 0.6601395848
-1.3590041776
-2.0266990706
-0.3982099981
 0.5865492948
-1.5357866334
 2.3685097039
-0.1669121367
-1.0697758728
 0.2923865372
-1.1161103097
 0.5535512910
-0.4802648764
 0.5453573061
-0.6535136426
 0.0471186469
 1.2888100623
 1.1415104288
 0.6980786300
 0.6241214636
-0.0581566656
-0.3838391564
w4
0.2609679807  0.0825989421  -1.3896809369  -0.4864600933  -0.1267524834  0.0965683905  0.4918523245  0.2059212462  0.3827126035  0.3441952736  -1.2285618207  -0.2347423507  -0.0963236179  -1.3074849660  -1.0310478289  0.2305237064  -1.5309365227  -0.5642001407  1.3021030548  0.5882368144  0.3381299145  -0.7026597925  -0.0730276057  1.4104085254  -0.5154756695  0.4429111565  0.8941619950  -0.1183810516  0.7817831448  -0.2647861860  -0.9661833137  0.1742647735  1.4981082065  -1.3242579694  0.0201547202  -0.7258365317  -0.1150409159  0.2194391163  0.4821300840  -0.2795694050
s4
1.9239286916

