layers: 4
str: {2,40,40,1}
w1
 0.1535505300   0.2284965853
-2.5571907580   2.6738146523
 3.6770788290   0.9340487016
 2.7197499220  -2.0617409860
-1.5804734616   2.3824910698
 0.1545037120   2.1283685809
 0.5867571366   1.0690907704
-0.7790069943   1.6095034132
-0.2551935776   2.1604669612
-1.5063610517   0.1160384599
-0.3143072560   2.5194611223
 0.7819273585  -1.8903297632
-2.1768941716   2.2597889834
 1.2094013769  -1.3181981166
 1.6373729441  -2.4225590292
-1.7979520032   1.9991678704
 0.7251099490  -1.8867579059
-0.1705292093   3.2055762402
 2.6364506795  -2.1467549687
 0.0700401150   2.7308365676
-1.6711476362  -2.2110985359
 2.9091824392  -2.6710013651
 3.4816253128  -0.8082549393
 1.8013025962   1.6385269901
 1.2829487933   2.2114944611
 0.2381715681   0.6745565011
 2.8086795635  -2.8205363299
-1.0965471109   1.3676306066
 0.1667168545  -0.1057040774
 0.5002326776  -1.5648692237
 2.9305725290   1.6958574708
 4.0398262573  -0.2656036625
 3.5105961293  -2.4391480121
-2.1131750889   2.1891824981
-0.5043185658  -0.7004354152
-0.3804413212   2.3494715723
 2.6853434505  -1.2756380537
-3.2670799385  -2.6306508517
 3.2325860011  -1.5218932806
 0.8176169684  -1.2902109844
s1
 2.1023613497
-1.5536267866
 2.4688269076
-0.5635546173
 0.8922677525
-0.4416370208
 1.4538721009
-0.4888326760
 1.2128745128
-3.6619390170
 1.1964962773
-2.4456234722
-0.5887829187
-1.8257088687
-3.4453090667
-1.8678557222
-1.9750215937
 1.4441858788
-1.2794864841
 0.3963384717
 0.1329461958
-0.0048901803
 4.3698501181
 1.7915352328
 0.6969636528
 2.5284472824
-1.7148509188
-1.7462871919
-2.8562373827
-1.0066589909
 0.4690259694
 2.7033161338
-0.6166984765
-0.8171606895
-2.9771184466
 0.3519789686
 3.3630906267
 0.6625769695
 4.5705511457
-3.2529872798
w2
-0.7563910449  -0.5151785895  -2.2539365345  -0.3468041093  -3.0245297077  -1.7278042955  -2.2968703887   0.0106554072  -0.3449480182   2.0734182963  -1.9934615132   0.3195705293  -2.0644487465  -0.6525386569  -0.1090649956  -0.5365131527  -1.2247406093   0.5587544447  -0.3929116734  -0.7904751615   0.2979116494   0.2710351477  -2.0095486612  -3.0503311608  -0.1674494917  -0.7313552201  -0.0010143543  -0.4443048208   0.9146994844   0.6808871702  -0.8906852838   0.5018101089  -1.6549594409   0.1456477912  -0.6913683279  -0.6307567571   0.7404618139  -1.3586927223  -1.6996817566  -1.5861623845
 0.7046000164   0.1200658943   0.2823808493   0.3638806509  -2.3655030076  -0.7566933555  -1.9710715641   0.2202007191   0.3500447568   0.8887967899  -2.2843901243   0.6888915826  -0.5059818956  -0.5548329700   0.9543372020  -1.0110773867   0.9358332999  -2.4707381889  -1.2032882124   0.2023450718  -2.6249898517   0.1077348122  -3.3094477974  -0.0124663881  -1.6428412318   0.4765197937   0.3883653613  -0.7287648072   0.1058646371  -0.4953634849  -0.1872923569  -1.6862255220   0.4940968515  -0.6748801861   0.8770308373  -2.3735343346  -0.3188052594  -0.7658457874   0.5913080880   0.0402169223
-0.7127144832   0.2339505428  -2.0948989861   1.2855027190  -2.3207963582   0.9186739870  -0.7952280409  -0.8901302263  -2.2585702173  -0.7336996894  -0.4004976759   0.9154259965  -1.1744516374   0.5272668252  -0.0098722256  -1.1031209282   0.5719111894  -1.3288134369   0.2897436528  -0.7453591464  -2.6563303258  -1.9872752692   1.2279633800  -0.2340167207  -1.3677622681   1.3919842077  -0.1518151640   0.0056555221   0.0509662733   1.3955356433  -0.6364039382  -1.4252312573   0.6362165272  -1.9151582335  -0.1813819817  -0.6095364743  -2.7127441071   1.8731507834  -0.5176142266  -1.2018938635
 0.3544598025  -2.1559507390   1.2720026439   0.2449553128  -0.7261727055   0.0646886404  -1.2705910484   0.2395547713  -1.2391455882  -1.2723736514   1.7937246738  -0.4941639686   0.5283454604   1.3615096545  -0.8637504809   1.5485871818   1.2541423995  -0.3300120156  -1.2941277300  -1.4583839009  -0.1762534795  -0.0052082879  -0.0951536924  -0.0472384051  -0.8535796128  -0.8114617018  -1.3864153309   0.5697770073   0.1241140153   0.4510072609  -0.6172339234  -0.6184961363  -0.2375068108  -0.5707692707   0.0153467133   0.3929611859  -0.6359692867  -1.8702682346  -0.2132812710  -0.0332988249
-0.0304895325  -0.6653267818   1.3749877319  -0.7282809216   0.5784107863   1.4615991281  -1.5962937630  -0.7342191569  -0.9170913792  -1.7526026379   0.8673083655  -2.1213955611   0.0804053874   0.3749582131   0.1216039612   0.4915939121   0.4137536078   1.2304439523  -0.7437958234   0.5970549754  -1.3200639413   0.4153007833  -2.1631002657  -2.0506715536  -0.6196954377   0.5224846878  -0.7736151095  -0.4040922074  -0.2345861127   1.1900379778   0.0481198942  -3.0528093147  -0.1309645456   0.8904845614   0.6056730794   0.2225581537  -0.2910652498  -0.2945488777   0.1747971119  -0.1283729570
-2.1413603071  -0.0871020690   0.6376672668  -1.1306117210  -0.5736910645  -0.1962850738  -0.3265613909  -0.4585235444  -1.5032589117  -0.9963168677  -0.6363383946  -0.3144314514   1.4093453116   1.1860350852  -0.6740275367   0.5775418475  -0.1740733610   0.9925305820   0.4540019676  -1.1486237504   0.7510767125  -1.7442776001  -1.3719676718  -0.6625925376  -0.4975986237  -0.8009659770   0.4394933219  -1.0217204086   0.6445204530  -0.4096727176  -0.9295805548  -1.8419378287   0.4828130627  -0.4505491449  -1.5975389475   1.4075211065  -1.0121382660   0.1784720399   0.0970427266   0.6064626340
-2.5187318913  -1.8113569549  -1.7029658084  -0.4399302435   1.0621878115  -0.4514145931   0.0344281791   0.1938513691   1.2466262384  -1.0286875902  -1.1984511469   1.3325483471  -0.2087376410   1.1279353456  -0.0610247202  -0.8377327892  -0.4974128620  -1.8130685115  -0.3184781437   0.6913317486  -0.5473292619  -0.9642356585  -0.5616168566  -0.3458935523  -1.4234324464  -0.6191201149  -3.0625235310   0.1894173797  -0.9894551608   0.7701411229  -1.3172352399  -0.0232782682  -1.1120470531  -0.4367573622  -0.4144495819  -1.1082606693   1.1253842686  -1.6777640195   0.2363193395  -0.8000683234
-0.4500740557  -0.8811892440   0.5051592903   0.2282852420   1.2204881473   2.2798616303  -0.7442464141  -0.2373648203  -0.2843441048   0.2144888295  -1.8485154969  -1.7292987820  -1.5975827797  -2.2927281937   0.9497110043  -1.5643372723  -1.0451268119  -0.1060702419  -1.9083314574   0.9306232418  -0.1496182982  -0.4269153952  -1.2162051109  -0.6314372442  -0.1255237398  -0.7969072019   1.0607226195   0.1743524926   0.2753766721   1.1126691620  -0.8737016318  -0.9069265187  -3.1415478004   1.5002838653  -0.4154199702  -1.3310031333   0.6874256452  -1.5398236279  -2.0536098678   2.2611169103
-0.8850230875  -0.1787362727   0.2565458930  -0.7807336335   0.2668693677  -0.0942909086  -1.3032898636  -0.1975138733   0.2691806874  -0.0920210302  -2.2882279788  -0.1839145092  -1.1192822288  -0.6685376160  -0.9483518677  -0.9292175032   0.7481005516  -0.9891900168  -2.3161535134  -0.7892591162  -0.8473586274  -1.2358019849  -1.5132379820  -2.2730551950   0.2324304594  -0.0795859961   0.1009819796  -2.6436045662  -0.3676039988   0.3638332497  -1.8363300144   0.2755223026  -1.8967534596   1.6415250128  -0.4263337233  -0.9368404874   0.6612560378  -0.1010161341  -2.6121960126  -0.2377493871
-1.9682917929   0.6007415901  -0.0788185700  -2.4163650482  -0.9906482434   0.4123635833  -0.7797383938  -0.8272645601  -1.3914764187   1.8026005335  -1.2382893458  -1.0161417723   0.8872784308  -0.7030922512   0.4365787744  -0.3906733937   0.7243096926  -1.8878994731  -0.9879414898  -0.1613200647  -1.4200118411   0.1677527123  -1.6817431501   0.4309600300  -2.2298881671  -1.3108957922  -0.3375758493  -0.1634654864   1.8959784288  -0.6571383156   0.1418662230   0.9746076126  -0.9354782062   0.3575419728   0.5253995162   1.3575663140  -0.4816535434   0.2950634603  -0.1082153844   0.7815231155
-2.0780577061  -1.6944406300   0.9327492774   0.4645959288  -0.2489285297  -0.0633157800   1.9418699741  -0.8783832681  -0.4220528205   1.2709057119  -0.3733902529  -0.5346976315  -0.9795342072   0.1898394226   0.6195225100  -0.5827747002   0.5303755508   0.8587065160  -1.1497003430   0.3573644777  -0.1846933597   1.2363113418  -2.5982171643  -1.1103859089   0.1396403502  -0.9386031809   0.8316143785   0.8657486549   0.8692081664   1.7858892668  -1.2284533160  -1.5823362474   0.5403863215  -1.0252235391   0.4291023087  -0.7186696546  -0.1222522113  -1.1869268655  -0.6893002047  -1.2429696989
-0.0940996291  -0.1905304706  -0.5480247877  -0.8202382422  -0.4406987567  -1.6877781019  -0.8136939166  -0.0292538587  -0.9856583504  -0.3970070773  -1.5343124197   0.2340940192   0.0321007914  -0.3102175780   0.4040696146   0.6739457623   0.9358409323  -0.9641528754   0.0734738705   2.1639894578  -2.1329259743  -1.4038178739  -1.6152140463  -0.9872943172   0.1721765077  -0.2377741797   0.7438532530   0.2835721913   1.7651741390  -2.1441248501  -0.7940521763   0.3778514136  -0.9001485648   0.7463521651   2.5022906418  -0.3014864765  -0.0299452653   0.0855372291   0.5618859966  -0.5780690747
-0.1827575545  -0.3890288557   0.4857319989  -1.6654767133   0.0595909565  -1.6048693866   0.2312034683   1.2784039309   0.6143759254  -1.1761277333  -1.8388223669  -0.2584514169   2.5487031392  -0.6311586839  -0.2165891327  -0.2903373943  -0.5132408376  -0.8140315014  -0.3472407330  -0.2842309944  -0.3819297442  -0.7692584815  -0.9328734791   0.8093970868  -1.4670947725  -1.7124787329   0.7900013213   0.2849510881   0.6043719263   0.2577189616   0.8562844830  -2.1815871886   0.3857705212  -1.4047111704  -1.0429020909   1.0598474245  -1.1250318256  -0.6097954663  -0.7116998491   0.4645354714
-0.4855546951   2.0808333824  -1.4289481429   0.4605890959  -0.1398949012  -0.2810975351  -1.2745953449   1.9444973657  -0.4872112126   0.7211173808  -2.2836299206  -0.0079815120  -0.0611419910  -0.8261110091  -0.1198700675   0.8555101912  -1.4932075869  -1.3429617179  -1.1568192793  -0.5297030728  -1.4317477722  -1.0686059515  -1.6602888353  -1.6527909788   1.0623706859  -0.9117178752  -0.5519698208  -0.0187600583   1.6692338770   0.3021664632   0.2114788305   0.2064011802   0.2104953867  -0.4107660630  -0.5770131078  -1.7178649327  -0.7288449147  -1.0446511608  -0.4298302049   1.2991185526
 0.5321226003   0.0531869241  -0.6994928077  -0.6260093554  -0.0523888693  -0.8843804581  -0.3910376790   0.7801443936  -2.1601118139  -0.1351617771  -0.9129904834  -1.5378480207  -0.4854884824  -1.1567700930  -0.3354504006  -0.5917365698  -0.6017888935   0.7655578858   0.6585537713  -0.3517872577   0.4783530325  -1.6390217239  -1.3077244413  -1.5002467775  -0.7976355669  -0.5601934316  -1.2706266186   1.0365788052  -0.5047569938   1.1278084974   1.0236614155  -2.3550211975  -3.0838480612  -0.2912305503  -1.1639676631  -0.6584951694   0.6912798421  -0.4984360799  -0.0702162083  -0.2937243875
 1.5914682483  -1.6181056072   1.5560899748  -0.2052198433  -0.0970063864   0.0407192787   0.4951269432  -0.3716701524   0.6744753730  -0.4488976285  -1.1308846097  -0.7974844203  -0.1022534441  -0.2652599287  -0.0625594817  -1.3988958377  -1.0682143009  -1.3119610291   0.3245175179  -0.1441283389  -0.5661527613   0.0439853641  -0.3101056411   0.5195679853  -0.5417516850  -1.1688115383   0.8763925681  -0.1670141113   2.0170682813  -0.0532545766  -0.7227116863  -3.0765655272  -0.4501541041  -1.9334727741   0.6519351268  -0.1739480161  -1.0409671006  -0.6903021210  -0.0601777957  -1.4775083661
 0.1050838110   1.0949376944  -2.0983227347  -1.3966959830  -0.1809942839  -1.0765915596   0.0020135716  -1.4284947849   0.4961255327  -0.2317236861  -0.5650192023   0.5378847621   0.9504297503  -1.4809446032  -0.7605272165  -1.0857918433   0.5960065536  -0.5022532039  -0.9806337786  -0.6846589673   0.4589658597  -1.4003878546  -2.1237242466  -1.0933685845  -1.5666838404   0.2189821405   0.8392728937  -0.7646159443  -1.0789601489  -1.5570077035  -0.0879622467  -0.8764546379  -0.7009764811  -0.4619183677  -0.1369749101  -1.0577085370  -1.0248986459   0.2614534649   0.0280535513  -1.6123214408
-2.1675087232   0.3242311109  -3.0398580543   1.5827218750  -0.7609663017  -1.4150083362  -3.5461815261  -0.3104332653  -1.8500016432  -1.0634404935  -0.1565956878   2.1263445780  -2.3282438505  -0.3331474479   1.0915098994  -0.8923435507  -0.3007954025  -1.3554785236   1.5671196899  -0.1608404274  -1.3856710390  -0.2896762127  -0.2211706638  -0.7702893446  -0.1937747488  -1.5583597834   0.2421308375  -2.8888578440   0.6848192628  -0.6701414571  -0.7813668536  -1.5430488736  -0.7871718500  -0.9440422399   2.4490355729  -1.1635392119  -0.2824202635   0.0943026084   1.5803854979  -0.4262665391
-1.2008809223  -1.1091227036  -0.2326742911   0.0997573064  -1.3177745156  -1.4262427931   0.5781065856  -1.1027896399   0.0010057512   1.6388815997   0.5405129078   1.6620172190  -1.4985717015   1.2442407598  -2.1873957834   1.2096900139  -0.4955517486   0.4852400493   1.1588930901  -0.3998281137  -1.9298161789   1.0175996601   1.4623091595   0.8390231553   0.6579567767  -2.2212169137   0.3646930904   0.8128728186  -0.9659888463  -0.7364608690  -1.2257206406  -1.5140319395  -1.1209752969  -0.9334510750  -0.1514118694  -0.1292869654  -1.6938781114   0.3001016948  -2.3894175541  -0.0175526938
 0.0336953876  -0.7823267520  -0.9976070344  -1.0278036823  -0.2232072188  -1.6470811342  -1.1093219556  -1.9327428716  -0.0544976315  -0.2865269659  -0.2918969234  -0.5462122416  -0.7133947050  -0.0212314295   2.2234543238  -0.0931678322   0.5571726074  -0.7654605474   0.3816363978  -1.1397028678   0.9786475990  -2.4400179879  -0.5706422479  -0.2991708527   0.2494212178  -1.4063710379  -1.3519136157  -0.4512548394  -0.3728707807  -1.7888338280   0.1841351784  -0.7779012872   1.0185110801  -0.2956888806  -1.5189666521  -0.7389512561  -1.8287960284   0.7953814757   0.8701451107   0.9093538000
-0.2186623730  -3.1488016275  -1.2105461350   1.3959359191  -0.7044012722   1.8444304937  -1.0658858922  -0.7479370477  -2.3334078148   1.1509322678   1.9004497491  -1.4187471017  -1.0515277366  -0.9106862468  -2.2393698109  -2.3935295183  -2.4650637670   2.2828700750   1.0945224410   1.6582789315  -1.7003984094   1.3061928835  -0.0705418484  -0.7294337017   0.1894556247  -0.5082812722   1.7367245055  -2.1740893445  -0.6659673633  -0.6792870799   2.5386114923  -2.0165553374   0.4276481810  -2.1380853120  -0.6143696066   1.6499228993  -0.3483141550  -2.9335633214   0.0830336268  -1.3188705282
-1.3383189090   0.5971573477   0.7153569830  -0.7828067912  -1.7526343289  -1.3041753260  -0.9750603784   0.7972285684   0.3594551950   1.0082456886  -2.6580479562  -0.3348337898  -1.1180307457   1.1093130893  -0.8186190752   0.2369074759   0.4279442833  -0.5991510347   1.1696877617  -0.9888486363  -1.6051509203   2.0577561918  -0.8725634236  -1.9649890524  -1.2710000019  -0.0807080992  -1.8122325033  -1.2997190920   0.1546144116   0.7382235860  -0.4980688309  -1.7646889967  -0.0218404117  -0.1913639007   0.6177474859  -0.5977102916   0.5788484065  -0.3031236779  -0.9301105083   0.5382596871
-1.9488240967  -0.2990423761   0.7948028599   0.7119388054  -1.9258116941  -0.6689892428  -0.6090345649   0.8390215726   1.3934477949   0.0066174441   0.6872093792   0.2156968698  -1.0550033086   0.9934362951   0.4390841189  -1.8675771404   1.4740677790   0.6342917218   0.0611926636   0.7943998515  -0.5615462892   0.1731964103  -0.6899081589   0.1021048579  -0.9094534507  -1.9081046807   1.2495033269   0.5473191351   0.1461662244  -0.3977969501  -0.6827941615   0.1134806312  -1.8153853915   0.1731835971  -1.5127573387   0.8862729415  -0.3735208297  -1.0375569773  -0.6889572789  -1.1961715600
 0.7418041919  -0.8439151289  -1.2163205256   0.0707063498  -1.1538853263  -1.5092748426  -1.3249915051   0.0611848845  -1.0677794758  -1.6188024988  -0.3375966257   0.2008630894  -0.0875748660  -1.0068516215   1.4342279370   0.3100371368   0.4457127265   1.9416523397   2.8712773819  -2.7199230737  -0.5539599870   0.2231130067  -1.3796767926  -0.4604619779   0.0617298837  -0.4261910745  -2.4230556895   0.5884908744   1.0319235481  -0.4508799158  -0.5144984514   0.6810976944  -0.2014330233  -0.1937025938  -0.1951945353  -0.4938319535  -1.2021908513  -0.7376431461  -0.7623574320   0.4792745055
-1.6998673630  -1.9154040972  -3.0279930747  -0.7232982380   0.0151706865  -0.9621342034   0.2334439133   0.0827601903   0.4290714090  -1.3379793302   0.2273809040  -0.1302851916  -0.8240072960  -0.9485099660  -2.9124146453  -2.0269850516  -0.2149669739   0.2260998081  -1.1719151926  -0.2189596501   1.3973099413  -0.5720157512   0.2753255672  -0.6138198893  -0.5931758152   0.5090476090  -0.7656586880  -0.6584371637   0.5289693250  -0.3136200068  -2.8368416037  -3.6841897469  -3.5865196822  -0.6896317362  -0.5527060515  -1.2660344787   2.0980915714  -1.6949320519   3.4519358363  -1.0752299033
-0.0693648529  -0.2957294315   0.2191830883  -1.2159339016  -0.4540741898  -0.2538691495   0.1263830847   0.7454666200   0.3421916525  -0.7012100379   0.1718059042   1.5701141407   0.6710623884  -1.7232999349  -0.7556256314   1.4361394741   1.1340959726   0.2654498340   0.4854637925  -1.6348948691   0.3789103421  -1.6073223477   2.0910457385   0.5449686964  -1.0035926501  -1.1523178286  -0.6900426396  -0.3658566938   0.0993695079   0.2934040698  -0.6313140485  -0.3388572889  -0.3967323419   0.1942088512  -0.8621235936  -0.5693696208  -0.7217917443  -3.0874766614   0.0669529987  -1.0665802388
-1.6916985073   3.0612459570  -0.1122404947  -2.0661843185   0.6905067883   0.5645086483  -0.0018121757   0.5236724930   0.6142212099  -1.0386815813   0.6111460739  -1.3597762341   1.1736048839  -1.1763563501  -1.9423585846  -0.5055139174  -0.5785268534   1.8953386388  -0.1441733982  -0.4096149398  -1.4554680815  -1.9870243251   1.8320955679   1.0692919967   1.4631144707  -2.0563580989  -0.8633681074   0.1624105699  -1.2574567619   0.7850028393   0.7353263254  -0.8535222197  -1.9124535527   1.2714942897  -0.6703708157  -0.3727893644  -1.7362858943   0.4683128987  -0.1098222115   0.1595438995
-0.4773979359  -1.2365048893  -0.6434185990  -0.0536945117  -0.2563541569  -1.1911779340  -0.2416686170  -0.7626876177   0.5394743033   0.9149038040   0.7470529644   1.2217602679   0.1955586413  -0.6721288627   0.1797804259   0.6922036067  -0.9631221843  -0.2502878569  -1.8713038831   0.2706950332  -0.0209710218  -0.1707304599  -1.0510172346   0.6536711268   0.5270524283  -0.6756712187  -0.0187526897  -0.7352735501   0.2688984222  -0.0893691124   0.6679066225   0.5090174016   0.0301562016   0.8526262030  -0.1603129799  -0.8801702054  -1.9094003994  -2.2516201918  -0.8539563719  -1.1591861950
-1.2097295614  -1.0092542109   1.1686583938   0.2525233050   0.0552508922  -1.3446732509   0.3235410594  -1.9669386452  -0.3139232348   0.8469797940   1.4389711806  -0.1410882765  -1.4554070037   0.0632317435  -1.8625496944  -1.4219933854  -1.4958432956  -1.3156400849   0.7583933981   0.2833104286  -1.2088112655   0.2002683452   0.4918715637  -1.4921819163   2.0459472054  -0.3708196955   1.1945213326  -1.2596444554  -0.3682249217   0.8233531653  -0.5784813531  -0.3585655056   0.9024111909  -1.6207275818  -0.5940006237  -0.2487893662  -1.0425379259   0.1552250554  -0.5675899613  -1.4381293340
-0.4456795869   0.2576016868   0.3235339709  -0.5446447040   0.2824523842   0.4791746628  -0.5960424443  -1.0559111513   0.2538051886  -0.5318489181   0.7690302968   1.6362519050   0.5128337064  -1.1374566973  -1.2106331980  -1.9159841355  -2.1034299341   0.5936162990  -0.8311530677   0.2457494619  -1.2323783296   0.1217674421  -1.4661545342  -1.2144013574  -0.7770415533  -2.0066730681  -0.2316005270   0.7366309851  -0.5240773021   0.9479839524   0.9306717368  -1.6979339844  -0.4776868831   0.5933123217  -0.8432073209   1.0994619613  -0.7581132818  -1.2931344092  -0.8571076218   0.6733326503
 0.3576918480  -0.8709703098   0.4976158692  -1.7035438304  -0.0824560336   0.8041067571  -0.6247032703  -0.3602055982  -3.3464207907  -2.1445960825   0.6032674427   2.7595511506   0.4559963764   1.8651438422   0.2650625990  -0.4653892707  -1.8824666601  -1.4049034339   0.8960354325  -2.6056980171   0.7530770958  -0.1442251588  -0.9953361694  -2.1244739335  -0.1991657330   0.5237796562   0.4809347114  -1.7268023473  -1.6778439273  -0.8329911839   0.8297015687  -0.0290232512  -0.9101614097   0.4588266615   0.2519228433  -1.9596838820  -1.1213232082  -0.2505933637  -2.6886026262  -0.4069528520
-0.7234135929   1.3801081618  -0.6823522678   0.7718453105  -0.7911082479   1.0313339965  -2.9854029618  -1.5736161813  -0.7604939340  -0.1704970663  -0.9748152992   1.2171418803  -0.2268461893   0.8220135663  -0.2325258217  -0.7689835712  -0.1204195959   0.4039960510  -0.9099542635  -0.0200537018   0.3190304897  -0.0527835204  -0.8471935836  -0.3180815491   0.5080856352  -0.9625742585  -0.5398403068  -0.7323480602  -1.0614814148  -0.4245552824   0.1282466514  -0.4795449711  -1.3137412374   0.5614069757   1.2662120465   2.3472555853  -2.2837750407  -0.8829498320  -1.2485190703   0.3329119544
-1.7032702999  -1.9316475769  -0.0836655924   1.4022182617  -1.4296566379  -0.2649268210   0.7278354135   0.5872685754  -1.8250596485   0.2571376306  -0.9406959417   0.8976086136  -1.5465112948  -0.4065143724  -2.6519424862  -0.9418853117   1.2021024538  -3.3718689049  -0.0802569890  -1.1385993273  -0.7737623505  -0.2874392012  -1.9551100298  -2.3220979427  -0.9156807517  -2.0058342979   1.6102830072  -1.6580520293  -0.5614661939  -0.0962866437  -1.4252796979  -1.5377313280   0.9583262278  -0.9215888064   0.5680758837   0.2324942905   0.3366412259  -0.5470193650   0.4452796683  -0.5742864376
-2.0241894773   2.5711616746   0.1782030567   0.7419412907   1.2064825572  -1.2206153406   0.1747721411   0.0699808216   0.7773481132  -1.8501180678   1.4424010942  -2.2011239580   1.0008306157  -0.2036093032   0.5107835653   0.7807837183  -1.5111281661  -0.8907837042   0.4151897255   0.2481721046  -1.7347592737  -0.4844793707  -2.5538046915  -0.4662237582  -1.6185204706   0.3745643068  -1.2488897038  -0.0881352008   0.7493327933  -1.2830491722   0.8225983423  -1.9300335184  -0.8183348496  -1.3784805409   1.9199270852   0.5839718241  -2.7561914919  -2.1420201756  -1.0292209392  -0.8376541952
 0.1910663805  -0.2436641426   1.6180255117  -0.4657770494   1.1388619008  -0.9754496063   0.8734939690  -0.6460828886  -0.8492820891   0.3633906908  -0.2573053901   1.6594525073  -1.6075737001  -0.0087378683  -0.2364444681   0.8069232917  -0.4791987495  -0.2850739722   0.8437785918  -0.4319013362  -0.3826057299  -1.8426216202  -1.6098161323   0.2448673683  -1.3318311087  -2.6989954798  -1.1154333661  -0.0423079838  -1.8476770501   0.0714986169   1.2533445162   0.3210578878  -1.8654105003   0.5069207340  -0.2584048306  -1.7919775128  -0.8497404808  -0.8304414522  -1.7108288997   0.4402833833
-1.6064273949  -0.3638048447  -0.3017152877  -1.3252674199  -0.8089733064  -0.1355550031  -2.0001902434  -1.4299539046  -0.7088498355  -1.0840988430   0.6639424569  -0.6509423874   1.1097327391   0.4996268539   0.7974263074  -1.1098786956  -0.1518342611   0.5100385077  -1.6202535475   1.4775513162   1.2601941522   1.0968658050  -1.9533015335   1.5375461540   0.1110970657  -1.1632724043   1.5044927959  -0.6079788803  -0.6605610207  -0.3671927117  -0.4290537990  -0.3576022932  -1.6942555150   0.7287968847   1.9052626719  -0.4043119176  -2.4355485516  -0.4489604616  -0.6479555020  -1.5209694129
-0.4297814434   0.3854266617   0.7283969058  -0.1259351073   0.3577438569  -2.0974706416  -0.4029906669   0.9372559845  -0.7381712992   0.7753666369   0.3103082511  -0.2330102082  -1.1794852554  -0.3840256410  -1.8798585933  -1.1333683887  -0.6387111826   0.6520642853   1.1082739959  -0.1369648153  -0.7208229993  -0.0039763875   0.8016120536  -0.5616911505   0.3948522373  -1.1250797313   0.1929095683   0.9313093368   0.4938029161  -0.8288289002  -0.5655545257  -1.5850946274   1.1585255414  -0.8243945521  -0.8844715817  -1.1385106467   0.1571748166  -1.2232584579  -1.2625057451  -0.4632727557
 0.4006537002   0.1338859427  -0.8173417003   1.1886449512  -0.6983380007  -0.1388670244   0.2530225132   0.2665023624   0.0657506796   0.1420703097  -2.3166614084  -1.2162676783  -1.0268903781  -0.4584666965   0.0063760228  -0.1830677205   0.2298837478  -1.4100538181  -2.1099764366  -1.4162121141  -1.2630939541   0.9865143430   0.7313209971   0.2974794270  -0.1715323034   0.0056002689   0.6778454753   0.0843909234  -0.3831031241  -1.2200146435  -1.2555130949  -0.0874335200   0.3020658087   0.3446560648   1.2289613906  -1.3782300909  -2.4774810902  -0.8962238849  -1.1248385217  -0.4235598105
 0.1904070201   0.2156719695   0.1092335903  -1.1291138085   0.3362559246   0.0775496776  -0.5903305050  -0.6539176726  -0.3624132291  -0.4834870105  -0.3870413812  -0.5803550966  -1.0033874687  -0.1380099677  -1.1276363020  -2.0390444774  -1.4082992079  -0.3613645776  -1.0527460850  -0.9916373964   1.2688403206  -1.1028966861   0.0123789211  -0.8009165473  -1.1787508561   0.1861955201  -1.1905318276   0.5419908136   1.1076276883   0.8535848879  -1.4033674903   0.0481384020   0.7709127134   0.1356937973  -1.3816913670  -1.2669611469  -1.1853890714  -0.5265448538   1.2010462118  -0.7322783419
 0.1181956184  -0.9325036521   1.0358872468  -0.0299662967  -1.1015408577   0.3565612518  -0.8263594613   0.6850528066   0.0485784421  -0.3270845131  -1.1522528098  -0.5770457824  -0.2955006103  -0.9547297454   0.7583788140  -0.4824790840   1.2113211412   0.3484084023  -0.0054463039  -0.4723623308  -2.1425208286   1.5698327460  -1.3759215052  -1.0083405500   0.5854453102  -1.6499054194   1.6802113775  -0.4423125450   0.2110719393  -1.1001648811  -1.5460835950   0.0654993964  -0.0601350433  -0.1951937817  -0.5785479805   0.4126421112  -0.7857977616  -0.0520891563   0.0592580842  -0.1159908747
s2
 0.4565863260
 0.1107991891
-0.6993486759
-0.8826441714
-2.1728754382
-0.4459583517
 0.3183450848
-0.5166815255
 0.5141515392
-0.2587965404
-1.0270559559
-1.1881012532
 0.1202683628
 0.2030030147
-0.5741047482
 0.2427626193
-1.4703510649
-0.9904792823
 0.4456456112
-2.8095489829
-3.5333817823
-1.4708770711
-0.0701507174
-2.0628901201
 2.2053864672
-0.2578449052
-1.1872398424
-0.2617059482
-2.1742360820
-0.2167580773
-1.1846760066
-0.1432171910
-2.0289517937
-1.0790162534
 0.6038650558
-0.1191682763
 0.4714507853
-0.3454157360
-0.6500925740
-0.4027709071
w3
0.3363837638  1.2689744531  -0.6383739286  0.0499682529  -0.9501103132  -1.0086425734  -0.5327478705  -0.2999816666  -0.4251790318  -0.7237936018  1.1312623005  -0.2477796854  -0.8288128618  -0.6064639324  -0.6675125739  0.5598191654  -0.5785581788  -1.1444384952  0.1394248113  0.5187928813  1.4892023127  0.3724898328  0.3361697121  0.2468246133  1.4529849582  0.1281857108  -0.7422996387  -0.6520337872  0.1648971114  -0.7508998028  1.7102824304  -0.4124553443  0.4584233213  -0.7721853437  -0.5789751113  -0.5536434731  0.0876907232  1.2038139661  0.2941375556  0.2871212774
s3
-0.1925112608

