layers: 6
str: {2,40,40,40,40,1}
w1
 1.4894190316  -0.5878995507
-1.7325324651  -0.5084353375
-1.0315678661  -0.1098079853
-0.1326270861  -0.5075852295
-0.5653940127  -0.7344036519
-0.0140436166  -0.9458534128
-0.1063695647  -0.3081793909
-0.9410372108  -0.9812567631
 1.5600713602  -0.4239600111
-0.3299742818   0.7445133582
-1.4692523210   0.0635817808
-0.1754053169   1.0376418498
 1.7935326279   1.7462905446
 0.6714865273   1.5807427082
 0.1783747401  -0.2203198173
-1.2430093305   0.0402910925
-0.1216698839  -0.8187098670
 1.7950710204  -0.6735631847
-0.9134488913  -0.5013907265
-1.6765109111   0.1107046211
 0.6832547697   1.0734676485
 0.3143379305   1.5130666599
 0.2612875141  -0.6715931383
-1.6310816820   0.2924502496
 2.1178893185   0.0365771314
 1.2675652112  -1.2774006523
-0.2433782224   0.6729902947
 0.3903270241   0.8334750550
 0.9468479815  -2.1687178478
 2.7580545490  -0.1487227153
-0.9868130809  -0.0482260919
 0.4760030810   0.3306602772
-0.3937132869   0.2528611564
-0.6085591497  -1.2691026104
-0.9204311403   0.0535150711
 0.1687914354   0.8562583140
 0.1076449057  -0.8942338284
 0.6099197437   1.3650775934
 2.0297829535   1.0804493236
 1.0140709246   2.0299833350
s1
 1.4148582213
-0.4853274021
-0.5568603985
-0.2773674615
 1.3671097677
-0.1047099434
-0.2862396256
 0.1183281122
-0.7882575303
-1.5094156269
 0.7805035546
-0.9865308862
 0.2025204505
-0.5060537638
-0.6761290586
-0.2189400618
-0.8830828578
 1.1904469055
 0.2297987403
 0.5901866378
-0.6449354429
 0.3400273781
-0.3671233550
 0.9366499285
 0.8444641985
 1.1277822716
 0.1829796622
-0.6176120343
-1.7065969427
-0.0097664038
 0.5244862494
 0.0384576345
-0.4684469269
 0.0233880603
-2.0549491282
-0.1484226441
 1.5249161173
 1.2427737975
 1.9539824793
-1.4378013958
w2
-0.4460974827   0.3651597925   0.1527143051   0.2900078806   0.4326967277  -0.5251167573   1.0696401260   0.4067514459  -0.1894453875  -0.1607221952   1.6341730553   0.3521793175  -1.1758440952   0.1965589753   0.6651236207   1.2700511312  -0.9867979809   0.8485849179   0.3954891433  -0.6655700853  -1.1963352405   0.0435307930  -0.0593488069  -0.8694199460   0.5389244379  -0.8696492568   0.9296953745   1.2442596190   0.2873910582   0.3056350713  -1.9943066019   0.0028776865  -1.3140130902   1.5520464846   0.9227641874  -0.4505622038  -0.9929038096   1.8563575400   0.3376667258   0.4901833774
 0.4456970810   1.2442072376   1.6465576598   0.8036004776  -0.3771266768   0.2393580252  -0.6752468337   1.2039657657  -0.9256798714  -0.9949489283   1.8711192513   0.5168824452   0.2096918506  -0.3514155206   1.1043857014   0.1974342954  -1.2000659172  -1.1129606412   0.0150456790   0.2279881179   1.2942849642   0.8105895614   0.1983105095   2.1858962233   0.1890440301   0.7147468635   1.7213108301   0.3839093608  -0.9974426717   0.6365281654  -0.1488336948   1.1736671738   1.2321257328  -1.1443158605   0.3797087753  -1.5944319449  -0.6557374851  -0.0824676154   0.0451883373   0.4661355779
-0.4108458815  -0.0540456854  -2.5609092047  -1.1689641523  -1.1353128430  -1.1215256296  -2.4591226738  -0.3596295943  -0.3291739380  -1.7667957013  -0.7230618055  -0.7348495506   0.8519427883   1.4004893694   0.1108663036  -0.9847959387  -0.1251963869   0.1410708556   0.7106018957  -1.2565244462   1.0203782189   0.9966347886   1.6723399313   0.8918506369   0.7145621078  -0.5675258037   2.5053985676   0.4776816033  -1.3316091132   0.9704791346  -0.3500960018  -0.3724607894   0.9801005760  -0.3031262686  -0.0217153157  -0.4684797636  -1.1053210978  -0.6130233421   0.8264654440  -1.8742525909
-0.2021780971  -0.4881966236  -0.0390191262   0.2060446048   1.3826932107   0.3705843301  -0.0177145616  -1.1692166765   0.3819782898   0.8881709810  -1.5005311768  -0.1596738323  -0.4526611794  -0.7056727506   0.5724103012   0.4436670712  -0.7132807224  -1.2603715011  -0.8611233840   0.1476316645  -0.6054620054   0.5193976502  -0.7678540547  -0.0570494971  -0.5101697133  -1.7176721545  -0.3445089582  -1.1383145709  -0.4738204749   0.0629065156   0.9999311425   0.5391201980  -1.4093462942  -1.2216993099   1.4063817028  -0.5000368066   0.9554074606  -0.3888689682   0.0793104136   0.8291799055
-1.7048314052  -0.0480758277   1.0405005362  -0.1503213878  -1.0435959966   0.2704190714  -0.6553237726  -0.5378989096   1.4762207135  -1.4082916957  -0.2526647162  -0.2043544256  -1.3710559248   0.6406647326  -0.4747429467  -0.1752461841   0.4797266668   0.9325153557   0.2251119544  -1.6662143935  -0.3364871518   0.0478671495  -0.3977293908   0.4494251317   0.1820307680   0.8154433672   2.3755233937   0.5068780760   0.5111582145  -0.8394208797   0.5599062305   0.6143754071   1.0527916549   1.2841067675  -0.7748475064   0.9634449126  -0.0444003012  -0.2270104722  -0.5267730130  -1.4870387175
 0.9313984077   1.7772088816   0.3114668069  -0.4984240830  -0.7801401862  -1.4455875317  -1.5010220877   0.1274285632  -0.8282099682  -0.2548730657   0.8595059104  -0.5003066691   1.6826307764   0.2707322004   0.6932752784  -1.0167426360  -1.6922195630   0.1377226817   0.6843517786  -0.3811920301  -0.5421710439  -0.3097031490  -0.9749892436  -0.2411383765   0.6910032690  -0.1646488022   0.8866818362  -0.4591168857   0.6530253218   0.3742647857  -0.8616398801  -0.2066829218  -1.5616774057   0.3544256503  -0.3732628120   0.6581021640  -1.2250917744  -1.9169286711   0.2709939943  -0.1821218443
-0.7348683560  -0.3810311266  -0.2791388873   0.1190981886  -0.7989128667  -0.6829312660  -0.5172177997  -0.6010831876   0.0446590042   1.0931875841   0.1971983057  -0.8978021774   0.4575601922   0.6345131318  -3.3777646103  -1.1274229978  -1.8518770563  -0.9254802790  -0.0283860199   2.0764293817  -1.1599959952  -0.4084288477   0.0872534105   0.6996582166  -0.5135580034  -0.5291089749   0.1373386253  -1.1137419924  -0.8945085851  -0.9418083431   0.6648845932  -0.5689116156   1.4484428665  -2.0896916924   0.6470069622   0.1299579404  -0.5489663619  -1.2462514504  -1.2346953516  -0.6594152378
 0.3608004831  -1.1810524945  -0.3601798568  -0.0651934711   0.3824332146  -0.6006787457   0.1768119901  -0.6733281216  -0.5461554700   0.6509748299  -1.3938817269   0.1989020498   0.2956493965  -2.1427701404   0.4800507101  -1.3860285642  -0.8715662377   1.1666288685  -1.1997242082   0.6109016006   1.4943028979   0.5469895792  -0.6247189919  -0.4397445156  -0.9305731974  -0.8808134431   1.6617929854  -0.1997971376   0.5743274004  -1.9197606822  -1.1971618412  -0.6544308736   0.5412535847   0.9644804962  -1.3143867796  -1.0832498639   0.7367305835  -1.2000028545  -0.9418953880   0.5091439225
 0.2192168862   1.0771729841   0.9764304478  -0.4076729040   1.1429713643   2.0341957288  -0.7255483516  -1.1447823656  -0.4274736411   0.4943099103   0.1889968001  -0.8068727389   1.4377173491   0.7126829032   0.1377641583  -0.4619325927  -1.6173530663  -0.8951354046  -0.9952809857  -0.2400528975   1.8332722199   0.2486550660  -0.3581289986  -0.1297976000   0.0776089853   0.6653829131  -0.5113393069  -1.9721973260   0.6623760360   0.9049504539  -0.8933603926   0.6084556480  -0.0529748163  -0.9097362533  -1.0737697336   0.3201474569   0.5529610777  -0.1016543256  -0.9723652271  -1.3594174510
-0.5277583587   0.0078144038  -1.2450589634   0.6026204146   1.4921455746  -1.9172739385  -0.7386079247   0.0843582084  -0.7649971245   2.8105698090  -0.6460953825  -1.1675746635   0.6278123866   1.0548211747   1.2918031274  -1.8259224395   0.7972072696   0.9361361310  -0.3059283502  -0.3597861085  -0.6495561773   0.6810440319   0.2300548565  -1.7144654144  -0.4557510166  -0.3993825438  -0.9020753294  -0.0651254489   1.0535017750   0.0494939141   0.2387997577  -0.6789041802  -0.4910382707  -1.4476691326  -1.2146171787   0.6171270749  -0.6380297238   0.9351687784   1.3002158334  -0.4809246001
 0.1752804123   0.3351540637   0.0204241959   1.6528117028  -1.1313616341   1.7110255900  -0.2321817027   0.7102146982  -0.9374455035  -0.3729752469  -1.4639249267  -1.7176570777   0.0164518670  -2.2045454910  -1.7054252643   0.3460214191   0.4512777211   0.5927925899   0.1161284200   0.5528020057   2.2923885648  -0.9516942437   0.8057080528   1.0487824882   0.7675268218   0.1277635487   0.0363546757   0.2182584112  -0.4629398558   1.6192964296   0.7882152081  -0.1709695634   0.6938417406  -0.0910534813   1.3354777381   0.9998003607  -0.0283243512   0.3271440533   0.0851632270   0.7742212911
-0.9664209445  -0.5551100903  -1.0097248547  -0.4934530021  -0.5700947607   0.6244140563  -0.1602750858  -0.7661584087  -0.3140424533   0.2629330329   0.9327921365   1.9153098676  -0.5131078032  -0.3034849854  -1.2844331373  -0.1066104005  -0.3511402941   0.7446069568  -0.7269644177   0.7372701360   0.0834209300  -0.5793852450   0.0114201546  -1.5450398861   0.9774470280  -1.7917366049  -0.2151631563  -0.3810143618  -1.7926083408  -0.1871424003  -0.9020490839  -0.8400829577   0.9632143855   0.2455825015  -0.8106051935  -0.1896473886  -1.0888569377  -0.1654543161  -0.9942142422  -0.6729210937
 0.9246543671  -0.0302815352   0.5556656110  -2.1099771453   0.5745209277   0.1936166803   0.3583774461   2.0439330894  -0.6182464651  -0.5948445591   0.0605344193   0.4676762131   0.2494315180  -0.0950166042  -0.7155683280  -0.2427435304   0.0981443246   0.2425708630  -1.2536996934   0.5101260936  -1.4682395195   1.9431924282   0.9721872811   1.1109437386   0.5039520080   1.4585594280   0.0100479827  -0.4074355811  -2.3137758828  -0.8018152505  -0.1522605623   0.2631768444   1.4965288717   0.7040366022   1.5724403955  -0.7331652650  -0.0599349857   0.8724357528  -2.4345698692   0.4338954547
-2.2681555140   0.2391476466   1.2230480152  -0.3786104653  -0.9130138783  -1.3985742389   0.3521029439  -0.0484566294   0.2879385594   0.3689287010  -2.3875732507   0.8757831793   0.2649358291   1.6376550012  -0.0163159207   2.2013674847  -1.8450503005  -1.0321131444  -1.1505944958  -0.8151084225  -0.5083905412   0.4994659934  -1.2341247857  -1.2733917382   0.9921981882  -0.1398104869  -1.2846192735   0.9120466924   1.5597477644  -1.7717148331  -1.1292776782  -1.0744743116  -0.6870770371   0.0890948319  -0.1588344543  -0.3773172864  -0.3070344328   1.0831609854   0.9611798050  -0.0620860175
 0.9409775750   1.1290431395  -0.5510717479  -1.8226836433  -1.4439271745   1.2432820096   0.1681860581   0.5478217904   0.2093044714   1.0054670378   0.4244764894  -0.5428920932   0.2904416209  -1.4580887150   0.9268026517  -1.2453166697   0.8198395544  -0.3887660357  -1.7982617115  -0.7629007221  -0.9395395925   0.4733297180   0.7527290735  -0.5844558005   0.1588605416  -0.0989375993  -0.1374791433  -1.0934765622  -0.4759814081   2.1166032407  -1.8747605296   2.0377675318   0.0320552847   2.0572861538   0.3123357386   0.2892715730  -0.7330510686   0.0811965116  -0.4400368645   0.7771119419
-1.6704463538  -2.0968075603   0.3575614205  -1.4769386163  -0.2234486069  -0.1469914895   1.4169712056   0.6541239384  -0.0164720776  -1.1890033358   0.6189451260   0.0269645331   0.1383242824   0.7576398059   1.0316079976  -0.7897861546  -0.9424388979  -0.4338650182  -1.2056848742  -2.1240591415   0.2569626023  -0.6942404987   1.2930415397   0.4058166344   0.9394243006   0.9763263484  -0.4446422842  -0.3220725756  -0.0866159653   0.3918173107   0.6345742140  -1.4198787090   2.5073561006  -0.4193879465   1.3872072350   1.2046282772  -1.3462887716  -0.7942875631  -0.9332330623   0.0264431274
 0.0442184668  -0.6601074758   0.2034540489  -0.5115775680   0.6967788693   0.5464194731   0.7250606195  -0.7936415765   0.2145933099   0.3216572352  -0.4227561148   0.0606508518   1.1899534193  -0.5866107798   0.8180006553  -0.2676232569   0.3859893638   0.2980818146   0.8703759734  -1.8471303182   1.0711333793   0.3679478423   0.6636656701  -0.2012065969  -0.1794183561  -0.4781029297   0.3860636295   0.3539224779   0.0303402494  -0.0358583138   1.1974671050  -0.6971769555   1.2875154122  -0.3949279623  -0.0475567024  -0.9465407752  -0.5275730458  -1.0548527027  -1.5382723575  -1.0774003934
 0.0021813931  -1.1543399533  -2.7575375631   0.9570263884  -0.1763140572   0.4763479602   0.2433667605   1.7576508650   1.2439972769   1.9134629501  -0.8457757351  -0.6974955387  -0.8670103957   0.7055530472  -0.0404725871  -2.3809155608   0.0990740912   0.0022574837  -0.9489221307  -1.3334467444  -1.6812652378   1.0914416236   0.6719442624   1.0664335979  -0.8886863437   1.7114673360  -0.1271486799   0.3934154611   0.9374417996  -0.5512803466  -0.7067083773   0.3400510139  -1.5307322628  -0.1419963656   0.4901903352   0.5834213547  -1.2494334481  -0.3767562199   0.4631391088   0.8763131354
 0.6734565779  -1.0212460458  -1.3592598200   1.1661918296  -0.0030016742  -1.2292408034  -0.7641283148  -0.7018869563  -0.8182827767  -1.1524131485  -3.3787736837   0.7040902701  -1.4945554029  -0.0165152014   0.5864180448  -0.4915269200   0.1716543963   0.1100605685  -0.2723906083   0.3462779101  -1.0979683389   1.1159246623  -0.5179972036   0.9786627345   0.9965652209   0.5169222204   0.1237122100   0.3343694710   0.4518187657  -1.0224539229   0.4855989048  -0.1442528650  -0.5565154025  -1.3766595344  -1.1596894806  -0.2214163255   0.8880793363   0.5097415760   1.7709859005  -0.6760213018
-0.2539184368  -0.7065423401  -1.3037595716   1.0568887392  -1.0377509091   1.0952666550   0.9423160526   1.2682539719   0.4248978333   0.5434105958   1.2723545329   1.2939468286   0.4870495492   1.4658964814  -2.2765449472   1.1211596049  -1.2955821370  -1.9549677838   0.0565229779   0.3788194824   0.9039410935  -1.2229137704   2.7740512775  -0.5834648015  -0.4881734328  -0.6082147936  -1.2169127256  -0.2906149952   0.7792922377  -0.7924927908  -0.2482467790   0.8377045657   1.2670900434  -1.1277506875   0.9180964570   1.0638975695   0.5638424190  -0.9114250303  -0.6297862760   2.0512038578
 0.4566870879   0.1989621740   0.3503178819   0.4064290210  -0.2005350202  -1.0070085277  -0.7179071491  -0.2828297673  -0.1514055929   0.2944055682  -0.0976509256  -1.0104696319   1.7917627927   0.2685056938   0.1949277093  -1.0616432178   0.0287245709   0.0503488174  -0.9700597564  -0.4484728581   0.1097596927   0.5958192384  -0.5861322989  -0.9540096368   0.2343851124  -0.0162457099   1.3704248982   0.8194990745  -0.0490138221  -0.5629395845   0.3074402624   1.8138278549   0.7001845779  -2.0660836491  -0.3556278405   2.0946172042  -1.3767399709  -1.1164995793  -1.4687472021  -0.8686398337
-1.4498877782  -1.4862462347   1.7910210366   0.9094413759  -1.2202365251  -0.6793997414  -0.8284787254  -0.5782897815   0.9388178233   1.6452424559   1.5033697287  -0.0675025284  -0.8163111263   0.3077724705   0.2115490770  -0.4030494007  -1.9063434664   0.5176100131   0.5526840504  -0.8062735641  -2.0938957730   1.8898171325   0.2819386116   1.1121095294  -0.1977779032  -0.0545737145  -0.1655022536  -1.9190702529   0.6613488410   0.2637000249   0.1557797842  -0.4510660483   1.0787253556  -0.6632319697   0.9142608858   0.9534644948   0.6175992025  -1.2406331226  -1.4303095486   0.1732906757
 0.1124517915   0.2632092928   0.1675874302  -0.5054877563   0.2030762188  -1.1816727415  -1.0249688877  -0.1028860219   0.6316090597  -0.6246845945  -0.0215068503  -2.3457910575   1.1194396647  -0.6923433024  -0.0831623258   1.0265201400   0.7148989828   1.0635825283   0.5322371932  -0.7603016847  -1.0291465711  -0.7747711323   0.3446372076  -0.3394589705  -0.8460545098   0.4100165920  -2.2812083552  -1.3320380034   0.7617252889   0.4506089601  -0.9218559905  -1.0358869822  -1.3261264862  -1.9948152217   1.4683973956  -0.5327855424  -0.5948824917  -1.1748685346   0.6246842366   0.3874366404
-0.3685902911  -0.4670304489   0.1428924557   1.8015427800   0.5638854181   0.1125473684   0.0640482857  -0.6988027928   0.6092218971  -0.2955452701   0.2645011546   0.5848473624  -1.0164125733   1.5769718907   0.6150232761  -1.0970696899  -0.2470987883   1.6875482402   0.9457160982  -0.1014103920   1.0903592517   1.1985602258  -0.5725430680  -1.1777390220  -0.5162817081  -0.9374856464  -0.9887510411   1.6408686257   0.2287056763   1.0893044509   0.4152002869  -2.0452467259  -0.8858330558  -1.7429840614   0.3629793974   0.3896125523   0.1915768633   0.4087396166   1.7801298041  -0.2026570965
 1.1835347793  -0.1496965020   0.6587787328  -0.6503676483  -0.4335743015   1.1115197770  -0.6457235457  -1.3576728766   0.0872433459  -2.9695861050   0.1560493013  -0.6208616329  -0.1877268781  -0.4063095643   0.1469214264   0.5378994169  -0.3036701367   0.8112949869   0.2303174624  -0.6321362797  -0.6600526779   0.1407159550   0.1356674191  -0.2580424171  -1.3791105427   0.1560406801   0.6067961093  -0.5492791891  -0.9499624595   0.4671754252   1.1254673138   0.5983765236  -0.4113623876  -0.1440081360   0.2048020810   0.5688112375   0.9326715022   1.6307978303  -0.3500982578  -1.3691347173
 0.2229036146   0.1337857663  -0.7080846044  -1.6447921097   0.3981359432  -0.7639788900  -0.3290291326   0.5133086736   0.0779605062   0.8275532096   1.4777429612  -0.3181736516  -0.8098285608   0.0820316068   0.3290053410  -0.6105340194   0.6325151158  -0.6057569834  -1.3096193326  -0.8671715581   0.5626023499   0.7217091883  -1.6253895800   0.9614344809  -0.6653354710   0.2490595489  -0.0029777269  -0.0580022606   0.7278350003   0.6944007629   1.4508531356   0.9755593552  -1.1404960112   0.9533191623  -0.9139912019   0.7375405057  -1.4677412445   0.5579766469   0.9565034820  -0.7718512259
 0.3095327509   0.9007444332   0.7446656239  -1.1543302045  -0.6474438396   0.3514110403   0.7096609448   0.9122299028   0.9283688109  -0.9768272361  -0.6526447804   1.9877713095   1.0551286976  -1.3284468159  -0.2219760243   0.7595029148   0.3283298609  -0.9477137321   0.3779217116   0.6630724734   1.5554700568  -0.4179814375  -0.5371921864   0.3066309390  -0.4859924365   1.8118958375   0.1929772111   0.5424919764   1.3887510084   0.6230192065   2.1547083106  -0.0511875266   0.5495982605   0.1732787225  -0.9151023301   0.3881317169   0.4973816638  -1.6793083536   1.3856453529   0.1255690341
-0.9355853458   0.9794268924   0.7812210632   0.2320707106  -1.9820988608   0.9903918780  -1.8161840919   1.2721210564   0.4448339148  -0.7215221054   0.0157322393   0.3233342670  -1.5902715701   0.7598339133  -0.6945311890   0.1732849087  -1.3107620574   0.5227275504   0.7397248461   0.4110302665   0.5518721549   0.3595969285   1.3785749904  -0.6761491904  -0.0844711307   0.1764380084  -0.7782465028   1.1701941836   0.7907777651  -1.8384018530   1.7871652582  -1.4664378428  -0.0037373683   0.1070424577   2.0357793755   1.0617285718  -1.3952132326   0.8421546340  -0.5458661761  -1.9414029673
 2.4016364412   1.4363233628   0.6198711991  -0.3076979385  -0.1111456594  -0.2523953310  -0.4236233654   0.8309674758   1.3425384037   0.2773706362   1.0361875839   1.4792486571   0.1139498657   0.0318773335  -1.3282112155   0.5232207142  -0.8682619746  -0.0408044386  -0.2727215040  -1.0446561537   1.0729926117  -1.1841032169   0.2193537393   1.2716320057   0.6757184426   0.0595206283  -0.7091627518   0.6789168398  -0.8425237471  -0.0575089755  -0.0617740552   0.2626042360  -0.6760023666   1.0686405165   1.1174159795   0.6194545223   0.8509608973   0.4408179976   0.5115170642  -0.4852819452
 0.3143054457   0.6574092597  -0.4974106073   0.4418260787   0.5095178341   0.7723526097   0.2375196042   1.1906417098  -1.6539169741  -1.3802052569  -0.5314792578  -0.5503757651  -0.2098929902  -0.1963323896   0.2424672140  -0.4443536896   0.1229961312  -1.6362441591   3.2381090533  -0.1424804805  -0.1167408154  -0.5576028947  -1.0756292079   1.3855601750   2.0445484454  -0.8641928455  -1.0938578436   0.5820203862   1.4511012824   1.1624575815  -0.0492764326  -0.3638946368  -2.2121141423  -0.5218954277   0.7088402080  -0.1821551813   0.4468557099  -2.0667700488   0.6588922057   1.0691070465
 1.3357477324   0.1076593806   0.3810113705  -0.5200631289  -0.1568540580   0.2841118862  -2.3066289246  -1.7124482941  -0.3521701932   1.6182559584   0.1310169822   1.5965596067  -0.7030750518  -0.1409675500  -0.7644193357   0.2059923476   1.8165679474   0.7745689149  -0.8575864056   2.2575237216   1.5986122956  -1.7209494199  -0.2234142888  -1.4302509608  -0.4818976150  -0.9868899039   0.6879499408   0.0217321196  -0.8013894389  -0.8013074472   0.9574938460  -0.7348313758  -0.3547840469   0.7509793588   0.6049467640  -0.7015062631   0.6427651993   1.1730342690   0.6244414447   1.2398384205
-1.1586342711  -1.0608758702  -0.5519218690   1.2831360773   0.9012960454  -1.4956555926   0.0390326878  -0.3088614021  -0.3323466742  -1.7260292513   0.4485629072   1.4333585277  -1.0777041071   0.1379001094  -0.1391849606  -0.6151850912   0.3820161908   0.7547522938   0.1294926847   1.0570014807  -0.5709290132  -0.4848781417  -2.0593813136   1.1621520315   1.7796668917  -1.3370966369  -0.1745122945  -0.5803693887  -0.6964416638  -1.0561985634   3.0380925618  -1.4250539728  -0.3689239701   0.7226368409   0.0785075521  -0.0684406172  -0.8240921709   0.2722721150   1.1255039934   0.8169111696
 0.4799424023  -1.2442467805   0.0843619189  -0.7876797395  -0.5386619989  -0.8611152143   0.2442204390  -0.5526292206   0.3362972609  -1.6361992656  -0.5620650224   1.3060393483  -1.0363556768   1.1903235767  -1.2746961086  -0.8158813068  -1.4246263424  -0.1040067599  -1.4102408487   0.0518065772  -0.5436666294  -0.4200163767  -0.2167938765   0.5958143009   0.2715277464   0.1135219242  -0.7269628108  -0.9914206941   1.9308608819   1.2279028857  -0.2677404234   0.7671354861   1.9544651686  -1.2660082525   2.7542683120   0.6588389205   0.7771610706   0.7402756201  -0.4188088980  -0.0078250223
-0.3058152187   0.0209298811   2.2760956252   0.9742658456  -0.3580554965   3.0538038062  -0.6981300429   0.5262385448  -0.8300668741  -0.5242313670  -1.0737749178   1.0240000638   0.8509016918  -0.5408161870  -1.1306648699   0.7744413506   0.3822177169   1.8390862183  -0.2008294039  -0.7331262603   0.9847458607   1.2663864779  -1.2914990473   0.8035496381   1.1813936783  -0.6097025769   0.7409295444  -0.6841318434   0.9700618440  -0.4473693883   1.1632689011  -0.8606573897  -1.1386047387  -0.3742253102  -0.4424059861  -0.0299809007   1.1432216367  -1.1487939041   1.5867932772  -1.6286379476
 0.9916572319  -0.5283733368   0.0869723349   0.1438884015  -1.3218689604  -1.1730127405  -0.1843222164  -1.0399811923  -0.3343845700  -0.1902294298  -0.9045703371  -0.7949362859  -0.1838578525  -2.2180682178  -0.4172361533   1.0353976571   0.3518943265   0.2583333344   0.8426956850  -0.5742517644   0.9146795474   0.1474143947  -0.8135786592   0.1500566045  -0.2989093552  -0.5659354975   0.5183904487   0.8193620554   1.1597905514   1.5799270352  -0.9555833371  -1.1465697015  -0.6027528532  -0.1426120248  -0.1371970497   0.0062191123   0.4861622366   1.6125308533  -1.2502890583   0.4248519191
-0.3893639954   0.4661441830  -0.2574807878   0.9564938061   0.3470659391   0.5186660403  -1.1738515074   0.5641711002   1.1502257769  -0.8775086155  -0.0684266534   0.3912617362  -0.1343298207   0.7923310041   0.1443474128  -0.1647615554  -0.8393657051   1.1335706170   1.1123318006   0.4201564947  -2.5819487873  -0.4409135859   2.1995381229   0.0009402292   1.8317061689  -0.2672184951  -0.5240154065  -0.1194820217   0.0501746167   2.2255028583  -0.1696573042  -2.0471918270   1.2980638606  -1.6461710235   3.4941805905  -0.0560523305   0.0798608990  -0.0230623762  -1.0611099136  -1.1442421562
 0.2487982072   0.3999574431   0.9597977271  -0.1664471078   1.5812833626   2.3830169377  -1.0397346863  -0.0879726996  -0.4464168382   0.1741715822  -0.1301340042   0.4044174339   0.9152290276   0.3992748777   1.3539785995  -1.5213365492  -0.9232572231  -0.7774801203  -1.0661548004   1.0318709837   3.0416036861   2.1062420530  -1.6328524440  -0.1048021721  -0.0167428301   1.0453505756   1.5503413931   0.3961780893   0.3657518303   1.6840030746   0.7288247267   1.4575390780   0.9958150625  -0.1091317481  -0.2532728937  -1.5185085075   1.0291996747   0.0412272204   0.5236472041   0.9906339470
 1.0853652923  -0.9673401234  -0.5051069649  -0.7517963404   0.7533457650  -2.2163966989  -0.4634386267   2.0584851449   0.0470713783  -0.2515683599  -0.5717271644  -0.2884409891  -0.8194012409  -0.8867783594  -0.8157049909  -1.4560183779   0.6052794460  -0.4336894232  -1.1027249680  -0.4027554648   0.0339260237  -1.4357882305   1.5219172857  -1.1844513828   1.0839193392   0.8119431999   0.2972675774  -0.7596618041  -1.0652196966   0.2508804736  -1.2235763449  -0.4517456508   0.6770633846   0.0015903820   0.8770536169   1.1373274846  -1.3706390123   0.5703375755  -0.0715363950   1.6444150585
-1.0969993971  -0.3829903541   0.3055160098  -1.9180724756   1.3326161210   1.0329051000   1.4546674712   0.7083710274  -1.3999989342  -0.2436757902  -0.1243427761  -1.7419360935  -2.1832369691   0.7086981412  -0.5373831339   0.7398380487  -0.2402227829   1.2525511496  -0.5437499784  -0.4237344462   1.0977655173  -0.4897707349   0.2577948481   0.7247695072   0.0023998057  -0.6526383690  -0.4737441822  -0.1172381089   0.5048797110   2.2364324219   1.2079446680   0.2327108881   0.5809002519   0.4071780569   1.7755971732   0.3545478410  -1.5693511192   0.3574441918   0.0772514082   0.0614063305
-0.9620340567  -0.8612795077   1.0075438375  -0.3619645122   0.6095675283  -0.8142011538   0.1706695213  -1.5676075192   1.5131576852   1.3715438992   0.6538278624   0.3337970410  -1.0485125726  -0.4697815432  -1.7097874640  -0.6356183607   1.0881138380  -0.4569353020   1.5886306928   2.0415336936   0.6043566236   1.1419585838   0.3718595943  -0.9470758752  -0.5456998647  -0.5582161544  -0.1423656468   0.7185384735  -0.4097716070  -1.6000742177   0.8430247741  -0.1080377097   2.0890149630   0.8046104698   0.6217878447  -0.6995402768   0.5753074407  -0.9049253807  -0.9902165028   1.1751920863
s2
 2.0939227291
 0.9121386418
 0.2118258179
-0.5552823806
-1.8178805284
 0.0050116316
 1.2165981305
 0.0418027503
 1.0399968084
 0.7768619042
-0.6327339614
-0.3972469377
 0.6486054356
 0.9965843612
 0.6651971774
 0.6363769569
-0.9492996730
 0.4147297888
 0.7138144365
-1.3569548596
-1.9833220059
-0.2663323672
 0.7632730382
-1.6250539687
 2.4869797742
 0.0279177580
-0.9245055359
 0.5493064841
-1.0318931125
 0.6008215853
-0.5433289323
 0.4961527831
-0.7422575074
 0.1597460311
 1.3912096552
 1.1323334054
 0.8693143243
 0.6520318935
 0.0034901695
-0.3120738978
w3
-0.6433142278  -0.6858041422   0.8938621193  -2.6715160503   1.8613528743   0.6864196725   0.6200627085  -0.1331157114  -0.7958733199  -0.3384303570   0.0404961843  -0.0084511574   0.3227094278  -1.2415046463  -1.1231274190  -0.1618775122   1.1998353777  -0.8700940473  -1.6142059309   0.8715901633  -0.4883414980  -0.5049206335   0.4704430748   0.4819006487  -0.2257606616  -0.4738631852  -1.7122360409  -1.3783864449  -0.8545768133  -0.2194397629   0.2442945413   0.5377429693   0.7844894630   0.1937298020   1.1970012352   0.2213146759   0.3402324782   1.4490490046  -0.8653454193  -0.1232584887
 0.8664208076   0.5989597708  -0.0501069173  -0.3224633347  -1.0586469821   1.1008320786  -1.1684379196   1.2481928585   1.2405389593   0.9150496662  -0.2282792920  -2.7074270763   0.5823055273  -1.4573817572  -1.8620316806  -0.7821923673   0.5859589661   1.1468448227   0.2889564604   0.7111682158   0.1507810038  -0.2736126659   1.9593828461  -0.7164410394   1.4844996239  -0.7942771012   1.7573588393  -0.8562192696   1.4642833890   0.2381495488   0.2016193124   0.7970054914   0.4303692380  -1.0233904770  -0.2940805209  -1.0851290027   2.2477757163   0.8898268751  -0.2190460201   0.3301958948
-1.4887557847   1.8893103514  -0.3136823651   0.9069604696  -0.6446290776  -0.4106359615  -0.7670184598   1.8342106853   1.0458693656   0.1022830011   0.1518630228   1.0696176358   0.7313287735  -0.5901446031   0.1084088198  -1.1621601334  -0.4780441403   1.3010388187   0.6929821824   1.3404120124  -0.9817862493   0.8049454049  -0.5802451217   0.6824923869   1.4960328333   1.0515650029  -2.5829771852  -0.8114094995  -1.1772743308   0.5596079116   0.5002783028  -0.4675246912   0.4192013639  -1.0577020568  -1.0263908177   0.6297932343   0.4809406305   0.9882957272  -0.1297573474  -0.4812344902
-1.8287176101   0.4462163458   0.9615928803  -0.1760986759   0.8074238602   0.8283123207  -1.2065059466  -0.0678755748  -0.2399306024  -0.2620228338   0.1445993253   0.1877999533   0.5707736367   0.2312645752  -1.5935581797  -0.7963339388   1.1916551010   0.7554011528   0.4883759430  -1.7706848235   1.0437888812   0.8050733389   0.1462017960   0.9344547112  -0.2969907863  -0.7865362476   0.5113735935   0.1669544997   1.0106945273   0.7324769795   0.0195540104  -0.1956885094   0.5340221444  -0.3880212877  -0.3328539816  -0.5776801901  -0.5567647194   0.6366365179  -0.8360675194  -0.6642570991
 0.4324122080  -0.0967261542  -0.7319431472  -2.1398708598   2.2758222996   0.8525275521  -0.1986784747   0.1427641964  -1.7323182025   0.4376097231   0.2047566209  -0.7222317047   0.1989992492  -0.0882334581   0.0165835785   0.1038919572   0.6502046371  -0.1547376292   0.4855586068   1.2127290273  -0.7343647305  -1.0913936638   0.3112848042  -0.0879315586   0.3689224714   0.5280725864   0.4682859781   0.1637965424  -0.3953380436   0.7552212586  -0.0556087579   0.2546649260   0.5133849685   0.1507294410   0.5003902574   1.7516249991   0.7606337940  -1.7504164792   0.1482841832   1.0087793868
-0.8013240254  -1.0639628134   0.3052089780   2.1036226627  -1.1227385530  -0.6046128277  -0.9497604687   0.1171612983   0.5803438708   0.8372471361   1.2713299391  -0.4113107315   1.4520846123  -0.8543035225   1.1468655676  -0.8886948274   0.0756757568   0.6215727529   0.9265250615   0.1631367011   0.4447875893   0.6791557611  -0.1236602656  -0.2232035008  -0.7925303201   1.8471471503   0.3441940014  -0.9177282473   0.4309935496  -0.6430509734  -0.7792427829  -1.4019796491   0.0272500933  -2.0177564437   0.6542900875   0.6614881151  -0.9105684844  -0.2222351415  -1.3171963822  -0.0787481599
 0.8310780721  -0.0394007937  -1.3343687830  -0.2907636077  -2.1106300909  -0.8409382351  -0.0966010241  -0.3100496354   0.0571043675   0.9721634939   0.0897389155  -0.0356512383   1.1500602008  -1.2041769187   2.5916761241  -0.4557815967  -0.6655019271  -0.3962641574   1.2375303928   0.1753031802  -0.0062330307   0.1307718843  -0.4944181502   0.9720436323  -0.6601535441  -0.8030706106   1.0186832666  -1.1186113570   0.5031806062  -0.5341062730  -0.2875800591  -0.0203891401  -0.2437921541  -0.9366597229  -1.2417686719  -2.1096489039  -0.0932693581  -0.2790046504  -0.8596966362  -0.8586073021
 0.8234099122   2.1123660776  -2.1333320845  -0.2207666375  -2.5749870311  -1.3186786455  -0.5478313840  -0.5773179530   0.0901862920  -0.1250365349   0.3558081101   1.0654967701  -0.9085521946   0.2013284602  -0.1719912473  -0.2242156948  -0.0181748356   1.0004320880   0.0563681757   0.0611087757  -0.4063790595   0.8074140124   0.5421834908   1.1605274727  -2.2808762569  -0.1106226913  -0.9824023772  -0.8286386333  -0.6245811403  -0.7513415218   1.2754244633   0.7052013673   0.0381266769  -0.3604332577  -0.2963487256   0.6892025609   0.9194217713  -0.0654403749  -1.1308124985  -1.2911845665
-0.0454555270   0.9076772529  -0.7690444399   0.4281959532   0.2228867148  -0.3588337633   0.4413235197   2.1932508661   0.3265146896   0.6262902016   0.8318794744   0.5009974410   1.7341799206   1.7595195528  -0.4280463278  -0.4321230539   0.9803277264  -1.6633148582  -0.1404525140   0.2053605934   0.4270077539  -0.7282692132   1.1622657793   1.8079323113   0.9406166641   1.3899781390  -0.9202288419  -1.6703309300   0.7297492609   1.0056637183  -1.0418432855  -0.2922643550   1.8136140036  -1.3517614255   1.1451785861   0.5647807428   0.0562354980   0.0107260249  -0.5649028211   1.0890637782
 0.2079796194  -0.1979880023   1.1729120813   1.0446741405  -1.1229049405  -1.4082289819  -0.1189147220   0.0698555864   1.2797806264   0.2877316535  -0.1720717773   0.2794867996  -0.8040059735   0.5363952687   0.6712337031   1.0853647795   0.9670094036   2.5285323681  -0.0155736516   0.2890070312  -0.6351111152  -0.7916574199   0.0469759474  -0.1542235871   0.3887728040  -0.2371397401  -0.6710415455   0.2924576572  -0.7274863042   0.0900215502  -0.1719001369   0.5597253868  -0.4009628863  -0.4064179848   0.3941976869  -1.2962157716  -0.2976674535  -0.2103778240  -1.2266863039   0.3338898080
-0.0482812305  -0.8956368472  -1.5969662837  -1.0320423517   0.9440110857  -0.6813937761  -2.7889148067   0.4066905468   0.7974517351   0.5955885506  -0.0330111165  -0.4306580380  -0.2287552258   1.3590366354   0.4362101763  -0.5407689465  -0.0538247786   0.3771726254  -0.7365261291   1.5994930199   1.4936791815  -0.2960161063  -0.5415275023  -2.1326507898   0.4233190237  -0.8527109804  -0.6672933140  -1.0410650307  -0.1276884397   1.3383746974  -1.6874546773   0.1741503436   0.7592109922  -0.4772108222  -1.4284981605   0.3463554510  -0.3842288695   0.2771559604  -0.2017771188  -1.2794784096
-0.7363992458  -0.5858161346  -0.2223002626  -1.2237614745   1.2495554267  -0.6945991436   1.1324062023  -0.3527044979  -0.0126740555   0.4823570212   0.4641783150   0.3085991108  -0.5580543667  -0.4286089345   0.5470046002  -2.7889167204  -0.6148702318   1.2674239231   0.4269214911  -0.8911773871   2.8296771287  -1.3760932093   1.1236637595   0.3102605213  -1.2243313239   1.0920609111   0.0061496628  -1.3673571210  -0.2116412438   0.5894203664   1.0131202187  -2.1917080472  -0.5793751136   0.6345733102   0.0994288364  -1.8335756893  -0.6140766727   0.6640637101   1.2058258812  -1.2007165971
-0.2915820645  -0.3452466306  -0.1641519261   0.4845974707  -1.4349635365  -1.4190331132   0.6765711299  -0.3385293238  -0.9425624796   1.2215966924  -1.8115955715   1.2084323962   0.1052066498   0.7423370648   0.0423826104  -2.5757128174   1.6530943358   0.9695402351   0.5611894247   1.0706585108   1.4899414499  -0.7279801171   1.0730822677   0.0557340411  -0.6256076126   1.2079355331   1.3792756101  -1.5762004870  -1.1068374575   0.8332125480  -0.9355669116   0.2106719279   1.5052342476  -1.2462155971  -1.8162408636  -0.1305081730  -1.3287038263   1.0710897594  -1.4740243070   1.0324497736
-0.3182096167  -0.3185157449   1.8090763057   0.4246103781   0.4138778039   1.3115460028   0.9503266019  -0.0924047750  -0.4363557655   0.3091391139  -0.3700514567  -0.8087177897   0.2904490921   0.9913644946  -0.3771870342  -1.3181694790   0.8745152840  -1.5966992202  -1.3784201531  -2.1719993998   0.7084568692  -2.1055210641  -1.2810433873  -0.1391609422  -2.1107935173   1.1449348799   1.9601395226  -1.0301323533  -0.2259396698  -0.0610494973   0.1183677261  -0.3019148201  -1.0615102417  -0.2448311142   0.6500654706  -0.4669980675  -0.9232265270  -1.5270915336   0.1431074903   0.0554940479
-0.5057571257   0.9240465456  -0.9631323783  -0.4511869166   1.1001890114  -0.9116642967  -1.1710771615   0.7352462703  -1.7150842097  -0.6361348740   0.6345688656   1.3191330286   0.8791417845  -0.3360606377  -0.9462167534   0.2020337826  -0.3165180957   0.6549267327  -0.8182504652   0.2421237755   1.5970862582   0.8809709895  -1.2776156274   0.7222873232   0.1929490448   0.8800967650  -0.1404200168   0.4393069273   0.7160162510  -0.2796181368   0.3008017038  -0.8981847712  -1.0347707850  -0.4852140575  -0.3870307787   0.1971435437   1.6072885562   2.4920450731  -0.0804486587  -0.3033214578
-0.1420416883  -0.2842484288   0.9523120469   0.7883979368   0.8775604127   0.1180301883  -0.6881823688  -2.0883971697  -0.9087065267  -2.0994099726  -0.7539452817  -0.2630521122   1.1081692203   0.7526100873  -0.1526955961   0.0388516724  -0.5132106883   0.6586789496   0.3022284901   0.6522165717  -1.4282441405  -1.3161280305  -0.6431452790  -1.2960017033   2.2729607334   1.2039091729  -0.7508668435  -0.4492824838   0.5030205460   0.9624415679   1.8253219605  -1.2525455206   3.1676020643  -0.6221855522  -1.0187000509  -0.5081492009  -1.2683834387   0.8356839622   0.8136072417   0.8818341708
-0.2153568414   1.2573815284   0.9868768123  -0.0264267593  -1.3461297195   0.8981618772  -2.1160739011  -0.0118437339   1.1469222112   0.8185784659  -1.3924210385   0.1622602089   0.9253105890   0.9742749378  -0.3675141787  -0.7491669793   1.5681002837   1.9469253831   0.4687893710  -0.4219256490   1.3526469812   0.6095439356   1.0383660239  -1.4407648042  -0.0248488470  -0.5687387818  -0.0045506859   1.7962980548   1.7049579940   1.6093339555   1.7092748294  -0.0891330056   0.4361307942   1.0208975736   1.3759316808  -0.0274404668   0.6839501533  -1.8439815174  -0.6618308966   1.2411451034
-0.1643331213   0.7133148438  -0.7485482608   0.5769099493  -0.8432978043  -1.3218545709   0.4093487748   0.5346156186   0.2286070092   0.3881028113  -0.2097069608  -1.0693868465  -1.4990211526   0.6901054768  -2.0252327975   0.4054273250  -0.1326713880  -0.4521896346   0.8698741015  -0.5900971738  -1.7915544589   0.5551785070   1.1915507378   0.0347167418   0.9695279083   1.5493566711   1.2805893935  -1.1291628245  -0.2983679848  -0.0422159158   0.7389664424  -0.6267687344   0.9917351175   1.4226294369   0.5972289205  -0.1186447719  -0.0969268273   0.5249909420  -0.4350809345   0.7806030413
-0.2544990791   0.4185619238   1.5334790705   1.1208300056   0.4217292406   1.3341659307   0.1850341570  -0.0979209591   0.3597854244   1.4825146610   0.3476865233   1.4491624667   0.2323202171  -1.7552272932   0.5484719812  -0.0964818359   0.4492460844   0.2529335692   0.9923124395  -1.3340424033  -0.2463203050  -0.4189569158  -0.1774179133  -0.5596186976  -0.8491369712  -0.4180835448   0.5399152540   0.0865779663   0.0754120992   1.6006673510  -1.0586595911  -0.1319132804   1.3693072264  -1.0376755399  -0.0198337409  -0.7461821889  -0.3562919721  -0.1766063770  -0.5114006814  -2.4554804069
 0.2882846109  -1.6020545191  -0.9696407313  -0.4678171437   1.5490638311   0.6703825249  -0.0868848893  -0.9396956085  -0.2687790091  -1.9172476969  -0.0237920403  -0.7370853335  -2.2075534391   0.2724938350   1.4337724767  -0.2168050999   1.2116620791   1.8690012850  -1.1164364880  -1.6762309050  -0.0588450901  -0.7833732019  -0.1807468295  -1.2429582726  -0.4976506902  -1.3179754245  -2.7800224685   1.2161374894   1.1528559460   0.2529541094   3.5726801151  -0.5277486050  -1.6233614414   0.3270967566  -2.2269784829   0.3448238648   2.8265160199  -0.6476020827  -0.7326754894  -0.8330597928
-2.0526621427  -0.2890166855  -0.6187713529  -0.1602100976  -0.0919610648   0.4646437931  -2.2857433619  -0.6678052839   2.4445513921   0.4617881571   0.1123773163   0.1809454379  -1.2843584383  -0.2146185038   0.5003298487  -1.2326397300   0.1370128888  -0.3949292413   0.9657027204  -0.3913712966   0.7128142145  -0.7949584650  -1.1437838296  -0.6280321347   0.6370474673  -0.1413659951   0.3148789695   0.3885682426  -0.0213320017   0.7234308074  -0.7443747608  -1.5116066770   0.2195871233  -2.2743766150   2.0070207537   1.4696232876  -1.5692395396  -1.5702828298  -1.8473725335   0.4566819069
-0.3354698821   0.1565266685  -1.0679131643  -1.3020633989   0.5466215980   0.5101461683   2.1390491340  -0.7766318873   0.7562150286   1.7227044940   0.5645988992  -0.0854972589  -1.2365944724  -0.3517619597   2.6857201712  -1.5643151534  -1.0649456130   0.9113217185   0.4665462107   0.4726102396  -0.7275128129  -1.1976306998  -0.9303313840  -0.3964693907   0.6120861594  -0.2273477836  -1.2267537907  -1.8347612287   0.4111875122   1.7956706668  -0.5454697599  -0.3118502235   0.6217828234   0.3356544325   1.5391594284  -1.8605153814  -0.9903266585   0.2463151793  -0.5987027962  -0.0306181148
 1.6087203905   0.3312867142  -0.8700846896  -0.2327036466  -0.2072224171   0.9735918955  -1.3307281111   0.5161516546   0.1311158606   2.7699651381   0.5644127408   1.1678891344   0.5415947952   0.1163593595   0.1891528282  -0.5798061638  -1.4746362386   0.7569254575   0.8543451104   1.7926981216   0.0072012595  -0.8180904861   0.9028007020   0.5016743000   1.2200206236   0.0621643032  -0.3853622564   0.5066632445  -0.1893019526   1.0668872775  -0.1827341089  -0.2364326664   0.3488728222  -0.2892405329  -0.9384909338   0.0089244761  -1.8490170590   1.8436759762  -0.5266695651   0.1886219667
 0.9603453188  -1.2148807128  -0.7503228821   0.2932320855   0.6130574914   1.1851602521   1.2421876357   1.1017727784  -1.5129563438  -0.4552081507   0.4911037589  -0.4989528529  -0.3471669160   0.6597917326  -0.3291108828   0.4634289885  -0.3731929394  -0.8673507264   0.9367102899   1.1539057109   0.7543838197  -1.3690562104  -1.7873600530  -1.7540494773  -0.9501704246  -1.2396414433   0.1311615445  -0.4986026066   1.3695252258   1.1779881283  -1.5139039706  -0.7455484512  -0.5082660501   0.9409522778   0.2753491120  -0.9222793570   1.0910059960  -0.4781861971   0.0846578025  -0.9477516824
-0.5707292136  -0.6881434338  -0.4245723465   1.3917156381   0.1800706393   0.3876655762  -0.5757911643  -1.6659918449   0.7410249290  -0.5109282243  -0.4630638356  -0.1117969972  -0.4871086814  -0.2195028613   1.4578968512   1.1328427435   0.2879540291   0.8406882578   0.5967313171  -1.2621682697   0.4757392664  -0.5299577292   0.9654405797  -0.6706344240   1.3484089319   0.4228422421   1.6358329058  -0.1601392796  -1.1845642367  -0.1520536964   0.4941139357  -0.2404694555   0.0784996213  -0.7920754306   0.0280809154   0.1212691666   0.5655524500   0.1370220885  -0.4044767043  -1.1547624366
 0.7951408365  -0.2548745757  -0.8602635395  -0.2174738362  -1.7663283440   0.3828847054   0.1319792311   0.4372417142   0.0930350418   1.7554486030  -0.2143607680   0.0304745963  -0.7084246511   0.2187590825   0.7121572598  -1.9071377006  -0.4906647402  -0.4120487884   1.1444062604   0.2383391756  -1.6206596859  -0.3065344863  -0.7856951264  -0.1586067145   1.4901094982  -0.2269986374   0.5927961384   0.4609868249  -0.0600667648  -0.4749025323   1.1156336439  -0.3914747624   0.9028490843   0.7665621944  -0.1942299716  -0.3477684717   0.4272133407  -0.9510047579  -1.8667410742   2.6575927698
 0.3598650367  -1.6385046892   2.5136441134   0.4862896909  -0.7721396119   0.9515139487  -0.1574461955   1.1931218224  -2.7564034227  -1.6806095992   0.2182651027  -1.2094236336  -0.8579864852  -0.0821478584   0.0283158543   1.3105581443   0.1593508377  -1.0023673919   0.4307196652   1.9340630598   1.5177882051  -0.4352494209  -1.1919890098   0.0191066718   0.2882155346   0.7265501959   0.2806523887  -0.5608161454  -0.8220230145  -0.3699754615   0.1634856895  -0.4811633275  -0.3954319774   0.5067960589   0.2582436515  -1.4107568359  -0.5721283034  -1.3209955733  -0.4521876864   0.2590609149
 0.3374478803   0.2976373970   0.9278501044  -0.2533738390  -1.5742479937   1.9165532961  -2.0036814814   0.9869269161   1.6347119002  -0.3547516438   0.3231431209   1.0804892936  -0.5671820942  -1.9405192284  -1.1358169879   1.1888138894   0.4180011163   0.3099257113  -1.2709738115  -0.6861863329  -1.1377955944   0.5057699282  -0.2682943683  -0.3063209021   1.8495243415   1.4941959239   2.1070920735  -0.2942007838   0.2832593638  -0.4339197118  -0.2947515868   0.6799739960  -1.4680385613  -2.3999190629   0.9807147180   0.0448266188  -1.0617314194   0.2699338168   0.0404023993   0.6747303825
-0.8051841728  -0.1800074160  -0.7842733244   0.8044826985  -0.1024343637  -0.5912936892  -0.3668336198  -1.1729171775   0.0399335795   1.4990553584  -1.3630784429  -0.6188709408  -0.4392129276   1.0906096132  -0.8267332254  -0.4582707621  -0.1891905113   0.6659749954  -0.2161583968  -0.6752303216  -0.0502436385  -0.3194218706  -0.5480028395   1.0769075660  -0.9484242947   0.5633339640  -0.4379285816  -0.2043405633  -1.0840618283  -0.3876414012   0.7987941061   1.1549052245   0.8179680247   0.8633648732   0.2389530081  -0.6006625566  -0.0077421891   1.2317324296   0.2959708911   0.0373288114
 0.6580371102   0.2498539387  -2.2999267042  -0.5420317217  -0.3950830177  -0.7051877983   0.4965450435  -0.6378115570   0.7681817480  -0.9534617940  -0.2642181991  -1.7021317945  -0.1522708269   0.7164073632  -1.7229487304  -1.1232737367   0.2971441206   1.5709096424  -0.8553214191  -0.6098465104  -1.6162140898   0.2763784150   0.3124889958  -0.8390180270  -0.7581180918  -0.0226526341  -0.6867398603   0.9981513969  -1.4592917567  -1.8333056713  -1.0724441027  -0.6016705704   1.7192602206  -0.9594358546   0.0806946054  -0.8676007268   0.5685556653  -0.6795110997   1.1708775157   2.1699256197
-0.3815885876   2.0488177520   0.8258733636   0.2312795067   0.7804780392  -1.6774105862   0.8185163606  -0.8867302150   1.2879209501  -0.0563869742   0.5064471109  -0.2193257034  -1.6328846466   2.1440156948   0.9297743729   0.7687923066  -0.1440104279  -0.8201649468   1.0007034487  -0.4125302051   0.0822834279   0.4454052763   0.2450467015  -2.1378197666   0.6237529616   0.3089154191   0.1030244325  -0.5882876275  -0.6331434201  -0.0351148337   0.3335232746   3.1393559469  -0.6470559924   0.3552755364  -1.2531381176   0.3208111646  -0.9105527779  -1.1944938522  -1.5103073862  -0.1806689337
-0.4220271044   0.8677575579  -0.6449751503  -0.3815631670  -0.1613873904   0.5740186616  -0.9314002535   0.7533512637   0.5026860165   0.0934776611   0.0771119654  -0.2606381295   0.7328255649  -0.6519438805  -0.2488261160  -1.7465913659   1.0967307107  -0.3838295397  -1.4588100458   1.0163872334   0.1608784301   1.2093885347   1.5416251872   0.2697438936  -1.0719927710   0.5013458932  -1.8576827642  -0.8750972165   0.6648168264   0.6524792682  -0.8153845171  -0.5487777409   0.0018325857   1.1197609492  -0.7645762964   0.5824637846   0.8389040458   0.0788155058   0.5164215699   0.0712954652
-1.4414536390  -0.5895351542  -1.5442054564  -1.1201016822   1.1207655495   1.0273696844   0.2882168143  -0.9864923790   0.9727282978  -2.4243074810   1.2108678540  -0.8989456030   0.7220788770  -0.9981110112  -1.2142196340  -1.5820404191   0.5795982039  -0.0142414251   0.4161174921   0.4220739724  -1.9264706459  -0.4746103748   0.0159439923   2.5584121752  -1.6109523563  -0.5563664981   0.6783187963   0.1838758469   1.5434503730  -0.8859196783   1.4269158357   1.1872332418  -1.3990070375   2.3865549973  -0.2949604015  -0.1797203008   0.4627623124   0.7301106596   0.6705925271  -0.4410370406
 0.9034082514  -1.7838769862   0.5681578932  -1.4818678577  -0.2047809316   1.6459298677  -0.8515922083  -0.8526514950   0.3940134102  -0.2278806374  -1.3710202677  -0.2289251085   0.6114790351   0.0301044906  -0.3403863522   0.3050432240   0.8411130437  -0.6261814068   0.9258196955   1.0223560723  -0.1445972230   0.8204451949   0.7651433192  -0.3595591960   0.2829275662  -0.4829920697   1.9261780268  -0.7297887940  -1.1708468179  -0.3278367337   0.9298546695   1.1139277851  -1.5149231796   1.2529106752   0.3535609611  -2.1128575527  -0.4922476323  -0.9888444139  -0.3384254277   0.4166255735
-0.4070729311  -1.4504113435   0.1903491636  -0.1384934446   1.1543014505  -0.0755246814  -0.3894817486  -0.5350995206   0.3961570650   0.0339859650   0.6224245281  -0.1615466209  -0.0618890933  -0.7486716562   0.8263145067  -0.2387846316   2.3722759577   0.4084262555  -0.4600440465  -0.8085188798  -0.4569868930   2.4874165275   0.3210367087   0.7111585976  -1.3264517285  -0.6049410331  -1.2830091696  -0.2308484677   0.2516481357  -0.4663695886   2.2549936062  -1.6430742472  -0.0258723148  -0.7203575560  -1.5279499870  -0.0654010032  -0.7500157412  -0.6657075932  -0.5619413428  -0.0429868968
-0.0361735447  -0.3005897344   0.9858196116   2.9901718697  -0.5732060072  -1.0291953801  -2.3801488781   1.0798078671  -0.7384311657  -0.8353990540  -0.8052358059  -0.3540918130   0.0266868503  -0.2748055691   0.0922633880  -0.0687305439   0.5540993875   0.5794865376   0.5324525629  -1.4525775087  -0.1622009700  -0.6494159133   0.9766477737   0.1201413609  -1.9258661678  -0.4533165567   0.9963215354  -1.2780105012   1.1578040466  -0.8721344103   0.3936662221   0.0516068702   1.4449577336  -0.1891272519   0.1052839162  -0.0208273293   0.6793048698  -0.8835343121  -0.8781949112  -0.7844001002
-0.9359654360   0.9211623810  -0.0715379197  -2.3162959453  -0.4189886681   0.8546129381   1.8091974963  -0.0801106244  -1.7571368048   0.5336834230  -0.3551534764   0.1453617897  -0.1806663977  -0.8239967564  -0.4491652670   0.8096113857  -1.9758335683   0.7171967855  -2.2593135700  -0.6005699910  -0.2409330222   0.3668161412  -1.7306856530  -0.6240157720  -0.5079597001   0.7361305606  -0.9843442574   0.2663471789   0.3260080527  -2.3431415161  -0.9247040329  -0.9852505332  -0.1400781908   0.7979795185   1.0062463187   0.7097654848   0.4998908493   1.4692968264   0.4528916619  -0.9702479291
 0.6036060330   0.4684096629   0.1263474592   1.5669562373   0.1720383134   1.5860606588  -0.8273623532  -0.3467533054  -0.7223161501  -1.5699306106   0.0325162968  -0.9321924405   0.2514413829   1.8278285981  -1.4529590262   0.0107295932  -0.8827969870   0.8674967225   1.5458520363   0.8508061030  -0.8454467592  -0.1636403808  -2.0286128371   0.6538459463   0.1002451029   1.0217446743   0.5343130658  -0.1884992552   0.7425705920   0.8343118408   0.9956851425  -1.0296637570  -0.4546770082   0.0266952633  -0.8340233348   0.7765990029  -0.6202200718   0.4670130467   0.6397469161  -0.1193452512
 1.1249105090   0.4846366484  -0.1096328531   0.3487744359   0.0830997654  -0.9374191456  -0.3562914772  -0.2922736287   0.0451616776   0.1292109238   0.1722853348   0.9149722902  -0.3230603352  -0.7602056613  -0.8425498812   0.3329075686   1.4180304990  -0.7085036650   1.0100058610   1.3230790024  -0.4640128470   1.0965577127  -1.3239548180   1.2027304601  -0.5288566651  -0.5982477113  -0.3113877667   2.2441245182  -0.7804899152   0.2010858329   0.8878005653   0.1468674907  -0.0762711818   0.8219907783  -0.8410384456  -1.1110662152  -0.2092569496  -0.8497952120  -0.4173260914  -0.6627585148
 0.3408134071  -0.6622180687  -0.5363912670   0.1014446605  -1.5603734716   0.5426648758   1.2493205329  -0.4995535691  -1.4748938049  -0.6233364484  -0.1727160575   0.2972531167  -0.2009638772   0.0907536211  -0.2785862467  -1.8134860954   0.7534126983   0.0653209123  -0.9063957502   0.6036333420  -0.0069351583   1.2589132630  -0.8110307220  -1.5886760522   0.1719585912   2.0815757504   0.4673683784   1.1652195571   0.4868527379   1.5893708458  -0.2454609734  -1.7118648183  -0.8561732155   0.1947606672  -0.0373390282   0.2301292649  -0.8235042540   0.3950112701  -1.3090574459   0.3788240002
s3
 1.9481208938
 0.9201294045
 0.3062627867
-0.6003237400
-1.6884497124
 0.1596309194
 1.2264343091
-0.0087062001
 1.0469737708
 0.6322899731
-0.6754546701
-0.3596258901
 0.6377512361
 0.8909463114
 0.6684822804
 0.6659575456
-0.8556798292
 0.3668314428
 0.6926136115
-1.3950648885
-2.0106443018
-0.2971620170
 0.7529031503
-1.5964503955
 2.5917654280
-0.0114496216
-1.0578213039
 0.4840137858
-1.0467694530
 0.5670362350
-0.5080172082
 0.7014954606
-0.5979047752
-0.0817128088
 1.3344249996
 1.0380044792
 0.8422320414
 0.6409308351
-0.0064889903
-0.2307926131
w4
 1.0310887797  -0.0098434889  -0.5969714564   0.3437236185  -0.7941888505  -1.2722716592   0.6197349245  -0.4198193144   0.2908957887   0.4305698004   0.1046456556   0.6958875779   0.3589048462  -0.0711623387  -0.8795122820   0.1919434563   0.7112623365   0.0669345460  -0.1094697425  -0.1355537983  -0.7082987988  -1.2215302467  -1.6135654787  -1.9101071466   1.7660408356   0.5702677132  -0.3792013765   0.0558302665   0.4243199887   0.9584304826   0.8968663772   0.5436084921   0.1593312257   1.6885769933  -1.4613629127  -0.7501207553   0.8823123916   0.5304151431  -0.1772303055   0.0290761144
 0.9463092058   0.2655723253   0.6772670984  -0.7104040294  -0.6325034435   0.1485693870  -0.5655460694  -2.0698705572   1.8127580240   0.0889303180  -0.1455560354  -0.6366347492  -1.0430076662  -0.5860712690  -0.8714923016  -0.1264005792   1.2238695047   0.0869513563  -0.9330591297  -1.3454918514   0.4739361269   0.2851731912  -0.4842805169  -1.7583374658  -0.0708207292   1.0508361039   0.3790461543  -0.0104809231   0.0207153434   0.1982552923  -0.7999533964  -1.9333357491   0.0818450537   2.0661879373   0.6551273253   1.2693739459   0.7760101213  -0.3154012697  -0.2065482599   0.0273329805
-0.1893837183  -0.8914275780  -0.5745576987   2.1449506544   0.4046904424   1.2072317810   0.3536402384  -0.4652266943   1.2642395653   3.5261879613   0.1278007495  -0.3498094203   0.4349064189  -0.0188099099  -0.2821484742  -0.2754647848   1.2279913933   0.5871761689  -0.4885925010   0.4229153569  -0.5772413036   0.5248131474  -0.4350205298  -0.0900956195   0.1712366794   2.0536059288   0.2458510964  -0.8372120787  -0.3095994329   1.5416752408  -0.6097162151  -0.7816323664   0.2823219466  -0.4339026369   0.9639155122   1.0231367889   2.5198584853   2.3512822147  -1.9777424501   1.2832804843
 0.3334692807  -1.4800199887  -0.5684729201  -2.7278292714   0.0965843280   1.7683320517   0.7041636237  -0.8708257770   0.4669742223  -0.8332223617   0.8638969880   0.2661942203  -0.7451606469  -0.0964415261  -0.9041343706  -0.1752347329   0.0504139370  -0.7282268042  -1.2999889881  -1.5498109328  -0.5850979064  -0.0168055444  -0.6177613800   1.2056698874  -2.6396745563  -0.2042699304   1.2850744461   0.6714581307   1.1171545421   0.6984934178   0.5262182280  -1.8370424691  -0.9388832571   0.9394681848   2.1240053032  -0.0021615776   1.2174961429   0.1070457095  -2.8852912493  -0.0714744831
 1.3842020499  -1.4325509788   1.0454327432   1.0655421655   0.2855597299   0.1448819941  -0.4906314424  -0.5551903792   2.7264969251   0.3995636038   0.1365641546   1.1815665926   0.8502092125   1.2658820350  -1.8474174805  -1.3349784041  -0.6169468809   0.9686356637  -0.1614485191   0.2556971059  -0.1730042267   1.0621214935  -1.0477986316   1.0389914144   1.2938058831   1.0663856363  -0.4478141943  -0.7733735018   0.4493023437  -0.0904805595   1.0077014534   0.9027227249  -1.7633206286   0.6217428279   0.0979408860   1.4050067371  -1.1827149858  -0.6836204229  -0.5057458652  -1.8020324160
-0.4801471046   0.2495617146   0.0532147040  -2.3946525976   0.9948572227   0.9407003268   2.1313312916  -0.2856745589   1.4918654052   1.0628405007  -0.6640212875   0.0866324463  -0.1077943214   1.2708110178   1.2291022757   0.0817151360   0.2722097815   0.2314606427  -0.5577304395  -0.1967402650  -1.3328260002  -0.2838843784  -0.3286887174   1.4978705606   0.0777286282  -0.4222270832   0.3072333887   0.2562408146   0.4901304257  -0.4195129488   2.1538254397  -0.1481083986  -1.2164515444   0.3303158952   1.3076795458  -0.4542517860  -2.2567425634  -0.8816615733   1.5613558685  -0.0795129871
 1.5173969293  -1.0050351278  -0.0563240613   0.5221060957  -1.0624186293   0.3911842939  -0.0402888634   0.4457074768   0.5935413110  -0.1260182174  -0.7465807134  -0.7190978579  -0.7409394721   0.1774153995  -0.9110059147   0.5406932320   1.8594041750  -1.0339996703   0.3284173099  -0.6464641461   1.0321974507   0.3045988587  -1.4428825738  -0.7737560756  -0.8577032901  -0.4558189703   0.0160748648   0.1173140819  -0.6913187503   0.5655267967  -0.5104620888  -2.2315257332  -0.9594429746  -1.0067975108  -1.1141136965  -0.4086376712   1.4596811662   0.8440198552  -0.6292489144   0.2073544409
 0.9819471465  -1.0526161578  -0.9288356976   1.1228679964   0.8878640625   0.6656603560  -0.8781914130   0.0225547268   0.6289710299  -1.2852033963  -1.8561510400  -0.5432789934  -0.1834350977   0.3399782436   1.7136307543  -0.4504516496   2.1434746384  -0.3600483818  -0.6615378975  -0.3575689279  -0.6840603137  -0.1721049829  -0.8067009505  -0.0345820168  -1.9137604385  -0.2435161491   0.0479881840   2.4095438796   0.5331342959   0.5291332035  -0.6971285079   0.9901949112  -0.5397539988  -0.2249052699   0.3301803649   0.0816567589   1.0175247831   0.6925958785   0.7573240302  -0.4250720137
 0.5320610050   1.0773621049  -0.6744969488  -1.0316984503  -1.0331783663   0.6278012029  -1.6198208794   2.7350534869  -0.6048298540  -0.8312172242   0.7227460425  -1.9120297148   0.0221768631  -0.1846694665   0.8002807715  -0.8345843221  -0.4942007044  -0.2076899393   0.0013620523   0.5606451081  -0.2481941777  -0.6270561810  -0.3769549594   0.5198139803  -0.9230553925   1.1358552400   1.0548530940   0.6756027215   0.2548494476  -1.2299905647   0.5828759641  -0.1832489806  -0.7951618113  -0.1633400532   0.2855736882   0.9972239192  -0.5190884832   0.2137163741   0.2717638943  -0.4177306820
-0.7695144526  -0.5226352815  -0.9597060621  -0.3593970170   1.4605645729  -1.5674293995  -0.8525023202  -0.4147879194   1.1904755548   0.1836702348  -0.9564156495   0.6388131968  -2.6691147673  -0.4297576744  -1.4824501982   0.3481103244   0.5938943685   2.0448019616   1.0009975174  -0.4147512788   1.5327936513  -0.6021164987   1.6003764302   0.1665489567  -1.2131736076  -0.5826961774  -0.0919614332  -0.8383915124   0.6704238654   1.1167340348  -0.1470834722   1.1609905543   0.4276772691   0.1288901827  -0.0338907655  -0.3284670455   1.8384769574  -0.6220334530  -0.4129296494  -1.4719678804
-0.4723804569   1.4807363338   0.6366793510  -0.3994726968   0.3433602276  -1.7504590568  -1.5554222865  -2.0026868362  -0.2550995067   0.8044404482  -0.2510062925   0.1837753315  -1.1607360775  -1.9128055338   0.2425574274   0.3082934714  -1.2443073736   1.5316288086   0.2382877270  -1.4208768716  -0.3625049495  -0.7313300902   0.4640245274   1.8059054749   0.0837670718   0.3561063007   0.0726535481   2.3994331372  -1.1233942277   1.3261976611   0.3454483712   0.5944867980  -0.0571901091   0.2955907775   0.5537528727   1.4594276274   1.4048022690   2.9583135910  -0.3404601814  -1.0097071296
-1.3433849332   1.1394628366  -0.7407977813  -1.5847703662  -0.4826588458   1.1673628081   2.2028154361  -1.1180906504  -1.9823340854  -0.9039229952   1.0027780044  -0.4919136941   1.0037523691   0.2078759716  -1.9697171315   1.4730813804  -0.2380610093   0.1088101867   0.7748797725   1.5367054547  -0.5298111530   0.6184361340  -1.7956526953  -0.0488812579   0.2143976015  -0.6547165368   0.6677302302  -0.1131694997  -0.7525229505  -0.4915812303   0.6475396026   1.3927675150  -0.0380858709   0.2768856906   0.7444184263  -1.8838832499   1.0448650861  -0.7260747786  -0.5025791116   0.4545420810
 1.0699133592  -1.0569773504   0.4133034824  -0.5368068371   1.2435632998  -0.3925605934  -0.1044026946   2.3319973736  -1.3334966446  -0.8012312943   0.9095952695   0.6097570911   2.7161747633  -0.3644878316  -1.0641435273  -0.0399189229   1.1260252438  -0.2167687075   0.4980635720  -0.6662239378   1.6713221805   0.5908536787  -1.2774599478   1.3179969143  -1.0015332273  -0.7294844129   1.0502228611  -0.1950655267   0.6329698778   0.3378648261  -1.0207197392  -1.6195619955  -0.2478033400   0.4411430913  -0.4495352801  -0.7656074669   0.1606652878   1.2845190143  -0.8674348817  -0.8975119975
 0.2040005099   0.1675239742   0.4263087422  -0.5227531224   0.4011043633  -0.1619220178  -0.4309316910  -1.0390826181   0.1438677985   0.2348721016   0.0304749690  -1.1128320195  -0.1243395682  -0.0009380548   0.6411142034   0.7043576916  -0.1271774090  -1.6085814161  -1.7075962560  -0.0679481327  -0.0931701164  -0.1699419384   1.4660226061   0.5559457267   0.2647300849   0.6321346970   0.5232289366  -0.5614777534   1.4124804072   1.2566310811   0.7610996371   1.6724036914  -0.3867363619  -1.0228294196   0.4915827024  -0.8032660204  -0.1198282062   0.6679592396  -1.3713802573  -0.4277403393
-0.4224330140  -0.0942310221  -0.0403970257   1.9521403650   0.1263146125  -1.8605263675  -2.1321061444   1.0692895255   0.4971882565  -0.5741548741  -1.0794411211   0.0608482085  -1.5392729697   0.5685739134  -1.7098985956  -0.2805964311   2.2117614193  -1.2807642962  -1.1721085379   1.1885797785  -0.3521283880  -1.7188762590  -0.2408324784   0.1193393121  -0.7103066809   0.0633085854  -0.9849350399   1.7693655230  -0.8283591213   0.7022569323  -2.6935461979  -0.7756333914   0.0983185901  -0.7135042874   0.7370019878   1.8018000282  -0.2291826216   0.2925875525  -0.4099593410   1.6965597760
 0.3172846421  -0.2144972779   0.4159205214   1.0568215787  -1.5287659797   1.4516211487   0.1899489822  -1.0217066556   1.2662647072   0.8487844692   0.0983004242   0.4011195328  -1.6815694921  -0.1386440572   0.7934088253  -0.2142755253  -0.8501636094  -2.7566045967   0.2484487128   0.7571862156  -1.8977070463  -1.0200980377  -0.0337486950   0.5249433126  -0.8737356185  -1.3713275820   1.2544725641  -0.0722679476   0.2982989483   0.4301049897   1.9705729686  -0.1293110975   0.8845251435   1.4746357780  -0.3798974312   0.1930080554   0.5496401823   0.3388226282  -1.0308002341  -1.4789097840
 1.0360676038  -0.5426506439  -0.4184808710  -0.3058996874  -0.3883325847   1.3792492930  -2.0921634032   0.2756084932   0.7074568178   0.1978205976  -1.5657272252   0.0890736748   0.0527080658   0.5618248109   0.1705514677   0.8534682403  -0.0945088818  -0.8931615573   0.6141833022  -0.2873393130   1.1521701556   0.1981194267   0.8246076057  -0.6150714106  -1.2598199192  -0.7251840942  -1.1034565736  -1.7591967802  -0.6886261795   1.3787659595  -0.8249780121  -0.7904915508   1.3034677294   2.1595620678  -1.0586519918  -1.0444012821   1.8130255782  -0.4175178081  -1.4278528914  -0.6921872723
-0.1665822750  -0.8881296377  -0.8333686788   0.4875264029   0.4149430803  -0.8614948416  -0.3180704535  -0.8106043315  -1.0640582986  -0.4411619730   0.4452796134  -0.9478239981  -0.4980292175   0.4196236648  -0.3132491643   0.6152169038  -0.3446425199   0.3958178674  -0.4334239825   1.2253381306   0.7329214699   0.9534039296   0.6496234465  -1.6272462287  -0.2174968551  -0.5752127107   0.0774216461   0.2872966424  -0.1390073179  -1.2188813802   0.9006952202   0.2400087007   1.5686823585   0.9608608107   0.7267781122   0.0169709536   0.8907361985  -0.5285868885  -0.6157629975  -0.7635556664
-0.2769754631  -1.1884231043   0.2195681267   0.6775094614  -0.2809446879   0.2213485245   0.8449123128  -0.0281144984  -0.5322464262   0.9617293478  -0.7915960540  -0.7261283011   0.2092032864  -0.9681285483   0.5293566091   1.3656075694   0.5230899667   0.4904232902   0.0887767017  -0.1815875172   0.3290933705  -1.0464726480   0.7850705307   0.5200585909  -0.5343917254  -0.8774865052  -0.1501149092  -0.4791220361   0.5599919838   0.9330109174  -0.7539275289   0.7040374583  -0.8016267781  -1.3372109037   0.0560709603  -0.0377275275   0.6395925632  -0.4891842546  -0.0711464158  -0.3393604573
-0.7532923622  -0.8168281334   0.1875493734  -0.4947808955   0.1132947847   0.8025159052   0.0712297692   0.6236328027  -1.8030426506   0.1612171969   1.1820516712   0.7625417740   1.0510883161  -1.7093573649  -0.7740160715  -0.3455544327  -0.9077187210   3.1319715045  -1.1576900450  -1.0210766401   0.2717472549  -0.7067965507  -0.4207333856   0.9344113415  -2.0874456361   0.7888740595   0.3757968909  -1.0743311147  -0.9682057016   0.0738999688  -0.7446524990   0.9239469334   0.4141387873   1.3968641044   0.6208788691  -0.0180442160   0.0987704961   1.4191587160  -1.0511611484   1.9538974883
 0.5922382279  -0.2344155789  -0.3492690992   0.0283656114  -0.7220950912  -1.2027310999   0.5839810416   1.7816911106   0.5725913374   0.0369650516  -1.2209983470  -1.2054300172   0.0245702614  -1.5313646491   0.0678981970  -0.9025594792  -0.3780510962   0.4510355309  -0.4225198203  -1.7154430446  -0.6055446595  -0.2619681452   0.6284014060   0.6582830178   0.3431460757  -0.7678605926  -0.7524201463  -2.2239634494  -0.8364925268   0.3268340506   0.9164576933  -0.6558211864   0.1926822457   0.1999620941   1.1478050437  -0.0559205561   0.9184214049  -0.6607838387  -0.2731527345   0.8373621413
 1.5590194493  -0.3661377288  -0.4893741738   0.8181175354   1.1819971205   1.7996443612   0.6109917788   0.3303422080  -0.7440734369  -0.6864438641  -1.0535751334   1.1553606878   0.3099521935   0.6895525356   0.5695892157  -0.6142869324   0.4648717048   0.4200186220  -0.8538265747  -1.2073738925  -0.8226098306  -2.1455205203   0.5803720776   0.9198092515   2.3669951626   0.4340285466   0.2397316538  -0.9371245410   0.6735434915  -0.3945489104  -0.5576106944   0.2175971422  -0.0763243349   0.9929681569   0.6704092283   0.3911711135  -0.3697503910   0.0106894305  -0.4166382549   2.0071863363
 0.8641480806   0.8095551493   1.6085603914   0.6463438312   1.9524280138   0.3011454232   1.3405045884  -0.1887843158   1.3039633827   0.6284054211   0.5820741407   1.8104078461  -0.5531491898   2.1375375935   0.8619625951  -0.7164740386   1.0031126093  -0.5982869685   0.5633937113  -0.6090918121  -1.4134588030   0.5064260373  -0.2900375381   0.0149062674   0.0170067435   1.2436113899  -1.1157242417   0.1902049543  -0.6408206155  -1.5980443865   0.1215868118  -0.9949972963   0.4260342627  -0.0934416204   0.5264983991   0.1201520555   0.3578099563   1.0984755591   0.8192997278   1.5589386793
 0.2728161394   2.3442862115  -0.9112053883   0.6184028185  -0.9420867343  -1.3478594773  -0.3460421707   1.0375238378   0.0634295592  -0.1054986416   0.6110406872  -0.3751461227  -1.2141737338   1.8155442383   0.7424181025  -0.5639666319   0.6493207341  -1.3050249961  -0.1309843634  -1.4911244491  -0.2745141560  -1.1619117713   2.3097473450  -1.0767304137  -2.0828944803  -1.7316688313  -0.2349627868  -0.0162214716  -0.1323071399  -2.6778576861   0.1766577836  -0.9919527459   0.2647605485  -1.9466003749  -0.6898252468  -0.0807430902  -0.3030301243   0.3825469071  -1.1401429574  -0.1059955674
 1.8547297451   0.0538837307  -2.9795696590  -0.5052566322   0.7854981190   0.5316546321   0.0788714084   0.8892625988   1.0979915580   1.2677331975  -0.0741512783   0.3024353756  -1.2952014558   0.8867617880   0.4708081893   1.5355129156  -0.0676015461  -1.6714590066  -0.7159008126   0.2336518789   0.7231989979  -0.2297167340  -0.2427216857   0.4068210784   0.9035569052   0.2023130531   0.7771733471  -1.6886959626  -1.2590814327   0.1548779259   0.9860211303  -0.3381932954  -1.0967605894   0.2148960364   0.1321748447  -0.3370344288   0.2771027239   0.0881001936  -0.6849969794  -0.4442632379
 0.2150033056   0.9695374393  -0.7211852503   0.3103439146  -1.1604115410   0.4733922643   1.2978044567   0.3803422918   0.1837315965   0.2158932805   0.0981421635   0.0810757845   0.8867462178   1.7638544180  -0.6621085499   1.1266629026   0.0678075027   1.3335376132   0.7457932804  -0.3175902372   0.6635276768   0.8713294378  -1.3478357302   0.6595158845  -1.6226950765  -0.4506292930   2.4326005605  -1.5218253549  -0.7238770443  -0.4664664104  -0.3195712085  -1.1378532501  -0.2207018821   1.2574448641   0.7664793780  -2.2363549594   0.2469560473  -1.9665513673   0.8692851562  -0.2071282071
-1.7931783672  -0.0789798952  -0.4944742815   0.9456870396   1.6824497861  -1.4029368289  -1.8026242830   0.8329850196   0.0632741350  -2.0564950077  -0.0901372685   0.4243396208  -0.0472836554   0.6867126407   0.6576493104   0.0487124439   0.0055387981   0.2701761060   0.0852843907   0.6811098128  -0.1664875471  -1.9478528266  -1.1475769997   0.3516182078  -0.2870936563  -0.0008206716  -1.4074766781   1.1507036024   0.3626021250   0.2341987345   0.3234321866   1.4805719552   0.4396073021   0.3834737264   1.0176361461  -0.5967033165   0.6943741936   2.0106035598   0.3013517841   0.9082005834
-1.1259683919   0.2421790299  -0.1611654179  -0.0083443699   1.8656373733  -2.2019127873   0.7168085218   1.2044153888  -0.1797479128  -0.4824712764   0.0908189357  -0.5199034800  -0.2305468272  -0.4158334476  -0.3037996131  -1.0377956830   1.7981175516   0.9371430967  -2.4202166636  -2.1646531587  -0.5619753096  -1.3845502975  -1.0526462043   0.3110151651  -0.0658852190  -1.0209040646  -0.7043086570  -1.6141603062   0.7972244793  -0.9118468968   0.0020671049  -0.6179269296  -0.2143233039  -1.1430374885  -0.0942769149  -0.2334815205   0.3252676434  -1.3447520519   0.7234286963  -2.4899704663
-0.7444779973  -1.2482041799   1.4620683764  -0.1446980756  -0.2287965828  -1.6426062086  -0.7119848892  -1.5417435294   0.5529863455   0.9727548934   0.2476812783  -0.4946099290   1.3329945860  -0.4535179034  -0.8658118833   1.4192676646  -0.9868039461  -1.0659260019  -0.1313839586   1.0194351328   1.1399196280  -1.2461460258   0.1316396375  -1.1122503031  -0.0398884968   0.3617214623   0.9118201393  -0.0773934615  -0.1699064258   1.1824788433   1.1428436625   0.9174557452  -0.6843589120  -1.1808328364   0.6952718208   0.2132960864  -0.3001345294  -1.1346050553  -1.1521177089  -0.3009570480
 0.0588782581   0.7618503159   0.4574436847   0.8291114615  -0.2271107341  -0.0591182614  -1.1292144679  -0.9487966651   0.7243779397   2.0177981963  -0.2542333091   0.1302506067  -0.9518884856  -1.3728429722   1.6198787458   0.1585468958  -0.9719833675  -0.4621720449   1.6986241971  -0.3229177433  -0.6274349758   0.8692307755   0.3624718097  -1.2179361358   0.1559851278  -0.0516908905   1.8666676486   0.4934643019   0.4090194813  -0.0812685970  -0.7715229905  -1.6700951824  -0.0546653399   0.9691290141   1.0114325459  -1.0757271190   1.6412662257   0.7167629473  -0.5518616727   1.6526525919
-0.5583748116   0.4425697002   0.9498304874  -0.4657831291  -0.2743432785  -1.0575622584  -0.2670930025  -1.0994557030  -1.1895185320   0.9618547389  -0.4172317119   0.4704353501   0.5187499328  -0.1598783355   1.5053106382  -0.6703760179  -0.5610030848  -1.0150851220  -1.4610896958   0.1067154732   0.8223536868   0.4355478766  -0.0067996194  -1.1776701698  -0.6096282065   0.6518257517  -0.3412216409  -2.3404296831  -0.3472808285   1.3837864627  -0.9067483681   0.4593959105  -1.1952661796  -0.6174525789   1.1602303509   0.3409536723   1.4097477952   0.7594292543   0.5253573008  -0.2181773381
 1.3434971747  -0.6397722886  -1.5781025694   3.1476459031   0.4353817405  -2.2660921073  -0.0925460718  -1.6481740174  -1.2779110463   1.0672967648   0.4872770472  -0.5106318493   0.0183299021   1.3341456327   1.4271964577   0.2645104129  -1.8922461689   0.6376536696  -0.1564764342   0.5632845894   0.1766097020   1.3332376220  -2.1924346654  -0.1831671139  -1.0282928264  -1.2971456958   0.5470198057   0.5113862788   0.5261236842   1.0402500368  -1.0848848559  -0.3927619331  -1.1139101409   1.4568122636   1.0217029644  -1.3190810307   0.2287012263   0.0844371239  -0.3475742202   0.3657633622
-0.1857312511  -0.1663289607  -1.0060176525  -0.7225754700   0.9674074728  -1.6847539672   1.2948731783   0.7167770460  -2.4451544701  -2.1231351262   1.3358947657  -2.7411535027  -1.0715823954  -0.6516770231   0.6248357812  -0.7894669499   0.9792141944   1.1309126237   0.6333554858  -0.5644566045  -0.8440227724  -0.9064417309  -0.9982148609  -1.6381465588  -0.4570048064   0.2392392370   0.3904239886  -1.8232468242  -0.1440771242   0.5652832697   1.4991552834   1.3954876522  -1.5804808234   0.2273739579   2.1895561322   1.9591166534  -0.0721255428   0.3184173159   0.8845554769   0.2852295086
-0.3669323037  -0.1772904793   0.5308971918   0.6223012043  -1.1547956156  -0.8350609049  -0.6509685668   2.0658876495   0.0672593520   0.0236789110   3.0751227809   0.2237089183   0.2827887964  -1.2290805328  -1.9304066380  -0.3466855207  -1.6918875340  -0.0421000346  -0.3890870964  -1.3813774349  -0.0930705531  -0.0501110095  -0.0329950597   0.5074117770  -0.9588453906   0.7195570931  -0.2949620817   0.3686558411  -0.7969475298   0.1893633842   0.2227292887  -1.3551689456  -0.7167081031  -0.0364662733  -0.6026372698  -0.8085269090   0.6314706082  -2.3872533398   0.5602382779  -0.2629830521
-0.9987284945   0.8835223962  -1.8495391659   0.3731038033  -0.4451539879   0.5000828237   0.4197289202   0.4681125474  -0.2646214784   0.5224336229  -0.3598687493  -1.3892018627   0.9711546179   0.9940137075   0.3930864888   0.1102384258  -1.2059785836   1.4022884456  -0.5586828902   0.9653845262  -1.3623494942  -1.5445939064   0.0711982453  -0.9589876607   0.8470256054  -0.1055864684   0.3039557646   0.0175304627  -1.1558839208  -0.2921331001  -0.6626629408   1.2311974941   0.5445569732   0.0495990985   0.0797805690  -0.5136999092   1.0983659077  -0.5807804378   0.2224956433   0.4940651311
-1.0410116514   1.3423603185  -0.7747886282  -0.9765590832  -0.7996614916   0.2015883618  -0.1614899512  -1.0887336603  -1.6450319184   1.2369618700   0.2235216356  -0.2217239720   0.6185852190   1.3114307173   1.5632490762   0.3977186536   0.1812902281   0.3162480922  -1.1742612448   0.3850016374   0.0926879975  -1.2900084197  -0.2099952400  -0.0829822910   0.6439357756   0.0629733177   1.7276886937   0.5160619942   0.3497995014  -0.0809835971   1.9103263175  -1.9837789939  -1.1438614966  -1.6677512288   1.4146176256  -1.3878607925  -0.8292213625  -1.5649381085   0.1388441359   0.7823145658
 0.6829706804   0.3854172992  -1.2218666116   0.2689433213  -2.0467682545  -0.4742480736  -0.1566261026  -0.0504925902   0.0092581536   1.3809093121   0.9418264259  -0.6483356143  -0.7384307930   1.1987295982  -1.4201143848   1.0117058622   0.4705411341   1.0661073061  -0.2238742647   1.3189518759  -0.4694868991  -1.0947503540   0.3931156749   0.3643456440   1.2111115377  -1.5685888809   0.6468049366   0.0336530231   1.2101323792   0.2576937274  -0.0724805968  -0.3068261503  -0.5151166668  -1.0723140882   1.6258096489  -0.9406023850  -1.6709123396   0.3261138696  -1.3258308458   1.3089751475
-0.0168163803   0.2630150991   0.8072371820  -0.4351140932   0.1018647138   0.3090025439  -0.2472764340  -0.5416391144   0.4574183528  -0.8178311778  -0.2563764247   0.3905201982  -0.9342302447  -0.4813083871  -0.3832463074   0.2396439780   0.0735462389   0.9431289262  -0.0319185578   1.5492127526   1.3214350771   1.8030345536  -0.0654184281   0.1347908142  -1.9218284401   0.1817267119   1.7846079437  -0.5919310678   0.5486779717  -0.1198109377   0.5921421508  -0.6870445947  -1.0241661283  -0.6220969007   0.1774338834  -0.7013360599   0.8486213296   0.2272557773  -0.3261849179  -0.0012397548
 0.4509919345   0.6232485717  -0.1744603983  -0.2507787122  -0.6217631412  -0.5214781510  -0.8975145089  -1.6818173128   1.8340267263   1.2388156156  -0.5283533374   1.1164622509   0.9315857260  -0.9474613090  -0.4198512183  -0.0344261303   1.1987482413  -0.9459561233   1.1320282443   0.5558740759  -0.1355609058  -0.2767455447  -0.6915850321  -1.8658663569  -0.8709334126  -0.3662009114  -0.3761550329  -2.1665896321   0.2769330953  -0.6250578532   0.8004824568  -1.7313930970  -0.3074807782  -0.5358913271   1.1440577696  -0.1369566951   1.5666085676   0.0501392656  -1.6718317300   1.0370260530
-0.1652511032   1.1247928075   0.9034358881  -0.9710274146  -1.1294849208   0.5509176789   1.7761121687  -0.0218485560  -1.2462018256   0.2539530723  -0.3638894440   0.9182178913   1.6363749886  -0.0430402936   2.2045539276  -0.1977155367   0.4128470928  -0.4528143577   2.6598831481   0.3311505681  -0.1530317713   0.9889608197  -0.4092643423  -0.2094681183  -1.0571611937  -1.5375368809  -1.1723286979  -0.0783444677  -0.8287298659   0.1004330834   0.3275430407  -0.0969654588  -2.0170680244   1.0374673223   1.0679425457  -0.0673342816  -0.3869133415   0.3379401102  -1.1865007628  -1.9993244149
s4
 2.0767980207
 0.8906647208
 0.2815261197
-0.4778335411
-1.7921417406
 0.1076854632
 1.2957362376
 0.0180534579
 0.9669147480
 0.8539096090
-0.6576783115
-0.3965403488
 0.5977353971
 1.1382604851
 0.5395654573
 0.6788224736
-0.9060258526
 0.2405923803
 0.6075676739
-1.3936519456
-2.0215261254
-0.3127236509
 0.7537562336
-1.7151534245
 2.4659488916
-0.2923490711
-0.9448097021
 0.4414503789
-1.0448768266
 0.5538178187
-0.4915067057
 0.4957262233
-0.7324110591
 0.0122978223
 1.4460614793
 0.9449222739
 0.7777162114
 0.5632772278
-0.0713827662
-0.4017598211
w5
0.2565520021  0.6829171469  1.2360806375  -1.1464209798  0.9987194926  1.1789098595  0.6677048343  0.9325149503  0.5755005636  1.3014784414  1.7564574353  0.0971222746  -0.7128241403  -0.2120889522  0.6153385979  0.1865240141  -0.6726968901  -0.1408604013  0.0923696788  0.2627397915  0.9071167804  1.4644712268  0.6146395723  -0.5747895526  -0.6962358082  -0.7430116738  -1.1792870986  0.4467698668  0.2132802594  0.7184655401  0.0333624788  0.8909409346  0.3195475031  -2.2872200151  1.6228193162  0.1486887071  0.3523562565  0.3645733187  1.1322220523  1.6776850026
s5
2.8473615197

