layers: 5
str: {2,40,40,40,1}
w1
-1.5978030536   0.5265174628
 0.1872357712  -0.5806467534
-1.9727105237  -0.3482817608
-0.3769038260   0.6432289993
 1.9181633751   1.8841787850
-0.1035808361   1.1354717920
-0.1356589821   0.9044401631
 1.0481448522   0.7865900057
-0.3391901587   0.8510310733
-1.8337507221  -0.2126282985
-0.2044407372   0.6060720367
-2.0170968079   0.7767705952
 0.5113482201   0.2305017188
 0.4697297384  -0.6666249434
 1.2212693829   1.4958384081
-0.7634081364  -0.1494434533
-1.6763085094  -1.1206379180
 1.8590960813   1.6149534044
 1.5445428825  -0.2612093346
 1.5022161831  -1.0645417410
-0.8158991766   1.4793167596
 0.5102480939  -0.7382349400
-0.9341215138  -1.1552630551
 0.5636496568  -2.0073215107
 0.3101574045   1.2717896338
-1.1782754296  -0.1973332242
-0.0937926774   1.0971029621
-0.3013740583  -0.5952064197
-1.4398215521   0.0097636629
-0.1804575235  -1.9482392283
-0.2891353501  -0.9279650060
-0.3590258049   0.8426753890
 0.2679940539   0.6241606458
 0.6976030400   2.1643947043
-0.9111961705   2.4041607599
-1.0132509331   0.1482091007
 0.5929954717  -0.3234666996
-1.3628358512   2.0303048159
 0.0563214882  -2.3275087274
-0.5264941619   1.2036861725
s1
 1.1671617656
-0.7062998357
-0.6348205769
-0.3365942529
 1.4377587344
-0.2597437211
-0.0985526896
 0.2818170604
-0.7203414687
-1.4651636576
 0.9292984173
-1.0954490055
 0.5906543702
-0.4762110953
-0.6610489465
-0.2044060168
-0.8757393181
 1.1701766020
 0.1418128253
 0.6258072136
-0.5859293255
 0.1315091301
-0.4826694718
 0.8987165057
 0.9686441979
 1.1639837648
 0.2626899295
-0.7519335149
-1.9545810442
 0.1449115860
 0.6313603589
-0.0302177760
-0.4670339182
 0.0762174415
-2.0020944344
-0.1971410406
 1.4396238291
 1.3100190327
 1.9364972095
-1.3647080670
w2
-0.5997280141  -0.2109029717  -0.3633316037   0.2903659760   0.5664775010   1.2830203654   0.3056964991   0.8423558660  -1.5723982416  -0.1447324563  -0.8066755772  -0.6710599295   1.4025935798   0.2626959375  -0.2848029286  -0.1129078830  -1.2593313024   1.0647657681   1.8273222421  -0.6773898846  -1.4544981664   0.0251962230  -1.2995613303  -0.5834629120  -1.4489161176  -0.8014868936   2.2092376978   0.5382437347  -0.1044241020   0.0827814983  -0.0458865433  -1.2057833917  -1.0221349394  -0.2852443298  -1.1876741280   0.9354163961  -3.2267252015  -1.1875251023   1.3124389322   0.2463634640
-2.3851166378   2.2449289437  -2.8352627572  -1.2004352567  -1.4083673597  -1.1201183203   0.7343585486  -1.0532363590   2.0556065184   0.2485091755  -0.1735015901  -0.1978758371   1.0448857123  -1.0615875553  -0.0403692053  -0.6130396162  -0.4675050509  -0.1652346615   0.0662788729   1.6611011619  -1.0993632974  -0.5058526253   1.6168820441   0.7871199473  -0.7232010541   1.2370495190   1.2854757714   1.0019460793  -2.1322149663  -0.9538170624   1.0182017082  -0.1111872624   0.9055219184   0.9377566007   0.5582498670  -0.9643930996  -0.6530612686  -1.4556371389   0.7504500236   1.2327835034
 0.2211459527  -0.3073355442  -0.0087894102   0.6879568920   0.6867099520  -0.7383574968   0.7266378961   2.6124224019   0.8010085934  -0.0778794843  -1.0935204979  -0.0932831809   1.4244082347   0.2489003674  -1.4254123264   1.0218731964  -0.0594414896   0.1379619702   0.8185579373  -0.4447134029  -1.6137458296   0.9119856864  -0.2670910514   1.1521388122   0.5627519146   0.5362636955   0.4687239558  -0.4297085924  -0.7068376414   1.1751481707   0.3926768280  -0.1940698395   0.0501613473   0.9941656028   0.0768116598  -2.3476173648  -0.2298186821   1.3087296797  -0.7991641247   1.4806240315
 0.7255382934   0.5503133973   0.7647279124   0.6395589440  -0.2053483161  -0.6448784326  -0.3390106581   1.1536402062   1.8006836492  -0.1890942846   0.4289437640   0.4475207441  -0.0908727950  -0.5752920982  -0.2037538151  -0.5399786032   0.6240592520  -0.5652809374  -1.2832623283   1.5162955531   0.1142916795   2.4698829511  -0.2345264298  -1.1990199163   0.1537316350  -0.0444183119  -0.4478741093  -0.9088810302  -1.3910224931   1.0466694077   0.9758900076  -0.2964864557   0.3687665170  -1.7376747892   0.3532159265   1.3732843176   0.2114587200  -0.1263294107   1.0921296045  -0.2773237388
 1.3776328936  -1.4621159473   0.5677798522   0.2067158387  -0.6604022291  -0.1736228571  -0.0455307407  -0.8712083679   1.6938333303  -1.8741047033   0.0240856979   0.4798449207   2.6591552386   0.4456413932  -1.6025874325   1.1511640215  -1.4340466476   1.1915326979   0.9466732697   0.6109987045  -2.8028942344  -0.0292295837  -0.4459938147   0.2806656805   0.7278537724   1.7755463572   0.8681853026   0.3025875414  -0.8717159926  -0.9967846310   1.1536971702   0.5130096167  -0.5670188638  -0.7494496294   1.0072742045  -0.1382875320   1.7950023357  -0.7178488348  -0.1176633428  -0.6046266566
-3.5961785050  -0.2937816202  -1.5473034807   0.0947407417  -1.4948799512   0.8161851086   0.9654064296   0.2826740906  -1.2034014838  -1.8518545589   1.6210132049  -0.3772508116  -0.4276554766   2.2800328653  -0.1890290280  -0.0147245264   0.7726943884  -0.0293187231   1.4653652594   1.3887206951  -0.0090638317  -0.3816906674   1.4432650071  -0.4708451078  -1.1923003134  -0.6432535815  -0.8584443811   0.4986843117   0.1642434671   0.3066703404  -0.5031131087  -0.7874653096  -0.3331929435  -0.9402763810   1.4769041443  -0.1204320435   1.4682151109   1.4497769896   0.2467200299  -0.4326939991
-0.8874146140   0.9904346970  -1.4901562716  -0.7742067192   1.2427083215  -0.1081685790   0.3570517002  -0.0426966746   0.5209972285  -0.2669699712  -1.7886791300  -1.1261078629   0.8698289911  -1.3957412099  -0.7516903751  -0.8229293661  -0.5694911627  -0.1365799037  -1.2947277352   1.3322023568  -1.7770357163  -1.6705073913   1.2148476080   0.4327846044   0.3678249575  -0.8976246911  -0.2365437473   1.2683293259  -2.3296799081  -0.9651611888  -0.6895715362  -0.1162758338  -1.8549692755   0.0098657798  -1.6204717081   0.7693735078  -0.5419533606  -0.8806102422  -0.0660693526  -0.1313931762
 1.1584774361  -0.5484329548  -0.0584449607   0.7734572340  -0.3804396998   0.8579548929   1.1522041145   1.0471148113   1.1163827333   0.8540549784   1.6782837849   1.7134088560  -1.5212245990   1.9207387884  -1.7839890462   0.2755017029   1.5495943204  -0.4495453692  -0.6323805654  -1.4772795243  -1.5347428642  -0.0131218481   0.5103879766   1.3855285407  -0.8612614011  -1.5465648755   1.0422499496  -1.2563874418  -0.8664922362   0.7637942611  -0.4269298429   0.6380120199   2.1766621392   0.1576067794  -0.2328421436  -1.0470887239   1.9392817207   0.8899993147   0.1878050954  -1.0533951742
 0.9116863170   0.6630013674  -1.5530729555   0.1235875897  -0.0172540403  -0.5778956528  -0.6794385656  -0.5086116476  -0.6991459955  -2.1175648541  -1.0439299642   0.5112798127  -0.4146866001   0.7983847800   1.0323222199  -0.4446498576   0.1420194618   0.1235207252  -0.4998070610   0.6881895418   0.4199784459   0.1313317231   0.9777064050   0.4005068472  -0.2147221281  -0.4586377653  -0.4711067842   0.0579985423   0.6444897754   1.5966146163  -1.5782202972   0.3534983165  -0.5377919702  -0.7982835359   0.7641815905  -0.1988799026  -0.7684683466   0.4452162528   0.7089647835  -0.9397551354
 1.6081969085   0.6146563111  -1.1310712766  -0.9725267637  -1.7274184505  -0.0265628638  -0.5230906550   0.8797231073  -0.0987630257  -0.6794438877  -0.2553510645   0.3901842227   2.5372460453   0.9514358074   0.0100331395  -0.0026417027  -1.2338017530   0.2443025138  -0.4594464844   0.6334577164   1.0286237748   0.5872230909   0.8297027032   0.7064372665   0.9972963171   0.6577730881   0.3349134986   1.1663995607   0.3216134868  -2.1988852825  -1.2564879660  -0.2364514715   0.1384506383   0.2518215634   1.7768835663  -0.3063645340  -0.4011150900  -0.8574902288  -1.1768941349   0.5959126944
 1.6275698829  -0.0162202208   0.6664297305   0.2119515744  -0.5328101733  -1.7387844658  -0.3201838842  -0.2469980647   0.7069302129   1.3962498334   0.0238233953  -1.5206761520  -0.2709419067   0.4307562002  -0.1898914120  -0.8264668271  -0.2952048619   0.5631731630   1.1771135208   0.5481275973  -0.2409214512   1.1855553275   1.4911682730   0.1845501976   0.7850612228  -0.1688922702   0.5709973617  -0.5728191889   0.2746011510  -1.0241287730  -0.4377642828   0.9208722048  -1.6531180417   0.4072306457  -1.8173935446   0.3073732334   1.2507846440  -1.0631264870  -0.4703364351   0.0241479763
-0.1556729216  -1.1010504276  -0.7049033982  -2.0119659582  -1.8377782162   0.6991388619  -1.6358323520  -0.6279088331  -0.1357395967  -0.3812762828  -0.2743193654  -0.0952718044   1.4073336768  -1.3443066744  -0.5839169837  -0.3699494990   1.6567660900  -2.3381351111   0.0627586075  -0.1788364123   0.3237328210   0.6761897604  -1.6429106655   1.0475241069  -0.9107269184   0.5881925674   1.8726115949   1.4347850964   0.5881748688  -0.8663312218  -1.7079404588   0.3030139288  -0.0532299907   0.7053411647   0.0524456623   1.8335173997  -1.0184185803   0.1840496557  -0.1775284834   0.1721392455
 1.3249802175   1.2669674261   1.1618754797  -2.6105875848   0.9343043551   0.1997901882   0.6123461001   0.8467113234  -1.7599990277   0.5938732744   0.2772270084   2.1320995299  -0.8430855335   0.6279013268  -0.3326491468  -0.0972128217  -1.3741805885   0.1787417509   0.4703821812   0.3289432530   0.1079042089  -0.0198889000  -0.2565151397  -0.2885271311  -0.0842027723   0.9458217233  -1.2482641627   2.0104345476  -1.2145548353   0.3522166562   0.5718187376  -1.5206134810  -0.3832722438   0.6364163650   1.1382541460  -0.0610840384  -0.7265678289   0.4839055039  -1.7349403894   0.1751156076
 0.1650633640   2.3934276546  -0.0210198159   0.7463845386   0.0083749816   1.0626886578  -1.1878510629   0.7696569265   0.1118108308  -0.1295207153  -0.7887018562  -0.1223870341   1.4794730587   0.5002386631  -2.9607106951   1.7346799114   1.1875410857   0.9889327597  -0.1288045842  -1.1558732010  -1.9050113745   0.5777018589   0.4948865923  -0.4893908826  -1.0275230792  -1.5819425837   0.5480284741   0.0146997641  -1.6398114923   0.9850742324   0.1090138720  -0.1288735754   0.1701410169  -0.1637115023  -0.0629897771   1.6305617499   0.8242484460   1.3691822591  -1.1345206881   0.1639226336
-0.9435104843   0.4100973809   1.8280315341  -0.1626275018   0.6955829215   0.5715057100   0.9023571298  -0.9096650605   1.6431517097   2.3159744191  -2.3510850215   0.7744678572  -0.5103680739   0.6259127609  -0.3476832026   1.0267963575  -1.1197330106  -0.0847194217  -1.1449455642   0.4561885876   0.8958027467  -0.1052380322  -0.3515355333   0.2004628662   0.0669269439  -1.0737578336  -0.3576313174   1.6778496994  -0.1747979197   0.3507798027  -0.6140391461   0.4578743067   0.1878352407  -0.8337493907   0.8565789525  -1.0277101946  -0.7600507380   1.3662713394   1.0961522962  -0.2324809191
 0.5259765657  -0.7296386556   0.5789914968   0.7796968747  -0.5429953795  -0.3941527682  -1.3551723532   0.1938510955   1.8583437320   0.3051025186  -0.0187415307  -0.4466996805  -1.0026772642   0.3701887123   0.5692332031  -0.3100537222  -0.3460199056   1.1170026053  -0.4882653675   0.3103896665  -0.0131083074   0.4034200843   0.0683345804   1.5769827109  -0.8194839486   1.0104277550  -0.6871552903  -1.0803764843   1.2209940227  -1.4723951506  -0.0937549507  -0.7065516354   1.0221674548  -0.7244269493  -0.1858762443   0.8584578903  -0.2751297470  -1.0059840970  -0.2348610452   1.1596520351
-0.3133712895  -0.0183698399   0.3575393091   0.8102483407  -0.0610678501  -0.1286081029   0.5597044027   0.7096833609   2.3276886898  -1.3130078330   1.2557524948   0.3385065146   0.5980362921  -1.4203554712   0.7641900313  -0.2089133911  -0.7575302117  -0.4417696802  -0.0357865196   0.2090967562  -1.1266745865  -0.3047942082   0.8737972245   2.3523482789  -0.4367563903  -0.8732168144   1.3383890592  -0.0393651261  -0.1155312736  -0.4455453780  -0.8312845828  -0.2000747336   0.0369539301   0.2426649216   0.7614089914   0.9524726914   1.5550811954   0.6208410799  -0.4329836493   0.0985527290
 0.9794226861  -0.2446734379  -0.3479912615   0.4685751860  -0.2875622530  -0.6488271743  -1.5090045833  -1.3890425793  -1.6670148172  -1.1599643836   0.1480925131   0.0780200169  -2.1355906476   0.2497877194   1.6205767954  -1.0102245210  -0.1927434409  -2.5560551023   0.5262026040   0.8229771297  -0.5258567181  -0.2532875461  -0.4592969838  -0.5387549344   0.8289855213   0.2989920670  -1.4770803837  -0.5378941853   1.0372381476  -1.1224094338   0.3294163635   1.2295458200  -0.9578454141  -0.2650513065   0.7232056480   1.0374658102   0.6806833815  -0.2219154695  -0.5133201038   0.7951808444
 0.2066826737   1.4570750686  -2.2179690138  -0.0539309131   0.9415852695  -0.0602433235  -0.0144210691  -0.5894678830   1.2101723934   1.0251366295   1.2636807572   1.2882097093   1.2248829983  -0.8285322911  -0.5088795182  -1.7260393284   0.2578406170   0.0855033154   1.0218072837  -0.5647950012  -0.1160578945   0.5217378679   1.0524650577  -2.3257994593   0.0438062198   0.7203734650   0.1456022427  -0.6977356977  -0.3584068975  -0.5893358129   0.6897518653   0.8867123234   1.7904406540   1.1667272565  -1.6006072358   0.6556413189   0.9130100455   0.2578628548   2.5296421931   0.1066194317
-1.3778239393  -2.0234807871   1.1898302261  -2.0793284181  -0.0173644516   0.5240900611   0.1705747343  -0.0541208999   1.4349388791  -0.6067803887  -0.2016765130  -1.4322617852   0.1603278451  -0.0415398867   1.2442921111  -1.0240931437   1.1487980136   0.0194542897   0.0045216595  -1.1084791815   0.9820800448   0.9229026753  -0.3700632770  -1.3063451877   0.1407097617  -0.9537463120  -0.3091872297   0.0387368903  -0.9325454135   1.3410287109  -1.9183651008  -0.9664151754   0.6997529031  -0.9709981730   0.2134761435   0.5151064264  -0.5981566501   1.2472724135   0.4732084946   0.3509716685
 0.1657313241  -0.3870183156  -1.2004655281   0.0604575430  -1.0093982405   0.9137480063  -0.7052214816  -0.3906784316  -0.9940053220  -0.1108472008   1.7608751671  -0.7461633552  -0.5048688009  -0.0657591863  -1.5875007451  -0.2650669878   0.0287119820   1.3768318130  -0.3552808456  -0.5641492243  -0.8630167839  -0.7402735726  -1.3390966320  -0.8369546859  -0.8375958371  -0.1297311020  -2.0556334576   0.8046581702  -0.6838806242  -0.3549890624  -2.1925011825  -0.5244745792   0.4064633639   0.7141228068   0.5420742811  -0.6247147594   0.5935857538   0.2508452649  -0.9058940194  -0.7977452911
-2.1430620540   0.7821264372  -0.8751657290  -1.3171987989   0.2811326371   0.2042749891   0.9648198566   0.4488530726   1.5869975073  -0.8427874941   2.2128471992  -0.1432932003   1.0562419423  -0.0131553748   0.7931925275  -0.3797612024  -0.6164547127   0.0038330737   0.5666629818   2.7006875086   0.3119943024  -0.3198243157   0.5755602752   1.1840071685   1.0251273002   0.5143580503   0.2628582347  -0.8156516477  -0.5526566408   2.1053704127   0.1712562542  -0.0768258706   0.7729535094   1.3377157136   0.0514904922   1.3706758711   0.5049203042  -0.4660437695  -1.4157243919  -0.0349573381
-0.4024156118   0.7745773435  -0.0236092123   2.1943366300   0.6371205964   0.5729117727   0.5312785435   0.2912959894  -0.6970900549   0.5025672456   1.9653637418   1.2858549532   0.8590080348   1.4689225122  -0.7593844674  -0.0383509871   1.0760919374  -0.8440325950  -0.2496922049   0.0717754630  -2.2737991163  -0.1093674712   0.2420350357  -1.8603433504   1.2902606691   0.6175007280   0.9347076111  -2.4847564834  -0.5259749496   0.2747301462  -0.1295783992  -0.1714707539   2.0362361911  -0.5035340530  -0.9606961292   0.1818788132   1.8611099198  -2.1943997290   0.9909519995   0.9740099338
-0.0408281179  -1.9295363160  -0.8885148770  -0.7923183608  -0.7521279800  -1.2860802716   1.5809464469  -0.3294784375  -1.3948262759   2.0115235830  -1.8333727959   1.2540403032  -0.2347120512  -1.4910364392  -1.0610700133  -2.0803053793   1.3487878288  -1.0079858107   0.0325725181   0.2439994944  -0.0180215926  -0.7295439332   0.4930860562  -0.9263397886  -1.3848692646   1.3773761416  -0.4834898007  -0.4929852977  -0.1217608414   2.1030347778   1.2334584514   0.4834522824  -0.2736347603  -1.0701926479  -0.3163708469   1.0237217998  -1.0088901692  -1.5191044718  -0.8756988495   0.5280814278
-0.9729079702   0.7006854814   0.8270420092   0.5698893874  -0.6157751006  -0.6037111251  -0.1628982281   0.0882889769  -1.4788390057   0.1317640049  -0.0732017643  -0.1239553472  -0.2522841704   1.1514721903   0.2217632352   0.9278813633   0.1886348652  -1.4907237073   0.8376344348  -0.2803186505   0.8601077897   0.7423359306  -3.1344861649   0.6751673896   0.3869719295  -1.4686063190  -0.4698986784  -0.9578004858   0.7606941390   0.1256124575   0.5041655968   0.6220251233   0.1186299481  -0.8779566524  -2.6501076748  -0.0274105069  -0.2840264136  -0.2970136352   2.0995363631  -0.7188136471
 0.6895806118  -1.3452236869  -0.6350600173   0.8321049013  -0.6922981091  -0.7095382195  -1.4769340323  -0.5207717514  -0.0183176118   0.6301301195   0.6465897207  -0.2801357268  -2.5658747165   1.0882629320   0.6400060508  -0.0562488135  -0.3630138090  -0.1655418369   0.6185212471  -2.1237252651  -0.2951612416   0.9195588912   0.3002975272   0.4745396518   0.2915950347  -0.9804917123   0.2817430194  -2.1319216094  -0.7540208555   0.1002851727  -0.2786668327   1.0783361407   2.7132963846   0.1449580289  -0.4433601024  -0.9192785619  -0.6139366165  -0.7118398664  -1.4422999755   0.6247201176
 0.8465995658   0.4637162021   1.3986458235  -0.0907664191   0.1399044105   0.3394662185  -0.5265501366   2.2590651825   0.0786495415   0.3501824737   0.7458796656  -0.0485701268   0.3740123678  -1.6767796562  -0.8685286734   0.9922236934   0.1893542308  -1.5544026295   0.3159259899   0.5693875057   0.9921259489  -0.6621347443  -0.2255714594  -0.6778936044   0.1914614319   0.9861897276   1.6971733395   1.4808186940   0.9444819354   0.0473585615  -2.2062878910   0.2782638322  -1.7932281822   0.9461398905   0.4144925413   0.7800854016   0.4120466743  -2.0293539957  -1.0477959410   1.2864752291
-0.1333626919  -0.1650511455   1.4060292394   0.6911396578   0.7231883936  -0.1696876409   1.5636929416   0.6883799467   0.7472508983   1.1118356387   0.2974890225   1.7878468937   0.3173191976  -1.3416674015   1.4119609478   1.3231585146  -0.6378794778   0.0512729669  -0.3239528157   2.1433425099  -0.3684465240   0.3705056491  -0.4832079860  -0.6952400114  -1.7081186131  -0.2068739690  -0.2708154171   2.2223543777  -0.0425886106  -0.4210058303   0.6511527793  -1.7624115498  -1.2099224972  -1.1920783774   0.0310740037  -0.7801551936   0.5215345824  -0.7929237214   1.2045853393   0.3462215026
 0.6098347339  -1.4786177481   1.1383989689   1.5602867864   0.5859789705   0.1813678277   1.3550680230   0.8454890893   0.9797314608   0.3591792096  -0.3239098413   1.0140594787  -0.3828166846  -0.0896234434   0.3715141896  -0.4721540053  -1.1197596934   0.5899549172  -0.6398269371  -0.3689730301   0.6232754760   0.4681810271  -1.0789606218   0.5032259343  -1.1452350618   0.5648229770  -0.3272031811  -0.5866411634  -1.6014644764  -0.4051360539  -0.3362099215   0.5629562478   0.6288511903  -0.7032639484   0.2606542082  -0.3787411703  -1.0999173917  -0.7568947039  -1.1699109552   0.8867874965
-0.6158332071  -0.6938211946  -0.1964854998   0.1616024063  -1.3881948725  -0.4101210322  -1.6901701231  -0.5954259978  -0.2427708561  -0.2362628803  -1.4923792315  -0.3291890528   0.9383124327   1.3571985626   1.5353772141   0.2705662501  -0.1424764202   2.1724015129  -1.1720476790   1.2022641085   1.3719355287   0.3199012034  -1.3889374288  -0.6812321104  -0.3432241110   0.2965405207  -1.4171085803   0.9101025848  -1.3408984867  -1.2485988024   0.7864166827  -0.5451618519  -0.6629950037   1.6349166069   2.0180949234   0.0102541816   0.6656569800   1.1608161572   0.2948824326  -1.2298059547
-2.5275799570  -1.2984842050   1.2047809011   0.1249189810  -0.1138756940  -0.9402012612  -1.4032559308   1.2299316846   0.5264378593   1.1350323313   0.0769300024   1.2495038423   0.2256686970  -0.7777112151  -0.2919699983  -0.8781327145  -0.6645705464   0.4695440553   0.1732214146   1.1154978854   0.4273351480   1.5802084007   0.5251557682  -1.0879891230   1.1880269903  -0.1370416045   0.7678224927  -1.1613656243  -0.2057697639  -1.2780527151   0.0387429580  -1.2475652415   1.7529392818   1.7935701386   0.4541800307   0.3297050458  -0.8324726757   1.7115407987   0.5085303006   0.2506021875
-0.3308438299  -0.8058650222   0.9621167862  -1.4362667655  -0.8923942958   0.0236437538   0.3628913075  -1.3154300403   0.7396777480  -0.0708555978  -0.4417277682  -0.5752461825   0.4106093778   0.7440327241  -0.9809481624  -1.9057262768  -0.4566385993  -0.1011790621   1.9384152244   0.4621593018  -0.8365833657  -0.1401674048   0.6451471495   2.6437529769   0.2118419182   0.5446010357   0.0547801776   0.0597737527  -0.5332302381   0.8229855886   1.0156014949   2.0896377282  -0.4480872453  -1.6146377792  -1.1191268828  -1.0319284140  -0.7360320034  -0.4070551953   1.8770450799   0.1878717470
 0.3815421417   2.3252817817   0.4991266278  -0.1876290225  -0.4218932642  -0.0719894268   0.7926313271   0.0272734663  -0.8023423583   0.9010503545  -0.2657400982  -0.1775735364   0.4218507673  -0.1161762012   0.3694240793  -0.6785247120   0.4195612723  -0.0320456802   0.5142932715   0.4589466769  -1.1930091435   0.6221782611   1.4277118847   0.2343965894  -0.9855226232  -1.4021693443  -0.2923449240  -0.6525101063  -0.1380644337  -1.0471297153  -0.7354952422  -0.6626547162   1.3805317145  -0.4374338350  -1.4122977305  -0.2987682202   1.3186229939   0.7365408192   1.5832512242  -0.0190000648
 0.7242025569  -2.2977334507  -0.2889265438   2.2154777102  -0.2776730468   1.3385619788   1.0682130982  -1.3318046008  -0.5276004582   0.6589477105   1.1907244381   0.3191969991  -0.5536424914  -0.9834619021   0.1884932611  -0.4543530224   0.2381349191  -0.8933753308  -1.1755577797   1.4567085009   0.9499068763  -1.1352696319  -0.9184556293   0.6832113743   2.9062149233  -1.2432382193  -0.4356735381  -0.5463394445  -1.3041752911   0.2303450598   0.8408434270  -0.3290147114  -1.1593050063   1.7086629650   0.3611278355   0.2291242649  -1.1604179171   0.8381145685   1.2810000481  -0.9975817019
-0.4729912915   2.1902625641   1.5632653079  -0.1458051671   0.5968867756  -0.3636434062  -0.8001443472  -1.2228734393  -1.2269103704   0.9791512564  -2.9394742770   0.1736662167  -2.1620677843   0.1795685102  -0.9947199952   0.8537795074  -2.6795596717   1.2505987504   0.6102925941  -0.3152561988  -0.4554859513   2.3996573494   0.5725724486   0.4282165759   0.5026779859  -0.3544232960   0.4736438047   1.6067252225  -0.6583104635   0.8048307276  -0.4114473061   1.3848907753   0.8033658091  -1.0071513899  -0.3656263693   0.6782498403  -0.2738913790  -1.1260144983   1.6787846042  -0.3773977151
-1.5193146058  -0.8242107953  -0.2716227221   1.2242275186   0.8759288556   1.8183989525  -1.8161964205   0.5370316276  -0.2174083631   1.4095574443  -0.5550095710  -0.2298220239  -0.0327234269  -0.9570087636  -0.9200870502  -0.8477140272  -0.6511403549   1.5147074448  -0.2745632199  -0.0434430201   0.5740507300   0.3944794212   0.0066695770   0.6332776677  -1.8513633919  -0.8996999048  -2.7407454684  -0.2540681238   1.8507382963  -0.5447695790   1.3959490826  -0.1103337801  -0.3733132971   0.3083571662  -1.2470863362  -0.2598332731   2.0413416133  -2.0259239267   1.5750102297  -0.4788621597
 0.1099666163  -1.2877240261   0.7450482536  -0.7392874134  -0.0289470583  -0.4357582266  -1.3526231987   0.7270433947  -0.6708518340  -0.3543727763   0.0788078797   0.1451337829  -0.7371257244   1.6448041298  -0.2945542312   0.1981140987  -0.2021841706   0.5534649912  -0.2707622983  -0.2274319689  -0.9247603431   2.0295737434  -0.4833664085   2.4599828540  -0.6432035974  -1.6270475261  -0.6953622389  -2.0248095995  -0.8364220437  -0.1282309458  -1.8890139267   0.3472019861  -1.4646660500   0.9643152069   0.6577733414   0.7558972931  -0.1417773554  -0.5167156591   1.9913126120  -0.1888639347
 1.0407852066   1.3784561064   0.7209925338   0.2415841449   0.7277153869   1.7614982275  -1.1008612305  -0.4218411188  -0.1431334875   1.4706771319   0.1879635311   0.4984780941   0.4326053909  -0.9877776022   0.8702980429  -1.4185324121  -0.5965979316  -1.3806258540  -2.0195603248  -0.9320658751  -1.7814888375   1.0522409741  -0.9936600711   0.1420564610   0.0874515338   0.3504745314  -1.1612752959   0.2001983429   1.7337347850  -0.1589740678   0.2694838902  -0.0851569130  -0.7895647455  -0.9993124051   0.6294906029  -0.5043684199  -0.3890918414  -0.0235005190  -0.4844571037   0.9355752795
 0.0432685987  -0.3411291878   0.6784611324   1.8570820451   0.5497816128   1.4287816286  -0.6306648457   0.0847246370  -0.9408023301   0.3962870216  -0.7704220284   0.8597286342  -0.5599286419  -0.7228140395   0.7234371869  -1.2239238900   0.3139973292   0.1150167862   0.7175876493  -0.3584254104  -0.4787340464  -0.6784010741  -0.9033467103  -0.2409152183  -1.2570935238  -0.3912343369   1.0321750016  -0.4937570962   1.9896326248  -0.6881535098  -0.6450925362  -0.8787957042   3.3000532176  -0.2728505566  -0.6611000315  -1.5790585148   0.1337999015  -0.2812843294   0.5428964339  -0.5177807083
 0.3241151767   0.7062904097  -1.7062590847   0.2247488594  -0.5692577001   0.3422231809   1.4849458621  -0.3426445112  -0.0648681890  -0.3208932136   0.0829805997  -0.5933504686  -0.5059481930  -0.1510302306   0.0823663765  -2.4151626731  -1.6468032906   2.5834879589  -0.4678309196  -0.9440046868  -0.5019147510   2.2305484338  -0.2550017514  -0.5373201327   0.0466637839  -0.0605551372   0.5642191194   0.0821945916   1.0819355309  -1.0298432128  -0.5119029381   0.5036463214  -1.4433763233  -0.7294846411   2.5446135168   0.6144699546   0.7240050526  -0.2343818211   1.0813027531   0.5367781379
s2
 2.1662822832
 0.7499129283
 0.4686520694
-0.4671028686
-1.7349086150
-0.0059080578
 1.2588330283
 0.0876281833
 0.8329681878
 0.9811420200
-0.6566935955
-0.4335712228
 0.6347579979
 1.0264030842
 0.5452671395
 0.6804206943
-0.8284986417
 0.3905080000
 0.6804459337
-1.3519414334
-2.0082618699
-0.0828094298
 0.7588101909
-1.6591613789
 2.3205980406
-0.2723710650
-1.0886287913
 0.4400914357
-1.1162656372
 0.5712931370
-0.4103378734
 0.3790814950
-0.7313175337
 0.1052724173
 1.1732627114
 1.0201165624
 0.7633965920
 0.5310106465
-0.0323223522
-0.3247096661
w3
-1.0610909046  -1.5691027435  -1.3904367982  -0.8576210030   0.3364222037  -2.1827581103   0.0680551493  -0.5848743184   0.9821109254  -0.9170329468  -1.3734596679  -0.2517374103   0.3572580261   1.8390327230  -0.2920806167  -0.4498820096   1.1638858040  -0.2178128607  -0.7578101331  -1.6239383297  -1.2133623149   0.0673450621  -0.3585706087   0.7970936192  -1.4087273805   2.0330279122  -0.5154642445  -0.7378975366   0.7105329696  -0.9073979762  -0.7248757821  -0.0356636698  -0.2017659900  -0.0867021436  -0.9492609800  -1.4193298898   0.0135134246   0.9363335452  -0.7016553457   0.1142230047
 0.4979645780   1.3842147620  -0.3372886334  -0.4303350721  -2.0174443835   0.9018912929  -0.9686935325   0.1635769289  -0.1418726514  -0.1894022775  -1.1276652892  -0.5635303939   0.0590247696  -0.0493763149  -0.8054887947   0.1939741727   1.0384938505   2.0514223667  -0.7649482368  -0.6864360166  -0.1152384455  -1.0878494272  -0.1181421884   1.7138743488   0.5723976681  -0.1837048144  -1.3276256791  -0.2589806964   0.0300309125  -0.9607172210  -0.0004707664  -0.2018007907  -0.7276930649  -0.2259317555  -1.8410851893   0.8838190145  -1.1824063399   0.1965081134   0.6089079767   0.7878109843
 0.8121369288  -0.5788080306  -0.8142582997   1.5170445443  -1.5083395305   0.8490298552   0.2596834876   1.3147155780   0.0524582755   1.7885905632  -1.5582926769   0.6533883308   0.5146149503   0.1352594150   0.1216232811   1.0615754740  -0.4768444130   2.1606260475  -0.4850924640   0.2953726843   1.3977437768  -0.0713668549   0.2273179888   0.9239233445  -1.8026019991   0.1035437323  -0.0343341974   0.3576224576  -1.2937832226   1.0659491727   1.7287398290  -1.5225690310  -0.0244952846   0.8784113291  -1.9398079538  -0.0279831108  -1.3177274188   0.2965339380   0.2013649057   0.7223181016
 0.6276811465  -0.4267091482   0.1727754554  -2.2173922118  -0.7393369671  -0.9050896766  -0.6723993222  -0.3607958694   0.8174877221   0.0039396852  -0.1501829023  -0.1456731975  -0.8816015807  -0.6136978027   0.1755909927  -0.1867016809  -0.1993487603  -1.3505582337   0.4636833386  -1.4534502963   0.7833599179   1.0784468442   0.2853378045  -0.4650080187   0.5246777748   0.0137876599  -0.5078877136  -0.6000953298   1.9010022858  -1.3533446496  -0.7170977081   0.3422166632  -0.6696757236   0.4437830746  -2.1460732684  -0.0915199112   0.1281540746  -1.2317077073  -0.5634163353   0.4355269123
 0.2966880586  -0.4570521983  -0.9275109601  -0.0103504788   0.7607840628  -1.0311173990  -0.1498070986  -0.3130806623   0.7415115565  -1.3400661938  -1.9414862111  -2.1602551578  -0.9152372829   0.7234066130  -0.3078888841  -1.9163593408   0.5480126235  -0.9642398027   1.7676424455   0.6825489342  -0.1156053225   0.0029458805  -1.7664883748  -0.8475821675   0.7194135267  -0.1368332914   2.2229889717   0.0645504037   1.1995723635  -0.2570440923  -2.0960657125   0.3367829956   0.0790572594  -0.0386604874   0.1065987827  -0.0334699232   0.0592710483  -0.0873137241   1.6206074275  -1.1825400769
-0.5036824955  -1.5743176898   0.5486406753  -0.3542414202   0.2908074814   0.5947626557  -2.3947834707  -1.4539912920   1.1442863682  -0.9652639927  -0.3260982072   0.6274132846  -1.3492582595  -0.5484345960  -1.2049125985  -0.3034601181   0.2158663349   0.8086162058   0.0475426389   0.4929404445   0.8546383221   0.4343246315  -0.9108509282  -0.1529970071  -0.0070549462  -2.0991980647   1.2947729101  -1.4630522127  -1.3224038789   1.0512866858  -0.2927344580   0.0995784032   0.2001529247  -0.4776064292  -1.0554993321  -0.7755244747   0.3169604245   1.4129721977   0.2735621123   0.0869027352
-1.1328466702   1.7152867422  -1.0751252376  -1.0236864302   1.0632090968   0.4977913952   0.0080777693  -0.9961796079   0.2288613336  -0.3633153725  -0.4806680158  -1.2013770320  -0.6239709981  -2.1517545346  -1.8223703172  -0.3608144709  -1.4358697994   1.2728478710  -0.5289364347  -1.6084826492  -0.4622439119   1.7761255630  -0.1676364514   0.5053891653  -1.4776648911   1.0016249559   1.6142737875   1.5778497566   0.1488532704   0.1116763639  -0.8379613233   0.4247042753   0.4905367037   1.7888498972  -0.5026688127  -0.2398725050  -1.1284658891  -2.6777474036  -0.6512617459   1.2764210769
-0.7546756470  -0.7427154652  -0.1020854705  -0.8334214088  -0.9057063205  -0.3772073560   0.9361489424  -0.5776855243   0.4960779339  -1.2755509830   1.2932494245  -0.2893885946  -1.0962209735   1.3752775716  -0.3883908322  -1.6786455320   0.2534473940   0.2556230624  -0.2986863452  -0.1822721493  -1.8441870998   0.7770643266  -0.3897834373   0.4889603206  -1.0210851873   0.4327761286  -1.0350135397  -0.0748298691  -0.0951707949   1.1093074631   0.3323700204   1.3831938894  -0.5848947498   0.9068864709   0.0575984545  -0.6061805566   0.0512129764  -0.3827398844  -1.1494027209   0.4383019282
-0.1689354021  -0.6107788475  -1.1247935616   0.7078791622   0.6739341968   0.2465542013   0.3325491613   0.9193499225  -0.8935419897  -2.2059170887   1.0137269226   0.0330011303  -0.2161928488  -0.6095336092  -1.2412136576  -0.1268567317  -0.1010285177   1.7235631908   0.5872529649   0.1947479698  -1.3016542962  -2.4945536692  -1.5738440726  -0.2005209640  -0.8153178994  -0.5475173455  -1.1374996346  -0.3896914526   0.4222465714  -0.0006909893  -1.8131408078   0.9291591884  -0.8379127127  -0.1164108395  -1.2908433963   0.4328812004   1.3144142745   0.2707021295   0.3600864533  -0.8163426299
 1.0668430201   1.6887824524   0.5132723058   0.0165616794   0.3901575333  -2.4442734291   1.0808488877  -0.9628426517   0.7545996862   1.4818569603   0.9269390666   0.1372373620   0.5207879083  -1.5546389139  -1.1789877885   0.9399937537  -0.9577373143   0.4614109085  -1.4296893063  -0.4514769276   0.5218845496  -0.2970223368   1.5636661116  -0.4575204635   0.3272761316  -1.3974946512   0.2035828835   0.5854003321  -0.5520088355   1.7860913352  -1.1102258070  -2.1531921294  -1.3115222645   2.2027547197  -0.9864943501  -0.9694121849   0.9932270441  -0.3476179828   2.0059977012   0.8735615931
 0.1202832557  -0.6182887424  -0.5312573659  -0.6924058969   1.5238699605   0.4681269996   0.9753455843   0.1834001288   0.4210689905   0.8864905835   0.2354472259   1.3580307126  -0.1973549012   0.9899252023  -0.3126384166   0.0988686614  -1.2755061261   0.4772921483  -0.3403192943   0.5691346618  -0.2011206832   1.5154181771   0.3261793947   0.4824583950  -0.5836317490   1.7170610457  -0.4710581317   1.7437300223  -1.2050198003  -0.6477070202   0.6709322531  -0.7492760675   1.3407097126   1.6314148089  -0.8417686308   1.1994862681  -1.2333218013   0.2526543863   2.0710190588   0.1288248589
-1.0281595428   0.4241590958   0.2756904425  -1.3281002123  -0.3576399204   0.7600635326  -0.6976804800  -0.5419119732   0.0229540269   1.6433936321   0.1143690022   1.6989619454   0.1477536858  -1.1291892492  -0.1541888503   0.1372084682   1.5586898130  -0.6393987798  -1.4760271304  -1.2272550310  -1.6738450899   1.5448177795   0.1785422486   0.0248297351   0.5526335980  -1.7536647026   0.0307164463  -0.1048992326   0.6597362168   0.4553404501   1.4354612400  -1.6910763048  -2.2659179773   0.3227162773  -0.0020912401   1.2618551550   0.2574019867   0.2083535296  -0.3516331694  -0.5760112209
 0.7291662450   0.9970483875  -0.6927036338  -1.9360270615  -2.1458037474  -0.5096978662  -0.7711549496  -0.4468748861   1.0623459761  -0.0429898860  -1.4413406547   1.4108120831   0.5932845418   2.0214928493  -2.0303500558  -1.1277275724  -1.1204213463   0.6248313608   0.5173858715  -0.9737049868  -1.1659695553  -0.8106531412   1.0558549402   1.1110237213  -0.1770827918  -0.3467838294   1.5671995903   1.5136860835   2.8318519644   1.7457095877   0.4223662513  -0.0072347680   0.7155217457   0.0507124420   1.4211655764   0.4195753300   1.2034672837  -0.8137340750  -0.7020946785  -0.2864106638
 0.5268531655  -1.7254724653   0.7043054519  -0.7352015777  -2.2918609276  -0.6668818270   0.7618207481  -0.2086713515  -0.1796191309  -0.9892026704   0.0943143039   0.1664442369   1.4756701757   0.6094484566  -1.7178323594  -1.8782767459   1.2773446919   0.2349728771   1.5145664953  -0.5727679870  -0.5530155665   0.8652988759   1.0172647749   0.2517794839  -0.6190887649   0.6381370031   0.5266756468   0.7933784294   0.2647896055  -1.0239795418   0.2536073441   0.7076362495   0.8056424733   0.3974468359   2.1863355016   1.8263274458   0.8136134319   0.8919200219  -1.3259995311   1.2785066895
-1.5198396865  -0.7335943356   0.9986666568  -0.8674653807  -0.0121464276   1.6107454109  -1.1368076765   0.1045710243  -0.2126773860  -0.5052356377  -0.8392836618   0.2250015361  -0.1114057388   0.0905415418  -0.0183453446  -0.1662488618  -1.3907237463   0.3892530081  -1.9439170448  -0.2027402163   0.2827454934  -0.2409580775  -1.3147832118  -0.9421477102  -1.2164493750  -1.3810441328   0.8641508252  -0.4638707422  -0.5712694862  -0.2790992495  -0.6030564321   0.7744347821   0.3404893310   0.6368176180   1.0114905480  -0.0249066025  -0.3387717072   1.5548463700  -0.5545520804  -0.4383128762
 0.8132307109   0.1234644869   0.5025359313  -1.6953650148   1.0795613203  -0.6825238963  -0.4961226015  -0.2702629875  -0.1620927348   0.2495350222   1.3280467523  -1.0156629557   1.3154776705   1.2684624729  -0.4601899807  -1.5682151021  -0.8845619998   0.1747900489   0.7569419327  -0.3349257836  -0.2962659213   0.8217581618  -0.8446196831  -0.6507206988   0.8125924012   0.4541544981   2.2488700088   1.9510400070   1.6156941358  -1.6912332869  -2.3123501082  -1.4908335239   0.0425825579   0.1220422704  -1.1171478626   0.5353752081  -0.9949513227   0.8417402725   0.2120262805   0.0492922790
-1.1823853833   0.0459032960  -0.4170854676  -1.0500636259   0.0446252802   0.8758440899  -0.0782738397  -0.6760379731   1.0337983068  -0.4343325938   0.3744312368   1.1757877935  -0.8566979432  -0.4094012855   1.4313073752   1.0988811801  -0.4888251821   0.2320396801  -1.7299294428  -0.0542130929   0.3995198723   2.2752511806   0.2138886932  -1.3188919646   0.6549453636  -0.1665909817  -0.8300905393  -1.7894944331  -1.3775980567   0.8338935718  -1.9248506578   1.3997654622   2.6704940238  -0.0538734286   0.9170832561  -1.6039140924   0.0459607773   0.2125689204  -0.4345686331  -0.9810327100
-0.0232788363   0.3988835350  -1.3733856500   0.0786688588   0.1451945670  -0.9774760930   0.1738609658  -0.4816572044  -1.4434164130  -1.7383757281   0.7005524071   0.6689473491   0.8407447813   0.4360451142   0.3670692684   0.9241765001   0.0036475869  -0.3429993053  -1.1502717743  -1.2817850385  -1.8494726271  -1.7020310847   0.8344177810   1.2128544784  -0.8291049180   0.6575332087   0.4993659867  -1.8573108377  -2.3136450317  -1.2299244748  -0.8465270019   1.1939464999   1.9365549015  -2.6073261595   2.1643975605  -1.2346269962   0.7606440202   0.1545725802   0.3496299609   0.0382786624
-1.7868229260   0.3361274045  -1.0528997443  -0.8034412651  -0.9531483832  -0.6623766027   1.2170390334   0.5063297774  -0.6744153967  -0.5498722067   0.2580489604  -0.3016689529   0.8752503960  -2.4608026893  -0.4313502805  -0.7482149654   0.6616855587   1.4679631043   0.3003319217   0.1337133953   0.0195320127   0.0812843797  -1.4613011025  -0.3792848427   1.1321027442  -0.3168677699   1.8224482386   1.1192463910  -0.8616311131   0.1925099111   0.2314831306  -0.5009612406  -0.1673805827   1.7823165352   0.8520954753  -0.1400376133  -0.3021834505  -1.0370702560  -0.4049936384  -0.0634447975
-1.1316438395   2.7138151064   0.2246119755   0.7302016036   2.2578329159  -0.2365829335  -1.7161884022  -1.2108580733   1.1250163382   0.5274332356   0.3460656835   1.1521165250  -0.0227704636   1.0495955531   0.5716683702   0.5166083189   0.0300630163  -0.0743808099   1.9985286747  -0.8026684400   0.5773629453  -0.6564049163  -0.3535945662  -0.4808832720   0.2398662480  -0.8166979962   0.1671148615  -0.9743618320   0.9510663596   1.0510672347  -1.5545187800   1.7540059821  -0.8195179674  -0.0713561939  -0.7535948091   0.4553087794  -0.4315805967   0.9928048389  -0.9164784298   1.3341182180
 1.6498437382   1.2558975396  -0.6520057134  -0.3607270186  -0.2831281238   1.0118163329  -0.6487201127  -0.3893277415  -0.4091864962   0.5145702129   0.7391115949   0.4510581756   0.0150780933   1.1398408724  -1.0029685959  -1.9305468699  -0.2994948333  -0.4815006048  -1.7608002772  -1.5334138090   1.6202181478  -0.9858799339   0.0416442612   0.7495690599  -0.9302567326   1.0486027737  -0.2879055216   0.1594335290   1.5285953263  -0.4460933542   0.0101094486  -0.9564356901   0.2142041429   0.1350273844   0.3991838675   0.2766029193   0.2537390762  -0.0011119765  -1.9899256526   0.4643369002
 1.7259338496   1.9866422014   0.4093830384  -0.0863783805   1.7246709094  -0.8183039482  -1.2002580307   1.9428679469  -0.9397826629  -0.1501670406  -0.9207036773  -1.1906765097  -0.8903891189  -0.6741431355   0.0288560139  -0.8966732281  -0.6352227606  -0.1666398989   0.1127672533   0.1628370533   0.9006883017  -1.8202330024   1.1720257938   1.8286577211   0.7227712660   0.4781442139  -2.2251522969   0.1658232522  -2.2407234212  -0.7085607377  -2.4426201290   1.0360944611  -0.7747512663  -0.0366834972   1.5468300665   1.3251505779   1.0213439584  -0.7202314593  -0.1216044458   0.3605308949
 0.1075681976   0.9266078543  -0.8593124212   2.4841757887  -1.1088629302  -0.1094420156   1.5831200947  -0.3311286919  -1.9023701043  -0.5904652083  -0.1586102766  -0.2610943336  -0.2261927779  -1.1014436921  -0.3121079677   1.4661209406   0.5801866738  -0.4668113010   0.4199664760   0.5725076164  -1.0233207953  -0.1519107760  -0.7159495602   1.3184966719  -0.1736294156   0.1773836279  -1.1487090656  -1.7633198063   0.0821656101  -0.6511224028   0.6922147518   0.4459730630  -0.8533450606  -0.2623808463  -1.6001352331  -0.2002725729   1.3369063149  -0.5901863558  -0.7370585051  -0.3795753536
-0.2083446691  -0.0228030418   1.3436024451  -0.2149196316   2.6017804640   1.6651959949  -0.4188994561   0.6847010968   0.7170002251   2.0058739796  -0.4994234276  -1.0289536243  -2.9508241236   0.2158962441  -0.5595075360   0.1731904879  -0.1495100249  -0.7297133781   1.1631155191   2.2960078690   1.3551247246   0.6107775843  -0.4318751464   0.5583223512   0.0062733423   1.0025722429   0.7010887067   0.3852801970   0.5845709704   0.6986447976   0.0738202453  -0.0342443470  -0.4703787524  -0.4258602703  -0.4639917695  -1.3728476487  -0.7729878669  -1.0201921878   0.3546768533  -0.3602887211
-0.0212361942  -0.6623263552  -1.6825821541  -0.1463736524  -0.8022527853   0.2520796021  -2.1510589083  -0.9922974782   0.4498673786   0.4541751299   0.3107124024   0.7793191824   0.8132036891  -0.9732530014   0.7651734791  -0.0649721042  -0.6423451401   0.3231496481   0.0303327611   0.0500852581   0.7346707545   0.5314779119  -0.3587085513  -0.3901509220  -0.6927001916  -0.7451780003   0.7701882060  -0.5034683475   0.4091093926   1.8858848892  -0.8471190224  -1.7248908039  -0.0148066004   0.4129344284   0.4148938616   0.0656237485   0.3685941051  -0.0760263823   0.7573167948   0.9744107218
-0.2058132898   1.2608954150   1.2274997989  -1.5013330104   1.1621686130  -0.6004027282   1.3474773677   0.5344701428   0.4407125154   0.9454161648   0.2728358529  -1.1398919185   0.7500841663   0.0185031317  -0.3281802529   1.1302489339   0.5344787491   0.3979732763   0.0418366757   0.2583245894  -0.4059292801  -0.4966804988   1.1723876739  -1.1089043341   2.3211860209  -1.0003862494  -0.5300394838   0.6885173010  -0.1906298887   0.0918122122   0.6672767543   1.0091807690   0.4308849264  -0.1785233719   0.0580528468   0.9885947062   1.2589078940  -1.4256113910  -0.5869324901   1.2370483317
-0.2324259904  -0.3278235312   2.0594201112  -1.2584137913   0.3116787621  -0.1251883677   1.6649406878   0.5308778895  -0.1301427263   0.2155574261  -0.3092797781  -2.1246543424   0.3886464718   0.6229206682  -0.4975909452  -0.1703140848   1.8789833508  -1.0345249739   0.6409912021  -1.1752647540  -0.6223190717   0.1701087601   1.6180938996  -1.7083508444  -2.3407430658  -0.6797160864   2.3015426979   0.7443173907  -0.8136492027  -0.5284677130  -0.3814171587  -0.5236006398  -1.5038983749   1.8815701282   1.2468672573  -1.0473324192  -0.8165968803   0.0764701652  -0.4306139698  -0.4756560396
 1.1692218719  -2.1159976375  -0.2380606051   1.6880839722  -0.0406873240  -1.4732794762  -0.3526188899  -1.9177939533  -1.7447081124  -2.6263162256   0.2841787432  -1.2398914213  -0.7278206151  -0.3675191311   0.7814101560   1.2282828207   0.9392800746  -0.0633351450   0.5476881092  -0.8925812313   0.5093096530   0.1817972587   0.4867476716  -1.2920461143  -1.1482707592  -1.0170255019   0.5025831560  -0.5452405152  -0.1237260576  -0.8591586310   0.3771752025   1.4289918784  -0.2444450205  -0.5918264025   0.8110484607   0.6879553259  -1.0912374272  -0.9178010858  -0.0096342930   1.8023428921
 1.3782859456  -0.0708504358   0.3732509516  -0.2809029140   0.5701801331   0.3483592847   0.1000636663  -1.0613191520  -1.7368043448   0.9609917931   0.5509460064   0.4750283958   1.3530399404   0.3181226740   0.3098891317   0.3999952474   0.3433734792   0.5912950553   0.8951348439  -0.5735970975  -0.1786254475   0.8395261414   1.9381737535   1.6210810745   0.3700901769   1.5262187918  -0.7345495047   0.4716157264   1.0577443785  -0.6947818354  -0.4164982476   1.6244731296   0.3771486784  -0.3713768816  -0.9596721948  -0.5226448533   2.9400451917  -0.1184868855  -0.1866153199   0.0767020076
 2.3092646334   0.6749811541  -1.9553394585   0.0534658814   0.6285506205   0.7627396695  -0.2684394745  -0.4135969996  -1.2281011644  -0.6309801123   0.0188552422  -0.1785832129   0.5485236477  -0.1736300540   0.9554671698  -0.0669427115  -1.4501432121  -1.0243091533  -0.0001008088   0.6800489975  -0.1147394551  -0.5641429193  -0.1018543920   0.0259136527  -0.6693794136   0.0721895094  -0.5312849375   2.2195937992   0.5209830958  -0.0465126764  -0.3071528073   2.6722351349  -0.2530569234  -1.5280484132  -1.6596426427   2.0221646011  -0.1348558085  -1.4866158433   1.8511603648  -1.0047591292
 0.3017437688   0.3149128373  -0.0354872162  -1.0125612215   0.4363554162   0.2828879696  -1.7030971666  -0.4559014827   1.4404825585  -0.2832580442  -1.0247953214  -1.0451989530  -0.6588709557   0.9639876065  -0.9386770220   1.8235524728  -0.0884258374   1.3756829816   1.1484354975   1.0547356040   1.5009628319  -0.6367750878  -2.1960615607   1.0044451252  -1.3804614972   0.0016167196   0.9113434768   2.3454511985  -3.1246200462  -0.9170230037  -0.8886934898   1.9979830892  -0.6290682726   1.8393306832   0.6738462730   1.1035685919   2.2127389676   1.8907572849  -1.9062951939  -2.6827092826
-0.1273296260   0.1357520379  -0.4385548082  -0.5925482783  -0.7071712774  -2.1650848181   0.4993350212  -0.3452296171  -0.1791863751   0.2279733439   0.0538285593  -0.0843742589   2.3685618073  -0.4682605399  -0.0023709260   0.9104878597   0.3212414853   0.0133717995  -0.7109770244   0.2581350267  -0.1681370461  -0.3734164952   1.1427216632   0.5584281945  -0.7882556495   0.2172525555   0.5228451934   0.0222874439   1.2117737015  -0.5828277209   0.7978953728   0.4640299116  -0.0762835468   1.3482487783  -0.6137098122  -1.7739838966  -0.4184988151  -1.6442168716   0.8997081850   0.6924057018
 1.7692439564  -0.5502933219  -1.2606127306  -0.2591433738  -1.3648848273  -1.4056244649  -2.4221723786   1.3658074222   0.2104383605  -0.6696048377  -0.5834921451   1.2226055474   2.1374047235  -0.4465621964   0.1876817540   0.3203604422  -0.3290948663  -0.6190704852   1.4406346011  -0.6860536447   1.7238210612   1.9081886989  -0.7885174322  -0.4935427494  -1.3357647556  -1.4342871721  -1.4696690685   0.4552646451  -1.2364224148   1.2743712519  -0.7882348703  -0.0899199547   0.5361093440   0.0357640150  -0.1234441060   0.2560592350   0.1162795780  -2.0299436159   1.0318870230  -0.2803156874
-1.4212725825  -1.0021864938  -0.5874614197  -0.3869613936   1.6634892543  -2.0236301600  -0.4259545341  -1.6217966386   0.3031888022  -0.9483407232   0.3310392918   0.3480103999  -1.0050095575   1.1630277511  -0.6535531189   1.4250324372  -0.5347599819  -0.3932595128  -0.3291321296   0.3762134748   0.0667416436   1.5846268272  -0.9885143791  -2.5115209116  -0.9778291629   0.4325822528   0.6096195661  -0.3274234718  -0.8345017779   0.7029935020  -0.1667293957  -1.3166821679   0.0635954794   0.9300577867   0.0104235124   2.0609631621  -0.7148564855   0.5296504391   0.5917028707  -0.3725428911
-0.2976173817  -0.9354453542   0.8780844439   1.4428106258  -1.2421998632   0.9997239392   0.8708930826   1.3790447871  -0.8793751988   0.1549865181   2.1531965393   0.1798495123   0.8564061863   0.0820200295   0.2871527648  -0.4333481403  -0.7882633501  -0.4524396666  -0.5588598223  -0.9161286076  -0.0054036982   1.0686776111  -0.2125484662   0.1322420167  -2.1148221951  -0.8938510626  -0.8551037900   2.2526662835  -0.0443656189  -0.7596943417  -0.4360006791  -0.7503633117  -0.3709657307   1.4119681600   2.0856504820  -0.9730059154   0.5522481788   0.6275003748   1.1566828720   0.1189780149
-2.2978799162  -0.7851185518  -1.2273745488  -0.4657572516  -1.1484548846  -1.7302833292   2.1462971985  -1.1836468034   1.1591974204  -0.3014709315   0.6813743307   0.4540505942   0.9588428412   0.0275237081   1.5248541403   0.3218200891   1.5555296580  -1.3349308367  -0.7801682512   0.5778115412  -1.4650981644  -1.5549249415  -0.8726862356  -1.0664002541   0.3927177362   0.4208245820   1.3875177476  -0.4143790542   0.3191873181  -0.0210023867   0.2185767268  -0.5006033364  -0.2192625547  -1.5850592881   0.8204251713   0.4673382162  -1.0304586924   0.3288111644  -0.5864534517  -0.3241409673
 0.7048383288   1.7186210743   0.1493155182   0.6321667836  -0.6330493479  -0.6972334403  -0.9748873193  -0.5078768902  -1.7750408334   0.7945087120  -1.4420663477  -1.0246334004  -0.5492483231  -1.2641406138   1.1202094105  -1.8326899940  -0.6214406737  -0.9387807653  -0.5528161787   0.4658856360  -0.5900818069  -1.6336738498   0.4181974968   0.7947560137   0.8779234132   1.0281642412   0.3939234637   0.5852319318  -1.8253385291   0.9852186069  -1.5353273399   0.5664925473  -1.2972141245  -1.3216321419   1.2642254795  -0.3421010386  -0.4086627451  -1.4692051618  -0.3697871249  -0.4687273364
 0.1177776962   0.9678170313  -0.2675205610  -1.1827828412  -0.8704683095   3.0037873293  -0.4684862923  -0.5307527051   0.6359025260  -1.7508459836   0.1609638274   1.4792142947   0.2457515913  -0.4070406916  -0.9005734319   0.0923426366   0.1393004171  -2.2585977209   0.5099621508  -1.6501626063   1.7931760618  -0.7907727603   0.0960065209   1.0445671654   0.2395632827   0.5843007058  -0.2293844180  -0.5925032321   0.7684785148  -0.6770184791  -1.8106543918   0.6346405650  -0.4246281468  -2.5480245927   0.5628384124   0.6538662223  -0.0279427027  -0.7492964585   0.7760782185  -0.4914580799
 1.2174254164   0.0000996658  -0.6409193902   1.0777384588   0.4800500930  -0.3106165047  -0.4633639801   0.1248559376   0.4687021603   0.3383590482  -0.1816769366   1.5040089324  -1.0268226156  -0.2931423993  -0.7166636955  -0.0123061774   0.3885633547   1.1511874256  -0.6035836117  -0.3441399417   0.5739844544   1.0246876925   0.1775909400   0.2856801026   1.0569481482  -1.6697158675   1.8549089822  -0.7520582046  -0.5190721353   2.4077940400   0.4698185926  -0.0962394928   0.0168334221   1.6684866568   1.1329202420   1.3224031720  -0.1268223291   0.1107700184   0.7512559469   0.4532087792
 1.2780391702  -0.7947786973   1.9404749264   0.9813428750  -2.3496902385  -0.9668483941  -0.2082844595  -0.0809745031  -2.5389563214   1.2401973754  -1.7074151008  -1.0412159768   0.7787269023   0.3748585277  -1.1493752290   1.4173775163   2.1908717096  -0.7699558167  -0.2195679115   0.5718671891  -0.4814124394   2.2974933179  -1.0728303648   0.0020562693   0.7040877215   0.7102653735   2.3178523913  -0.1526689757  -0.3089312825   0.3372043531  -1.4754978475   0.5276316184  -1.2012973109  -0.4912161038   1.7095679981   1.1237799576   2.5844736236   0.8702279147  -0.5416727008   0.6818434469
s3
 1.9089588058
 0.8422559726
 0.4181675602
-0.5088423794
-1.7373620354
-0.0974925102
 1.2043671875
-0.1910969122
 1.0552598737
 0.6931596217
-0.6833761077
-0.3128808746
 0.5428284038
 1.0699042276
 0.5872253356
 0.7693594829
-0.7777515417
 0.2099908816
 0.6948439251
-1.4187830945
-2.0106463278
-0.6948466479
 0.4954754815
-1.2815442714
 2.6361618585
-0.0861947267
-0.5138235461
 0.4459586409
-0.9366530902
 0.3667384574
-0.7196131016
 0.8101340862
-0.7758995335
 0.1121125841
 1.5641628728
 0.7753356149
 0.8588468102
 0.1115490207
-0.0205463120
-0.2309654912
w4
-1.9032694929  1.0359018896  -3.1541612657  1.1023839005  0.1831009013  1.1919179875  -0.1945554806  1.6099626653  -1.3304697965  -1.6024329063  -1.1634423281  -1.2265258404  -0.7925909840  -1.5799749275  1.4099680651  -1.3166406982  0.7339867956  -0.3170094062  -0.4443827073  -0.6492003760  -0.2237279773  1.4761952560  1.1894849050  -3.0694270461  -1.2803814759  -0.7093325572  -2.1360446446  -0.5687376099  -1.9490129735  0.5048548523  0.7193533107  -2.0868930293  -0.5848668456  -0.8735209241  0.1850030959  -0.2344056064  -1.3952443601  1.0427157576  -0.3214945459  -1.8377796675
s4
1.0148900553

