layers: 4
str: {2,40,40,1}
w1
 0.0524311884   0.0941965074
-0.3046951842   1.2742189356
 2.0304233647   0.4873874750
 1.8226671303  -1.5554399969
-1.6579750011   0.7783930728
-1.0487326475   0.2306189213
-1.4725039104   1.4832588988
-0.5523255576   1.4176767793
 0.1704714107  -1.0553292592
-1.3119950323   0.8206142600
-2.2899876968   0.6280723150
 1.2398860758  -0.7047904532
 0.8371563670   1.8432592907
 1.2331999093  -0.3957015871
-1.0976095607  -1.9435582742
-1.1463931830   0.8459498422
-0.7648896615  -0.6786088511
-2.1472994872   1.4616368564
 1.2776738816  -1.0267169549
 1.1561460798   1.8676563761
-0.9824875379  -1.5552869735
 2.7533589421  -0.9142108571
 0.0591958452  -0.6457132843
 0.5164816850  -0.1976516679
 0.6899662218   1.5059852574
 0.3997888887   0.1655329216
 1.5897007747  -2.0842948334
-1.1133171619   0.3476878025
 0.0741060150  -0.2969020366
 1.7899734489  -1.0035515874
-1.0950119939   1.0462304414
-1.3733622100   0.7420514606
 1.4811891536  -0.8365452551
-1.2812966795   1.4719210729
 1.8270258927  -0.9214802423
-1.3917567557   0.9487322946
-0.2508139263  -0.7091978667
-1.7954410589  -1.2388475651
 0.4621660916  -1.1659440221
-0.4358267474  -1.4951362983
s1
 1.6599349586
-0.5234532057
-0.9113926004
-0.3403786960
 1.2280885709
-0.0708581927
-0.2432672594
-0.3758880080
-0.5625635111
-1.8772877997
 1.0412444059
-1.2602662668
-0.0809142108
-0.5837232802
-0.5783266860
 0.1482236235
-0.4949603632
 1.3818970338
-0.2479229196
 0.5804303461
-0.5562032979
 0.4099192248
 0.7367113537
 1.3477327145
 0.7908012390
 1.8450489575
-0.0767725452
-1.1336315374
-2.3359780545
 0.1289466366
 0.0702302075
 0.4495404030
 0.2741515756
-0.3737418448
-2.0209660248
-0.2639943350
 1.7474560381
 1.6451491246
 1.5829436129
-1.8800846055
w2
 0.1645171209  -0.0748027325  -1.6164493933   0.2002930927  -2.3872581184  -1.3545199341  -1.7864002113   0.4822746972  -0.4303049648   2.6021953309  -1.7221358386   1.0217105130  -1.5592240900  -0.2319267165   0.0851110351  -0.3019663486  -0.9879712427   0.9496992977   0.1515643177  -0.3183159121   0.9691540767   0.9003586689  -1.6693550413  -2.3870343675   0.5434759704  -0.1078046869   0.5586492794  -0.2129336011   1.1370919022   1.5441607714  -0.4513134589   1.0534582133  -1.3398929376   0.7768529965  -0.4452799257  -0.1082694603   1.4586690544  -0.5626819556  -0.9758733599  -1.4499145785
 0.8924719779   0.0612963482   1.0339956964   0.9551455153  -1.7831571631  -0.3748760893  -1.5799674246   0.3757437195   1.1910366297   0.0222643613  -1.6489874762   0.5224588080  -0.0881958727  -0.1174660772   1.0561691025  -0.9707496944   0.7468382052  -2.0130111450  -0.1552672622   0.6575848508  -2.5585140676   0.5294644987  -1.6242163057   1.0899882481  -1.0441501711   0.8037343862   0.4106505644  -0.4755578836   0.2547624634  -0.0447625693   0.3179109834  -1.0358986914   1.1295607347  -0.6680744266   0.9457397673  -2.1708376254   0.0462885183  -0.7444082265   1.6232234799  -0.4423386414
-0.1039045240   0.2871501667  -1.0761237457   1.9141854717  -1.8739599891   1.2153511662  -0.7601887679  -0.8795433338  -1.7407622406  -0.7603879957   0.2251003518   1.3817526613  -0.9847892019   1.0269118821   0.6716934483  -1.0459748020   0.7148589745  -1.0714827616   0.8534857117  -0.6125924384  -2.0677974810  -1.8586780917   1.7015620601   0.6751703833  -1.1406081379   2.0737805454   0.4161575131   0.2815350886   0.3865035374   1.7411605899  -0.3740975698  -0.7063217225   0.9745768918  -1.8730719548   0.0268752175  -0.6413483729  -2.0900462516   2.5488111189   0.0407611486  -0.8107964550
 0.5692065846  -2.0636182112   1.2553538249   0.3112259428  -0.4727134644   0.1928595779  -1.0965961510   0.3884392294  -1.0172382257  -1.2514918536   2.0036633226  -0.5343942408   0.6216074794   1.3389622898  -0.8060054161   1.7032407308   1.3986454795  -0.1431659299  -1.2699397564  -1.3982008259   0.0235404565   0.0753789903   0.1087461484   0.0428932330  -0.7747603640  -0.6656057208  -1.3441066368   0.8141816745   0.1666818059   0.4565447231  -0.5680814831  -0.5071002435  -0.2260697184  -0.4638603318   0.0326113773   0.5543886671  -0.4642145138  -1.6349505313  -0.0352579906   0.0180719151
-0.0761289895  -0.8701802551   1.4136201789  -0.4463207733   0.4857319706   1.6124156692  -1.6883615133  -0.8668795073  -1.0162044949  -1.8504197126   0.8235011858  -2.0081720216  -0.0529765654   0.5665689901   0.2050051444   0.1812958087   0.4952163581   1.1592897206  -0.4680676503   0.6722268010  -1.5483345765   0.6116010127  -1.3939176551  -1.6431178045  -0.3747231872   0.4618867244  -0.4885836753  -0.4578488149  -0.2040564573   1.4125420460   0.0743978935  -2.6450724077   0.0475130292   0.6317192142   0.6141839919   0.1774706570   0.2159689502  -0.2289389333   0.8939468866  -0.0712177860
-1.9162607002  -0.1915594207   0.4693852594  -0.9748025615  -0.4621176366   0.2260676635  -0.2617857672  -0.3718751685  -1.6063120158  -0.9762902679  -0.4531881942  -0.1604256747   1.3263716038   1.2249100526  -0.5327650804   0.6104533835  -0.0980596447   1.2168863927   0.5167578594  -1.0016238575   0.5671440189  -1.5309188224  -0.8594636445  -0.4262770873  -0.3311759885  -0.6693326533   0.4910492393  -0.8320312519   0.6227923402  -0.2940544899  -0.4686122937  -1.6470854383   0.5686360801  -0.5076035840  -1.6138605945   1.5816115946  -0.5675676531   0.3067281245   0.5310779349   0.7287589964
-2.1867956083  -1.4869255601  -1.4056543620  -0.1331153967   1.1702242237  -0.3049743056   0.3364950474   0.5157844127   1.4073904075  -0.6692772087  -0.9730758288   1.6560658046   0.2113114271   1.3582009118   0.1248871347  -0.6752519382  -0.2227432907  -1.6618105885  -0.0383413127   1.1432831877  -0.3119459623  -0.6983612916  -0.5020390517  -0.1170951463  -1.0593130459  -0.3302676499  -2.4619189377   0.5674162116  -0.9550171148   1.0319617413  -1.1766270696   0.3270391182  -0.8313622169  -0.2238459406  -0.3584731705  -0.8521180642   1.1774959836  -1.3433320144   0.4357857521  -0.6078686541
-0.4583409386  -0.9734726147   0.1465152995   0.2631113673   1.4040134304   2.2857455428  -0.7750870178  -0.2879571296  -0.0130914821   0.0589092147  -1.6468387040  -1.8037465319  -1.6425533773  -2.4946371879   0.9288484993  -1.6652453869  -0.9633266625  -0.2635344629  -1.9330409730   0.8157656307  -0.0173910893  -0.6475351746  -1.1056133049  -0.6360857464  -0.1797625013  -0.9686388049   1.1495628851   0.4056421758   0.3230024325   0.8512531791  -1.0598009932  -1.0127468294  -3.3324071176   1.4922014678  -0.5560196446  -1.4078005598   0.5402288170  -1.3007674957  -2.1383736699   2.2545507332
-0.4260027061  -0.0668957704   0.5566909663  -0.6546832994   0.8363421912   0.5173885909  -0.7548243288   0.0325119946   0.5338886763  -0.4669567445  -1.8190378351  -0.3083140439  -0.5549643611  -0.6511348401  -0.9647207055  -0.5005840943   0.5915337523  -0.3846483532  -2.1680843002  -0.0678774725  -0.8275915969  -0.9482851448  -0.9676410895  -1.7175192096   0.8291790277   0.4199641703   0.2421100280  -2.3258182775  -0.4781742729   0.3869813112  -1.4028542884   0.7963861422  -1.6781767972   1.9671384560  -0.5422403859  -0.3676694632   0.6114587765   0.1829989763  -2.3117062958  -0.4055571686
-1.7944175994   0.7841051292  -0.3035748182  -2.6767009193  -0.5341668348   0.5793569102  -0.4980917873  -0.5169464032  -1.2341350410   1.8608021001  -0.7445594782  -1.3418484408   1.2117267979  -1.0794105316   0.4280664312  -0.0811185798   0.7470579138  -1.5154925668  -1.1710971655  -0.1267490459  -1.4108252717  -0.4933174050  -1.6299397789   0.2841266410  -2.1292873577  -1.4793602019  -0.7271568317   0.3347873172   1.8503621976  -1.3331931664   0.3002419226   1.1377077623  -1.1861393269   0.6146394345   0.2654756232   1.7152060362  -0.5748177681   0.4892043672  -0.1421636827   0.8414701512
-2.1532277602  -1.5846203092   0.9204850897   0.4977078527  -0.0993591841   0.0457997594   2.0766812162  -0.8384911098  -0.2050594776   0.6894934137  -0.2195338346  -0.6626379295  -0.7421995070   0.3357513876   0.6242319262  -0.4420896925   0.2610046712   0.7878319069  -0.8015132670   0.4355295180  -0.1940011553   1.0479303488  -1.8327779526  -0.7957909455   0.2862666525  -1.1587853069   0.6471839632   1.0738499869   0.9165290118   1.8474092919  -1.1959660384  -1.1196070889   0.7085949405  -0.8704334605   0.3313660990  -0.5746122604  -0.2111071572  -1.2484535823  -0.4184021028  -1.4041503267
 0.1569938431  -0.3024422263  -0.4675494710  -0.4954586354  -0.3002933114  -1.5992943928  -0.7882225509  -0.0438718635  -0.8429447767  -0.5696332652  -1.4243795058   0.3284670841   0.0902855786  -0.1856160470   0.6622638328   0.6686665239   1.0457951575  -0.9116812177   0.3261350490   2.2092952422  -1.9111011740  -1.1881469818  -1.2932659843  -0.6481468836   0.2680667078  -0.1381810055   0.9579260713   0.3565325868   1.7772744176  -2.0497720057  -0.7155841766   0.6122554896  -0.6742631945   0.5908043574   2.5353664149  -0.2466708087   0.1679559989   0.3216894623   0.8650358353  -0.3996926600
-0.2110794074  -0.5706720160   0.6405427879  -1.4252356329  -0.0368053718  -1.3836530141  -0.0037380123   1.0961927510   0.5805597283  -1.4377009045  -1.8153356984  -0.1711152262   2.5008659508  -0.4811596305  -0.0699003900  -0.3908029332  -0.5295003903  -0.9027139015  -0.1488215303  -0.1369128953  -0.5607274279  -0.6276559969  -0.0875727730   1.3119752034  -1.2617131903  -1.8590333320   1.0407237711   0.3638289003   0.6605834386   0.3364400134   0.9466286381  -1.5712903149   0.4970942977  -1.6349465810  -0.9847844500   1.0569198563  -0.7622440736  -0.6499021990  -0.1311400858   0.5903308669
-0.4064370106   2.2782081581  -1.0971839209   0.5982973535  -0.0475915393  -0.1749268292  -0.9991653360   2.1730904134  -0.2698535676   0.7056302174  -2.1716534971  -0.0327021542   0.3005098357  -0.6576313693  -0.2381799629   0.9112709145  -1.5766674026  -1.0836924268  -1.0002343172  -0.0688664683  -1.6313071095  -0.8921491457  -1.5920660702  -1.3413792839   1.5349733772  -0.8933315506  -0.4762857809   0.1372726908   1.6386229538   0.3719017822   0.4287452995   0.1323995572   0.3980416902  -0.3339280780  -0.5823476942  -1.4460697536  -0.8748600729  -1.1783203482  -0.2783389022   1.2204116277
 1.0052332290  -0.4514665676  -0.8688380321  -0.0350162669   0.1438886754  -0.5508444763  -0.4920323120   0.5240573640  -1.9239297788  -0.5764013758  -0.5003857403  -1.3447771406  -0.8102312904  -1.1812459443   0.1567534582  -0.6621155183  -0.4745690823   0.9335780927   1.0871141097  -0.4807396063   0.9650513974  -1.2151862385  -0.3237498122  -1.0075927522  -0.9049025155  -0.2514794842  -0.8095138901   1.1802169363  -0.5161073292   1.3432443599   0.9864288378  -1.8267573715  -2.7175853990  -0.6273089782  -1.4226983211  -0.6677974558   1.2549356050   0.1238778400   0.5775770845   0.1734342220
 1.6574509761  -1.6146498464   1.7567101780  -0.2074791342  -0.3486884781  -0.2843671898   0.4626160885  -0.4162931056   0.6918745338  -0.3194039651  -1.5914456252  -0.5832098525   0.1086585250  -0.1083355732  -0.3219407327  -1.4373656129  -1.0974051483  -1.7244518145   0.4248847577  -0.1298850167  -0.4447179994   0.0258335066  -0.4072829529   0.4671005422  -0.5019639736  -1.2363681835   0.8346005506  -0.2821959044   1.9566928477   0.0018552502  -0.9247519119  -3.0301539600  -0.3175108312  -1.8442038594   1.0549408648  -0.3191896845  -1.3246780641  -0.6312158093  -0.2796231625  -1.5466488098
 0.4907099446   1.5976781478  -1.7005916706  -1.1950104115   0.2563477177  -0.6994278157   0.5106282538  -1.1076700029   0.7171371435  -0.3226680339  -0.1239294884   0.6495610573   1.6585254298  -1.3394987521  -0.7413120682  -0.5091928135   0.6445776185  -0.0603572355  -0.8290427692  -0.0129468866   0.5091398559  -1.1277615152  -1.7003288351  -0.6328642746  -0.9410674266   0.4750739995   1.0222689445  -0.3347755898  -1.1339187659  -1.5388096008   0.3493451085  -0.7195011889  -0.4690891375  -0.1388750075  -0.1072332123  -0.4522145046  -1.1806774645   0.4198887538   0.3368076822  -1.6777692395
-1.2641485255   0.6368450410  -1.8556994032   2.2993950247   0.1807959236  -0.8179819967  -2.9678167214   0.0458861709  -1.0174501885  -0.9088291770   0.9847086675   2.5084464590  -1.7816467789  -0.1753128974   1.5652738259  -0.3840386599   0.1832043099  -1.1053653894   1.9920553939   0.3665317945  -0.8282156686  -0.0666817733   0.0956351508   0.6625824412   0.4310514689  -0.8530287780   0.9445878208  -2.5170159305   0.8188490753  -0.5361997900  -0.4698711462  -0.8311471408  -0.4542014446  -0.7539498470   2.7812245953  -0.7789457130   0.3795931771   1.1764840555   2.3026816197  -0.0220470786
-1.0201728854  -1.1204801900  -0.1222428002   0.2615576267  -1.3612612041  -1.4430223830   0.6109249622  -1.1336851997  -0.0790073665   1.6659219858   0.5047197545   1.8140607605  -1.4333092024   1.3734227368  -2.1648283464   1.1988996595  -0.4309743997   0.3813134707   1.2929901529  -0.3285702528  -1.8748769452   1.1707030989   1.5764053430   0.9417910522   0.7757401451  -2.0894228159   0.5539916399   0.7861829312  -0.9915783551  -0.5775292619  -1.2430676549  -1.3748807765  -0.9790856041  -0.9377058814  -0.0802588863  -0.1211130375  -1.5662816839   0.4276651869  -2.2667893587   0.0783980282
 0.6570616634  -0.4793823369  -0.8221655610  -0.8366554988   0.4386929107  -1.2020126179  -0.5019740235  -1.5240019388   0.4005490036  -0.0225123858   0.2321213982  -0.5627145647  -0.4330839812   0.1726902359   2.3952086266   0.4559294494   0.8497738715  -0.3300036469   0.7459601084  -0.8502865381   1.5834221190  -2.1516228301  -0.3072527604   0.2479289883   0.7500154151  -1.0783324360  -0.9625692869   0.0730825066  -0.2757085559  -1.4583886133   0.5225181269  -0.3405981585   1.1396714985   0.2631059368  -1.6210798402  -0.2302971111  -1.4875937822   1.4994340633   1.2754229755   0.9716275369
 0.5859550247  -2.2877435617  -0.8421737949   0.7554327190  -0.2204879602   1.5059559066  -1.6651142890  -0.6297038790  -1.8107045112   1.1376554297   1.4823581368  -0.1367514851  -0.1045872014  -0.1832310609  -0.8510736516  -1.2064110121  -1.3528848127   1.9596694649   0.4069804743   1.1787059533  -0.3597645290   0.6549057587   0.7785866095  -0.4906129428  -0.0652199565   0.2784620843   1.0762432897  -1.3058189250  -0.5949064728  -0.9644577684   2.4114929269  -1.2793841505  -0.3018870389  -0.8380564819  -0.5243046884   1.1306593631  -0.0902125615  -1.8315799567   0.8515941757  -0.0283555441
-0.9410278372   0.6140168584   1.3576424609   0.2313572156  -1.4916158366  -1.0368922739  -0.7779921180   1.0848233085   1.0549380210   0.9088912266  -1.9675859035   0.0985303337  -0.9540129223   1.5158284053  -0.3576798215   0.0753011079   0.6390813360  -0.5693084414   2.1279129304  -0.7784865401  -1.1341882788   2.7311972226  -0.1980348016  -1.1627515775  -0.9820240597   0.3404136445  -1.0971674973  -1.0868919938   0.5537395020   1.5937198742  -0.4882353721  -1.8043514758   0.5342309855  -0.2987778284   0.9328031690  -0.2871331396   1.1599571651   0.0135811312  -0.1411528482   0.7731859472
-1.7444333269  -0.3535603082   0.8744097982   0.9322319865  -1.8781651411  -0.6396234397  -0.5718181499   0.7485896133   1.5252113717  -0.0564631361   0.8418032658   0.2984706981  -1.0295710574   1.0228770699   0.5108173775  -1.9028503882   1.4540860452   0.6139978965   0.2426234658   0.8439864256  -0.3527500765   0.2821572825  -0.4140787826   0.3078749639  -0.8443589214  -1.7970287065   1.4701136708   0.6417348438   0.1828478917  -0.3941207189  -0.6608665913   0.3634062910  -1.6781067164   0.1330163995  -1.5509470016   0.9303399640  -0.2376690394  -0.9167574731  -0.5612410882  -1.0865775277
 1.0126088560  -0.6855219497  -0.8796552229   0.0244937010  -0.9487988825  -1.2677484878  -0.9729509338   0.3210811879  -1.1436912164  -1.3126985639  -0.0681461914   0.3473093128   0.2004883958  -1.1334327438   1.3788449234   0.4684745905   0.6070503734   2.4285687673   2.9362903144  -2.4451937139  -0.4753684792   0.1411307058  -1.2772862766  -0.4472865520   0.3700312100  -0.3998084821  -2.3467689756   0.8120171270   1.0230605065  -0.4854143624  -0.3315329669   0.7678474853  -0.1714605398   0.1108082975  -0.2751671627  -0.3050935286  -1.1191980540  -0.5633927685  -0.5826850329   0.3796766215
-1.9649850783  -1.4067466829  -0.8610221762   0.2922642283  -0.9965126131  -0.9796809931   0.2037819203   0.1762967991   0.1892942427  -0.2340169475  -0.1450745957   0.7306104774  -0.7068746962  -0.0241259290  -2.4431512283  -1.9114620355  -0.4774205612  -0.2586567816   0.5434023592  -0.0167375554   0.6481390633  -0.1066257088  -0.7507626311  -0.0460852314  -0.4440765979   0.1161222173   0.5914363325  -0.3309805349   0.4969408171   0.1312872535  -2.0995878757  -1.7858983968  -1.9055663052  -0.3433387680  -0.2840563691  -1.5100537452   0.5096722156  -2.6226890276   1.8781814809  -0.5597563209
 0.0297523596  -0.3469315199   0.3826950665  -0.9204492867  -0.5254945618  -0.2497646207   0.1372199543   0.7203389596   0.2832199020  -0.6306134758   0.1533193494   1.7862800556   0.5935730031  -1.5536645153  -0.5756026544   1.2936995988   1.2753326682   0.1655378118   0.8062154500  -1.7090335546   0.4589111990  -1.2714837224   2.1657569451   0.6334606772  -1.0583198190  -1.1086257944  -0.3907050310  -0.3006758836   0.1511077414   0.4995900693  -0.5950361045  -0.0633512768  -0.0498744059   0.0921384978  -0.8324192547  -0.5950962691  -0.5603116082  -3.0550505874   0.2401766035  -0.8854713517
-1.7283761053   2.4490665953  -0.2109784453  -1.2997830113   0.2581152795  -0.0370197469  -0.2826614112   0.1842100502   0.4266904303  -0.9081044495   0.0685628778  -1.1917448404   0.4362068024  -0.9974883298  -1.8444666995  -1.3156892092  -0.1139957992   1.4556291771   0.3004453144  -1.0501562729  -1.0513120040  -1.2732280858   1.8407315810   0.9100018333   1.3106935594  -2.3832047505  -0.2608724337  -0.4876128676  -1.2627738664   1.1168492191   0.2507940684  -0.8125504140  -1.3357598583   0.4079959572  -0.5513623528  -1.0886055046  -1.6649583471   0.8974912509  -0.1669432831   0.3549953745
-0.3817456487  -1.2536502009  -0.5422026888   0.1910750289  -0.1435204088  -1.0058065800  -0.3009449163  -0.7766620872   0.7318049580   0.7681090157   0.9290494023   1.3058176120   0.2192382342  -0.5456614224   0.4172535070   0.6979098418  -0.9339412220  -0.2068772740  -1.6231521872   0.3122007503  -0.0020211707  -0.1233170165  -0.5603751714   1.1235200428   0.6732520154  -0.6621993023   0.1866777112  -0.5539673549   0.3412318519  -0.0060824055   0.7926964485   0.8545279827   0.1498414158   0.7769968605  -0.1436926799  -0.8412028246  -1.6832234321  -2.1618251353  -0.4961014126  -1.0267457583
-1.0451667586  -0.7086668739   1.2114076109  -0.1055201766   0.8032061418  -1.3577537008   0.4862423528  -1.5072466478   0.3812111384   0.8097434159   1.6788178777   0.1072237635  -1.1576098941  -0.1007931254  -1.4119892505  -0.9339806598  -1.2574324766  -1.0717494626   0.4875241533   0.0490066695  -0.5840550833  -0.1095368119   0.9261520932  -1.1470972524   1.8871366508  -0.2282965268   0.3069230741  -0.5367935165  -0.2459995921   0.5913453555  -0.9302808379  -0.1031773601   0.6027213041  -1.1817432762  -0.5584292468  -0.0150122631  -0.8121176899   0.8416451849  -0.2882542400  -1.0410977145
-0.2023344559   0.1353377490   0.0222988167  -0.4176823831   0.6903063980   0.8519276581  -0.5895138195  -1.0324599145   0.8447289914  -0.5546453813   1.4175322927   1.6379117650   0.4413449371  -1.2416549122  -0.8397698756  -1.8183226494  -1.9382757206   0.9664548586  -0.7338679056   0.2083457013  -0.8479154264  -0.0100847023  -0.6100615117  -0.8756573019  -0.7138445153  -1.8624206608  -0.1774448827   1.1490550023  -0.4264310090   0.8350647211   0.7985309103  -1.0614621095  -0.3687518916   0.5368474926  -0.9646595842   1.0822360805  -0.2266630506  -0.5997266549  -0.3938621923   0.9821237279
 0.4066814950  -0.6569011428   0.5238701380  -1.9579194614   0.4719647996   1.1688743225   0.0655470921  -0.0819917945  -3.0154178864  -2.3532773060   1.0119143871   2.2948792673   0.7892368251   1.8501446167  -0.3705014795  -0.2113191609  -2.0162109303  -1.0383719101   0.7545481575  -2.2386692920   0.3767572430  -0.0863848661  -0.7736562840  -1.8447767154   0.3564636493   0.6498517883   0.3510612326  -1.4092985639  -1.8047795526  -1.0382608423   1.3678985183   0.0660730690  -0.9813127271   0.7831463334   0.1222426137  -1.3629064466  -1.1003014621  -0.6663686518  -2.4866152255  -0.8274479055
-0.2873139137   1.4169216849  -0.6898270054   1.0310518051  -0.6042693864   1.0303958270  -2.9462306049  -1.5261382544  -0.7145904958   0.0631212175  -0.9894348165   1.4719794281  -0.0081528024   0.9915106140   0.0140009578  -0.6079053501   0.2219105616   0.3696070680  -0.7151638457   0.0181161589   0.7733251582   0.1964402947  -0.7000029696  -0.2603109922   0.5465303769  -0.6979436743  -0.2660917683  -0.6807129680  -1.0299389472  -0.2093464498   0.1321007780  -0.2939090020  -1.0697390074   0.6815910463   1.3742015580   2.3964226419  -1.9279158003  -0.3858091521  -1.0271679610   0.6115305654
-1.1979319442  -1.6503416284   1.4789399038   1.7345858767  -0.7742013496   0.7845395375   1.3759788717   0.9776854792  -1.6030343592  -0.2572055407   0.4088028095   0.6724763444  -0.9581674642  -0.3019005237  -2.3440931463  -1.0254523066   1.1960983215  -1.6356238385   0.2095658106  -0.2395205725  -0.9718579849   0.1528744819  -0.8317238325  -1.0552554778  -0.1809022877  -1.5763060788   2.1148163057  -1.1236563280  -0.5722725114   0.0022995733  -0.3151814010  -0.9955618658   1.1397287056  -0.4796806347   0.5782764652   1.0890398529   0.8911624856  -0.5238162365   1.6286736938  -0.7472300971
-1.6203339982   2.2592912994  -0.0872643638   1.2628593657   1.1579653197  -1.0365876914   0.0833457873  -0.3488912366   1.0193854451  -2.1481475360   1.8838160479  -1.8691737896   0.7202353231   0.0537618661   1.1526955035   0.6394887037  -1.6244266080  -0.5587551407   0.9168731489   0.0493557486  -1.4012871752  -0.1987916163  -0.6043160041   0.0699264784  -1.6617835702   1.0276381478  -0.7243512020   0.1471168588   0.8503010354  -1.0713159158   0.7089409426  -0.1705444244  -0.3822789606  -1.6951526549   1.8927377952   0.4582545331  -1.6531923190  -1.4701170868   0.3448702025  -0.3918580783
 0.4232449987  -0.3309043954   1.5149311797  -0.3963784471   1.5125014422  -1.0502011562   0.9099729146  -0.6970931428  -0.6377403483   0.3344633506  -0.0988376923   1.6596944186  -1.3217642182   0.0188516769  -0.1128063000   1.0174600156  -0.3150002901  -0.2426509806   0.9782622395  -0.4695888694  -0.0209730141  -1.9440402735  -0.8428109116   0.2554162210  -1.3775407093  -2.6408021673  -1.1638996047   0.0214667259  -1.7975148505  -0.0368802577   1.1279104809   0.6757024774  -1.7585251674   0.6257911446  -0.2488156785  -1.7389735856  -0.5961304395  -0.4764264267  -1.2802803430   0.5022993178
-0.4916302897  -0.2233884417   0.0195304444  -0.6692322287  -0.1799059291   0.3995810084  -1.6736266412  -1.2909230846  -0.1259324517  -0.7736681155   1.4715470004  -0.1728420206   1.4496127210   0.9888649440   1.6058700799  -0.6316667859   0.2274079036   1.0896135928  -0.9793092107   1.7996627980   1.9839589537   1.6415656048  -0.4911222845   2.2535883610   0.5286685744  -0.2240255686   2.0968373115  -0.1834544043  -0.4723556305   0.0914618383  -0.0035515924   0.7050314943  -0.6942603414   0.9389671764   2.0388585869  -0.0074702075  -1.1753679902   0.4217648792   0.4308341091  -0.7947584721
-0.2953829005   0.3348663939   0.6666232173  -0.0018073942   0.3273792927  -2.1792992487  -0.4358081425   0.8541104538  -0.7490630529   0.7933361015   0.3304319957  -0.0797767111  -1.2172174828  -0.3768557699  -1.7370033953  -1.1360555994  -0.4956294299   0.5472455299   1.1879619599  -0.2814424218  -0.4385467329   0.0147125590   0.9691287417  -0.5355305811   0.2874254150  -1.0969994206   0.3304386912   0.9296922572   0.5347042612  -0.7740937312  -0.6944064038  -1.3893683682   1.2434810449  -0.8249097385  -0.8745995083  -1.2140132793   0.2326420581  -0.9132446841  -1.1795079275  -0.3257448343
 0.7164231032   0.5050902289  -0.7755690776   1.1628752728  -0.5847256585  -0.2796878433   0.3121729812   0.3716488098   0.2684286579   0.4023408618  -2.4261864290  -1.0988839244  -0.6470323906  -0.3028762687   0.0279917539   0.0797400982   0.4751486733  -1.5979034318  -1.9988602529  -1.3023076537  -0.9778772871   0.8315466566   0.6470703578   0.3624205244  -0.1165125351   0.1543830306   0.8963581186   0.2098004779  -0.3632494375  -1.0835909246  -1.2476897877   0.3462174810   0.4082707686   0.7514135997   1.2495592278  -1.3917589790  -2.5190183121  -0.6269625335  -1.2563650979  -0.2378772140
 0.5772083368   0.7248455028   0.6484047092  -1.0380901366   0.6043794035   0.2763541117  -0.3497449914  -0.2860793881  -0.0030208323   0.1473399785   0.1060961041  -0.3925350632  -0.6334619611   0.0370708655  -0.8347413707  -1.7234978049  -1.2769820206   0.0126098924  -0.7954349389  -0.8083431542   1.5176339676  -1.1693529262  -0.1957325461  -0.6232566139  -1.0643922354   0.3689541132  -0.8392593309   0.9538003077   1.1863867997   0.9386389058  -1.0401383316   0.2437264208   0.9820101254   0.6841984339  -1.2643898470  -1.0712280400  -1.2726605669  -0.1775203023   1.0598892984  -0.5823776860
 0.1779193081  -0.8115290577   1.0169368209  -0.0470913912  -0.8581888488   0.5357055592  -0.7523752659   0.8811138908   0.1598725469  -0.4295754739  -0.9581317076  -0.6296115770  -0.0864012287  -1.0956776228   0.5549037833  -0.4155928473   1.1036610370   0.4992371930  -0.0089695987  -0.2801683150  -2.0822727340   1.5208293187  -1.0430776490  -0.8112995818   0.6367818404  -1.6653811721   1.5073706401  -0.3630867983   0.2276225075  -1.2147504891  -1.3091412741   0.2465581191   0.0129909580  -0.0303631418  -0.5928018423   0.6567833192  -0.7497142423  -0.1491286239   0.2350466899  -0.1569338426
s2
 1.5449106672
 0.6806208958
 0.1065979871
-0.6194435693
-2.1096123918
-0.1726155592
 0.7592870995
-0.4842983237
 1.0417052495
-0.1219490200
-1.0147031386
-0.8454540840
 0.1743824610
 0.4293009054
-0.1016281156
 0.3391502560
-0.9201946437
 0.1816871486
 0.5945964260
-2.0661480312
-2.5040276849
-0.6431373705
 0.1140060503
-1.7857956842
 2.1128128141
-0.1327553199
-1.1330398998
-0.0380739683
-1.7810264108
 0.1511040447
-1.1427630767
 0.3232447953
-1.1572043216
-0.6171013524
 0.9328516312
 1.1499140728
 0.5976226057
-0.1093081561
-0.1663755867
-0.3007812045
w3
0.1587985645  -2.0078813611  0.7947527067  -0.1539632829  -0.0969029925  -0.8205667727  0.1009923717  -1.6621477924  0.3277761694  -0.2919619882  0.1967841468  0.3318332986  0.1356045768  -0.0286547552  -0.1382349894  0.9859144685  -0.0492365182  1.6598759802  0.2040568526  -0.7515416500  0.1318606069  -1.6375755674  -0.1403528043  0.4745096526  0.3355651485  -0.1713987555  -0.8482474121  0.1682162157  0.0933213974  0.1041530358  -1.9824729915  0.2038864258  -0.3429140945  0.1302401362  -0.0642700295  -1.6653731252  0.1684580558  1.6049086164  -0.0792490740  0.2201748911
s3
1.5668653559

