layers: 6
str: {2,40,40,40,40,1}
w1
-1.4391576654   0.1489043206
-0.4184026109   0.8675972574
-0.4419358083  -1.3807245895
 1.1103852448  -0.9405148821
 0.8696227288   0.2203597364
-0.2710097978   1.6791081878
-1.1331689178  -0.2277452793
 1.1995403496   1.3826768830
-0.8494101737   0.2847624456
 1.0296933856   0.3339950902
-0.1799672750  -1.3578715643
-0.2884032529  -1.4067782339
 0.6427831805   2.3226427727
-0.3352824877   1.2141477437
 0.6753426608   1.7466203990
 0.4223436962   0.4253262635
 0.0945362395  -0.5829945546
 1.9346468867   1.7602388562
-0.6760679665  -0.1438332151
-2.2002329809   0.8895521439
-0.7551147139  -0.7816359008
 0.5531935263  -0.1429232977
 1.0184733350   0.7001538136
-0.2283355996  -0.3344976378
-1.0351895795   0.4349626555
-0.8835664381  -0.5654344549
 0.3973088422   1.4416895045
 0.3749265220   1.2898687167
-1.0835461916  -0.0644519988
 1.8598291985   2.0040362871
-0.4483112226  -0.4340698706
-1.0872186787  -0.1557417342
-0.3834072178   1.0977926084
-0.2647688004   0.8871409739
-2.4359537778  -1.1580883904
-1.5001659262   1.2673517290
 0.5276216914   1.4500594116
-1.6863041461   0.0381238365
 1.1691986958  -0.4950946341
 1.1033412880   0.4740151347
s1
 1.4422056507
-0.3848940302
-0.6517801537
-0.2765927035
 1.3351504475
-0.3078669723
 0.1236635664
 0.0182019679
-0.8925560809
-1.4864525466
 0.9529690822
-1.0048970345
 0.2081999165
-0.3821018796
-0.6754769087
-0.5085013146
-0.9008766580
 1.2849679070
 0.0223533835
 0.5786783498
-0.6711389766
 0.2964170915
-0.3967789619
 1.0784647072
 0.9200315120
 1.1120702750
 0.1422054931
-0.6594604320
-1.7831574496
-0.0378841533
 0.7792559398
 0.3194080809
-0.6056893603
-0.1240395497
-2.1460401010
 0.0036041812
 1.5526019186
 1.2166829685
 1.9282653727
-1.7270586906
w2
 0.6014090760  -0.7149767048   1.6250671145  -1.6445011695  -1.2494220275  -0.1430152579  -0.5443635042   0.3327164767   0.7914257151  -0.4452258685   1.4191725958  -1.5408025442  -1.7335782560  -0.3231824986   0.5242239962  -0.8027795485  -0.6925386966  -0.4462981234   0.1197247607  -1.3263588829  -0.3855838463   0.8581533959  -1.3383439418   0.6686845538   0.1448309930   0.9189661440   1.5940287075   0.4430626126   1.1684135100  -0.0018070109  -1.0720906084  -1.4882866347  -0.0168882128  -1.7472022166   1.8072443202   0.6288685825   0.2120420952  -1.7135777345  -1.7423275082  -2.3720033833
 0.2055344384   0.5971480597  -1.0587340635   0.1994984482  -0.1034449751   0.1354277899   1.0697086019   2.0274500459  -0.2605895942   1.0515267248   0.7198925167   2.6001662057   0.6818193784  -0.1529779288   0.7203749147  -0.9574961503  -0.9333815486   0.4586503735  -1.7527179723  -0.1672760755   2.0937598976  -1.3680054953   0.5757790210  -0.1361621445  -1.7927830986  -0.8655706081  -0.2973158669   0.1742914385   1.0595010511   2.1389462765   1.1978832808  -1.4573761308  -0.7512111493   0.4365824133   0.1029470237  -1.7414287756  -1.4828927483   2.5135054870   0.2650783527  -1.7881478797
-0.7174548606   0.7666810710   0.2697315399   0.6400549657   0.3698701147   0.1512868513   0.8596503211   2.6433855706  -1.2475105543   0.6688034337   0.2999069805  -0.7879694839  -0.2567396353  -0.0418182363  -0.2302673838   0.9414302308  -0.0518262324   1.2372374608  -0.9955346044   1.1096585550  -0.6561118257   0.5902017554  -0.8226083179  -2.0355710154  -0.6772727228  -0.4211993079  -0.3340515317   0.5299213639  -0.4802680311  -0.3971830156  -0.3830750862   0.3493684296   1.3533316052   0.7455103365  -1.1425793033  -0.1854814292   1.1904839770  -2.0586788967   1.7261156613  -0.0616621958
-0.7325497324  -1.5542575218  -0.5118564106  -0.5437234868   0.7260491304   1.0196931838  -0.6783297719  -1.0285350483   0.8864458319  -1.3855427111   2.1119683570   0.0830721681   0.4614823800   0.4669133943   0.4936628072   1.2815202409  -0.7322465793   1.1360672384   0.9189938102  -0.1320965830  -0.8487768312  -0.4870427896  -1.3249479675  -0.8202181536   0.2103150186   0.8477831814   0.2311537863  -1.4804222023   1.6466037681   0.3872156265  -0.6128198158  -0.3608508284  -0.0160269932   0.5702102217   1.5130291634   0.1568878152  -1.5971368104   0.9182155062   0.0449648775   0.0659864671
-1.2833922083   0.1066178923   2.7826382761  -0.3230120399  -0.0103452465   0.3936487752   0.2758321902   1.6220541801  -0.5380481402   0.5089401000  -0.1497952465  -0.2532493441  -0.9984359434  -1.3532277211   1.6221008251  -0.4309601425  -0.9288478965   1.1563797231  -0.3584292624  -0.9487423641  -0.9823661338   0.5238582736   0.6534714902  -0.2353259850   0.1521125767   0.2773114329   1.1793415552   0.2116390533   0.6988524919  -1.3390921541  -2.6967174298  -0.3671445692   1.4767675738   0.5096794754   2.1133445994   0.0760110766  -0.2076132259  -0.1622923100  -2.0450329597  -0.3817872437
 1.3777993110   1.8639117062  -0.8127518367   0.5058948460  -1.0920352662   0.2761225007   0.0227449905  -0.0798286968  -1.4010728452   0.0435326741   0.4028995357  -0.5140857687   1.3211281857  -0.0703267575  -1.8047270350   0.1260716199   0.2441139796  -0.1774345051  -0.6456282583   0.5288065942   0.1207362973  -0.5805549698   0.5656110557  -0.6177674172   0.2926948259   1.0653053965  -0.8082218033  -0.3217807984   1.5427743993   0.7223702209   1.0500149821   0.1926973625   1.8407055389   0.2941885108   1.2353299174  -0.8497865665  -0.7152324744   0.5867494982  -0.7246661526  -1.0807106775
 0.8830840613  -0.6807742587   0.9958229140   1.1195048351  -0.0125942893   0.5523481985   1.1578097761  -0.5329327649  -1.8461945306   0.0212786646   1.4527273904   0.3452734654  -0.4370346058  -0.0213355266   0.1352241729  -0.2122256425   1.6969456267  -0.9630123735   1.1772281487   0.6235121626  -0.0562671107   0.1981569363  -0.2219926108   2.2226354400   1.3311196296  -0.4315663737  -0.3574905492   1.3100172542   1.6047692580   1.1296787631   0.8098287581  -0.3097568803   1.2441863865   2.3153489747   0.2829417668  -0.4242139884   1.5664854258   0.7993296917   0.1805452284   1.7088774477
 1.8721515412   0.2909481597   0.8830121137  -1.4461024417  -0.3784620434   2.1187240805   0.5040975219  -0.6119725935  -0.7570659815  -1.5177617922   1.9627931611  -1.2984307302  -0.1385654716  -0.8516611946   0.2369782758  -0.7432900121   0.4027971452   1.2936105870  -2.2217026069   0.0476712655   0.1061595844   0.3645673892  -0.5770886855  -0.5442634318   0.4643656755  -0.6453117857  -0.6811923103  -0.1138831601  -0.4131608137  -0.9299350060  -0.1274040398   0.9679016617   2.1552075148   1.1762232177   0.4394860244  -0.4950921214  -0.0674783874  -1.2932758755   0.0541914641   0.4047620710
 0.7644364613   0.2667452740   0.0985846730  -0.3580342623   0.5475827389  -0.6652132716  -0.3800793193  -1.0529950313   1.2451965880  -0.0084081665   0.8144027745  -0.5410057861   0.7813349367   0.1018371974   0.3751056962  -1.0933478372  -0.2451897330  -0.1721628054  -0.6260894011  -0.3687970028  -1.0597107728   0.3649558459  -1.4269954315  -0.4679322619   1.5902673271  -1.9700993597  -1.0204759091  -1.1116699775   0.3088294968   0.3268149461  -0.6704707258   0.2939956614   1.4716332903   0.7238642036   0.6152032290   1.0483620549  -0.9752391264   0.6248650633  -1.8566278495   1.3013628499
 0.8209869766   1.0996054159   1.1331541022  -0.8952086657   0.4550775325   1.7457303086  -1.1679247591  -0.7359421140   0.0753021572   0.6090516677  -0.5297040232   1.3526262144   0.3113438718  -1.4944388566  -0.9108686060  -0.7526502798  -0.2873159392  -0.1855846420   0.6052223683   0.4078025436   0.2792216989  -1.0239910349   0.1217213563   0.4719989700   1.5385695414   0.3342565344   0.0455266676  -1.3831299993   1.1572530348   0.1192771132   0.6138230691  -0.6310931824  -2.0337648581  -0.2888902056  -1.6411092165   0.9560112971   0.6480802485  -2.1585661632   0.5277711305   1.5404534715
-0.1678083865   0.9577589750   0.2303536768  -0.5171980612   0.3344842195   0.7631405104   0.2257935727   1.4184674344  -2.1980877792   0.7504441712  -0.8045477324   0.5472294639   0.0943454843  -0.0904399668  -1.5820510667  -0.9224934440  -0.3870509587   0.0413665980  -0.2414312599   0.4564849305  -0.8472058304   0.8199437931  -1.0428314187  -0.1474357709  -0.6996121602  -1.0090583271  -1.9376033546  -0.5042419290  -1.4782114802   0.7898079418   0.6427139742   1.5975375596  -0.2371511071  -0.3329666396   0.2726366438   0.1347468335  -0.9589991327   0.1034441250   0.4775485180   0.6923415968
 1.3367634234  -0.1304696900  -0.2369645657  -2.5694532720  -0.1465348256  -0.0728728926  -0.7032346428  -0.8800342336   1.4602997884   1.3933473542   0.1508165685   0.4649062717  -0.8715405218   1.3676530162   0.1431548976   0.1842334242   1.6503118820  -1.2707262547   0.0980920941   0.2460515126  -0.3336494045   0.0085416715   2.0752525576  -1.3837615296   0.4865707530  -0.1072417626   0.2562762008   0.4791690479   1.0361663581   0.2048401108  -0.3191027134  -1.5420959313  -0.3481398236   1.4176800253   0.4223555775  -0.9278510115   0.0619103950   0.1808155538  -0.2491208897  -1.2215189062
 0.0244812636  -0.9703891076   0.1995777390   1.2736815916  -1.6656221956  -0.5378284035  -0.5525488704  -0.1637650501   0.6263095548   0.6784348339  -0.8004534029   1.1825447732   0.6418195144   0.1102547218   0.1232555891  -0.4672357603   0.1763044376   1.2434415103   0.7135260373  -0.3229349899   0.0416814152   1.1281113942   0.6562647695  -0.8711352776  -1.6147539094  -0.7129392275   0.9797247658   0.4159056541   0.3945095411   1.1503375326  -1.4568503747  -1.7439127274   0.2484315284  -0.9425437940   0.3606060332  -0.5244936072  -1.3193042672  -0.8742015227  -1.8132547494   1.6820552953
-0.9687473248   0.1836212536  -0.5299605811   0.0387700562  -0.8635301217  -0.3145403786  -0.6871763948  -1.0664057514  -1.1067891786   0.6618224749   0.1809638696   0.9609089888  -0.6157160139  -0.9612989829   1.5749061586  -2.0134508440   0.0134184991  -0.7285340584  -0.6500043740   0.8230516203   0.2712744127   0.1210694930  -0.9794427861   0.6527610792  -0.1132973540  -1.4703426949   1.4662043759   0.3002742072   0.4616544206   0.4721858262   0.2988554345  -0.1893294362   0.9950763358   1.0782756058  -0.7005856806  -1.2633322693   0.3001179694  -0.4440187850   0.0292978339  -0.1273319183
 0.1853705827  -2.4108402128  -1.9438201798   0.3528059985  -3.1463541382  -0.6800534437   0.2395687524   0.0916459012   0.9228882779   1.4394225302   2.0172946398   0.1243561264   0.0147801342  -0.8922091641  -0.8452300406  -0.3330121767  -2.5936450402   1.3095949541  -0.2746173199   2.0732250687  -0.0856632227   0.8436692320   1.0223048684   0.2347390392   1.4729409783   1.0088144874   0.5562266050  -0.7250202041  -0.8573053149   0.6849149437  -1.5633545403   0.3962644918   1.4338554596  -0.3514990699   1.3407043957  -0.6072443095   0.6251301506  -0.9978442455   0.0269550696   2.1720609724
-0.5558882678   0.5634024735  -1.1363886511  -0.0927630474  -1.0046091057   1.0017243184   1.6643843642  -0.4647139730  -0.8853452542  -0.1508734589  -0.2936945513  -0.6955747365  -0.3900469135  -1.2303246923  -1.7356653676  -0.5809122913   0.7438072386  -1.0881316663   1.3283662423   0.8716238685  -0.8153518774  -2.0526094696  -1.3560403594  -0.0385696048  -0.4498783151  -0.3449344328  -1.1450867684  -1.6292848786   1.6476338533   0.7382989063   0.0916185713   1.6844483745  -0.2626478023   0.0616984085  -0.4120358783   1.0981858816  -0.0106506949   0.4547076617  -1.0977305078  -0.5076834222
 0.5084599013   1.7237779365  -0.0107249863   0.6436823935   0.6255084089  -1.5385506620  -1.2002630013  -0.7879699577   0.1901460548   1.4470254677   0.0632495791   0.6268097740  -0.9408251087  -0.8014147926  -0.4395308460   1.3503880442  -0.1035785350  -0.8866392694   2.2976859718  -1.5301238506   1.2452398362  -0.1636946231   0.6662502164  -1.4929093324  -0.8659235880  -1.1216121522   0.6124014637   0.0374988191   0.3969280753   2.2138976442   0.1731782114  -0.8164113709  -0.6400997229   0.5589802356  -0.4064308911   0.1157547061  -3.0507693815  -1.0756299393   0.6754557373   0.3957810124
-1.5495396286  -0.1690228120  -1.5653298649  -0.8886138487  -0.7356910896  -0.1736981169  -0.9708943179   0.0206327260   0.2390140546   1.2532989891  -1.8542713657  -0.9813442244  -2.0644770434  -1.2114827800   0.2162855145   0.0695781691  -0.4967625651   2.4363545480   1.0684724608   0.7718728589  -0.1496592469  -1.0425868181   0.6393208164  -1.4616889640   0.2885140091   0.7052697387   0.8521896431  -0.9577692914  -0.6307847480  -0.2021526328  -0.3544512819  -0.4808746255   0.7231421723   0.8944711781  -1.1809813759  -2.2834159126  -0.1371521197  -0.5901020314  -1.2600607800  -0.8874025215
-0.1783257653  -0.6427542937   0.1414007755   0.8682677528   1.0459076062  -1.4616411205   0.6390608599  -0.5778000746   0.1067281056  -0.9907321316   0.4167670130  -0.5280470753   1.0248630114  -1.6468433288  -0.0004982471  -0.4704160214  -0.0194072423   1.6994946142   0.8466574616  -0.4866696881  -0.4513031540   0.6202823571  -0.4493553589  -0.5368989601   0.1290244037   0.8029067490   0.1251988768  -0.2108264215  -0.5042168359  -1.0413935530  -0.4413395018   2.3771995820   0.3857609694  -1.7866697284  -0.3190957069   0.5584346747   0.3727150285  -0.6326179320  -1.0880418038   0.7434797400
 1.3517603257   0.6657165437   0.7942820184   0.0096582865  -0.1094347861  -1.6312221721   2.6075164794  -0.5139581733  -0.0978493068   2.4690657728   0.4337450071  -0.3164691604  -2.3730340742  -0.6250704010   0.7898918844  -0.4053521990   1.1531541068  -0.0170171745   1.0771347289  -0.8893788104   0.9013376680   0.4342486232   0.5487678643  -0.3700063552   1.0188955911   2.4818940998  -0.7391158290  -0.8794959775  -0.2904806280   1.1675000593   1.0438245285  -0.7423578411  -1.8575740751  -1.2975581806  -1.5118324746   1.0985043947  -2.4700666652   0.9502822032   0.4154704176  -0.9884924986
 0.6691208417  -0.4590282962  -0.2083714250   0.9271370264   0.6989601867   0.7267737761   0.2614139000   0.2340473234  -1.0553624737   0.5729673429  -1.7720782826   1.8676770716  -0.4446544467  -1.2073114429   0.5080506230  -1.9410595416   0.1654380236  -0.8370507501   1.1356518741  -1.8368420633   2.2672361650   0.5107692314  -0.2959984250   0.3381294826   0.8407365198  -0.5182331116  -0.5659324009   0.3436969631   1.9000072803  -1.0562753449  -0.6153715353  -0.4397724522   0.8624050852   0.3653177255  -2.3654281857  -2.6559052403   0.9833415049   0.0141282307   0.5090737497   0.7154659834
 1.3305955948  -0.5055354519   1.6365325140   0.1632400087  -0.8029305772   0.7513682865  -0.6879603957   1.3376131882  -2.1081655991   0.3907629447   0.4576583332  -0.6051674302  -1.1057910381   0.2403096323   1.9088461925   0.1005719581   2.2346345565  -0.9312690391  -2.8025287196   0.7193805204   0.2378840679   0.3933583110   0.8217225051   1.4238499768   1.7738245796  -1.3023008657  -0.8163795974   0.9296634629  -0.4619270276   1.8175832477  -0.1384039870  -0.3193205634   1.1163230783   0.0408131833  -1.3865093715  -0.7006724327  -1.0552299012  -0.4996837747   0.6340068429   0.9369012609
 0.3126743435  -0.3393839968   0.7428335205  -0.4913381807  -1.3238227808  -0.8739294077  -1.3049444110  -1.5156163340   0.2295559212  -0.6028837380  -0.1873004640   1.8241345867  -0.0997521228  -0.2985001936   0.8299011632  -0.4838879948   1.5094381098  -0.0738101240   0.0917886332   1.1587561197   1.1339770194   1.1803392820  -0.5333882077   0.5991576368  -0.1964536006   1.6731852925   0.6428782872  -0.2714144603   0.2465072206   0.2990899632   0.0397083531  -1.7773324256  -0.0469742024   1.6885323677   0.8463512212  -0.5976086209   0.5260056426   0.3355811824   0.9159816821  -0.7947158987
-0.1590264326   0.3629214274   1.5794812349  -2.2391187542  -0.4720872295  -0.1064963532   0.7644107139   1.0429095573  -0.2681614639  -1.4466849895   0.1794463547  -0.8234698801   1.1540699397   0.1404119311   0.8147617916  -0.0959374005  -0.6625810836  -0.8123943999  -0.7586102091   2.0529036597   0.4008130051  -0.9927333996  -0.7695955742   0.5063480955  -0.2613791725   0.1036272228   0.7339087785   0.0526617713  -0.2055738063   0.5179993125  -0.3486940112   1.6237706430  -0.4902794759   2.1198842487   1.5401788979  -0.9874420811   0.8010825743  -0.6555897093  -0.5071161081  -0.3674405643
 0.8772138915  -0.5366756038  -0.1154247327   0.9619919246  -0.4416430556  -0.6434842814  -0.3058048351   0.7936875142   1.6974324570   0.3982002150   0.1907844612   0.1804725394  -1.0392761033  -1.1335746462  -0.6001898698   1.0849361871  -1.1957350329  -1.8054379011   0.0305841457  -0.0036860337   0.3089933883   0.2410515472   1.0360368084  -1.0036559184   0.0955648026  -1.3057139076  -0.0529572881   2.5858230802  -0.2957979206  -0.6519469625   1.6195380708   0.8117599840   0.1898884080   0.6255829076  -1.4138326720  -2.2747300778  -2.1614948015   1.4606796182  -0.0984855322  -1.0139619047
-0.9103797146  -0.6835184564  -1.4008377119   0.0487525421  -1.4998975489  -1.5055992935  -2.0227007295  -0.5613042321  -0.2189203317  -0.8823637324   0.0727034923   1.1636607232   0.3194175117  -0.6429949288  -0.9291503709  -1.6767382753   1.2514034457   1.2860319718  -0.0588302843  -0.2283040745  -1.9875893280   1.9209854303  -0.1381368247   0.9954828619   1.9251329073   0.7158905755  -0.8716319953   0.5329932400  -0.1623263022  -1.9105968541   1.0295852609  -1.2108143304   0.1012451237  -1.4717933353   0.9859344714  -0.6023063920   1.2379928153  -0.3870888681   1.7815282456   1.7716285288
-0.4075318435  -1.1762034334  -0.5031338562  -0.8875554386  -0.2374331643  -0.4020598461  -0.5717000130   0.1722849213   0.3280577265  -0.7061999464   0.6769337799  -1.9723570424   0.5909778972  -0.0745765659   0.2632197395   0.9360142147  -0.2706286717   1.5556289625  -0.8231120562   0.0822641783  -0.7909337676   1.0198178943   0.4989131752  -0.6207160954  -0.2169831254  -0.0907503045  -0.6288259111  -0.9320915898   0.5449716179   1.6709890587   0.9547643615  -0.5534542188  -0.5270995695   0.2126691736  -0.2271933522   0.1918270566  -0.0582131850   2.1964168770   1.3978444685   0.2656971844
 0.5639789125   1.0106799912   1.0527349938  -0.1847260257   1.6317462752  -0.3628941480  -1.5434335821  -0.1576937421  -0.4995480386  -0.3176010496   0.8779094518   0.7553587886   2.2949956708  -0.1186523797  -2.0945463347  -0.5814023857  -0.8018285830  -0.4965829170  -0.6148386574   1.1589364081   1.1941631580   0.1385880475   1.7343015951  -0.4010457483   0.3963657661  -1.0476273003   1.0516409073  -0.3245171856  -1.7282179236  -1.0818091115  -1.3704191233   0.6938159236  -0.5020305467   0.0236693344  -0.2165110925   0.2112064899  -0.2549892334   0.3885098835   1.0153765959   1.3261022911
 0.3134318651  -0.1195067566   1.3692634658  -0.6909489290  -0.3501815627  -0.0671228757   0.3249620954   0.5848887070  -0.6076924697  -1.3041196121  -2.7084950829  -0.4382428404   2.0266179578  -1.1159656865   0.1044613823  -0.1342895684   0.6473100914  -0.8080546790   0.7541505367  -0.4882739877   0.0782774689   0.9549879954   0.0944339065  -0.0127689408   1.5357794886  -0.7059909418  -0.1363169560   0.5448079623  -0.3507882274   0.2022516539  -0.1518431051  -1.8229263970  -0.7924121737  -0.3642674771   1.1512715065  -0.0077023483   1.3197523939   1.3165308732  -0.4605009210   1.5536201469
-0.0655348563   0.6145655633  -0.6386466904   0.0131597651   1.6497824814   0.7189392685  -0.8686982166  -0.8368871324  -1.4251353224   1.2546478714   0.1433320653  -1.1005056436   0.4385912093   0.2009242839  -1.7467301773  -0.8611304436  -1.4036039445  -0.8777753488  -1.0344767389  -0.6424605285   0.9647139031  -0.7494564946  -0.8697341146  -1.2815344486  -1.4043636855  -1.1929438836   1.9373320994  -0.0222023882  -0.9515716895   0.5088794144   1.8130367335   0.7078874635   1.8973539659  -1.4623108359   1.3507387085  -1.7129735247   0.8584162110   0.3921659362   1.0716123810  -1.0331565755
 0.9602872622   0.0714573427   0.1153786710   0.3642261647  -2.4262144341   0.2042950503  -1.0901134746  -0.8440695350   0.3462368587  -0.2878069342   1.0845718541  -0.4492893693   0.4809962999  -0.2501253591  -0.4953060751   0.9918689864  -0.7592390544  -1.1630780929   0.1343347175  -0.2372241670   0.6360629614   0.1901255152  -2.1887825829  -0.1942685556  -0.3860262787   1.5218707838  -1.4181195044  -0.7207717075  -0.9329141462   0.7081689715   1.8947919309   0.2632294165  -0.8608797602  -0.8764799052   0.2728944120  -0.9413420462  -0.1471311590  -0.0056691710   0.2376628858  -1.2512620906
-0.0095038812  -0.0232090864   1.7931516850   1.3851536311   0.3124976483   0.0597891476  -0.5260136555   1.5300667229  -0.0915370300  -0.1636188454   0.5900500584   0.7525509448  -0.3087551593  -1.3444271480   0.0702931572   0.3206641654  -0.5184331546   1.0920633327   0.5351407146   0.4687124439   1.4648511134  -1.1498274072   0.9540003988  -0.7068518230  -0.2303570769   0.6136006957  -1.2241606400   1.5591343848   0.8703158244   1.6413445983   1.3158771346   0.1874514832   0.3271111692   0.8997699154   0.6681933611   0.0119996974   0.8860181683  -1.2842879278  -0.9133788308   0.2535942197
 0.2916598927  -0.7475197665   1.3054380159   0.7966955958  -1.5456844023  -1.3835590344  -0.8584381332  -0.9407003636  -0.6218810196   0.4893964101  -0.3828068616  -1.2351774058  -2.5957964238   1.7581634253   0.3908820780  -0.3444756432   0.3659805189  -0.3941678269   0.5342756746   1.1191770552  -0.8622441872  -1.6494887535  -1.5918085046   1.1154201728  -0.9913843907   0.6554080310  -0.6149411764  -0.3804462812   1.8183228206  -0.7681648474   0.3804824121   0.4583962568  -0.7077427637  -0.4058312295   1.9374485461   1.9515139886   1.1387378126  -0.1630185824  -0.5849558341   0.4629783918
-0.4771216301   0.0008743197  -1.0393697167  -0.5382174306  -0.3736568398   0.0476287781  -0.3492133804  -0.6209854995   0.2989739512  -1.0721339333  -0.8241326076  -1.1865853327  -1.2458939627   0.1370561491  -0.8781860935   1.3142779743  -0.9138256843  -1.0825226949  -0.0071622325   0.0745214294   0.0838862126  -0.4431445064   1.2977101977  -0.9355734745   1.9764050466   1.3026327633  -2.5718280269  -0.9306652986  -1.4407219719   0.9308218651  -0.2672563735   0.5439629742  -1.0127962474  -0.3066733325  -0.7113688708   0.1943173440  -0.7248022497   1.2183227054  -0.9125958655  -0.7575936881
-0.6205035867  -0.9111401570  -0.4333651802  -0.8990572779   1.2534537892   0.4387561875  -2.4146146747  -0.5282803830   0.6188885822   1.4475322721   0.1547887904   1.2777394916  -0.6389585052   0.2797854096  -0.5965245776  -0.9056976921   0.2715273806  -1.4129515357   0.0942724237  -1.8093324123   1.0246805996   0.8324059258   0.7086640105  -0.1004750814  -0.5892248683   1.7628667739  -1.8461802865  -0.9355120822   0.0694038467  -1.3186260346  -0.3462121872   1.1261077188   1.4058736842  -0.9805065754   1.7064589718  -0.0306600189   0.3294493189  -1.2078302592   1.1888938544  -0.2381994939
-0.9050230949  -0.3323533076   1.0174164551   1.0638502826  -0.6618176765  -1.2670763783  -0.7416295673  -0.5966926491  -0.8597246643  -0.9804215356  -0.1678015086   1.2580596772   0.7349006880  -0.0578480990  -1.1140643478  -0.9517287903   0.8662095593   0.5737857966   1.1205856572  -0.0075689496  -0.8453556034   0.5978295729  -0.0764917003   0.9129566501   1.4589532767   0.8201962969   0.0740609077  -0.4694106698  -0.1328087549   0.5575863805  -1.3163134262   0.2234747680  -0.4349585967   0.5530981892   0.7464445699   2.3157076607  -0.6381968491  -0.0386278697  -0.6050930106  -1.3745476609
 2.1944368285   2.0791374113  -0.0418566162   1.1546520814  -1.0039997788   1.1068536274   1.8149505716   0.2276242518   0.0892301604   0.1555180390  -1.9947708580   1.2293739603  -0.4583363453  -1.3552010254   1.0283702553   1.2766580321  -0.4598146504   1.9715240910   0.3423918184  -0.9278584845  -0.0045163013   1.2700491028   0.6221827471   0.3084759652   0.0660201899  -0.5857122302   0.3575613501   1.0779481179   0.1573527468   0.9426840457   0.1135064837   0.9082275720  -0.7829224382  -0.2421390860   1.1796183894   1.4108334326   0.5751758665  -2.1235516366  -2.8334048000   0.6724882231
-0.3813533221  -0.3697560576  -1.5592863429   0.8031969156  -2.1337224932   2.4625053600  -2.1375515012  -0.3028623489   1.4949519489   1.0770022147  -0.6765670053  -0.6253811392   0.2886178623   0.1501081326  -0.1925993509   0.8458010042   1.2199943024   0.8742826207   0.7188783944   1.1565717550   0.4770667795   0.1961123590  -0.0180352633   1.5345621933  -1.1463691427  -1.2894207708   0.8173143150  -0.0512792915  -0.2318319105   0.6633820070  -0.1444303009  -2.1708915124  -0.7949195440  -0.5143570784  -0.6573365088   0.5559572352  -0.6254110467  -1.0652250173  -0.5742232629   0.7957340261
-0.0403010240  -0.7665470927  -0.9447460148  -1.0332031328  -0.5178606528  -0.0790040307  -0.4723739139   0.5419728713  -0.8668806049  -0.3421234210  -1.1090230289   0.5692606269   0.2424229331   2.6512043920  -0.6902538444   0.5224661999   0.9279974250   1.6661737420   1.4691084930  -1.8387241395  -0.3919388515   0.4353701945   1.7062856375  -0.6964825134  -0.2768127736  -0.1770128395   0.5113827205  -0.6496758390   1.4047668618   3.0844563894  -0.0023789635  -0.9673657525  -0.5801930424  -1.2557342990  -0.2615743061  -0.3518748671   0.0215155165  -0.9642348909   0.4044890677   0.8016168521
-0.5310020655   0.5454161190  -0.4926841983  -1.7245752141  -0.2455578255   0.5868123051   0.9268419010  -0.6886500002   2.4735852629   0.6461455090  -0.9424400167   0.3138185401   0.6848956451   0.6170395544  -0.9076573604  -0.8041486643   1.1650309242   0.3480505226  -0.1200643300   0.4943182499   0.8513381739  -0.8173434855  -1.2856077300  -0.7015945305  -0.0228169974   0.7260140935  -0.8474211220   2.0050153113   0.2036987368  -2.3025001251   1.7869609481   0.3273183974  -0.9429914745  -0.6018801105  -0.3465779302   0.0828787984  -1.4190071933  -0.0772546546  -2.0960644902  -0.4591734729
s2
 2.0226390758
 1.0443517637
 0.2915636689
-0.5280063663
-1.7956225199
 0.1864063837
 1.2960290048
 0.1820181082
 1.0799006531
 0.8215035772
-0.7341880050
-0.4609681689
 0.4462574632
 1.0243202224
 0.6609386265
 0.7615159812
-1.0837247209
-0.1431469017
 0.5557180395
-1.1135608824
-2.1205804292
-0.2957911040
 0.7252362252
-1.5851242945
 2.5275821008
 0.0811112007
-1.1224093631
 0.4815073219
-1.1425368934
 0.6370729509
-0.3728900132
 0.5560141140
-0.6903540166
 0.0208920031
 1.4147368926
 1.1837809613
 1.0193740786
 0.5053287847
-0.1163421300
-0.1430199178
w3
 0.0661787159   0.2832982418  -1.1543355108  -0.3663277809   1.0457452472  -0.5482488871  -0.0326558993   0.4936757730   0.7123486642   0.5887005063   1.1884002995  -0.1095785421   0.0430628627   0.7000158555  -0.1313967159  -0.4441660929  -0.3275106886   1.9935853228   0.7145393838  -0.1348316312   0.0422910145   0.3795673171  -1.3236790290   1.8388989946  -1.3595153126  -0.1797187097   1.0988010547   0.5328613457   1.5441079910   0.7635562545  -0.0386987447   0.6687021779   0.3967747721   0.0349445745   0.5423820231   1.7127381478  -0.3452257012   0.7538594831   1.2477321964   0.7205968673
 0.1175071873   1.3580288078   1.5718724402  -0.9499915148   0.3963295085   0.3515739888   0.7077249272   0.7923585639  -1.1191279189  -0.6282787482   0.2355997944  -0.8177085748  -0.5249848095  -1.4012458561  -0.1194060536  -1.1071983499  -0.3118884243  -0.4956644368   0.7020089418  -0.7547108165   1.3708106512   1.0185531878  -0.8930016923  -0.2897973105   0.0106863839   1.6771038681  -0.0030149176  -2.0636911256   0.2836334040   1.9256248966   2.1351799283  -0.0703230070  -1.9265997698   1.3715383629  -0.1427421203  -0.8396808527   0.9429473158   0.2343000384   0.6546074991   0.6704572488
 1.2750663942   0.9716897519   1.8598524850  -1.0641168513  -0.5221240814  -0.8511786555  -0.6133261065   0.2691693814   1.7530505158  -2.3392157811  -1.1030698532  -1.4190286300  -0.6156760651  -0.3963497869  -0.1612592384   0.5041324115  -0.8222762647   0.6287473323   0.9500108114   1.1129243149   1.0352281487   0.9965931799   0.3900130073   1.1351557410   0.5438371629  -1.2583560813  -0.9425966226   0.6866287353   1.8958336985   0.1341674301   0.4745673212   2.2920641595  -0.6394664039  -0.2414308103   0.1673531815  -1.0323761251  -1.0332518580   1.0625804446  -0.1009987570   0.9539795974
-0.4176068232   1.4185043481  -0.5718933916  -0.0148786767  -1.5736534186   0.7603997233  -1.5064395415   0.8514455657   0.1745569673   0.8187715616   0.1774222336  -0.3081580694   0.8606478281   0.6986643668  -0.0952243703   0.5063637085  -0.5935758533  -0.1773113334   0.3693010742   0.4705166319  -0.3479896009  -0.0404165829   0.9288967466   1.1999698097   0.7266093431   0.8746955033   2.3436942158  -1.0011511331   0.8646809271   0.8673477270  -0.8350737368   0.0512581080  -0.7333996961  -1.0265491443  -0.4545785808   1.2218274331  -0.3602944147  -0.1200116783  -0.7178640105   1.4279990228
-0.0200873709  -1.3223595351  -0.2489180601  -1.1005144337   0.5022367941  -0.6788087341  -0.5979506001  -0.2805031295   0.5181389519   0.3094579373   0.1325172690  -0.8622476717  -1.2214925110  -2.3392771751  -0.4755308852  -0.2663591720   0.3631552168  -1.1691191844   1.4426786748  -1.3622554727  -0.5064677239  -1.4504576652   1.4127227512   2.3278024020  -0.7034833142   0.5517962588   0.0359819161  -0.4478333074   1.3715914517  -0.3983655118  -2.0683998195  -0.3351916880   0.0259500478  -0.0222083072   0.2569306792   1.1621227491   0.8515912796   0.6960365010   0.5862072653   1.2473472870
-0.2481985034   0.2324461411  -1.4168117507  -0.7463083951  -1.1007016713   1.0527726032  -0.0726793767  -1.5294742310   1.3421793967  -1.3683589693   1.7269088830  -0.0783583490  -0.7116131956   0.1386918698  -0.1948488017  -0.8483360277   0.3822689920  -0.5209400068  -0.9261079830  -0.2358726437   1.8576395294   0.9161846071  -0.9774753938   0.1754035690   0.6408855508   0.9048936749   1.1306381983  -1.4549139017  -0.1025066764  -1.3150866067   1.1854605717  -1.8848010023  -0.8481406761   0.8061311642  -1.8177204597  -1.3076388833   2.1160220660   0.9464157014  -0.7628054532   0.5955150624
-0.3407310320  -1.0829963551  -1.4509058168   0.9350362884  -0.2577492862   0.6053010532  -1.0593739658  -0.1485170669   0.5736428296  -0.7951520930   1.1106288211   1.9391985063  -1.0465029776   1.3455427286  -0.2283669471   0.0088780796   1.0389669620  -0.8602170304   1.2486269464  -1.1152303581   0.6552005374  -0.5937551514   1.1969536148   1.0164412156   1.7891782824  -0.2053108889  -2.0567338184  -0.5379871344   1.0129815754  -0.6034856534   0.1701367801   1.0609457895   1.1000097250  -0.6747188106   0.4932986736   0.4355737086   0.5754776039  -0.9140654367  -0.4580654993   2.0128823233
 0.3086075290  -0.0023056784   1.8082932155   0.2872268531   1.4646603453   1.7340442345   0.1323117731  -1.7396953002  -0.7841789858  -0.4899031378  -1.0432356264  -0.0046648574   0.1542652524  -0.8023750374   0.4305929878   0.3969533152   0.3456320953   3.0219016434  -0.1397110646   0.1361004300   1.2752514733   0.2855819281   0.7687386677   0.5926715800   0.4379928153   1.5106434513   1.3915838877   0.5406760578   0.7132476086  -0.8350529953   2.2335089561   0.9213101375  -0.9029658561  -0.0422621507  -0.2177247817  -0.5958304013  -0.4777991471  -0.7879441698   0.8230071624  -0.1704908958
-1.6432420710  -0.4128803780  -0.2709706376  -0.6326143260  -0.8219274060  -0.6608097143   0.8052227347  -0.5756927246  -1.6948566581  -0.1685543770  -1.3187177155   0.8361883659  -1.2943828018   2.3113890547  -0.9544202405  -1.6706059446  -0.5492986460  -0.2500434360   2.7746712437  -0.4575427158   0.3844169766  -1.0164285773  -0.4452929383  -0.1320124497   0.0269128586  -0.5821552278  -0.1972958961  -0.7750366794   0.1256142662   1.5583033357  -1.3478357946  -1.0530391027  -1.4116797873   1.4745186626  -0.4281525404  -0.8097020815  -0.6867277027   0.8221323100   0.8070701251   0.8863050228
-0.6144598454   2.5205723339   0.6049076886   2.4452537553   0.0021699276  -1.7586185305  -0.0774679313   0.8975167642   1.1102780600  -0.0199814733  -0.6149321546   0.5464302765  -1.0917712753  -0.3587649403  -0.0790113396   1.3568023889   1.0374845125  -0.5790158861  -0.2971329964  -0.2443867145   0.3090155715  -0.4268382962  -0.8907523691  -0.2042791674  -0.1833092827  -0.9506842694   0.8329236780   0.4705035444   1.1398271917   0.1789190343  -0.2681833928   0.7606088364  -1.7101660708   0.1099398483   0.7993535481  -1.6004036467   0.4935265916  -0.8744938129  -0.1255337942   0.5468572074
-1.6387531181  -1.8790017902  -0.9019696177  -0.7689174326  -1.4266059924   0.1306724535   0.6883440986  -2.9756255370  -0.4128629092  -1.6245496822  -0.1314240938   0.3778724251   0.1631659661  -0.6773517002   0.3077962568  -2.1825670969   1.8398100578  -0.1576306203   1.7713800383  -0.6764544427   1.6305714999   0.5390161940   1.3663286786  -0.3434752262  -0.9038531231  -0.6265884754  -0.6565273778  -0.7082528378  -0.3737205290  -0.6112330693  -0.2391426931  -0.6444499750  -0.6024870478  -1.0980399848   0.7429125538  -1.1984764285  -1.0893930410   0.9640821402   1.4059161884  -1.1616722072
 0.8385400727  -1.2604621311  -0.2014454561  -1.9534193027   0.2249778579  -0.0650795574  -0.0543102707   0.7529633531   0.5794817222   1.7713784255   0.6952832729   0.8218364378   0.1182832091   0.9109431742   1.0123681310   1.2648859896  -0.1861902207  -0.5598238906  -0.6758938698  -1.2364929021  -0.7753261640  -0.9087412201  -1.0418713013  -1.2854288298  -0.0484199777  -0.6800966204  -0.4631909935  -1.2562794736  -1.0414524274  -0.0233190416  -1.0623760587  -0.5808255239  -0.1426040122  -0.3195089251  -1.1286474262  -0.6954566727  -0.1861419422   0.7054431688   0.2580524745   0.2324598597
-0.4303034322  -0.0240034543   0.3338353590   0.8348916639  -0.2157677422  -0.6051586655   1.0431638132   2.5771107387   0.4676235175   0.1635631026  -0.1504967281  -0.1586410093  -1.1114042421  -0.2491120687   0.2076894679  -0.2878254245  -0.3779299795  -1.4396367839  -0.8523019027   0.8772966612   1.4714548484   0.9330049955   0.7510018143   2.0311551701   1.6682831040   0.4212438512   0.4119695422   0.8046838211  -0.9353006783  -1.0688902261  -2.2191638046  -0.5880456937   1.2983394817   1.2178777093   0.8092381546  -1.0349606740  -0.4761933281  -1.0164503960   0.9679351015   0.2853309303
-0.0821817585   1.0670215184  -1.0867511730  -0.0474180231  -1.0692406728   0.0260091183  -0.4395216388  -1.9590643332   0.4699077584  -0.4723091663   0.2015807570  -0.9985050115  -2.1735927189   1.1852916207  -1.3844749186  -1.4616728493  -1.0090747787  -0.2583948816   1.8934402367  -1.0381585688   0.6976952046   0.9706435250   0.4129782254  -0.9312699981  -0.8816751859   1.5573853862  -1.3700872134   1.1186833761  -0.0366848368   0.3763816440   0.5729419427  -2.0182948755   1.0320029112   1.7154034518  -0.3123586415  -1.4130226089   0.1920650348   0.8525026946  -1.0108514866   0.3507309293
 0.8597318951   0.2948172431   0.1014124309   0.0607468486   1.4901461973  -0.2681564295   1.9922276115  -1.2171476741   1.8461576484   1.0456086103   0.1435347282   0.5350910682  -0.6649757039  -0.2771341941   1.5919897512   0.8751496481  -1.3620647324  -1.0082386009   0.2657331755   0.7135656877   1.4275421805   1.4813619144   1.5132346598   0.4429102105  -1.2867382198  -0.5341812737  -0.4179788525   0.6732374219   1.9985308814   0.9614989310  -0.3712749437  -0.1521646883  -0.7850031369   1.6053860617   0.8721029502  -0.8721486193  -0.6558291826   0.0859365170   1.0442932741   0.2143845634
 1.6178065900   0.6879177987  -1.3085542207   1.7963415684  -1.5813103651   1.7833703849   0.7242622203  -1.3450671645  -0.0728625171   0.5781957945  -0.0165000125   0.0543936784   0.3139617660  -2.6287524960  -0.4282176592  -0.8407251515  -1.3158444845  -1.6421050434  -2.1215900044  -1.4801228793  -0.5409262989  -0.0789759842   1.4762087829  -0.8443771421   0.3409240549  -0.3554856818  -0.6887571660   0.1897656340   0.9251748321  -2.5434530130   1.9857887189   2.8759484699   1.3186905058  -0.5353487616   0.2611008834  -0.5149380686   1.5352057049   0.7969706057   0.0349008400  -0.3412420692
 0.2950525397  -0.3380833970  -0.6040773446   0.0090369294   1.1738695086  -1.4862767764  -0.6754157216  -1.1844145988   0.6209631994  -0.9744422004  -0.7885518129   0.2201358910  -0.0916065478   1.7604952671   0.6153861698   0.6675309957   2.2641674878  -0.0682904139   2.0707211954   0.0956906146  -0.4996066945   1.0879732577   1.0504908002   0.0621203292   0.5074046822  -1.2364142710   0.3628116539  -0.5451623747  -1.5377754319  -1.7111664640   0.3097683597  -0.1616336839   1.1245100138   2.1852585697   0.1509189436   0.7153835730   0.0000934723   1.0000921564  -0.1812735681   2.4361922658
 0.6158469278  -0.3500718278  -0.6840075256   1.5622234883  -0.4329801759   1.8952849912   0.1898029687  -1.1288724543  -0.5276949063  -0.5290732514   1.1416421417   0.9371784666   0.0724146294  -0.0822400940   0.0853556682   0.4860140270  -0.3118960707   0.4063637450   0.8082020585  -0.7031625004  -2.7042599501   2.3613259892  -0.9920214321  -1.8768412718   0.2740245235  -0.3314407912   0.5044987541  -1.4788634515   1.7134156832  -0.9422365127  -0.6597382180   1.9218123892   0.2302749797  -0.0650254119   0.2128418089  -1.5596947004  -0.2199130535   0.5398275924  -0.9355698293   0.2322486125
 0.7412986174  -1.1957662898  -2.0274776577  -0.3533551994   0.0859229968   1.1996009670   0.6394308041   0.0962425294  -0.2418208466  -0.1749599012  -0.2433276122   0.0351849430  -1.0754693311  -0.0766173317   0.2136838210  -1.2824285930   0.8888279943   0.8321017095   0.9369521806   0.2347700828   0.3475314158   0.1980636265  -1.2063672257   0.3491546972   0.8093745720   0.2727282717   0.9299646016  -0.0724291225   0.7943601069  -1.6469887602   0.7323857737   1.5389248696   1.0685235626  -2.6190273157   0.1936314449  -0.5856517007  -0.5391741230   1.1610813358   1.6156693007   0.6044717201
-0.7914725795  -0.1201034064  -2.2836451539  -1.1862164260   1.6579723529   0.0089229285  -1.2983400095   0.4796749394  -0.8919631552  -0.2746205759  -1.6655820947  -1.5283686692   0.5541084851   0.1150037599   0.1323442049   0.1473232579   1.0805701503   3.0886735489   0.0776270633  -0.9393690979  -1.3517901878   0.0934670402   0.2792527854  -0.6115984510  -0.3650571675   1.3153488609   0.8556101344   0.2672838558  -0.3461946726  -0.5045809129  -0.8115215981  -0.0105763453   0.6057125016  -2.1367942406  -0.7853227486  -0.5409603170  -0.9358238122   0.1388527904  -0.0103847713  -1.6844580211
-1.6458267087   1.4708878613   0.8732151805   0.9138760746  -0.7101761605  -0.5508519411   1.8606350440  -0.3481576188  -0.2491943718  -0.9386584740  -1.9411102938  -0.6483686133  -0.0203847542   0.6374170308  -0.9312070360  -0.7539559552  -2.2885178594   1.7038750437  -1.0966138392   0.7282123351   0.9030402374   0.9097905376   1.9460697761  -0.9702482164   0.4968833632   0.4908366978   1.0615382200   1.7619953889   1.1733926494   0.3472941490   1.3653977488   0.3238710447   0.0756895905  -0.2962132084   0.7043097915  -0.7744220099   0.2528417156  -1.7387040575  -1.0032674361   1.1670489924
-0.5881444784   0.5239600376   0.9665820133  -0.2860659338   1.2318336229   0.3865476579   0.9263675374   0.2471474083   0.3072617126   0.7642363002   0.4944602498   2.0264063782  -0.1734660352  -0.8073138036   0.5700547455   0.0299150243  -0.0621373926   1.0070352776   1.5524516264  -2.0789765183   0.3961775029  -0.0257264002  -0.7687445786   0.1951022733  -0.3116976618   1.2909046279   1.0210604553   1.1541845538  -0.1889840982  -0.7374273414  -1.5743241436   0.5149971108  -1.1698116913  -0.4769394587  -0.5905321118  -0.0818011988   0.8381136649   0.3737473123   1.0664012323  -1.2454471198
 2.3383104421   0.7941628453  -2.4927921618  -0.0701889324   0.1466161564  -0.5379037521   1.3892702775  -0.8504715517  -1.0877261571   0.1262639866  -0.2505743994  -1.9982291138   0.2034474436  -0.5275082641  -1.1141093139  -0.1075250605   2.9675041215  -2.1611411711   0.1987811180   0.8715420777   0.8598745770   1.9684766696  -0.6443630736  -0.5274013730  -1.1768775645  -1.3357207065   1.3836766801  -0.8548894061   1.3220763104   0.2415094534  -1.1070837177  -2.0198213249   1.3434749761  -0.8110439978   0.8274188382  -1.3700125758   0.9786468249  -0.0081248316   0.1179291609   1.0310293347
 0.6213343656  -0.1812740895   1.4248557536   0.7039855879   1.5124064877  -2.1672933449   0.0214208095   0.1914720876  -0.0195113499  -1.6043604855  -0.3647242944   0.3504677639  -2.2625299576   1.2159885626   0.2961802974  -2.0301665067   0.3472101553  -0.0471767687  -0.1213233550   0.4219569385  -1.2478245353   0.5934530203  -0.8246213642  -2.0017768141   0.1200286200   0.5691210613  -0.7846036142  -0.3669689625   0.3507484664  -1.4363114194   0.5157439638   0.1229892197  -0.5035432905   1.0006633645  -1.1982337067  -1.5403259599  -1.4572237220   0.5800273241   1.1998260198   1.1926070657
-0.1799835697  -1.5929627089  -0.6059687000  -0.9064716776   0.0261084484   0.5049045448   0.9838197975   0.1918679135  -0.9049314649   0.7272155840   0.5374686315  -1.0743145890   0.4625302288  -0.2819952410   1.5658539205  -0.3362246093   0.1127940120  -2.4002606414  -1.1596526064   0.4055902828   0.4044845545   0.0466885325   1.6192235566  -0.3433692845  -1.1580215847  -1.2598795937   0.2876132376   0.0402697883   0.6064009773   0.8604362547   0.8618357465   0.9123407980   0.8118899088  -0.5037994547  -1.0490633218  -0.9679959113   0.2638133374  -0.5286175377  -0.6367611948   1.1327446619
 1.0302816113   0.6698587665  -2.1832348728  -0.5637174686   0.8392398068   1.1454166100   0.2079537302   1.0155551185   0.5456191033  -0.6316695409   2.2825039139  -1.0255887287   0.1090974601  -1.1654998216  -0.4239825450  -1.6120331671  -0.3456278518  -1.2271247554   0.1906416109   1.9852140085   0.0583312863  -0.2060449501   0.6515962358   0.6028112738  -0.0660924980  -1.4645746747   1.4745753210  -0.2940141004   0.8941863805   0.2116013759  -0.9889597583  -0.4383967782   0.2801823875  -0.4843161028   0.1124043804   0.8122368083  -0.3024381876   0.2819238804  -1.0240024082   0.5903118639
-1.5553624153   1.5645201697  -0.4987938221   0.0220631770   0.6452589785   0.9406723005  -0.9604461093   0.8995996760   0.5818244174  -0.8025101579   0.7422486434  -0.1916186520  -0.5492424957   1.1231663947   0.0023486546  -1.4318481408  -0.0687219140  -1.3715016409   2.5257704127   1.1988798074   0.0806667412   0.3700938221  -0.8432220498   0.2868167810   1.3969581594   1.6789498431  -0.3747299086   1.3518764752  -0.0976691154  -1.2201431859   1.2901304772   2.0476280730   0.9356987850   0.5141537048   0.2564930644   0.9837259151  -0.0859455390  -0.6926886155   0.5234988937   0.8230389847
-1.4250990015  -0.2337400056   0.1800768710   1.2339723274  -1.0739967048   1.4491069188   0.5189997012   0.2376743449   0.4866370426  -0.7867970813   1.4269794386  -0.2255313030  -0.2573597822   1.3639280143   0.2530150080   0.7868018935  -0.6499303737  -0.4715590045   0.5101519648   0.9495373903  -0.0896396638  -0.7817204696   0.8639086049  -1.5512731870   1.6769046627  -1.6563047228   0.0374322528  -1.4401088272  -0.3772379761  -0.7737164918   1.4518395200   1.1632506753  -0.8426170447  -1.1570660951   2.4623033352  -0.0171196833  -0.2872295713  -1.3341630590   0.7065932624  -0.9805920760
-0.3649386089  -2.7222251452   0.6677381516  -0.5090613157   1.6747633600   1.5029423780  -1.0753092956  -1.2315749215  -0.8231724703   1.5875137254  -0.6228286916  -1.0429195637  -0.7347521375  -0.0350586422   0.4912998182   0.0168367282  -0.7782016369  -0.6279168713   0.8657098418  -2.1197011149  -0.8142486538  -0.2977232462   0.7280485420   0.6906109939   0.8558315030  -1.4902933118   0.1016670024  -0.3901034786  -0.9427365645   0.4344196733   0.9750346504   0.1817195783  -0.1695750526   1.5126533477  -0.6860800955   1.7311566349   0.1581904792  -0.5137181717   0.0035472343  -3.1192865876
 2.8508750021   0.9197993190  -0.3130404654  -2.6939584783  -1.2778811757  -0.3326194116   0.0234652010  -1.3538093537   0.9879311247  -1.2255601016  -1.4510228191   0.7816421006  -0.8579460792  -1.4528673707  -0.0684435411  -0.1646598191  -0.5926969256   1.2483804654  -0.3708462524   0.3900804800   0.4258885534  -0.0985172845  -0.1880927330  -0.2001828594  -2.3123855767   0.0004758128   0.2359299642   1.1578585674   1.1337696732  -0.7390524349   0.7392255896   0.5446756066   0.0460629733   0.0238860978  -0.8381571528   0.7111271412  -2.7287727536   0.6334923066  -0.6881748487   0.5933089442
 1.2676808048   0.0504112125   0.0400395281  -0.4499668427  -0.9499816229   0.2958621308   0.7731877956   0.5039695993  -1.8320657894   1.1303183128  -0.9059184148  -0.0645562184  -1.1522893815   0.8867726143   1.8303060212  -0.8831797580  -0.4708331384   0.8694984371   0.9583337006  -0.2982537407   0.3748622662  -1.3725179702   0.2192451091  -0.3635880436   1.2766467565   0.2398908115  -0.3017538574  -0.9207502554  -0.3771256711  -0.1706166790  -1.2195154215  -0.0398210337   0.0867871209   0.5230765663   0.0397395824   0.0213863273  -0.2939765502  -0.7440355581  -1.3125727027   0.1347678485
 0.1613331367   0.5948906762   1.2738242503   0.6750706594  -0.8679394649   0.5312856980   0.0372526387  -0.7733518846  -0.0774318417  -0.5987585994   0.0181245380  -0.1802430052   0.5069368683   1.7534056793  -0.3278427018  -1.7642913289  -1.5019868688   0.7562487387  -0.0534593906  -1.1133138603   0.5148222112  -0.5219242982  -0.7754079146   1.8858788602   0.1186177403   2.2702814888  -0.4043143654   0.9707132810   0.3051891608   1.1587819988   0.6283262957   1.6895824565   1.8799551624   1.1538311519   0.4271770867   1.0596484610  -0.0369809967   1.3236299212  -1.5441346452  -0.5763990234
 0.4594233275   0.0455999533  -1.2251559141  -0.5587468509  -1.3406459692   0.6132336374   0.1330141859  -0.6064511579   1.1204735989   0.0278722487  -0.3906521878  -0.8732853726   1.4607703075   1.1303070415   0.2127494014   0.0453267037  -0.3000822567  -0.5522110258  -0.4842608891  -1.0828472939   0.1033783660   1.3086567156   0.2852647290   1.1567425017   1.6740955033  -0.0518133575   1.4004822282   0.3272598384   0.4235560929   0.5919509665  -0.3248468530  -0.9872563266  -1.5253235375   0.0047305262  -0.8443909429  -0.3257936172   2.0032400747  -0.2787739856   0.1099225611   0.0355356432
 0.6766298477   1.8774241701  -0.1004508125  -0.1259341875  -2.6594025226   0.2156050337  -0.2736879459   0.2188886659  -0.1129682869  -0.9403155732  -0.3955742216  -0.5761354956   0.4118627055   0.0994974657   0.5963277366  -0.5058153090  -0.4984500562   0.6971124388  -0.2613131094  -1.7326861395  -0.6318343838  -0.0047689982  -0.0708494570   0.1958511612  -1.3457630171   0.0057233179  -0.7722437757  -0.3823615764   1.9491829246  -0.6257731028  -1.0120017942  -1.8184851300  -0.8332825622   0.3312566324   0.1406384290   0.8109819939   2.1282976007   1.2006657956  -0.6580287462  -0.0886022878
-0.3069216808   1.3691552943  -2.4199182386   0.4959826499  -2.0307933360  -0.6735926341   0.2141647496   1.1615066125  -0.2616987239  -0.2319564060   1.7497733349   1.4869282583   0.6468426418   0.6072703601   0.4739926902   0.7814497017  -1.7608731984   0.8767538046   0.7721257268  -1.4593753517  -0.6219094363   1.4222010269   0.5278326416   0.3853421987   0.5522057526  -0.8910271966  -1.0924449221   0.6594616999  -0.0091177112  -1.1710499733  -1.4960729057  -1.4757342205   0.6410589608   1.4027899756  -1.7590360152  -0.1868731185   0.8016012182  -0.7480048167   2.1319397232  -0.8133994845
 0.1944233139  -0.4510669526   0.3727955104   0.1019699499  -1.0612906697  -1.5001907877  -0.5660206200   0.4487043155   0.7830849257   0.4125077351  -0.6725069108   0.7825753161   1.3183401185   0.7595352091   1.6591086360  -0.2921509296  -1.0987475117   1.9827244509  -0.6277840145   0.9229820499   0.1103238680   0.4280849513  -1.1926831672   0.6453476497  -0.2403715189   0.0036572557   1.2452100441   2.3816247392   0.3649865455  -0.2336856698  -0.0218080795   3.1811425462   0.0817285240   0.4608697560  -0.1402781769   0.6450869982   0.8478377081  -0.4609870598  -2.5614144939   0.9231566062
-0.2372554218   0.4969951716   1.0953985469   0.1484300108   1.4672410585  -1.8467263982   0.8418061646   1.5263489138   0.6463042875   0.8832924483   1.5031297421   1.6834809536  -1.6950440550  -1.4344102332  -0.0262517350  -1.0144381519   0.4845720324   0.7007612894   0.6650453994  -0.6144777235  -0.0510920105  -0.8311202133  -0.5360409584  -0.3144182143   2.0032808930   0.6745018056  -0.7851601320   1.0378368341   0.8589874849   0.1178306320  -0.5968705540  -0.5664884719  -0.0319465252   0.8547532251  -0.7926764912  -0.1330487943   1.1408150112   1.1580762386  -0.3036618122  -0.7000109745
-0.0886415852  -1.2176421041  -1.7643686710  -0.1665079309  -0.0339339912   2.4933456014   0.0205716729  -0.2678654529   1.2585179394   0.6035452682  -1.1976698942   0.6402673498  -0.7397150981  -2.5443577563  -0.0397483321   0.5974656177   1.2743399240  -1.1906695779  -0.6852751167   0.2388252701  -1.7262268950  -0.2798725243   0.8500973785   0.0847967378   0.0211531054   0.4685812958   0.0662904495  -0.1500320190   0.6476773905  -0.4251286307  -0.4836221251  -0.7152377835   0.0332835717  -0.9965248197   2.2660571932   2.5382944962   1.0898508935   0.6548698386  -0.0272169429   1.6725002811
 0.0414378638  -1.1019675919  -2.1032918996   0.1903827505  -1.0620853967   0.2298589355   0.2610793237   2.3325652208   0.4271426619  -0.2910057484   0.9957407872  -0.8530989544  -0.0798050512   0.7883302182  -1.1522663482  -1.1530011772   1.0480429786  -1.1086611927  -0.5000299978  -0.6577251038  -1.4554668116  -1.2294795699  -1.0975640388  -0.0831871365  -0.5585929027   0.5290462911   0.1595176231  -0.2700449358   0.2603348337   0.8805087285   0.6509443808   0.3485323944  -0.0638020046  -1.6726295017   0.4431595951  -0.7836485398   0.2246411866  -0.0894136114  -0.3465965919  -0.1276775925
-0.4817119988   0.0306603656   0.2297293236  -1.1035989424   0.1018811227  -0.4465840284  -1.5768151734  -0.3151975854   1.1544850152  -0.0430057912   1.6134079426  -0.1584885582   0.8202162561   1.5335862017  -0.5330364137  -0.5640872527   0.8838715566   0.9756688763   0.0476280907   0.3130438703   0.7608268376  -1.2378498675  -0.5916030461  -2.5578813008   1.3815404902  -1.4304530351  -0.0180242573  -0.3663089816  -1.5219431594  -0.5669797444   1.5659898753   0.5914172978  -0.5731310651   0.3047281117   0.0101577920  -0.3279123204   0.2070379577  -0.2717870696   0.2487378977  -0.4348562123
s3
 2.0983139646
 1.0153681700
 0.3890999703
-0.4637285665
-2.0107207394
 0.0992080698
 1.2167789067
 0.0694511100
 1.0077109719
 0.8336526357
-0.9081682237
-0.4097906271
 0.6214305686
 1.0674694892
 0.6179374471
 0.7505279654
-0.8054568697
 0.3537855135
 0.6998979381
-1.6513542511
-2.0161905558
-0.2484627163
 0.8605433033
-1.6282921325
 2.5557532889
-0.1799013912
-0.7111095293
 0.6478858019
-1.1220993112
 0.3987505307
-0.2548747458
 0.8626273731
-0.4837739105
-0.1529165372
 1.3426522243
 1.0191031562
 0.8603263659
 1.0554728121
-0.0649118435
-0.5229798781
w4
 0.3773928943   1.3795207880  -0.3383595641   0.8345973509   0.1452268769   0.4060066885  -0.5951995120  -0.1032020048   0.2680411946   1.1183569419   1.0416345244   0.9647960266  -0.8140242568   0.3217982639   1.0483839377  -0.4256756955   0.0072245336  -0.0328651411  -1.2105232668  -0.2387372777   0.7565167045   1.0063858528   1.3509652938   1.4211125458  -0.9330694846   1.3117333322  -1.2228699133   1.9464071321   0.3052082424  -0.4086265868   0.3622752928   3.2491796494   0.2161678327   0.6433888685  -1.0012278057   1.4426686751   0.2132902688   1.2583112894   0.4516252964   1.0147601667
-0.9247110513  -1.0158862034   2.3441689365   0.0384485038   0.5112059406   1.0495428296  -1.7376711364  -1.3433526951  -0.7995071541   0.0739336210  -0.4673088789  -0.8531340478  -1.4351417043   0.6075164700   0.0053271735  -0.7852746644   0.3324935518   0.0955263375  -1.5059182884  -0.1319493287  -1.3176944100  -1.2314035784   0.2153917046   1.1923516576   1.8191173912   0.0737857894   0.3243190228   0.7754094068   0.5868087640   0.8863932864   1.3922358323  -0.9405251677   0.3431853285   0.0870405941  -1.2539242946   1.3968003078   0.5497551659  -0.5283566332   1.5722135460   1.4594825670
 1.4738427218  -0.1208899957   0.1712415726  -1.0309066077  -1.0475411660  -0.9276131321   1.1723521451  -0.0573867467   1.1004688818   0.9876790644   0.8254596990  -0.5456895616  -0.5573103303  -1.6533048328  -1.0579561185  -1.4393885581   0.9433797049   0.3231832106  -0.5544414191   1.0632625340   0.2993460562  -0.2667343446  -0.1926254382  -0.5390089715  -1.0143008671  -0.1907691222   0.6310837178   0.8890418578   0.4213525078   0.0943493162   0.9721084551   0.1493809387   0.4111792245  -0.3261809550   0.9980434721   0.0656703219   0.9756492666   2.5237497632  -0.6721443044  -0.1275603827
-0.1298220268  -0.2750883678   1.0588636168  -0.0598425037   0.1466428071   2.4786945516  -0.9718509224   0.2363336532   1.7954735249  -1.0064722732   2.2751393196   0.0090158470   0.0378083164   2.2203486168   1.2348711308   2.1908571327  -0.8390463828  -1.6529248739   0.1332181859  -0.4512026297  -0.9926630663  -0.7588315882   0.2706614598  -0.0932405242   0.3518835127   0.9847002390   0.3660492403  -1.8294726578  -0.5455636979   0.8155266761  -0.1852413826  -1.4503392190  -0.3288585799   0.9052349514   1.1216516302  -2.2603623380  -0.3969309501   0.7904629673   0.1111610367  -0.3612882438
 0.0345946346  -0.1490924970  -0.7735769151  -0.8919631072  -0.1030878455   0.2147791952  -2.5216844755   1.6077104803  -0.4007190753  -0.6699799495   0.5231331793  -0.0724589514   0.6554183136   0.1151096814  -0.6721726291  -1.0813484769  -1.0677978812  -0.0721496980  -0.1347375066   2.1146732173  -0.2645958613   1.1581170455   0.6532515079  -2.1653810423  -0.9529209680   0.5591964621   0.8238539839  -0.7414749738   0.2736376182   0.4456140089  -0.9845927014  -1.5737112833  -0.8319774113  -0.2488882669   0.2423734375   0.7727002472  -0.3622970876  -0.9189041495   0.1154463598   0.1723340956
-1.7809033230   1.5461492907   0.8254405722  -0.2713100705  -0.6076196840   0.4429186514  -1.4328061528  -1.6667217946  -2.0006192248  -0.7755036977  -0.4272418945  -1.0495105767  -0.2661675661   0.0765056879   0.0769855150   0.7128829145  -2.2753532233   0.5822447375   0.7873108410  -1.2830132927  -0.5931310357  -0.3412558610  -0.8981995641  -0.9664074986   1.7299761583  -0.1611163117   0.6362580738   0.1427585387   0.6211008566  -0.6966395019  -1.4901384330  -0.0208727638  -0.4435123467   1.8852433272   1.8797560025  -0.5278034166   1.3527178587   0.2170997443  -0.9895919239   2.3919423601
-0.7345437183  -0.1008750105  -0.5206533076  -1.9969538601  -0.5367628216  -1.1714901314   0.7782154212   2.1877535837   1.5305336677  -0.0538667600   0.9772416024   0.0940009825  -0.1188536246  -0.6992250357   1.6244881025   0.4569119391   0.2178191244   0.1262243025  -0.4109046050   0.4683855435  -0.9040379579  -1.8099036359  -1.3156492224   0.7211811741   0.6379838199   0.5357721297  -1.3893824224  -0.0213695370   1.3337924418  -0.0923346043  -0.8267859720   0.1974025700  -0.0481292741  -1.8406265912   0.2583960457  -1.1606474564  -0.7827784413  -0.0105177042   0.6217477147   2.3851045377
-0.6053392431   0.5128058278  -0.3953721637   0.6789957234   0.7776847240  -0.9004868263  -0.4358595560  -0.9831431565   0.7315856555   0.0724005235   0.3627869148   0.6835184434  -0.3074232017   0.1838289738   0.4461756263   1.1896717731   0.5130399814  -0.5565739708  -0.3617989160   1.4366073091   0.3788458469  -2.3682937934  -0.4792440833   0.6857380627   0.2301526724  -0.3540525859   0.2481988878  -2.7289158573  -0.9592759259   0.4838548554  -0.0535822611   1.5201154301  -0.3134088888  -1.4730430100  -0.9205765081   1.4384381135  -1.3425571065   0.4583120118  -1.4198432216   0.0728836024
 0.7186668708  -1.1771294917  -0.7038211559  -1.2214917775  -0.6860580544  -0.8253415859  -1.4169293278   0.9764177201   0.6430785298   1.3801668416   0.0455770482  -1.2835810776   0.5686027812   0.7679593903   1.5169909137   0.2502730338  -0.1322832506  -0.6670572094  -0.7966253096  -0.5284465819  -0.8499039190   0.7349825788  -1.3233196618   0.3857561644   0.5821349629  -0.4131459204   0.4282443490   0.5280186112  -0.6984037730  -0.9591184335   0.0734548705  -2.5605873555  -0.5266368437  -0.8689989429   0.3269571858  -0.6274032446  -1.0242955587  -1.2478724458   0.3694656795   0.3740670506
-0.6817851117  -0.6692969890  -0.9738356378  -1.3744495527  -0.8276150104  -0.0638395171  -0.7619953229   2.8550452203  -0.4418388829   0.0700126251  -1.0091107092  -0.9354546781  -0.0191292435  -0.5483082104   0.8296801081  -1.7048234407   0.6013529152  -1.6314846972   1.8411030950   0.2056099542  -0.5854497958  -0.1627992604   0.9142146339  -0.4413956881  -0.6178164601   1.0325363916  -2.0367890592  -1.5519306163  -2.1227486159   1.6784917673   0.5716522021  -0.8993480969   0.0946597610   0.7883944702  -0.9060784831   0.4568889493  -0.7771473595   0.2820233109  -1.0508072564   1.1375637462
-1.0653674549  -1.2120106523   0.4501652172   0.1393903744  -0.2731238657   0.8398055654  -1.6068585779   0.0304984613   0.6666135533   1.2040878372   0.5394324466   2.2563882963   2.1828795742  -0.3635559989  -1.5059135318   0.6422996881  -0.3148391745   0.2742923987   0.2474319326   0.7709170215  -0.6272196397  -0.8153919902  -1.1688366517   1.9022350897   0.6687096370  -0.6620652707   0.1532566711  -0.5334510949   0.3551414518  -1.4876899160  -0.9112373187  -0.4931957606  -0.7228558126  -0.7544895248   1.3427692252  -0.4748941700   0.6127342492  -1.2300554892  -0.9607210454   0.6370999678
 0.0380031654  -0.0336091706   0.0458294585  -0.9709319117   0.9052406060  -0.2033325219   0.8351935005  -1.2595747363  -0.8506349816  -0.3436088330   0.3155444836   0.8495023534   0.9614958334  -0.7787915699   0.5471280838   0.8667456247  -0.2673651718  -0.2260032909   0.8604574962  -0.2181497529  -0.2168766354   0.0058243449  -0.6398160089   1.1124759004  -0.8014849378   0.6613592437  -0.3282135447   0.9007967650  -0.8054862138  -0.1604692954   1.2059331325   0.9208702672  -1.1157743088   0.7807643015   1.0665116491  -0.9510405720  -2.7902190008  -0.0302480904  -0.7413824551  -0.3857470889
-1.7497054333  -1.7041342261  -1.6250955590  -0.9248145408   0.0376779524   0.1046596324  -1.2732107125   0.1439886915   0.0947061247   0.4266458740  -1.9955820836   0.1781673393  -0.2760793946   2.1795111007   1.3786430469   0.2648205396   0.4266105393  -0.6854717434   0.1745866165  -1.6691090326   0.0324316461   0.4986271291   0.3307249313   0.5772234952  -1.2761649996   0.1939407861   0.7176241851  -1.0048277761   0.3434476978   0.6993034944  -0.0113957593   0.3473338857   0.6712649744   0.0267468663   0.6707982939   0.9464040906  -1.9052271651   0.4338643041  -1.1064874246  -0.8211674211
-0.4086677934   0.5329997109  -1.0468186902  -0.9253654047  -0.5209112180   0.7892689044   0.2269422942  -1.2656380523  -0.2024032708  -0.0288721714   0.4664661183  -0.0807623569  -0.4250232384   1.8493121256   0.1552780884  -0.3123225872  -0.8645436733   0.4118284271   0.3419529839  -0.8788829519  -0.7154165742   0.9635689963   1.4322623413   2.2994962906   1.6788364555  -0.0941450596   1.7237388132  -0.9315449013  -0.9178216923   1.0664133719  -1.3460405207  -0.2055805559   0.3838169369  -1.7334945197  -1.4698054468   0.8562493610  -0.6872645754   1.0985420571  -2.0540970491   0.4388979898
 1.3499792207   0.1220105822  -0.8081069004  -2.0448243071  -0.0551780849   0.2233107832  -0.8300347168   0.5996346457   0.8191466211   2.3391575532   0.8065044411  -2.9475887750   1.0480990489  -0.1408221668  -0.8681239447   1.4539689171  -2.0401771470   0.8387336855  -0.8099206256  -0.6404985125  -2.3090470685  -0.3453622921  -0.7450695777  -1.2539333011  -1.0606130065  -0.1192602411  -1.1574745895  -0.5989502495   0.0571611553   0.3167682658   2.0037146480  -0.0691070845  -0.7284849234   0.0925917219  -0.5003687471   1.3228001895   1.2498229163  -1.6253667144  -0.4027391773  -0.1944583441
 0.4397594953   0.1167305948   0.2414665326  -2.0104553163  -0.7769003691  -0.0206327449  -1.2541533790   0.2894585843  -2.2688301409   0.3286431641  -0.1479377713  -0.7969883775   0.3228575461   0.0784649173   0.2152771106  -0.3150459084   0.6896222557  -2.1931132832  -1.2699958783   0.8297854037  -0.5428034378  -0.3684520867  -0.7274096569   0.6485366152  -0.4727833971  -0.0995643249   0.4916387671   0.9487271005   1.1589618652  -0.6175212776   0.4807386567  -1.1065699041  -0.6592277520  -0.6555665366   0.5104560529  -1.8193988494  -0.6741237281   0.0956164261  -1.0078319544   0.9607223077
-1.1699392919  -0.8071176787  -0.1842545658  -0.0457980991  -1.0295207274   1.8616646804   1.9657520818  -0.1306081629   1.0076332203   0.5059566347  -0.8711566081   0.2837664597  -0.6492662253   0.0382753988  -1.9048023512  -0.1932014764   1.4547791405   0.7217630287   1.7728638313  -1.0674000449   0.7068010961  -1.0001064829   0.5284314867  -1.2528798671  -0.4616815221   1.2872078657   0.3989436865   1.1712269922  -0.4761636331  -1.1341080917   0.7100309968   1.8942877067   1.4432159384  -1.3168259358  -0.1057500961  -0.4999725519   1.7749690282   0.4027302742   0.1981182093   0.4023491686
 0.9022080551   0.0398167430   0.9640007509  -0.6259522338  -1.0424983594  -1.1836545324   0.2246720860   1.0116501716   1.0278236475   1.0032280867  -0.7484747831  -0.2088993806  -0.2515808156  -0.6995138895  -0.5652875481   0.1297220917  -0.7367101018   0.8934969401   0.3351543249  -2.5240668926  -0.5935386421   1.4981191111   2.2558291911  -2.5033773509   1.2369799263   1.1068809604  -0.0130121937   1.0482783400   1.2169827998  -1.6792867887   0.5729810269   0.0469481716   0.9813250517   1.1138594584  -0.9688628897   0.5368880024  -2.3233080835   0.4827907207  -0.5367395374  -0.0486542607
 0.2259411449  -0.0530008298   0.4457666316  -0.3902014610  -1.4177736582  -0.0345569258  -0.0379162562  -1.6894406916  -0.5960404842   0.8494250194  -0.9911911043  -1.0502325538   0.1747570295  -0.2391625862  -1.4585740155   2.0469236828   0.1918151798  -1.4288086230   0.6295555412  -0.2295282624   0.5134615913   0.1955861470   0.7192137499   0.0951328348  -0.7684655353  -1.1381982237  -1.4334564289  -0.0391027891   0.6522804791   0.0471717584  -0.9287302727  -1.1548595218  -0.7108934936   0.3849146212  -0.3284297192   1.1249580404  -0.1069350140  -2.9329563209  -0.5037345562  -0.0495290287
 0.1141679357  -1.1232636302   0.7472632267  -1.9518806119  -1.2848470533  -0.1852919195   0.0622899092   2.0035803354   1.6990829904   0.3999641026   1.4129798398   1.6686991973  -1.4648104508  -1.0397184253   0.5192559273  -0.2472817869  -0.3483468792   0.1896009943  -0.0026316414   0.4930908055  -1.2528076727   0.5555746654   0.0445205243  -1.0998996239  -0.7453467532  -0.6269226776  -0.3455031173   0.3303252419   1.6305262466   1.7091948589   0.1576361732   0.1222803267  -0.4851168249   0.9834729244   1.8241622000  -0.6876748108   0.4801877790  -1.6939925134  -0.3639459595   1.6350098678
-0.4300890248   0.0414576082   2.2026847585  -0.1140911270   0.4388593614   1.5709915633   0.4718023497   1.6824435798  -0.2095989101  -0.0833825399  -1.2103193229  -1.2388649107  -0.4384571257  -1.1695107519   1.5559492069   0.0620980016  -0.4130925274  -0.8235141614   0.1077604198   1.4213876533   0.1340477779  -0.1004262218  -0.3025131246   0.4630970382   0.9601933443   1.1285660477   0.2929245978   0.8767807867  -0.0180253248  -1.4772392144   0.1204149894  -0.9220744243   0.3437068365   0.2059529947   0.0465354086   0.1472919402   0.3354336937   1.1152976985   0.9191848811   0.7947496462
-0.4209637617  -0.4496397574  -0.4389504697   0.9293772522   1.4916577203  -0.6612686470  -0.3042334132  -0.9635780611  -0.4884536878  -1.1324616455   1.7661482831  -0.2530972074  -0.3510178049  -0.7444349178  -1.0021573321   0.5310808487  -0.1815241561   0.2542317862   0.0054339988  -0.1401122067   0.6722444070  -0.3625797028  -0.6668572612   0.0718049448  -0.5256912638  -0.0091745000  -0.8100907840   0.2787024930  -0.4314264349   1.6795622230   1.0702906306  -0.6208006988  -0.7853084672  -0.2056263107  -0.4678117913  -1.1524347162  -0.5180207566  -1.6401011027  -1.1141688378   1.0425281567
 0.3129877251   0.5181257473   0.9952712101   0.2550185591   1.3239447393   0.2473001152  -1.5486176407   1.7496305097  -1.9358557155  -0.4819892121   0.2955965493  -1.2865705492  -1.7289556617  -1.2228788533   0.8792629717  -0.4768708080  -0.4975986961  -3.8534677974   0.5725623531  -0.3736005775  -0.1260578256  -0.2952658141  -1.6883589654  -1.6388622334  -1.0873187017  -0.8374619561  -0.0848170108  -1.1426405295  -1.3777458720   1.5317204996  -1.1605071479   0.4171887900   0.3904856051  -0.3756423371   0.4359742007  -0.5689806240  -1.0933273260   0.3522844066   0.4508933633   0.0035218783
-0.0508378423   0.1808756002  -0.3917387327   0.5607712967   0.3421314644   0.6077845029  -1.5164340721  -0.4615402503  -1.0208880767  -0.5882562075  -0.0048895966  -0.2389570582  -1.0485900606  -2.9450050956   0.1029996977  -0.1122727549   0.1614293662  -2.3183708905  -0.2893426385   1.1223770774  -0.4882915549  -0.5645783065  -0.3652976026  -1.2906558093  -0.9163864854   0.5157539189   1.4562939764   1.1912541310   0.5642594112   2.2396021843   1.3677709670   0.1262011141  -0.1429515091   0.3909706165   1.5288810474   0.4731988271   0.3710596891   0.4692550836  -0.4369358911  -0.6302247192
 2.4192005878   1.3283258578   0.4321632580   0.9232262948  -0.9012915754  -0.1812131340   0.6363531329   0.0359290459   0.5406271985  -0.1774877997  -1.1297365491  -1.3239971292   0.0535356548   0.7999054213   0.9413786413   2.0435308827   0.9846853402  -0.1894096060   0.5150544700   0.9950458849  -0.2669349911  -1.7176319459   0.1196965110  -0.7606486893  -1.4269491486   0.2806385311   1.3137877675   0.5816370006  -1.9566887326  -1.2478678449   0.6426090301  -0.3597969463   0.9183694833  -1.2080001480  -2.1615419802   0.0936630051  -1.3097004644  -0.4591578600   0.6234301153  -0.5790620133
 0.5770479404  -0.1636261327  -0.4895965688  -0.0547709914  -0.1231615128  -0.0117336914  -0.4193312827   0.0169797530  -1.2028664527   0.7686638324  -0.0189676015   0.4322310023  -0.1089009523  -0.5276238103   0.6369229504   1.4057714802  -0.4727725270   0.8374017882   1.4455857481  -0.5701979479   2.2151783628  -0.7351883890  -1.6461863155   2.1364730755   1.1721570510   1.7640307574   0.3513796886  -1.3563403575  -1.8071435577  -0.4261489225   1.0516017591  -0.6574586102   0.7242283426  -0.4628448324  -0.5585627561  -1.1894090861   0.2517399681   0.4151690863  -0.3728942450  -1.4454280095
-0.0840940236   1.1267935144  -0.2802269131   0.4195080936  -0.1328361801  -1.6332850264   1.7543539491  -0.4386912104  -0.0430687627   0.0577599829   0.7397945935   0.4882043569  -0.2450360865  -0.8507699205   0.1434801722  -0.8358483061  -0.9378203389   0.1222239892  -1.2543959626  -0.3510639490  -0.4050910495  -1.9662991315  -1.8545470190  -0.1634943191   1.7581959467   0.6890602264   0.5557539200   0.7155641706  -0.8504696584  -0.1253983522  -0.4819439416  -1.2027016688  -0.0819153405  -0.3625342686  -0.1403290409  -0.6067946615  -0.9894884520  -1.3422367190   2.0689639749   0.1442280044
-1.4338807577   1.9295747255  -1.1027158578   1.4588103797  -0.2816219208  -0.7708882462  -0.6659534051   0.3799510290  -0.4547102240  -0.7755947418   0.1477024214  -0.5967345717  -0.8522041564   0.5689158830   1.5558312768   0.1039971811   0.4558977809   0.2212911577  -1.3852252873   0.4428559002  -1.0988626920   0.8942924339   1.8089989512  -0.7687223039  -0.4525083542  -0.0075881824   0.4676800790  -1.5848347360  -0.9766939180  -1.1692027688   0.1456852274   0.1235085934   0.3882380134  -0.7055229079   0.5001694093   1.4429870161   0.9008932090  -0.0281627342  -0.3662553198  -0.5153869052
-1.4080271717  -1.8931056735  -0.4783613964   0.9332897529  -1.4787559615   0.9367407947   0.3101681378   0.3072206144   1.3325969610  -0.2275532305  -0.3127714227  -0.3537713442   1.3418891701   0.2154317757  -0.6998248687  -1.9612202817   0.3274739340   2.7567623267  -1.2870906732  -1.4469229394  -0.0075662653  -1.3996458110  -2.0640948945   1.2613383367  -0.7884667127   1.0988465612   1.1000628396   0.2565463908   0.6263742776   1.6464560319   0.5917060972   1.2509087432  -1.4374791541  -0.6164364495  -0.0051054307   0.3544209047  -0.8326732998   0.4147001885  -1.5488319507  -0.4324715709
 0.2720815506   0.4794531755  -1.3249496494  -1.2942442595   0.5686119249   0.9906550034  -0.2039834323   0.9611338965   0.5883409645   0.1202887922   0.9431447807   0.5596219208   0.1015024923  -0.3523544561  -0.5095412290   1.0152765274   2.0987574202  -0.7037085330  -2.5812738018  -0.6786623851   1.3153522079   0.6365487147   1.2542842868   0.5544597605   1.5904497007  -1.2580072355   0.7891447125   0.0186269358  -1.5117604124  -1.0523099033   1.8239454166   0.3364290917   0.9099060020   0.1580793226   1.6823490248   1.6363077245  -0.7276252807   0.5240850107  -0.8488923308  -0.6982985525
 0.3737201343   1.0320507511  -0.3310318936   1.0714151021  -0.2210121378  -2.2029869862   1.2504810793   0.1914167306   0.9344898395  -0.2195300054   0.8444943135  -0.9972613084  -1.5800912256  -1.7092831847  -0.8201203189   0.4404411707   0.3625798307  -1.2708174025   0.3213273357  -1.1080217586  -0.6127832021   0.6241636003  -1.0478790522   0.4867321659  -0.0926674448  -0.0934047153  -2.6102350884  -1.2752520951   0.5236515467  -1.3139809877  -0.5293828775  -0.5679663215   0.0564945979   0.9181965332  -1.0639687968   0.1309877967   1.1680665490   0.7104411036   1.5993129803   0.3871964935
 2.0005890217  -1.4099547235   1.0091757948   0.0666376691   0.9347121371  -0.2904212980   0.2948484905   0.3105213709  -0.3469187558  -0.4362444075   1.3771793215  -2.3536559528  -0.4049905491  -0.4569280539  -0.3222767158  -0.2230313687   0.1231995183   0.8941755783   0.3429904765  -0.9191244869   0.1561572334  -0.8574812641   1.1389179347  -0.6489907130  -1.0210575901   0.5051294820   0.9988007850   0.3759320982   1.2855595492   0.0518779407  -0.0838059154   0.7858882040  -0.3128465061  -0.7280045285  -0.3457189344  -0.4794586819   1.3413193393  -0.9763653650   0.8040655734   0.3584288776
 1.1239853058   1.4993062212  -1.4127934483  -1.3092792532   1.3606832991   0.8982141946   0.9730311942   0.9624529760   1.2745589472   0.1418452851  -0.1816272098  -0.1348402801  -0.5991415899  -1.2328498337   0.7864106402  -0.1856292175   0.8966839546   2.0654925003   0.0945411831   0.4461669280   1.1900234562  -0.3557106060   0.5037886659  -0.7853597540  -0.8522668677   0.5674439040  -1.0134670333  -0.2313017137  -0.3039061248   0.2328671517  -0.3222083372  -0.7990629366   0.0453032699   1.3469204539   1.6751198292   0.7137480024  -0.2368937833   1.3806100619   1.0073054376   0.3253797042
-0.9770123305  -0.7093038492  -0.7356350718   0.0040546843   1.0775403106   1.8728887259  -0.2892595476  -0.3689989324  -0.1335315401  -0.8944014357   0.0396772295  -0.1210380413   0.4932256992  -0.0831171145  -1.7326206900  -0.5953236385   0.5078885950   0.1778492097  -1.0250261389   0.7674039522  -1.1377383450  -1.3194566068   0.0293440847  -0.2047652886  -0.1861726954  -0.3957988576  -0.5089314791  -0.2463797258   1.3964920492  -0.5648055509  -0.0032083466   1.9240355768   0.4613017245   0.3224398907   0.5738808851   0.6030163821  -1.7995718805  -0.3226543693   2.1416314860   0.4405273786
 0.3120612403  -1.2033249763  -0.2496768141  -0.1852276396   1.1081287803   0.3437761451   0.2165691164   0.4741206660  -0.5829390816  -0.4835802794   0.0308813857   0.4209911357  -0.3703260156  -1.7383301941   0.2774927103  -1.0726003278   0.8857042680  -0.2239150543   0.2111381573  -1.2491968647   1.8685396605  -1.8318825684   0.8298035725   0.7285787282  -0.5107126022  -0.0798220478   0.3947806992  -1.0770553394  -0.0673555628  -1.0435671900  -1.5067554184  -0.6533296589  -0.8747117569  -0.3936315189   0.4829291962  -2.1809802969  -0.7991164327  -1.0327855129   0.3625404812   1.2825737975
-0.1352085367   0.1891352459  -1.5046586375   1.8419867548  -0.8163372464  -0.5440930301  -0.5649307232   2.3361836806  -0.4181761319   2.0635114915   0.4093001629   0.2283880447   0.1069411515  -1.0897975022   0.0172055636   0.4078221523   1.1448283562   0.8485305634  -1.4948136951   0.5068745515  -0.5795572170   1.5868384555   1.0547203911  -0.8020474214   1.4127621159  -2.4061566150   0.5997631947   0.4442467676  -0.7176600693   0.3631339982   1.7940940315   1.4286841367  -0.3441401678   2.8491866146  -1.9261798628   0.3449856127  -1.2571566941   0.2016118759   0.7864259821   0.8797892871
-0.4170607857  -0.4195261456  -0.3838830488  -0.0098964199  -0.9923206112   1.2857847722  -1.6486928677   0.6835941482   0.3281104398   1.1781021233  -2.3887772523  -0.7483229321  -0.3352042535  -1.3505949469   0.7593364579   0.0583275059   1.1034707735  -1.0489678349  -0.3499689071   0.5289132287  -1.0018010399   1.5458490138  -1.7958509407  -0.1153890470  -0.0861445325  -1.4751423978   0.7861198488  -0.3171905046  -0.3133534717   0.9715659946   0.1051224243  -1.5679120572   0.4376766556  -0.4531947077   0.6545331397   2.3954442999   0.7206073965  -1.0847052454   1.2594766050   0.4266833588
 0.9659748609   1.7337241667  -0.1831688334   1.1178941217   0.9670982899  -0.2891164606  -0.1452118776  -1.5253095426   0.0634590697  -1.1452167071  -0.9650306800   1.1198892490   0.5984890380   1.3263146377  -1.1050114024  -2.1026645421  -0.3047784771  -0.1144918128  -0.0733487343  -0.5404690719  -0.5414773660   1.0015662723   0.2429242611  -0.0670393018   1.3230812826   1.5726723340   1.0220667463  -1.1470980070   0.1922379003   0.4422094952   0.0563892903   0.4361605971   0.3524644426  -0.7389091753   0.1597551098  -1.6684912740  -1.2629291175  -0.7570429870   1.5883910773   0.7192087923
 0.5374296614  -0.0748042804   0.1193021651   0.8198426625   1.6156436220  -0.7183477997  -0.3068007681   1.0166641023   1.1191779484   0.5991840437  -0.3467773782  -0.1244510953   0.3917687807  -0.4240351762  -0.6981878096  -0.7894714845  -0.1430674909   0.9727079046   2.0670346258  -0.3317205763  -0.0284172840   1.3161869292  -1.3084059147  -0.8173165389   0.6285031096   0.2855477584   2.1255021746  -0.7996783370   0.0300665299  -0.6843155735   0.5566745819  -1.9608678638  -0.6781978009   0.7224843967   1.2781672930   0.2849501042  -0.0327231315   1.0958070387  -0.8494943647  -0.5100338953
-0.5658384015  -0.2206147805   1.6919739007  -0.9247877182   0.3670091058  -0.1602386955   0.7226412673   0.2391513039  -1.4796561444   0.3722586735   0.3903203535   1.0611247243  -0.5769338127  -0.6225891747   1.2734450226  -1.8885537123  -0.5647654961  -1.4626763247   0.2187278296   0.6736059668   0.9761093753  -1.0916256196  -1.5899228498   1.0376700672  -1.1237939895   0.9998776068   0.1112562562  -0.6805881623   0.1369458629   1.4393990376  -1.2412879377  -0.0575511863  -1.3849929561  -0.8026455851   1.3589179351   0.3494997816   0.0613297598  -1.3818597660   0.6920468091   0.5472521215
s4
 2.0981358909
 0.8870274601
 0.4442888748
-0.4891145284
-1.9705786624
 0.1347957638
 1.2856525796
 0.0351668781
 0.9160967924
 0.7774941546
-0.7195145666
-0.5442297289
 0.5257127280
 0.9591862958
 0.5337230315
 0.7225790475
-0.7544890877
 0.5834946438
 0.5861255838
-1.6310522088
-1.9314207258
-0.4590003720
 0.7487466849
-1.6947586252
 2.6604333675
-0.0728805806
-1.1009935775
 0.4556333618
-1.1388867331
 0.8095463047
-0.6183296699
 0.5524818242
-0.6855949062
 0.0116314494
 0.9900165432
 1.0167645832
 0.9608002858
 0.5716109017
 0.1462943542
-0.4504553827
w5
1.4145269662  -0.1062029865  0.2524302298  -0.1218025964  1.3337199536  0.8130885758  0.1970814869  0.0669300111  1.0663523700  0.0805241501  -0.9090605897  0.0870557540  -0.6130995649  0.7055166250  -0.3953244529  0.5179714413  0.5605689611  0.1433150260  2.2194549530  -1.4229910055  0.6901015644  0.5710895232  -0.5172005435  -0.1449993857  0.1917992160  1.8569477776  0.9852329306  0.8811738615  -0.6805096178  0.1441766967  0.7216182851  1.2286878134  0.9144505401  1.8364388758  -0.4709791202  0.7589873757  0.6990808049  0.2178128304  2.6426867128  -0.7731288037
s5
3.1882613483

