layers: 4
str: {2,40,40,1}
w1
 0.1903304772   0.8201437429
 1.3165355845  -0.5959360967
 1.5355853859  -1.0334571528
-0.0403957230   1.3540701152
 0.5402575230  -1.0691843754
 1.0076472696  -0.2142368856
-1.4212969305   0.9559200224
-1.8908899692   0.7436689817
-1.1298010381   0.4982073768
-1.8235748066   0.7293962895
-1.2745878530  -0.1287926737
-2.0316170838   0.5886587604
 1.3284245835   1.0469465824
 2.8721317961  -0.2507273245
 1.6159645073  -1.3730880008
-0.1615413430  -0.9709736749
 0.0360532395   0.8811555423
-0.6978602033   1.0752339608
-0.6187067355   1.2301755163
 1.0845229586   0.3835129670
 0.6742352618  -1.2010413676
-2.2664904047   1.1803585718
-0.0566284022  -0.9991771041
 0.3546354040   0.9078140590
 0.8887981736   1.2957448509
 1.4615896083   0.2138650032
-1.9097355228   2.5048765334
-1.5030426192   0.4604315849
 0.4253262920   2.0258871935
 1.1418772820   0.3573539254
 1.5722274095  -0.0549369679
 2.2438030067  -0.9452903020
-0.9229417487   0.1225677174
-0.9791473383   1.2064503792
 2.8455702378   0.1022232085
 0.7809949758   0.7609483527
-1.2539194509   0.2815411119
 1.7099367903  -1.1956405478
 1.3366485357  -1.2431391989
 0.4800970899   1.8491327492
s1
 1.3166978174
-0.1965778773
-0.4487999687
-0.3737583495
 1.5918297744
-0.2048270157
-0.2112320787
-0.2157016212
-0.6342968345
-1.2673451780
 0.6948148581
-1.1917890598
 0.4188997425
-0.3451044911
-0.4757799417
-0.6277314430
-0.7845083659
 1.3055739280
 0.2692615427
 0.5353138284
-0.6883896804
 0.1314868627
-0.1556716730
 0.9664194194
 0.6493434925
 1.0363564083
 0.2867537771
-0.7675223186
-1.6438108622
-0.0739649559
 0.0826932363
-0.2393924606
-0.7052742440
-0.4054646034
-1.9688260270
-0.2745352165
 1.4226175349
 1.1776331581
 1.7442504548
-1.3525106855
w2
 0.4814503768   0.7658809289   0.8556832815  -0.5538381852  -0.5208346168  -0.3840481459   0.6171389748   1.1603478308  -0.4987034682  -0.1983057360  -0.8308984482  -0.6021757167  -1.4240760313  -0.8225648429  -2.0974410936   0.8812193136  -0.7768224710   0.0876248932  -0.9000152515   1.6677459668  -0.6541167951   0.4591296383   0.5336711453   0.0201114706  -0.0827437996   0.0386448499  -0.3080626592   0.4409954822  -0.1362849583   1.9283055610   0.5394283029  -0.6338646614  -0.7064472272  -0.4055412538   1.8193393750  -1.4694853818   1.0454467600   0.8347411813   0.3188807686   0.9428125617
-0.4181559839  -1.0962594390   0.7821167539   1.7398987481  -0.7646128196  -0.9774261283  -1.9773286259   0.6658556463   0.5087111650   0.3687831909   0.7457724958  -2.4562565081  -1.0189839122   0.8017160929  -0.5134541539  -0.9061546528  -0.0272343357   0.4025765184   0.1024995008   0.4833662447  -0.7465609226   1.9940962450  -0.0441853916  -0.3053621257   1.1099699395  -2.2884371529  -1.1121861776   0.0801681539   0.1654788361  -0.0407011638   0.7150622515  -0.8920531465   0.0181125131   0.3186005031  -1.2786128954   0.7080218415  -1.8639552029  -0.3251692366   1.5298693373   0.2460427060
-0.9552848814  -1.3900432023  -1.8278833829  -0.9359798659   1.1872700136  -1.1529517902  -1.6310722377   0.6763046831  -0.6826403901   0.0614192643  -0.5960112018   0.5032149535  -0.3149595588   0.5072801629  -0.5212062018  -0.4210647735   1.8785853176   0.6034812283   1.5924425798   0.2946142832   0.1808889927   0.5142593879  -0.0602829674   1.2735937842  -0.6812814253  -0.8887252457  -1.2798656582   0.7548998357  -2.1796589601   0.0906938348  -0.5087961225  -0.8969617818   1.0762788407  -0.6084749300  -1.2186193456  -0.9223711658  -0.8704936222  -1.6124205546  -0.7898154182  -2.0805889003
-1.2993119819  -2.1573167110  -2.6912773733  -0.8028316597   0.5434860427   1.8625109271  -0.0211575941   0.2134252965  -1.8608381092   0.2336273529   0.2247063639  -0.2800957656  -0.7896145440   0.9066789248  -1.2432380795   2.0882915030   0.0174070296   1.5195667943  -0.4650152864   0.0791524167   0.2260740982  -0.8488878390  -0.7565922498  -0.9837243219  -0.3101032763  -0.2946266327   0.9386712241   0.6528838788   0.6621904799  -0.3500863630  -0.9598036524   0.5899306999  -0.8850720583  -2.1475528170  -1.0190553903  -0.5545318380   1.0687453364  -0.0753115331   0.2367602602   1.4334886361
 1.0804836958  -0.0379233048   0.6518125959  -0.6552024322   0.2397388534   1.6320695124  -0.1689879728  -0.0160903461  -0.2378993153   1.0926581893   0.4879796462  -0.5627438590  -0.3419171675  -1.4587631899   0.4417957477  -0.2045681904   2.4104721519   0.5513624241  -0.5661002855   1.1243988827   2.0523322582  -1.9133966155   0.4395946272   0.2446114873   0.2638866716  -1.8324568807   2.5032441135   1.5770912086   2.1206775356   0.1864181155   0.9496314805  -0.1474427008   0.2767999021  -0.4278586003  -0.3977996197  -0.3325328426   0.2647510622   0.4260615085   0.6436301890  -1.6442495259
-2.7095474463   0.5619993189  -0.3444936195   0.9269656250  -0.7824901951  -1.5513792297  -2.4914815419   0.9292409739  -0.3263558057  -0.0595054742   0.2311575261  -0.5343684035  -1.6208377681   0.8044265774   0.5690320140  -1.8874042948  -0.4754501020   0.0082084457   0.4676610346   1.5363805371   0.0306299861   1.4688859762   2.0233767357  -1.4051637273   0.0668533985   0.5889358821  -0.4483101452  -0.0179838152  -0.4361107705  -0.9908095731   0.0438433737  -0.5442084163   0.0440079063   0.3294397023  -0.5487113267  -0.2727504487   0.5341646439   0.2968824743  -1.4565801647  -1.3151035351
 1.0416994305   0.4244650101  -1.4425554596  -0.8622930655   0.2693649135  -0.7507238428  -0.9461426432  -0.2172794905   0.8583050180   1.4242888446   0.6912961661  -0.3578190687  -0.4268499243   0.9692314732  -0.7676663112  -0.1983443346   1.8958412818   0.8737847210   0.3291064285  -0.6620407148   2.6383067084   1.5828576310  -0.4894784240   0.8848043623   0.9259217573  -0.2204456761   0.7417123835   0.2985803388   1.2683117532  -0.4169097407   0.8073007543  -0.2995780605   0.5277796370   1.6577168617   0.8289817903  -0.5643331728  -0.4592960057   0.7378477022  -1.0531223324  -0.3312929126
-1.8042503026   2.3681075548   2.6058885532   0.2899254617   0.1816263070  -0.8774778781   1.2163389841   1.7567950532   0.7548150124  -1.5632448046  -0.2029003464  -0.1333970765   0.3871659818  -1.3045391766   2.3102832854   0.2148403985   0.1224358304   1.0414294653  -1.6134935226   0.6845305096   0.2483181992  -1.1926486321  -0.1787795367  -1.2950564765   0.1970076473   1.1891193874   0.2337054595   2.6399510964   2.8389895952  -1.4567022962   0.2363217406   0.7829250050  -0.3797368140   1.2009745024  -0.0633411678   1.2915450568   1.8709696505   1.5953467627  -1.5973573577  -2.5081040725
 0.7536208761   0.2707605511  -0.9158614283  -0.6591884140  -0.6943350425  -1.1759889715   0.4233094657   0.1979744699  -0.7227972949  -0.5662054708  -1.4691023041   2.1879493080  -0.3874542813   0.3330242630  -0.1815816849   0.5511764166  -0.2884838363  -0.1863445171  -1.2553088805   1.1865655221  -0.2328101716  -0.9873316299   1.4008698504  -0.9536508872   1.3143476138  -0.9118695300   0.6944385599  -0.5090606624   0.3355946296  -1.3046371885   0.5314805193  -0.7107271364  -0.8341996901   1.1807619791  -1.4368919518  -0.3728685403  -1.0491340833  -0.1927174289   0.0556982289   2.0439496341
-1.4173276248   0.9981318856   0.6203795644   1.2512738852  -0.5415310217   0.5294976188   0.2401613719  -0.6445252894  -0.8254164048  -0.9551785524  -1.4584504175   0.6811498337   0.2737238299  -0.2771120807  -0.5776508395   0.1766082873  -0.3082521230  -0.8703950960   0.8112774538  -1.8656209143  -1.2389603464  -0.0562949782   0.6815610112  -0.5711356633  -0.4325141398   0.9602941664  -1.6704755033  -0.5726005163  -1.9666650851   1.0822655760  -0.8529328932  -0.7156889308  -0.5895739943   0.2972704357  -0.8736338883   0.1535874317   0.4671245539   0.0484110793  -1.0375643886   0.2392339767
-0.7544897517   0.2175246464  -1.4578515287   0.4154954495  -0.1530455248  -0.4703738160  -0.2848261684   1.4348830079   2.4513131242   0.1473154504  -0.1636697755  -1.0443651759  -0.8123882865   0.4014854872   1.1915633458  -2.5013035733  -0.0357502712   0.3317762749  -0.2290832595   0.1376666178  -0.4232131333  -2.0048435047  -0.2605761868   0.1500341227   0.3966358817  -0.7483701428   0.9685019946  -0.5324752075  -2.2733829909   0.2922073795   1.3749551509   1.7821677527  -1.6295995019  -0.0470100119  -0.5989487281  -0.3584707698   0.4726643880  -0.6448966218   1.1625695152  -0.7237331915
-0.8359292600   1.2571088110   0.8785965392  -0.8376367200  -1.4554316599  -0.2332421281  -0.2614411515   0.7854591863  -0.2829769170   1.6105733625   0.7898417239   1.6150065837   0.0726271003  -1.0528884465  -0.3443181545  -1.0634802773  -0.4682192068  -1.0960547329   0.1903894811  -0.0082195131   0.5939406861  -0.0641915480  -0.8125664874  -0.8186989355   1.5576992147   0.0568544775   0.1486156974  -1.3394155733   0.8927464223  -0.2151672474   0.9266770296  -0.3036622090   1.6166119869  -0.0808697018  -1.0348956961   1.1063823741  -0.4070012389  -1.4313184606  -1.3390566437  -0.7245347538
-0.4993894216  -0.6468805613  -0.5756901949   0.4516888391  -0.8174162044  -1.8698178744  -0.3118348440  -1.4139281149   0.5321755059  -0.6027983477  -0.9265489271  -0.7872326017  -0.9969264277   2.7482065811  -0.7067030578  -0.9516682681  -0.7169066796   0.5835338655  -0.1773736655  -0.3702565530  -1.0911702049  -0.3997815491  -0.8368641754  -0.7406310552  -0.5584280183  -1.7674390546  -0.7809706079   0.5168732316   1.4661268538   1.8966650229  -0.5443818302   0.5077005896   1.1301561585   0.7820690810  -0.8183393596   1.0122996354   0.5592792209   0.2653778659   1.8760294044   0.1522742208
 1.5326504806   0.3595008140   0.8301755326  -0.6150775624  -1.6889400186   2.1810797961   0.4780574318  -0.4554045291  -1.2603727314   0.4982651115   0.4166817576  -0.4327657395  -0.0412207860   0.6617536282   0.2275863042  -0.4059684358  -1.0043736272  -0.4351872798  -0.4785590072   0.3802737523   0.7444265029  -1.8569631822  -0.2800973493  -0.4755094954   0.5344428008   0.7592885050  -0.8184159509   0.0195823788  -0.1644592896   0.1982059855   0.9955161585   2.4654259138   0.1094014626   1.2118774926   0.8381006167  -0.7301201859  -1.6353903628  -0.2484641193   1.0256156320  -1.6285067407
-0.4697918572  -0.1009974508   0.0680061367  -0.3989061610  -0.3741083891   1.2245916346   0.4324490657  -1.7240774658   1.9544758452  -0.7755849488  -0.1166538546  -0.8441390221   1.9112646181  -0.4695980552  -0.3398761118  -1.4288703476  -0.4829546731  -0.4623164582  -0.2319088898  -1.2948543141  -0.8401198064   1.1279660595   0.1169209275   0.4637822941   1.5564701065  -0.3727852719   0.9056369241   1.2431178830  -0.5115816100   0.1464386615  -0.7822180845   0.8681256988  -0.6482647006   0.7520613128   1.7984722061   0.1517987204   1.0606274582  -1.3279333606  -0.3848855774  -1.4731948254
 0.9660965475  -1.4135404918  -0.2198473238  -0.8631217079   1.5335226088   0.1756380716  -2.1517596882  -0.6611154533  -1.2174285653  -1.3369935427  -1.4531406994   0.1095121762  -0.0261030845  -0.5697561632   0.8673557002   1.6018650405   0.0131735379  -1.1277352510   0.2685963701  -0.3294502597   0.4068776982  -1.6825373655  -0.0332158903  -1.0922037080   1.0631721606   1.3380001321   1.6446349348  -0.1009681812  -0.4136111725  -0.9981383968   2.2003181405   1.1472874224  -0.3968580887  -1.2577417098  -0.0737493303   0.5559575677   0.8621368996   0.9760210896   0.4098242997  -0.4331996051
 1.3131165068   0.6821245689   0.0225014854  -0.3043694211   0.2030984873  -1.2263984822   0.0559069936  -0.0066534482  -1.0642282109  -1.2329478585  -0.3559250947   0.3131359402  -0.6446581575   0.1648920603  -0.2946531771   0.3112811163   0.7962838201  -0.3286706246  -0.6592472452  -0.5002724861   0.0686275868  -1.9627890562  -0.1533078041   0.0268146523   0.4016358818   0.3559382962  -0.7113204925   0.1240837430  -0.2196916250  -0.6885463269   0.1432361946  -0.6683732261   2.1291845255  -1.9620218296  -0.7135878441  -0.3307462960  -0.8599922457   0.2995496101  -1.1450969942  -0.7515662861
 1.5271948216  -1.4403631049  -1.5096443964   1.0635402345  -0.3259992529   1.9782364833   0.9595682718   1.5829179434  -0.7743095698   1.5377308503   0.3442409767   0.7543812744  -0.5523538138  -1.2135542555   0.4015342506  -0.6748413579  -0.0224208938  -0.5204312917  -0.1242206901   1.1311457626  -0.9884867944   0.9259694744  -1.4929316142   0.8940060277  -0.4031020137   0.4318506525  -1.6570018921   0.6435413631  -0.5991232068  -1.4211378939   1.0253481885   0.7121395492  -2.0308312481  -0.2755750343   0.7571631025   2.1815497976   0.1267645866  -0.0380966674   0.5562024089   0.2751580539
-0.1325350167   0.1476982088  -0.1810961483   0.0924718771  -2.1449095088  -1.0711183861   0.8287073930   0.3597140382  -0.6175543716  -2.0264972111  -0.4753744665   0.9336212672   0.4107560588  -1.1693470187   0.3977388460   0.4945164633  -0.7533546063  -1.0261969440  -1.5358133087  -1.0077114756  -1.2994922112   2.2081756534   0.3288434149   0.7070544232   0.0812411768   1.2317212070  -1.6244279216   1.2367286991   1.3334464295   1.1401212242   1.0414056012   0.9904197888   1.1007722034   0.5819525785   0.4478039530   0.1476034644  -3.1915984678  -0.1857191684   0.9553991275   0.0409664666
-0.9534914795   0.2842602861  -0.8535442574   0.4552003988  -0.3132588577  -0.4198590607  -0.4187580628   0.3700449141   0.7446376627  -0.3671671297   0.3231832260   0.7170977182  -0.0507175472  -3.1290553610   0.2286792288   0.0972996579   0.3419113693   2.3937025822  -0.6801911704  -0.9855254954  -0.5500491304  -0.5163065078  -0.2986372406   0.3540884258   0.2636788490   0.7271007965   0.6558271145  -1.3221769674   0.6889862007  -2.1149174746   0.7341666909   0.2027859167   0.0313297662   1.1226173812  -0.1101812231  -0.3935184375  -0.4792639851  -1.3512827576  -0.5048212149  -0.0887009072
 0.2189123124  -2.2869165429  -0.9310091657  -0.2082276448   1.2015901713   0.1413785598  -0.0142578695   0.3386076144  -0.2562411876   0.2004948334   1.2415219559  -1.4151814460  -0.5012089492   0.5486405825  -1.4830067359   1.8171817773  -0.6911177236   0.2318593475  -0.3799868773  -1.6432813232   1.9909342121   1.1572274120  -1.6469492197   0.2529533242  -0.6519061060  -0.3625164038  -0.6420590525  -1.5120777962  -0.1276540794   1.0316757633   1.1060431079   0.7890876875   0.8380346474  -0.0272654335   0.3963338496  -0.1527441659   0.5977481646  -2.0333404884   0.7995082939  -0.1403711970
-1.1855225704   1.4696877222   2.4834291102   0.0661398575  -1.1308839263  -0.2865220035   1.1339992120   0.9608982066  -1.9019811690  -1.6396335233   0.1935482347  -0.6804165954   0.4332964959   1.1394065909   2.0173730568   1.4437316231  -1.0214078784   0.2005284422  -0.3138237535  -0.1838350660  -1.2810240685  -0.2076193629  -0.2330821334   0.6201445506  -1.3199245826   1.6320053388   0.9137579706  -0.3916911911   0.5291133120   0.0957365672   0.8305238223   1.3054022969  -1.9427197543  -0.9924026420  -1.7598783324  -0.2402117093  -0.8302271061   1.2502019315   0.1939314232   1.1321182466
-0.9106310736  -2.2138054884  -2.3010035414  -0.3047296509   0.4447134394   0.3347219601   0.5859422690  -0.6338090013   1.3174843987  -0.0410846683   1.0379086920  -1.0142360605  -0.3648832473  -0.0460411121   1.2795736611  -0.0160036576  -1.7827889356  -0.8329070873  -1.7111689523  -0.1679364886   0.6291146686  -1.9040358621   0.6331257954   0.1244237901   0.2168219364   0.1841060487  -0.5141495252  -0.8176898776  -0.2904309773  -1.3922818256   0.0786012378   1.4728824078   0.7413546254   1.2996620819  -1.8313757522   0.7347674227   0.6222451887  -0.2244763675  -1.0888258821  -0.2662951228
-1.1428354135   0.1805278694  -0.0611897074  -0.6986577684   0.8912106543  -0.2313508244  -0.2047163198   0.2262910329  -0.3871343741   0.3839633333   1.9863220700   0.2164833408   0.2501802906  -0.7985454213  -0.4286377472   1.2781786968  -1.7650384799  -1.7440508421   0.7421750343  -0.9981057868   0.8967864354  -1.3625959816  -0.2436287783   0.3498274672  -1.0110420342   1.1596707393   0.4740672744  -1.2762329643   1.1868794900  -0.5073996884  -1.1508611454  -0.3502203414  -1.1765339122  -0.7894430662   0.1955886554  -0.1209960799   1.3828855912   2.2080245805  -0.4184063939  -0.6500886539
-1.0180863004  -0.4074297949   1.5212362512  -0.6119803666  -1.1295193157  -0.2141751691  -1.0558885729  -0.4777582722  -0.1969264995  -0.6865592429   0.8878004750  -2.0256454960  -1.7903498244   1.5357743109   1.4461172233   1.1687031179  -0.5013055889  -0.5053209319  -1.1150517711  -1.4475058055  -0.2067449408  -0.2091727000   0.1593538719  -2.1639628643  -0.3549456361  -1.5470748722   0.7677706225  -0.0437826784   0.2995827395   0.3922818893  -0.6678635515   0.9255492287   0.4235150917   1.3199471337  -1.9414438865  -1.6865046594   1.4562229102   1.1951886849  -0.5400128114  -0.3993318728
-1.0108466794  -0.0962735183  -1.1390907973   1.0318151680  -0.1326076449   0.5523593555  -1.3465711784  -1.8363300214  -0.3459232990   0.8000106219   0.4906500827   0.9618058833  -0.7407833930   0.1937130560  -0.6502732525   0.0144023447   1.0261158006  -1.8617630559  -1.5374809430   0.2599858883  -0.9561768116  -0.3648868319  -0.1423072420  -0.8362066949  -1.2869694491  -0.4493374455   0.3641995103  -0.4078770900  -1.3485094291  -1.7636574490   0.4766721877  -0.9706136393   0.1213144713   1.9923043779   0.6078299109  -0.1189714168   0.1265679724   0.3974001288  -0.1605682801  -0.6538392752
-1.3529529225   1.8513928951  -0.8734892809   1.3836805084   0.3558891578   1.0665545283   0.1821407228  -0.8041031948  -0.6486968753   0.1410308312   0.4339333293  -0.8331042152   0.0137270780   0.4710210230  -0.2719123985  -2.1026853856   0.5807845219  -0.5544437931   0.3719839617  -0.4839529308  -1.1365068181   1.2039789172   0.1599787152  -1.0147241760  -1.5102263170  -0.0596435947   0.4933415695   1.2925273464  -0.3151526711   0.7448508101  -0.5939132123   0.6182286933   0.9028910487   0.5382848842  -0.7260981270   0.1960677107  -0.9291669740  -0.4876995128   0.5754701465   0.0914763970
-0.1282986242   0.7311838438   0.3686498543  -0.2305705949  -0.3901673581  -1.0661586978   2.1592215607   0.3222228089  -0.5330864550  -0.1657253713   0.7919448548  -0.0495950204   0.2574238944   0.8337600579   1.2215370038   0.7082758275   0.4334933954   0.8184069044   0.6811848075  -0.3301516973  -0.0193974000   0.1854846148  -1.2716645040  -0.5589122685   1.2994995293  -0.4605923619   0.2215837748   0.5641356914  -0.6424929128  -2.3026090768   0.6470470708   1.3292384264   0.0186741349  -0.2832231414   0.3183028890   0.3420245041   0.6544173251   1.0269351387   0.3886958681   1.0908979380
-0.1243407144  -1.5404407964   0.6512049666  -0.8768280395  -1.4338976458   0.8444407432  -1.1213875266  -0.3360916381  -0.5884701565   0.7922058591   0.4973527340   0.2037915766   0.5714892034   0.6466857920   0.8796528257  -2.0164386636   2.0713485793  -1.5809844124   1.7469331136  -2.7377407499  -0.1732791551  -0.0386723834   0.5360075408   0.2227798769  -0.9086820407  -0.4388585725   1.9273122412  -0.7527363041   0.0136845420  -2.0678775756   0.4444576474  -1.4607042696  -1.6176139752  -0.2111330347  -0.3571080113   1.4827872832  -1.5437460910  -0.5315737097  -1.5070339621  -2.3076584821
 0.2162210550  -1.2395365013   1.1216336535  -1.1218138393  -1.0448249031   0.4046876528  -0.2210949386   0.9915114008   2.1370880775   0.1848293913  -0.9695382404  -0.0631545629  -0.7087039817  -1.2421962802  -0.5645718683   0.6770415678  -1.1396352664  -2.3897633019  -0.9779647395  -2.1954150560   0.8165517038   0.8545664657  -2.7833489100   1.5512772698   1.5354262488   0.7727493851   0.3768069219   0.6464593641   1.1893932381   0.9071834567  -0.2242628724   0.2019532033  -0.6574614494   0.0886100703   0.0483827395  -0.4898749837   1.6247788000  -1.2193421176  -0.5298773869   0.7313420680
-1.0264065101  -0.2202794882  -1.7662261195   0.4920449492  -0.2400431510   1.1579572000   0.2775907797  -0.7654735409   0.2899515757   2.1210187998  -0.6435896991   1.6835289433  -0.1582791587   0.2648123341  -0.8412571217  -0.3239453759   0.4111866450   0.5038599058   2.4047223068  -0.2162456594  -0.3191272704  -0.1176621160  -0.3609337175   0.5162121010  -0.2993928226  -0.1147874744  -0.1127128255   1.0385060562   1.2823524998   1.3905499298   1.1969049140   1.2516568654   1.1344027489   1.2267453858   1.9869991040   0.9556956138  -1.4311142762  -0.1850481045  -0.0930231939   0.1749289726
-1.2253624072  -0.4508415480   1.1742409453  -0.1125994590  -1.2005395835   0.6234605513  -0.8022270025  -0.6084799678   0.2063652126  -0.6760581357  -0.8308935852   0.4381422212   1.2045999789  -1.1806427949   2.8598200786  -0.3613625400  -0.7115312506   0.3387640820   0.2003383902  -0.5301301033   0.7330467637  -0.5094847769  -0.7830812767   0.8943584135   0.9658961320   0.4164594931  -0.7654237671   0.6274814296   0.3192597715  -2.0826419107  -0.5945737263  -1.8014044577  -1.1447043849   0.3875706035  -1.7462441669  -0.6279368580  -0.1742003744  -1.8262051182   0.1372051332   0.3568820741
 0.0281862764   0.5274104708  -0.5156404353  -0.1508558862   0.9747006300   1.8310439993   0.7352092069   0.1031540633   0.0717044036  -0.0834958052  -0.9240592513   1.1971617755  -0.1966989750  -0.8165416377  -2.5613139583   0.1159277745  -1.3780281430  -0.0252246302   1.4863245898  -0.3777355380  -1.3222905294  -0.1104268314   0.0797181093   1.9533113224  -2.6955980560   1.1265233404  -0.0150197093  -1.4978194463   0.7545316243   0.5413073795   0.0301651846   1.4801634290   1.2049457377  -0.1916944928  -0.1127467998  -0.5741025663   0.4059282655   1.8887280655   1.2608700231   1.7928800012
-0.2778666120  -0.7655162520   0.0435452969   1.3297267209   1.3295568295  -1.4778298757   0.4510741862   0.2250635523  -1.7385394701   1.2753865795  -1.5662176397   0.9318976218   0.8082483396  -1.3002753718  -1.4277430154   1.8676933791   1.0488568021   0.5669807989   0.4104012373   0.3958759238   1.3062296864  -0.3473636247  -0.7632532524   0.4865262126  -1.9879350052   0.8128665943  -0.5851086407   0.5555131480  -1.3133479871  -0.4457287978   0.2509784283   0.5468834822   1.7182274565   0.4020305424  -0.5324593634  -0.0625887114   0.0057474538  -1.2571124893  -2.1032765669  -1.2194659348
 0.1187759462  -0.0506352540   0.0435122153  -0.0024435646  -1.0849013925   0.1583922735   1.0285543689   0.2256808918  -0.6009466517  -0.4847025826  -0.4946899355  -1.1940611072   1.1129136641   0.1007338432  -0.9621981136   0.0049417753  -2.3769923144  -0.2492008249  -0.2961325198   2.9398779781   0.3027172180  -1.3645842489  -0.2149639864   1.3857369982  -0.0242076232  -1.0614207213  -0.2516599489  -0.0122452327  -0.6611347717   1.6913030419   0.5388914976   0.4825712273   0.8011566238  -2.3540694848   1.3285460863   0.2465878565  -0.1298566765  -0.3366675043  -1.7792945859   0.0838844263
-0.6042878088   0.8969048780   0.2438211427  -0.6505683194  -1.2539633000  -1.4447852311   0.9493731075  -0.6277502606  -0.0636552687   0.2305412092  -1.0951814686  -0.8066899133  -0.6210846546   0.5156606253   1.0546121742  -0.2922018059  -0.8442978342   0.7088003073   0.8798902734  -1.2575683770   0.3884738982  -1.5201909263  -0.0024067413  -1.0099022107   0.2823645259   1.8995236409  -0.4916640879   1.3720241509  -0.7688946391   0.3553836646  -1.1088031694  -2.2376386019   0.5561349231   0.5992081372   1.3280163944   0.4395856910  -0.6584250192  -0.2533499057  -0.5326889158  -1.6733510496
-0.3527919876   0.1221542955  -1.5146839768  -1.2674351703   0.7891262130   0.7600016449  -1.1567071100  -1.6983136394  -0.3351258138   0.2509020946  -0.0129551810   0.7290343877  -0.7023363167  -1.3135573750  -0.1966495580   1.4123478947   0.8753029951  -0.2698871832   0.1167125962   0.0124121294  -0.0811662827   1.3525731263   1.2164639328   0.0369074873  -1.4938217077   0.4778796954   0.0302700825  -0.4959756815  -2.4952006515  -0.2483267864   0.1577880496   0.3927229394   2.7317701536   0.1028789198  -1.1689814205  -0.2556618300  -0.3048473519   1.5682939212  -0.1692338997  -1.2631239207
-0.2137941126  -0.2201711601   0.9419220985  -0.7689223821   1.2252231413  -1.5296700737  -1.1339024863   1.1295358100  -1.0763128220  -0.7138818306   1.1683984176  -0.7040518433  -0.7707846247  -0.4849590553  -0.8437191825   1.0540403386   1.9957455774  -0.2334780863  -0.2306596330  -0.1497991033   1.7506406396  -0.1356807425  -0.9546843171  -1.5870247335  -0.8154542150  -0.3222719452  -1.3987289705  -0.3246718780  -1.0620768083  -0.4569432785  -0.1020460008  -1.4770586693   1.0630703288  -0.3369642007   1.3175285221  -0.6715082473  -0.6225985460  -0.2521701118  -0.9075350796   0.1650190115
 0.0445085661   1.6321853737  -1.3118411214   0.3354220799  -0.2274897635  -0.0639897814   0.8893003086   0.1445983056  -1.2508001818  -1.0732274922   0.0122006947  -1.5070036822  -0.6445340617   0.5286099702  -1.8729475897   1.3393035489  -0.0789771784   0.6347779228   0.0067077328   0.8211514664  -0.0342051584  -0.8766512946  -1.8658499945  -0.2121939074   0.3624405839  -1.0729748915  -0.4343184987   0.1738301097  -0.9148098980  -0.0409652751  -0.5802350321  -0.4960813233   1.6796092497  -0.0765433736  -0.0220006928  -1.0850050223  -0.6117540533   0.4988817924   0.6719445913   0.0645570809
 1.6981850482  -1.6090259605  -0.7950685150   0.6981904604   1.6466149692  -0.1579556533   0.8850686063   0.6315022120   1.8017497445   1.1307135921  -0.8309708777  -0.4067333224  -0.4322762283   0.6787938811  -0.7751796812   1.1935059998  -0.4027557446  -1.2677347530   0.0302933628  -1.4056023216  -0.7384949334   0.5850062771  -0.7010064762  -0.2852892953   1.0051979585  -0.7844067059  -1.0091728178   0.7348128750   0.8582607395   0.4012112554   0.8609273962  -0.1320089914   1.1685530310  -0.2256347928  -0.5029323332  -0.7526103013   1.5154651034  -2.9675217817  -2.4859384519  -0.0609673242
s2
 2.1233626259
 0.6046906725
 0.2518784898
-0.5952091202
-1.6348739433
 0.0714583779
 1.2726022486
 0.2377756624
 0.7708526897
 0.7289445210
-0.7999486760
-0.5420666789
 0.3140035722
 0.7474890600
 0.3337831002
 0.4593202029
-0.9337928972
 0.1893381300
 0.3527812216
-1.4177518223
-2.2329467308
-0.3178158505
 0.5218908888
-1.7690187915
 2.1578766986
-0.0798439400
-1.1699658065
 0.4104960726
-1.0408300308
 0.2647274341
-0.6226656797
 0.4731365862
-0.4320721968
-0.3076284954
 1.3563642166
 0.9885703163
 0.8665031353
 0.5458994752
-0.1889972768
-0.3116556065
w3
0.1798461075  0.0798862924  -0.4215517083  0.2563182745  -1.7350386499  -0.6051148786  -1.3030568448  -2.5982852481  -0.1150520268  1.1581284230  -0.2021430970  -0.3730431886  -0.7394743600  -1.6807012794  -0.7482480282  -0.9299059654  0.9276991121  -0.3790177948  0.1819997143  -0.4804228232  -0.0214000504  -2.0319611844  -1.4969622294  0.1571894389  0.4458674304  -1.1790883948  -0.1221686640  -1.1364958379  1.2422169556  0.0985594771  0.0971777654  -1.1246980944  0.3404810248  0.1500678233  0.1919907316  -0.2135363850  -1.8257949764  0.5824624506  -0.8187298735  1.2284776549
s3
1.4091937100

