layers: 3
str: {2,40,1}
w1
-0.4577067084  -0.4891849533
-0.6764979540   0.5711781085
-0.6151029636   0.5107347380
-0.4667761323   0.3617747397
 0.0514904411   0.0651196743
-0.5410793539   0.4320164371
-0.7054046458   0.5989877360
-0.5863665401   0.4808866652
-0.5774195881   0.4709812779
-0.6705740005   0.5654676478
 0.0513210401   0.0651695727
-0.4768921689  -0.5606559756
-0.6807197516   0.5752408455
-0.6077415221   0.5032104063
-0.5706041302   0.4640665285
-0.5375967853   0.4283086163
-0.6534381539   0.5488484087
-0.4920677264   0.3834821377
 0.1219009130   0.0129597988
-0.4743381032  -0.5491040067
-0.6940873629   0.5880869049
-0.5556297984   0.4477296381
-0.4288397673   0.3318896675
 0.1044839494   0.0295484087
-0.4781467262  -0.5665889349
 0.0574134178   0.0627388625
-0.6817650470   0.5762478598
-0.6679140079   0.5628992083
-0.5781463781   0.4716224912
-0.3633033193   0.2845180859
-0.0022176732   0.0796465828
 0.0359620177   0.0696820545
-0.6641483470   0.5592555165
-0.5831944686   0.4775322622
-0.2348722937   0.1987157033
-0.7099305795   0.6033699490
-0.2136809586  -0.1996371835
 0.0367624565   0.0694369407
-8.0991342411   2.5980028346
 0.0152217478   0.0751396367
s1
 -4.4685104673
 -4.5427873499
 -4.3394137331
 -4.0297205937
 -3.9342178803
 -4.1285066946
 -4.6293082177
 -4.2468912551
 -4.2223119218
 -4.5239492943
 -3.9340038126
 -4.7274918280
 -4.5560163728
 -4.3150308714
 -4.2002001560
 -4.1214010104
 -4.4679872158
 -4.0551947847
 -4.0849229767
 -4.6835497754
 -4.5966703934
 -4.1614549781
 -4.0056422041
 -4.0600886558
 -4.7496763665
 -3.9440672555
 -4.5592521636
 -4.5153920054
 -4.2252835695
 -3.9852805985
 -3.9183293310
 -3.9232706852
 -4.5031973494
 -4.2371419092
 -3.9533674133
 -4.6418016851
 -4.2004229313
 -3.9241300468
-12.3936708901
 -3.9088602751
w2
-0.4448964081  0.4987242991  0.4663728244  0.3392807235  -0.0125739310  0.4063725958  0.5055666234  0.4450869219  0.4382694555  0.4965792616  -0.0125569612  -0.4934345138  0.5001057947  0.4612188795  0.4321254043  0.4032230623  0.4890897884  0.3618693407  0.0241681523  -0.4853029886  0.5036431085  0.4193326771  0.3067563495  0.0107818167  -0.4971709810  -0.0122478189  0.5004229601  0.4955382135  0.4390251985  0.2534740595  0.0044313386  -0.0101719451  0.4939903951  0.4425327438  0.1548076331  0.5060340608  -0.2109006265  -0.0103045152  -2.5783551632  -0.0040081574
s2
0.1017240229

