layers: 3
str: {2,40,1}
w1
-1.5274016430   2.8997035951
-0.6191405075   0.0541814594
-0.1659093130   0.3189722833
-0.5541761229   0.8718268197
-0.1270574483  -0.2594696627
 0.3441625588   1.4688109511
 0.0175020047   1.4938226563
-0.0619035022   1.0632007944
-0.6878133810   1.3495905019
-0.7024101169   0.8518584526
 0.0984079449   1.7384416641
 0.3787860352  -0.2038429110
 0.6558384005  -0.0881734702
 0.7677410943   1.1742891682
-1.2315951048   2.0494778793
-0.2752568609   0.8311070961
-0.9184998831   0.5077806229
-1.3620953828   1.0998804685
-0.1235407662   0.8438118970
-2.4872666550  -0.5182797346
 0.0400789948   0.4842240978
-0.7078236991   0.7560047289
-1.8015525524  -1.5655469357
-0.9011940724   1.6433975038
-0.0721539425   1.4462259884
-1.2599928730   2.4081985854
 0.0666551076   2.3936316742
-1.1656192405   1.4145404221
 0.4291351204   0.7790518475
-0.3321492098  -1.1665479155
-3.6233366033   1.7246924490
 0.2138729870   1.0258975871
-0.6921145799   0.6735838056
 0.2120305892   0.0878091996
-0.2643286352   0.1785841416
-0.0170754402   1.6017223373
 1.6581003889   0.7371356237
 0.6428436358   2.3068152470
-0.1490988031   1.5010682502
-0.1744052722  -0.1837159704
s1
 0.4947084578
-1.0614988610
-1.3168246318
-0.9608457077
 0.8330575867
-0.8945481617
-0.8885626036
-0.7989123090
-1.2235937486
-1.7259170204
 0.0063210851
-1.5399996502
-0.5068405241
-0.9490041086
-1.0095069115
-0.9805968886
-1.3640047471
 0.9892089366
-0.8678909736
 0.1994413003
-1.2591911303
-0.4029953173
-0.6183103416
-0.0062836333
 0.0196549630
 0.1448967002
-0.1309335325
-1.1022398307
-2.0132666446
-0.3119510949
-0.3291449036
-0.6182882299
-1.0137348776
-0.7496328084
-2.2597079452
-0.7719403887
 1.0480163918
 0.5957798219
 0.7805028564
-1.8186309114
w2
-2.0914319494  -0.2074874750  0.0279699495  -0.4890823093  -0.1388270387  -0.7679645720  0.7078415822  0.2454047872  -0.7997406407  -0.6556858939  0.8521960678  0.0908634237  0.4914579257  -0.6647376915  -0.9976850398  -0.1014507785  -0.0182924391  -0.8551632135  0.2093540754  -0.7553069556  -0.0323434782  -0.6505116329  0.9876302848  -1.0593782861  -0.0478338264  -1.8807655338  0.8384932905  -0.3808946489  -0.2689426892  -0.7123068686  2.3972284677  -0.5176670042  -0.6536239776  0.0994145970  -0.1802739296  0.5116522796  0.3253125193  -0.6093808593  -0.2104493243  -0.0415937840
s2
1.4169880395

