layers: 3
str: {2,40,1}
w1
 -1.1792187173   0.2793274720
  0.0098019443   0.3217861271
  1.5011212498   1.2167174517
  1.6008934373   1.2815311387
-12.2445660900  -2.5506388889
  1.5907292517   1.2747975296
 -0.4718786709  -0.2187481359
  1.3423749984   1.1189982072
  1.5947808220   1.2774779731
  1.5477823866   1.2466781413
  1.6510078819   1.3151840606
 -1.0698451509   0.7298219412
  1.3828946709   1.1433641087
  1.5052048782   1.2193156327
  1.5790100661   1.2670714523
-13.3988480445  -3.7527353700
 -0.0068362385   0.3092186075
  7.0965104821   4.0710639194
  1.3960274028   1.1513419672
-13.4453112355   8.3257208419
  1.5203115237   1.2289665744
  1.4075859963   1.1583973277
  1.6037393448   1.2834219868
 -0.7717672194   1.2023357684
 -0.6345345888  -0.8881291012
 -6.4892994856   9.0906131140
  0.1320332824   4.8698730138
 -0.3913977422   2.1687401279
  1.4058045183   1.1573078315
  1.5850662686   1.2710590912
  1.6192135512   1.2937454889
 -9.9434335884   4.2576503740
  0.7397670177   0.7844820623
  0.1723685244   0.4410962126
 -0.2367528240   0.0481250347
  1.6038727654   1.2835106918
  5.6744782894   2.8821576502
 -0.5900964939  -0.6961750149
  1.2806524246   1.0825607351
  1.2968815135   1.0920660426
s1
-12.0923458441
 -4.7913308616
 -6.0957541789
 -6.2504565703
  9.3290362531
 -6.2344637522
 -7.2920423514
 -5.8591349771
 -6.2408321384
 -6.1674820181
 -6.3301239236
 -6.6018562873
 -5.9185141986
 -6.1019894563
 -6.2160916548
 -0.1535795058
 -4.7620711634
 -5.9621729088
 -5.9379027290
 -4.1971378276
 -6.1251251840
 -5.9550268630
 -6.2549442806
-12.6477601863
 -8.2089819243
-10.8391012132
-16.9220920154
 -9.9208637573
 -5.9523839207
 -6.2255769614
 -6.2794215254
 13.7743820964
 -5.0305608366
 -4.9215431725
 -5.1387760987
 -6.2551547776
-10.1335472332
 -7.5646070719
 -5.7699068296
 -5.7932301711
w2
-6.0150016838  0.3535462137  0.9742975836  1.0158282033  3.8439433637  1.0114843703  0.9402731613  0.9124588014  1.0132126213  0.9934216853  1.0376553528  0.4408458687  0.9278381663  0.9759516536  1.0065093710  -2.5406778915  0.3399326784  1.3596257532  0.9328757340  10.3851006677  0.9821026206  0.9373326008  1.0170493403  -5.3713611034  0.3543338361  -7.4783202217  -1.2678176693  -0.2049532924  0.9366442354  1.0090759121  1.0237271639  -2.1982959360  0.6927346583  0.5251272253  -0.0593933212  1.0171066420  -1.1643083096  0.2451880387  0.8894384645  0.8954495271
s2
-1.7498135136

