layers: 3
str: {2,40,1}
w1
 0.4566403983  -0.3784135427
 0.5363747893  -0.4122733903
 0.0669737198  -0.0963528953
 0.0674720023  -0.0973825305
 0.1531628346   0.0444121708
 0.0666779281  -0.0966670025
 1.7117052253  -1.1803674084
 0.8772306466  -0.5819935702
 0.0671353108  -0.0966321026
 0.0752628592  -0.1015492202
 0.1635592968  -0.1584026016
-7.6659015961   3.3435749875
 0.0806644738  -0.1004367412
 0.0738271671  -0.0965950627
 0.0758522219  -0.1023836691
 0.6027408320  -0.3326237400
 0.2516956593  -0.2348353443
 0.2858235336  -0.2519460993
 0.2247576227  -0.2036112613
 0.5575540689  -0.3430869188
 0.0905322850  -0.1106400023
 0.1742913221  -0.1655131622
 0.0699960219  -0.0980943256
 0.4130175144  -0.3501032856
 0.6430374345  -0.3502062001
 0.3720492070  -0.3187836277
 1.6384383836  -1.1356244267
-6.5714336660   3.4052870304
 0.0940443323  -0.1159126593
 0.2310263274  -0.2084678472
 0.0813113048  -0.1052111241
 0.8862797191  -0.5869759633
 0.3285233954  -0.2333761744
 0.6651852663  -0.3690619053
 0.0928232280  -0.1143373051
 0.0718824443  -0.1002977468
 0.5636017843  -0.3113184872
 5.4806631995  -2.6750360084
 0.5173530700  -0.3911084854
 0.0770585555  -0.1026612168
s1
 -4.1484106455
 -4.3373590459
 -3.0732018309
 -3.0683954622
 -3.5841625962
 -3.0667597800
 -6.9946797449
 -5.1195341303
 -3.0718606687
 -3.1159723485
 -3.4263993958
-11.7751792805
 -3.2189070969
 -3.1478098647
 -3.1110097505
 -4.5756905944
 -3.6788546706
 -3.7524612127
 -3.5994564720
 -4.4436818427
 -3.1777120316
 -3.4599136216
 -3.0882340793
 -4.0480973924
 -4.6730277091
 -3.9546406002
 -6.7885371546
 -0.2893800437
 -3.2378041805
 -3.6158805939
 -3.1388490258
 -5.1402284629
 -3.9056177985
 -4.7187702120
 -3.2483438537
 -3.0885060487
 -4.4844074120
 -8.0990204470
 -4.3000141672
 -3.1252333191
w2
-0.2887619194  -0.3118804971  -0.0239778364  -0.0243579525  0.0340186944  -0.0235344069  -0.8494624776  -0.4254663267  -0.0240890982  -0.0331040178  -0.1084440552  -2.9332059984  -0.0425997180  -0.0325732816  -0.0334566485  -0.2411323691  -0.1768566262  -0.1922228712  -0.1516193383  -0.2532389208  -0.0479104686  -0.1159514130  -0.0272322245  -0.2680650760  -0.2534486843  -0.2444625519  -0.7981730477  1.8600920523  -0.0586514507  -0.1558772032  -0.0390179413  -0.4286744777  -0.1778885110  -0.2680661183  -0.0575666855  -0.0291683499  -0.2256459149  2.4739431116  -0.2958740998  -0.0350291157
s2
-0.1905513656

