layers: 3
str: {2,40,1}
w1
-1.5878804759   2.9689646731
-0.6161659692   0.8643540755
-0.2002081407   0.4456855061
-0.3628051895   0.5648257604
-0.3671590317   1.4300095847
-0.5041572507   1.0379954521
 0.0712612964   1.1547498517
-0.2274182307   0.6018999684
-0.6476778848   0.9627281430
-1.0996127053   1.3499092591
 0.6641295464   2.2514170016
 0.4213228419   0.2773386362
-0.2412060086   0.7086987934
-0.0688559528   0.9071522862
-0.9285982502   1.6566053848
-0.3156676263   0.5790606248
-0.5124566107   0.6790890936
-0.9998742013   1.6957798777
-0.2516423466   0.6463478219
-4.8623331885  -0.7197013617
-0.0996630861   0.5712821412
-0.5579820408   0.8250307676
-1.3364215922   0.9497780695
-0.6398526205   1.4082490538
-0.2740331691   1.2132314027
-1.1842852114   2.1676996578
 0.1008339385   2.4681812811
-0.8277076548   1.3101143760
 0.0990742162   0.4932169171
-0.6016957141   0.7843555155
-5.8590088377   2.6487402493
-0.6430631182   0.9987468294
-1.1768956777   0.9785354631
-0.2065354716   0.5719868562
-0.4501672805   0.4780058901
 0.0113112057   1.1568053320
 1.0593151547   2.5765087919
 0.2597571900   2.7172229345
-0.2935025624   1.9925872502
-0.1383068244   0.2267409391
s1
-1.2545630998
-1.8211858251
-1.8021851108
-1.8200777302
-0.9912980318
-1.8263004812
-1.8949036000
-1.7518038341
-2.1052807617
-2.6827922220
-1.4321076095
-2.2636305954
-1.5429826932
-1.8520370257
-2.3106007594
-1.7848313545
-2.0233153575
-0.6910790663
-1.6880551528
-0.0538463167
-1.9422779739
-1.8046545105
-2.2690727079
-1.3898055592
-1.4254502688
-1.6408517793
-1.1340249308
-2.0752789737
-2.4108247163
-1.3855696391
-0.3681198541
-1.8581793966
-1.7687677463
-1.6161847221
-2.4662807992
-1.8741461783
-0.7759439570
-0.6393549227
-0.6694356715
-2.0841242765
w2
-1.3301653540  -0.6204065734  -0.1068168735  -0.2777344152  -0.0646745001  -0.5249727375  0.1437571427  -0.1521015692  -0.7212072515  -1.2880985016  0.0209590803  -0.1159883775  -0.1596077888  -0.1105920036  -1.3112100499  -0.2323011352  -0.4618675536  -0.3280513569  -0.1704431576  -2.1667021513  -0.0629811349  -0.5442900020  -0.7854559806  -0.4787514133  -0.1183389373  -1.2829222065  0.7435484202  -0.9839717380  0.0188446834  -0.4708507060  5.2157164179  -0.7057320508  -0.9269787680  -0.1306579455  -0.3572930178  0.0757191063  -0.2858124912  -0.0561414469  0.1813189856  -0.0373828327
s2
0.4903580874

