layers: 6
str: {2,5,5,5,5,1}
w1
-3.4588388808  -2.4328306804
 2.7696707617  -2.8347335607
 4.4011156015  -3.5651490121
-2.6428023067  -2.0865896911
 0.6124887576  -0.4830743483
s1
 0.0356520971
 0.1358122099
-3.9560080983
-3.3940077392
 4.3007021881
w2
 3.0648863344   2.4182373080  -3.5350734741  -2.2767174168   2.6054353170
-1.1025202303  -1.0395170020  -3.4058092396  -1.5472231682   3.8502381618
 0.9777361119  -2.7989228923   4.0502375911   3.8284873882  -2.3494985765
-2.5670341295   1.0096447006  -1.3015265913  -1.0291174418   1.1077851422
-1.9329272941   1.3356352730  -0.9587463131  -1.3459968724   0.9438360090
s2
 1.1078077185
 2.1563942310
-2.7298451508
 1.3993364246
 0.5856078611
w3
-0.2119578198   3.6512028177  -1.7203735591   2.4176864865   1.4576637718
-0.2391956352  -1.0091921608  -0.3266851817   0.3869031790   0.1123226428
 1.7232724838   4.7022899565  -1.9780269119   2.7373561715   1.8954091641
-2.4739305427  -1.3358129952   1.2655116173  -0.0253338184  -0.3942569322
 3.1340989146   1.0131995943  -4.4337135181   0.1551565330   0.8249813917
s3
-1.2782279639
-2.5041920092
-2.5448351722
-0.7473077198
-0.9417215090
w4
-2.5870829908   0.3617304742  -3.3455831440  -0.3951873795  -0.4488678829
-2.3461729231  -1.4410033114  -2.4602067043   0.0171741974  -0.7200600213
-1.7645959479  -0.6055139620  -0.4545885049  -0.7399483269  -0.7955789898
-2.3236519748   0.8116611500  -1.6989793091  -2.6774704699  -0.1559947845
-1.6623867022   1.3760270295  -4.0274192004   2.0645406546  -4.0338297381
s4
-2.0473539885
-2.4721619799
-2.9710085062
-2.7137012100
-0.7040039946
w5
-0.3306149854  -1.1263759776  -1.0819646427  -0.9377690675  2.1844361463
s5
1.5134797939

