layers: 4
str: {2,5,5,1}
w1
-2.4776813641  -4.1363282130
 9.6849656172   3.0167714649
 1.5442452906   5.6355910379
-3.4733712886  -6.7086667099
 5.2492170401   6.6269884343
s1
-0.9831947678
 1.5347277940
13.1684875380
11.8581615898
 3.9006635185
w2
-1.9276233523  -4.5216351510  -0.0984684514  -5.5513894219   1.3329741352
-3.7922696732  -9.9281728231   5.3685925580  11.9225595904   4.4607436587
-4.3604951245  -0.2992915664  -0.5806580917   1.2230178042  -7.4062704521
-5.1007907909  -1.2709816938  -5.1387434089  -1.1544481072  -3.0027770734
-0.2218684609  -6.7683817784  -8.4987438172  -2.2739110836  -2.6767192106
s2
-4.3748961616
-7.3368387035
-7.3553597242
-0.4880868821
-2.2204746819
w3
2.6253750032  -2.8650062387  -1.9365791080  2.5174434977  2.0502655695
s3
1.6498264375

