layers: 6
str: {2,5,5,5,5,1}
w1
-0.7891303046  -1.0225034893
-1.7376146722   0.6080570383
-1.0727650572   1.1901334424
 0.7124392423   0.2750003881
 0.2219956797   1.3244497136
s1
 1.4044231670
-0.2823609146
-0.7260734710
-0.3040735074
 1.3739220389
w2
 1.4303047110  -1.9200645915   0.3778567799   0.9610678504  -1.0179201952
 0.5606615885  -1.5136175267  -1.4692877819   2.5536561307   0.2139205309
 0.5923838352   1.8600854764  -0.8421244125  -1.8697971673  -0.0880927720
-0.7528831496  -1.6347865813   0.0402954393   0.6752417343   1.2832264929
-1.0319015841   0.1256894063   1.0913908200   0.5780556445  -1.2036868751
s2
-0.9313924260
-1.2017178184
-1.2833705501
 0.7872497108
-0.0807446493
w3
0.3666946497  -0.4930451205  -0.2994170817   1.4093444540   0.3785213458
0.0082429530   0.3268734857   0.6300100310  -0.3464572313  -0.5525328643
1.1968878482   0.0527486090  -0.4260829789   0.5940831228   1.0164381027
0.1567924381   0.9256826439  -1.8986148364  -0.9920281058   0.5507879783
0.0458936434   0.8202190271  -1.4127562984  -0.0283088673  -0.2504017049
s3
-0.7026743184
-1.1297296642
-1.4454765854
 0.7216150164
 0.0757866701
w4
-0.1587105538  -0.3912885689  -0.2501921918   0.1750260349  -0.1506988032
-0.3441209612  -1.7773259199  -0.2719540039  -0.1140495151   1.1193836740
 0.6834441128   0.3624193600  -0.1275799834  -1.0866982896  -1.1091573965
-1.8019952364   0.4223545316  -0.1725533606  -0.4641407740  -1.0143336589
 0.1647358146   0.3244559808  -0.6156173287  -1.5102861941  -2.2154362651
s4
-2.2594618334
-2.4015098969
-1.9180468278
-0.7963497944
-0.5795583404
w5
-0.1443287175  0.0294406240  0.2356669560  0.4117650306  0.8016624406
s5
-0.3652524375

