layers: 5
str: {2,5,5,5,1}
w1
 6.5065383359  -2.6642375668
 7.5601735684  -4.0816665481
-3.6701204759   1.8299288099
 2.7401689202  -2.7841585543
-7.8175805036   2.8760689298
s1
  9.3935528555
 -0.7959764558
-10.3041102761
  0.6014131924
 11.5116255878
w2
-1.6165521912   0.5751642406  -0.4487008206  -1.9519354241  -0.0531161184
 0.1870583869  -0.0545103013  -0.5263904835  -1.7599493501  -0.0116676352
-3.2870559911   3.7253711981   7.1396703327  -2.6500292640  -2.2657840699
 6.7613150656  -7.4349060898  -4.1214795643  -0.0267658872  -5.4505449813
-0.1613459393  -1.0819947961  -1.8838642276   1.2629759279  -5.7937036988
s2
-0.9008827212
-2.0841076840
-2.5721337326
 1.0472496139
 0.6929258063
w3
-2.7877772739  -1.4726469986  -4.6038104847   3.8242498733   0.7756747456
 1.6284052587   0.7878296084  -2.6561532857  -3.5725188225  -1.0383338208
-0.5783485286   0.4287137189  -1.1484614680  -4.0880238672  -3.2016461436
 0.2323982467  -0.6719906982  -1.7174328395  -4.2448569187  -2.5536287763
 0.5005328687   0.3855380163  -2.2169895243  -4.7057574419  -2.2582408429
s3
-5.2519466979
-2.5705676945
-1.8431661708
-1.9680914820
-2.1195533897
w4
1.8579538873  -2.5811580887  -2.8460135682  -2.7894294285  -2.7861002543
s4
-0.0339726567

