layers: 6
str: {2,5,5,5,5,1}
w1
-0.6440922643  -1.0458788038
-0.0342499112  -0.6609828415
 2.2693880745  -0.9891049493
-0.8023357476   1.0011778391
 0.6364252392  -0.6438862680
s1
 1.4027730889
-0.5806693960
-0.4127853932
-0.4473684486
 1.3750465962
w2
 0.9625838924   0.0994095888  -1.9909002384  -1.5873369735   1.4200983978
-0.0949961136  -0.7314894287  -0.5213016784  -0.0984365521   1.3348188268
 1.1092348966  -0.4796820095   1.9050173709   1.6100671329  -0.4935323291
-1.3715201510   1.6823509413   0.2672064422   0.7201111220   0.5153336365
-1.3293398838   1.3553357951  -0.3228404644  -0.5961656646   0.3880412574
s2
-0.9226583548
-1.0110041978
-1.4972373717
 0.6744385598
-0.1793845808
w3
-0.3615847555   1.0937046633  -0.1684456345   1.3283430298   0.3918053815
 0.6334958827  -0.7422606443  -0.5346137851   0.7151820178   0.3760033840
 0.9418365448   1.7325604768   0.3984041539   1.1968975650   0.0621891959
-0.7672662858  -0.8152084921   1.2304878746   0.9478434965   0.3808293806
 1.0074540401  -0.5137289396  -1.4115934336  -0.0750117951  -0.0080056912
s3
-0.7210675991
-2.0345882388
-0.9931709281
 0.6152297840
 0.2210165273
w4
-0.6779768647   0.4093085572  -1.6099259058  -0.6262789023  -0.1915278434
-0.7852924799  -1.4228227361  -1.0212883425  -0.2992371115  -0.3014279137
-0.9011441010  -0.5598183194   0.2558141013  -0.6067178869  -0.0192311277
-0.8685404920   0.9428676096  -0.2900035967  -1.9865983441   0.9944316139
 0.0482864126   1.6674657795  -1.7028016068   0.6459956408  -2.5685598261
s4
-1.4471464914
-1.7252086183
-2.4266916487
-0.9772078324
-1.6764491435
w5
0.0592427171  -0.5154869253  0.0327925983  0.6568119016  -0.6966731746
s5
-0.0703382571

