layers: 5
str: {2,5,5,5,1}
w1
 1.3304810844  -2.0684643914
-0.2415794518  -1.6567404583
-2.0687005140   0.7168065892
-1.0823384907   0.1975854767
 0.9181838725  -0.4439982851
s1
 1.2672644345
-0.4669889334
-0.6547496661
-0.3264390391
 1.3399083761
w2
 0.6785530161   1.1707677053  -0.7731407493  -0.5547111718   0.0829695069
 0.4017325236   1.1198702835  -2.5100045304  -1.4654481206   1.7442332257
-0.2829970666   0.4380350519   0.1836878034   0.7397133675  -0.5285589959
-0.5659385604  -0.0720626645   0.7984482908  -1.0474070301  -0.4350830915
 2.2369446444  -3.2150773874   0.8542742436  -0.4668212860  -1.0267545940
s2
-0.7938731209
-1.1827033129
-1.3030566664
 0.5200408552
-0.1154502811
w3
-1.3904187918   0.0964975909   0.5400146137   0.0735513385  -0.7787479729
-0.7861428715   0.1219288058  -0.4237548698  -0.0486572896  -0.2386112633
-0.5674316636  -0.8639701044  -1.6030577868   0.1528676143   1.9294256078
-0.5848876971  -0.1039674595  -1.0601192858   0.1927513846   0.4226509770
 0.1155947936  -1.2638574444  -1.6952623081  -0.7076708011  -0.2683725867
s3
-1.5119743249
-1.4015687451
-1.4482750697
-0.2221985619
-0.5981131760
w4
-1.5579004076  0.0326006673  1.2146578476  0.1369625974  1.4981643170
s4
-0.1784068590

