layers: 6
str: {2,5,5,5,5,1}
w1
 0.5588554915  -0.5120754665
-0.6205568087   0.3246962907
-0.2658480294   1.8806576785
-0.9692151600  -0.4698001598
 0.0415856537   0.5203087106
s1
 1.4068150128
-0.4804433353
-0.6595518001
-0.3388759682
 1.3782262459
w2
 0.3947179003  -1.5026921098   0.5736969135  -1.0348673211  -1.2205753789
-0.9141487525  -0.1053739691  -0.1314740251   0.7193126928  -0.6669343261
-0.1628383202  -1.4954355718  -1.5359997257   0.6164637072   0.1932430745
-0.0059800828   0.3456530378   1.9022360720  -0.4930640167   1.4249706315
-0.5695437398  -0.9241649664  -0.4974364764   1.5964491575  -1.9292275028
s2
-0.9683459769
-1.2764464924
-1.4312024117
 0.7265927234
-0.0760799507
w3
 0.7546123915   2.2089728391   1.2345432503   1.5807589384  -0.4303334776
-0.3928233383   0.6892912075  -1.2749613532   2.6643830434  -0.1643852007
-1.3043440515  -1.3946517115   0.3207225338  -0.0653086857  -0.3041804415
-1.0610432062   0.3046172424  -0.3858974631  -0.8223531286   1.9827844584
-1.2673778927  -0.4235234729  -1.4037927313  -1.2890297000  -1.2145523895
s3
-1.0117374955
-1.1018039445
-1.2840962819
 0.6610901404
-0.1180558650
w4
-1.3584767963  -0.3417056428  -1.0471136606  -0.7656980254   1.4552542262
-1.3595343884  -0.2164394466   1.5854073311   0.5390915260  -0.1576194867
 0.8952526437  -1.6207824612  -0.7258787217   0.6754826311   0.1687398066
 0.0751739076  -0.8542258044  -1.2219224321  -0.0782641080  -0.2838579597
 0.4265010047  -1.7573999588  -1.5250029382  -1.9986386254  -1.1885473567
s4
-1.1351532104
-1.3272316647
-1.8025036350
 0.2931663312
-0.0751372371
w5
-1.1869304963  0.0353765677  -1.0691571714  0.2844622744  0.7042680900
s5
0.1506008745

