layers: 4
str: {2,5,5,1}
w1
 2.9038789045  -1.0576931902
 4.0471440978  -2.1351454089
 0.6249336452  -0.0233987789
-4.0413912455   2.0792519792
-0.2444512548   0.1085579433
s1
 3.5620848598
 0.0267924047
-0.8921831995
-0.0721026894
 1.7926141584
w2
 3.1608983280  -1.9157537342  -0.3105922222   2.0737265558  -1.9811822684
-1.2002788586   0.3330961013  -1.0562585989   0.8463106098  -0.5004057685
 0.8003264198  -0.7433956695  -0.8189027541   0.2467391834  -4.3815986185
 0.6818896440  -1.2011552573  -0.2872687063  -0.3318546129  -1.1707145676
 2.1246200292  -2.7319317526   0.4772043373   0.3548804671  -0.4820206812
s2
-2.7280345470
-1.5529004715
-1.3668964381
-1.3200952867
-2.3785759092
w3
1.8384992727  -1.0459083288  -1.5149172508  0.2500665278  1.3326129190
s3
-0.3551863335

