layers: 4
str: {2,5,5,1}
w1
 5.6965731066  -3.1277654043
 0.7201055028  -1.0385064032
-5.0342542283   2.0837485173
 0.0552366575   0.5595387021
-4.9507781127   2.3360965091
s1
-0.3706522455
-3.2912716280
-7.6921897775
-2.2665502057
 5.8881277203
w2
-4.6679414185  -0.5805956621  -4.5729513510  -0.3837560988   2.7025368863
-1.4026125054   0.4049991442  -0.7127733434  -0.4876354378  -1.3576758980
-3.6283792301   0.9468429952  -2.9226636394   0.2186127420   3.3200155287
 0.9938443274  -1.7564543657  -1.1394682050   0.0042041558  -6.1236176124
 0.3377069855   0.3495148931  -0.2942097914   1.3783551785  -4.9734018465
s2
-1.4340608235
-2.2543341662
-4.5214733097
-0.3562258843
-1.8754894655
w3
1.6554919803  0.2455164223  1.4381392193  1.8810218849  1.7430896190
s3
-0.3999374599

