layers: 4
str: {2,5,5,1}
w1
-7.6544249975   3.8927790648
-7.5864971254   2.8462537077
 5.0286271745  -3.1643430074
-5.9774485445   2.5702684686
-0.4585035147  -3.1746568284
s1
  0.1345740107
-10.5461293249
-15.2354052540
  7.7792311651
 -8.0951296725
w2
-5.1242899786   4.9044216415  -5.8267590395   0.4569056726   1.2797717420
 4.3623474559  -6.9720300793  -2.0667793565  -0.2866007031  -0.0066899309
-0.3204180032   0.6104305801  -0.2512122494  -1.4212457744  -1.7011194906
 1.6241130160  -3.2288917189  -4.2905342907  -6.3219324767   1.2148827750
-1.2020593454  -0.6676570524   4.9345618256  -4.6299659776  -5.6581256583
s2
-2.9987848257
-1.4969673934
-2.6154114887
-0.5020103101
-1.6584243144
w3
-1.2957222191  1.9465062904  1.1119630254  4.1135969135  -0.7522382282
s3
-0.4766512259

