layers: 5
str: {2,5,5,5,1}
w1
 0.8236301397  -0.8596129054
 7.2148036785  -3.8496961919
-2.4482848477   1.2251795606
 2.3679088105  -2.2122768277
-5.2543777844   1.8975955561
s1
 0.8413054190
-0.2626105702
-3.4088626722
 1.9195405733
 7.0549924016
w2
-1.7260938590   0.3792447708   0.5025943892  -2.0993422353  -0.1453230284
-0.2153463233  -0.3945013330   0.7956337270  -2.2348488467   0.5097347302
 0.8308957471   6.0566594835   2.5988976846  -0.8951299279  -1.7593162434
 1.3459619036  -5.5826761105  -1.0081572909   2.3412152668  -4.6017132397
-1.2632758350  -0.0996941724  -1.7784485125   1.7251319825  -5.0460154522
s2
-0.8264869315
-1.4968352010
-1.5481635197
 2.9493349495
 0.1532547506
w3
-1.8691035296  -1.7144671078  -3.9048195568   1.6616987575  -1.4500758186
 1.2413138965   0.4156228372  -1.6410138346  -2.2033964940  -0.0451668914
-1.1264203053  -0.3308637747   2.1884056475  -2.4954381502  -2.3404113680
-0.0601329773  -1.3537852896   1.6456785849  -2.8156321476  -1.8849249929
 0.4530751694  -0.4456973456   1.7735738725  -3.6276757812  -1.7683361990
s3
-1.1156721160
-2.9058103715
-2.7757272052
-2.3899700119
-2.5021004915
w4
2.0958234469  0.2749396810  -1.7329350470  -1.5497084450  -1.4892586834
s4
0.1210960650

