layers: 5
str: {2,5,5,5,1}
w1
 2.3276998169  -1.0804022605
-0.6369683580  -1.5397874192
-3.3329252414   1.9523398718
-1.9822517471   0.6068507775
 2.1908631459  -1.3043991231
s1
 2.3891820964
-0.5343407136
-0.4447439123
-1.1611324512
 2.2455936436
w2
 1.2389421398   0.9570836303  -0.7314025191  -0.9162199751   0.7565715387
 1.1953852906   0.8674962460  -4.4932914991  -2.4815872289   2.9659890427
-2.3757702534   0.7046547082   0.5899112352   2.3486987746  -3.0975596062
-1.2404338631  -0.0692501378   0.4649486036  -0.9288633878  -1.2648394828
 2.1332551801  -3.2023713257   0.9406080264  -0.7129616763  -1.0240692211
s2
-0.7398655547
-0.8346427588
-1.0832048244
 0.1480739028
-0.4277361858
w3
-1.9638961453   0.0111729907   1.4300197330   0.1513879049  -1.0467730587
-1.0368194128  -0.1135702318  -0.4691662995  -0.2052784496  -0.4034204018
-0.5950312208  -2.2068955287  -2.1610740479   0.0414612930   1.6090525928
-1.0678849925  -0.7293516950  -1.3526682008  -0.2627472851   0.0559710225
 0.6628422314  -3.8298894682  -3.1904430630  -0.9113532789  -0.1404438300
s3
-1.8175992601
-1.8719708565
-1.5973433276
-1.3326228522
-0.1492329269
w4
-1.6465333167  -0.0319020134  1.6343256402  0.4532702130  2.7599309300
s4
-0.2624511757

