layers: 6
str: {2,5,5,5,5,1}
w1
-5.3435171402   1.6230269190
-1.0981739022   1.0068689079
 3.1839425226   0.3306310393
-2.0178937954  -1.7325145870
-7.7773976036   4.0651089008
s1
 7.5152240463
-1.5075959586
 0.1385390586
-0.8601378362
 1.3566219213
w2
-1.5619712919   0.8933051755   0.4572751293   0.1659877581   1.3084727067
 3.4036175344   0.9227437732  -0.4423602356  -0.9246360909  -4.5232992870
-1.9229625144   0.6125005903  -1.4942791277  -0.0384054405   0.1716190695
 0.2212368129   0.7456331475  -1.3213481035  -0.1528324461   0.5825142601
-4.8817780569  -1.3012468858   2.2817965716   2.3101083477   5.8303657885
s2
-1.5058550392
-1.0009736674
-1.5017755359
-0.2521603041
-0.5431648321
w3
 2.4338021832   1.3236210592   0.3850077490   1.1975549411  -1.0747683528
 2.0835789167  -0.9106554511  -1.2946539843  -0.8834677731   1.0425432212
 0.6172216641  -3.6043122454  -0.3807504040  -0.1053219875   4.4984685016
 0.7657285365  -0.8176952877   0.9430694753   0.0276629793  -0.2201958265
-0.2042457987   1.7014132644   0.7783326811  -0.1007096246  -3.5452500827
s3
-1.6464615391
-1.4168937438
-1.5459047442
 0.2007280878
 0.0282360622
w4
-2.0772800464  -0.4284061083   0.2589266640  -0.2564060482  -0.2227487483
-0.5116734378  -0.5684599448  -0.7503235513  -2.6199141464  -0.6334895555
-0.8926560048  -0.0744876714   0.3041187544  -1.5080272069  -1.0520988934
-1.3101220242   1.0632212952  -2.7456735624  -2.3440106739  -0.4215983144
 0.5359794442  -1.7007242307  -4.1019806532  -0.1160620090   2.4664972290
s4
-2.4199875701
-1.4130033615
-2.1559245098
-0.4440874475
-0.4680487846
w5
0.2772668031  -0.1267944994  0.5857957460  -0.8639370126  -1.4516366911
s5
0.1831245609

