layers: 5
str: {2,5,5,5,1}
w1
 2.0014009616  -4.5934550344
-8.2993808401  -4.0184394239
-0.3418764505  -6.0395212740
-6.2522339011  -2.5081303367
-3.5717462337  -4.1269754393
s1
 2.8144535834
-3.0192745879
-5.4011593461
 0.9621226842
 0.0882020844
w2
-0.1926363436  -0.8910473917  -0.0801177121  -1.5618127776  -1.8758910095
-1.5898339132  -4.6252730517   7.0640697638   3.3938109847   1.7288084369
-5.2434759373   2.0422892822  -3.1775472797  -0.6814240541   2.3845164706
-4.9201820008  -5.5271370257   4.2674519337   1.1445862936   2.1398580180
-0.1661091546  -1.5510757015   1.2035210919  -1.1574301257  -2.5102986492
s2
-2.1171183698
-1.2561808769
-4.5381028770
 1.5612353124
-1.5198825465
w3
 0.7411075915  -2.3613701026  -3.1664127215  -1.2814249673   1.1095684745
-0.5609068883  -2.0203285693  -0.4262335322   0.1559309967  -1.9327641573
-0.3111013371  -2.0235874739  -0.9881425405  -1.3710098635  -0.4667145966
-0.5349602817  -3.9046120458   1.8355556261  -6.5804530295  -0.8339149517
-0.4359318562  -2.1715302698  -0.9967856154  -2.0767200025  -0.0762825128
s3
-3.2384761641
-4.1321074319
-3.3304107270
-5.8535755567
-3.1864325336
w4
2.1235912421  0.2488883282  1.5818940043  0.1298928258  1.8873493768
s4
1.2804706635

