layers: 4
str: {2,5,5,1}
w1
-1.8245706603   2.1550614433
 1.0801698899  -0.3126333798
 0.2311969868   1.2235586403
-3.1391879709   1.5900330620
-1.6794287175   0.8419462937
s1
 1.1114579377
-0.7729753325
-0.9449033144
 0.1041631295
 1.1858126705
w2
-1.1808371976  -0.1414292842   1.6854714202  -2.0695748569  -0.1854177911
 0.3822633469   0.8008575774  -0.3202019527  -0.5723101566   0.0995523125
 0.0092371298   0.8881445437   0.7066371703  -1.2438126591  -1.5759837444
-2.5849331487   2.0367311003   0.0906655814   1.0877368141  -0.3830326118
-0.3374645995  -1.0427922769   1.2332489033   2.6845699189   0.4991573618
s2
-1.2580778182
-1.9663804571
-1.7843804141
-0.1678291764
-1.4228618192
w3
0.3130855044  -0.3578128439  1.5010055054  1.1210770192  1.6014089036
s3
-1.1587613471

