layers: 3
str: {2,10,1}
w1
-1.2661921699  -1.1825603612
 0.3075004338   0.0385641974
-0.8378756687   0.0975296124
-1.2924544387   0.1772784861
-0.2625375330   0.1520578918
 0.4430238054  -1.8677958558
 0.5555493416  -1.0289584784
 0.3550881871  -0.7686112004
 0.1864867532  -1.9250328543
 0.8034258570   0.1476574936
s1
 1.4025661903
-0.4958367014
-0.6625267224
-0.3275726688
 1.3746126045
-0.2477398134
-0.2451497099
 0.0049894374
-0.7846281156
-1.4679788647
w2
-0.9051758449  -1.6235516068  -1.1531900591  1.9207005967  1.1227489205  -0.8926055674  -0.4191731966  0.0788430270  0.7277968905  1.1681026955
s2
1.0635018633

