layers: 4
str: {2,10,10,1}
w1
 0.4157156320  -0.2374269844
-0.8444642630   0.2544144463
 0.2089953241  -0.6842607912
 0.1663711565  -0.5212867799
 0.5833933728   0.3617928837
-0.6796218138  -0.3153268049
 0.8222475836  -1.6556339701
 1.4285644041   0.5374561010
 0.2115355176   0.2407865059
-1.7668768286   2.8770858638
s1
 1.4025661903
-0.4958367014
-0.6625267224
-0.3275726688
 1.3746126045
-0.2477398134
-0.2451497099
 0.0049894374
-0.7846281156
-1.4679788647
w2
 0.2515793834  -0.5888770459   0.0536751862   0.0300082184   0.6402602115  -0.3693786066   1.4409363139  -1.4437727373   1.0782953502  -2.0335092972
 0.8810376394  -0.8259234571  -0.8978907769  -0.9085778024   0.3692813569   0.6348459255  -0.2105486875   1.3425439964   1.2917647644  -0.2770928313
-1.3886933041   1.0267710941  -1.6744842507   1.4359591721   1.8077733429  -2.1515161760   0.3200993058   0.4808803698  -0.8508046795  -0.6676333436
-0.3149829772   1.1213766996   0.2620916006   1.3507295975   0.6290788553   1.1473345450  -0.0447478813  -0.9670360819   0.2217647246  -0.3047145372
 2.1522913439  -0.9038939831   0.6378744335  -0.2658618178  -0.2629540895   0.5628248243  -0.0663056375   0.0090138521  -0.2912539415  -1.4121878015
 0.6176314603  -0.0916833467   1.7093129070  -1.3438094255  -0.3442639477  -1.3202978760   0.5323405421  -1.4473655744   0.8947983317  -0.3331259561
-0.0636546144   0.6801196275  -0.2200692622   0.9842489379  -0.9768787086   1.3276897525   0.0573164923  -1.9609612375  -0.2257712981   1.4030712912
 0.3581360131   1.0704735184   0.2714696842  -1.3312686729  -0.6120707087   0.0631238855   0.1624377768   0.8027023108   0.9938118630  -0.7940099381
-1.5525201486   0.2926877801  -1.0786748971   0.9677665820   0.8776191309   2.4615738892   0.6876573847   1.4007759972  -0.8489618416   0.9361247821
 0.5164162346   0.4994635930   0.9994551724   0.2806412620   0.0964039828  -0.3201789639  -0.5363363496  -0.2968665721   1.1894946537  -0.3557483455
s2
 1.0635018633
 0.7941771714
 1.0565378953
-0.9668387594
-2.2432293664
-0.8105682943
 0.8888926712
-1.2592151063
 0.0859632425
 2.0630302789
w3
0.8060502660  0.5798747439  1.3543586885  -1.0286508868  0.9276158017  -0.6400156502  -0.4711385165  0.9458455574  0.4173736454  1.3829016471
s3
1.0635018633

