layers: 6
str: {2,10,10,10,10,1}
w1
 0.0747067139   0.1975352216
 0.8262875982  -2.0091743270
 1.7724942481  -2.0153625283
 0.0403608363  -0.2458100272
-0.2515804051  -0.0532222298
 0.9522037101   0.9016161284
-1.8392675585  -1.8242995163
-0.1190475631  -0.1497593466
-2.1739478012   0.1033379448
-0.9709072476   0.2052052013
s1
 1.4025661903
-0.4958367014
-0.6625267224
-0.3275726688
 1.3746126045
-0.2477398134
-0.2451497099
 0.0049894374
-0.7846281156
-1.4679788647
w2
-0.5134069671   1.6872069246   0.6956099360  -0.9695081944   1.5721446909   0.9055224689   0.5285516820  -0.4574458630  -1.6860284470  -0.1252911079
-0.7762751546  -0.7645733618  -1.3123842053  -0.1613787749  -0.3823753663  -1.1004195848  -1.1062689204   1.0208205789   0.5470296078   0.4612317904
 0.2363489668   0.3276478032   1.0218359755  -2.1708937795  -1.3175313905   1.1390802083   1.3506845775  -0.2128633036   0.0560463294   0.2695576609
 0.1472524566   1.5135355057  -0.9677197447   0.2305268284  -0.6899003205  -0.5316019234  -0.8482166343  -0.6977577825  -0.6818291198   1.1300295854
-1.0775856945   1.4013318653   0.5466146031   1.6562687200  -0.0728932493  -0.1262725037   0.7581797750   0.7976518414  -0.6577428769   1.2924239264
-0.0081161928   1.7222352017   0.0321780972   1.5813310391  -0.8940443282   0.9769580123   0.7988429631  -0.9840268785  -0.2408470889   1.3034431377
-0.2391942965   0.6303938861  -1.7412259439  -1.2129517328  -0.9483897513   0.4243922601  -0.5811007270   1.0502814918  -0.1363750064   0.5397103927
-0.6168616125   0.9072017539   1.1556285610   1.3212265720  -1.0597368793  -0.4082490933   1.1316125465  -0.4873192286  -0.9603038537  -0.5110881588
-2.1831827291  -1.3451992940  -0.8080279955  -0.2396766967  -0.0361143861  -0.3578515754  -0.7672791311  -0.1429663179   0.1322729942  -1.6418306150
-0.0254125652   0.7097489800  -0.5096490701  -0.9172427956   0.6323635525  -0.6253588646   0.4158296039  -0.2015342679  -0.9964680419  -1.6408171554
s2
 1.0635018633
 0.7941771714
 1.0565378953
-0.9668387594
-2.2432293664
-0.8105682943
 0.8888926712
-1.2592151063
 0.0859632425
 2.0630302789
w3
-1.4631989583   1.8285558809   1.7899106968  -0.8523693651   0.1506935445   0.3487126385  -0.2723084064  -0.1743327761   0.8580816297   0.8385796437
-1.3659911080  -0.2329325976   0.5623820083   0.2343623735   0.0297357103   0.9930811038  -0.7114688417  -0.1844483260   0.0930524524  -0.3602895759
-0.9204004717   0.0669805862   1.6944368159  -1.4191003564  -1.0025853960   1.4009552501  -0.8422990928  -0.7924241831  -0.3387237097  -0.2824211517
 0.4029459988  -0.4176554908  -0.2271838472  -1.5606940603  -1.9588624602  -0.4155688909  -1.3872172995  -1.5170484500  -0.6914940347   0.5871426531
 0.6547406812  -0.5623484796  -0.3079419298  -0.5881425843  -0.0650568002  -0.0689842879   0.1992259478  -1.3414384160  -1.2531686254  -1.1510640811
 0.5466981085  -0.4200212747   0.4558232463  -2.1500966188   2.1752587069   0.8404438100  -2.1044213382  -0.9094821967  -1.2103986037  -0.8286354320
 0.3099426500   2.0799235619   0.5523963702   0.6280307339   1.4146737656   1.9407252654   2.0026496709  -0.0094541539  -0.2979651958   0.0467137440
-1.3814106892  -0.7802345619  -0.7357681619   0.1355932675  -0.6288374976   2.3088349924  -1.0720170805  -2.4528063282  -0.0627480057  -0.0395438105
-0.8281171738   0.8157844127   0.4721389630  -0.2129872688   1.7611881023  -0.2555645347   0.1454200859   0.2713724319  -1.8242560938  -0.3751834775
-1.5079797736   1.0144216180   0.0417000177  -0.9201335841   0.8163371388  -0.4399861875   1.0400849850  -0.1658143569  -0.2385148714  -1.5683436111
s3
 1.0635018633
 0.7941771714
 1.0565378953
-0.9668387594
-2.2432293664
-0.8105682943
 0.8888926712
-1.2592151063
 0.0859632425
 2.0630302789
w4
-1.4880614250  -0.0674057521   0.2494754465  -1.9372053132   0.6945508170   1.6847319460   0.2679512630   0.6969278561   0.3902817847  -0.7608986451
-0.6874463766  -1.2370524701   0.8460408478  -0.5579185191   1.1007897226   0.6434077389  -1.2528371304  -1.4246829944   0.6178846500   0.2048661301
-0.0803173949  -0.5244765493   2.1079483138  -1.5735728376  -0.3191410585   0.6128153757  -0.3211868466   0.5193770885  -2.4289687238   1.3602608287
 0.2824248361   1.6485944770  -1.9204980481  -0.3675644466   0.6516203364  -0.2737707008  -1.5504624201   1.8051366191  -1.8922753033  -0.9265226134
-0.4682953796   1.6049566988  -1.8900040305  -0.5007173801   1.2254214003  -0.6622203108   0.6801625687   0.0552186339   0.1612300035  -0.4617337175
 0.0084245626   0.6567499420  -0.4839908935  -1.8656220238   0.2087401069   0.1646798313   0.7378292867  -1.2278723962   1.2118943098   1.0059235812
-1.0307490171   0.3808956076   1.1558641928  -2.0932516786   1.1299183498  -0.8131336117  -1.1079604177   1.6587699973  -0.1504633983   0.8785358760
 1.4778679991  -0.8548667174   0.4474836111  -1.8612277146  -1.7186060729  -0.0370113477  -0.6752502958  -1.1937906089  -0.2923372331  -0.2780859033
 0.9298587258   0.5509211686   0.0531630404  -0.9791734363   0.0715528830   0.6495861341   1.7972589671   0.2715815676   0.5398677710   0.2902113542
 0.5939430665   1.0027812592  -1.3467086735  -0.4438089417   0.7691523197  -0.5846337264  -1.5240550245  -1.0621055036   0.8808011333  -0.0434408459
s4
 1.0635018633
 0.7941771714
 1.0565378953
-0.9668387594
-2.2432293664
-0.8105682943
 0.8888926712
-1.2592151063
 0.0859632425
 2.0630302789
w5
-1.3092162159  1.3685377265  1.3128073701  -0.6590113003  1.1554213615  -0.3082675599  1.9253744315  -1.0496277272  -1.5622789017  2.0443568196
s5
1.0635018633

