layers: 5
str: {2,10,10,10,1}
w1
-0.5266851887   1.0039925505
-1.0886569401  -1.0176006043
 0.1672234137   0.7439059292
 0.4365622987   0.5473775810
 0.6267026497  -1.3077595441
 0.4912075066   0.5699559436
 0.6779880985  -1.8987352410
 0.3745290236  -1.3116075411
-1.3867954698  -0.6650738854
-1.2798251571  -0.4424209814
s1
 1.4025661903
-0.4958367014
-0.6625267224
-0.3275726688
 1.3746126045
-0.2477398134
-0.2451497099
 0.0049894374
-0.7846281156
-1.4679788647
w2
 1.6211725569   1.2370174951  -0.7022956578  -0.4578614225  -1.8366710072   0.4791869175   0.1753737610  -0.8080349567  -1.8069133257  -0.8609159377
-0.4986769364  -1.0606469867   0.5582799121  -0.6801513844  -0.8193030897  -0.2739144077   1.2761904494   0.0589522918  -1.5056420858  -1.6527525123
 0.4055890401   2.2271668036   0.3307019800   1.2507673778   2.0752572570   0.0252910418  -0.9347801816   0.5588471782  -0.5147045175   3.2352012189
 0.2969757319   0.2051262579   0.3497248763   1.0308107878   1.6722146747  -0.2681984601   0.9086187505   0.3364364377  -0.0612043839   0.3634839156
 1.8090550287  -0.8427781848   0.4654505305  -0.1229733263   0.6847058262   0.5796382774   1.0745276760  -0.5723706232   1.0337389627   0.2102580170
-0.5881253492   2.4152611148   1.6734665592   0.2942306236   1.2213162392   0.4724319306  -0.8305629214  -0.0987994632   0.3701741545   0.0154384953
 0.3804408124   0.0975966053  -0.2271255989  -0.1918501310  -0.0065593450   0.7741056790   0.1783404434   0.3048832402  -0.7010144994   0.4079746351
 0.2051112280   0.3982176593   0.4731809896   1.0345292322   0.7275439468   0.4621759100  -1.4670286203  -0.7774485382  -0.5477679136  -0.1820885124
 0.4055016363  -0.2812426870  -0.0311740621  -0.9993793217   0.0427737137  -1.1218414484   0.6083593188  -1.3279481340   0.0162076328   0.4972657944
-0.6225083791  -0.9742817182   0.7533462791   0.7074854511  -0.7127951336  -0.8115892620  -2.4245328734   0.7735255583  -1.9552194675   1.0044794110
s2
 1.0635018633
 0.7941771714
 1.0565378953
-0.9668387594
-2.2432293664
-0.8105682943
 0.8888926712
-1.2592151063
 0.0859632425
 2.0630302789
w3
 1.8994724782  -0.4279172850  -0.1121746027  -0.4490847448  -1.1232476055   1.2058048502   1.7840159747  -1.5702014491   0.7056885277  -0.5307275180
-0.7362995020   0.0703490444   1.7584299569  -0.9718487202  -0.9455377711   0.9093869703   0.6058117193  -1.6837908632  -0.2096890490   0.2277758138
 1.0452172423   0.0911251026   0.4049117184  -0.5083023374  -1.8698156010   1.2003413520   0.9705841983   1.0366681611   1.0583475338   1.2292935580
 1.9813902752  -0.1215852676   1.6835420178   1.4414726971   0.6228409141   0.1457320284  -2.2075343197  -0.3497421132  -0.7038830178  -1.3038201631
 0.4433299186  -2.0089348927   0.3140924439   0.5442438914  -0.0086935850   0.5683689991   0.1263168679   1.0272132682   1.6674897974   0.1428415624
-2.0042765231  -0.4177783328  -0.1022260753  -0.2439405566  -1.4327459242   2.1905087200  -0.0076164196   0.4091728220  -0.7630813602  -0.5217983998
-0.2453345895   0.1069227021   1.8523513918   0.4827249767   1.4371421812  -1.5785900309  -0.5784247710  -1.4033504322   0.0401007443   1.3411437668
-0.4399017281   0.2319427926   1.6267094919   0.1441843404   0.7484747817  -2.1109280878   1.0565694212   1.3041130526  -0.9683786279   0.8186057955
-0.2620286892  -0.4704461965  -0.3620150261   0.3765221534   0.1967427843  -1.2688799544  -0.2914222561  -0.4546981367   0.3666441145  -0.1009178523
 0.7736751635  -0.2869067374   0.5573064574   1.9668261635   1.8642969888   0.6649482760  -1.5850011043   1.6207848176  -0.7588133778  -0.2857553435
s3
 1.0635018633
 0.7941771714
 1.0565378953
-0.9668387594
-2.2432293664
-0.8105682943
 0.8888926712
-1.2592151063
 0.0859632425
 2.0630302789
w4
0.4692908789  -1.0445370491  0.9810027169  1.5517351030  1.4725103833  0.3552150264  0.3727744823  -1.4736035542  -0.7935917791  -0.3584433370
s4
1.0635018633

