layers: 3
str: {2,20,1}
w1
 0.0295538684   0.4505839453
-1.2052189783   1.6447418791
 0.6228585627   0.6955614756
 1.2965002347  -0.7957271960
-1.2190439301  -0.7250066120
 0.8968960945  -0.2627623983
 0.5167223039  -0.2368806627
 0.5119623463  -0.7676402786
-1.5711218490  -0.1731015101
 0.1133232911   0.6268365785
-1.2962338528   0.8709713244
-0.7660871648   1.0988558650
 0.3684963633  -0.5015173098
 0.0458204670  -1.5898703528
-0.1543318362   1.1170566493
-1.0883999774   0.3282432423
 0.3415303376  -0.3093790133
 1.2922786099   0.3336093864
 0.7752267665   1.1649722940
-1.1413296246   0.6485082503
s1
 1.4025661903
-0.4958367014
-0.6625267224
-0.3275726688
 1.3746126045
-0.2477398134
-0.2451497099
 0.0049894374
-0.7846281156
-1.4679788647
 0.7745449064
-1.0093472573
 0.2371105173
-0.4212832594
-0.6218030806
-0.2402801897
-0.8824180409
 1.2000757923
 0.2112412576
 0.5872109808
w2
-0.3914661200  0.4944851244  0.6058434426  0.0302051005  1.0117970431  1.6171575786  0.0151963829  0.3153980467  0.0353633337  -0.5826288845  0.0976266754  0.2590274006  -0.0038782680  1.1132823884  -1.2832168884  -1.5739646360  -0.1954428798  1.1948432717  -1.7752358763  -1.3418992436
s2
-0.9336142019

