layers: 4
str: {2,20,20,1}
w1
-0.0967153040  -0.4276168153
 0.4535618325   0.4226866341
 0.1271360143  -0.2638734194
 0.9111638042  -0.2619514619
-1.9122886773  -0.4198788151
-1.8009625621   0.8616108914
-1.2658033151  -0.5896840659
 1.1780830380   1.5521587073
 1.0690297818   0.7804406875
 0.0723629022   1.4682520560
-0.2867544839   0.0066116386
-0.7896616748   0.0371355637
-0.9873179494  -1.5959481391
 0.4306832531   0.0107895283
-0.0166866813  -0.2027560944
-0.3920409140   1.0864905843
 1.0783767147   1.8172595006
 0.5980965297   0.6585696616
 0.4419255024  -0.4016372779
 0.6572294344  -0.1751748458
s1
 1.4025661903
-0.4958367014
-0.6625267224
-0.3275726688
 1.3746126045
-0.2477398134
-0.2451497099
 0.0049894374
-0.7846281156
-1.4679788647
 0.7745449064
-1.0093472573
 0.2371105173
-0.4212832594
-0.6218030806
-0.2402801897
-0.8824180409
 1.2000757923
 0.2112412576
 0.5872109808
w2
 1.9521837208   0.1141599405   0.7493429008   0.0877853247  -0.0382473727   0.1032088117  -0.3509576004  -0.1921555407   0.8983686917  -2.0588559643  -0.6734077231  -1.4830427215  -0.5187723776   0.2554067082   0.1798396502  -1.7856863982   0.0795575563  -1.3114112599  -0.7405126636   2.4513550196
 0.5212871681  -0.2028001986   1.3074072515   1.0909241021   0.8401709760   0.7433562174   0.7203523319  -0.1156488580   1.2001904472  -0.5272156726  -1.8478609468  -1.5167078022   0.3831891266   1.4931534013   0.2386427289  -0.9931477494   0.7247763609   2.7403810033   0.3944460654  -1.4175514162
 0.9319735672  -0.9929532283  -0.0717679458   0.1001192036  -1.9774378450  -0.7730816528   0.8971816348  -1.1050514056  -0.0878919611  -0.3027711776  -1.5479738609   0.1211760586   1.1681804969   1.4815884214   0.6424410816   1.4290135265  -0.2834805123   0.7939083212  -1.1609834359   0.3025489205
-0.1897695445   2.1818672949   1.4364869163   1.1038842062  -0.2293500101  -1.5672622475   0.5489490682   0.1979521634   0.2727840989   0.2540770571  -1.0005751930  -1.0651068381  -0.8245497782  -0.1882570781   0.6313327103   0.2436210849  -0.1898853230   0.8280355805   1.0440718827  -0.8858051608
 1.4740820062   0.4520952858   0.4827745230  -0.1581758603   2.0686615717  -1.8756209634  -1.5615719135   1.5436717788  -0.0661200092  -0.0707908891  -0.3855150054  -1.5502771614   0.9325099011   0.8911204331   0.1391645979  -1.1811211676  -0.1463262137   1.3443398948  -0.1084146337  -1.1551056267
 0.7449703149   0.6094574366   0.5083305499   0.4553770723   0.2103314416   1.6308758550  -1.2675752489   1.1771283486  -0.4984717111  -1.2081161750   0.1400499186   0.2402511011   2.0235362590  -0.6996621522  -1.5929343987  -1.8506591747  -0.9544837780  -0.0843176059  -0.0629301508   0.4469290341
-0.5231558589  -1.2457805681   1.1168418873  -0.5176847861  -0.1820674386   1.8297368345  -0.7116220878   1.0181059117   1.3141812872   0.9942363672   2.0443412460  -0.0239970194   0.9414542280  -2.0117484639  -0.0492737330   1.2846764898  -0.1191859689  -0.3270512434  -0.5361632694  -0.3263372991
-0.7981518352   2.1982528772  -0.2070645142  -1.5071491203  -1.2008201712  -1.5250735745  -0.2079669980   0.6215188876   0.3353694551   0.9197283515  -0.5695321076   1.0370379854  -1.8661310424  -1.5326907863  -0.5097017806   1.2231413856   0.8891448325   0.6551954089   2.0149981625  -0.1164191820
-0.8778447151   0.3021482043   0.8537017261  -0.9444231665   1.8380952916  -1.2508398418   0.3285068912  -0.1343316202   0.2719626844   1.5191996236   0.3437985363  -0.0257656202  -0.6860677413  -0.6125844012  -0.5965703448   0.6879926739  -1.7011385680  -0.3695260279  -0.2145383232  -1.0150516135
 0.2785321650   0.6294454720   0.9728588568  -0.7864560570   1.0791622651   1.8982974081  -1.4324172717  -0.9695599230   1.4036388116   0.7576603912  -0.2122526549  -0.9212090965  -0.9886817113   1.6519646899   1.9152604941   0.0751535702  -0.8055635145  -1.2951558320   2.0030220977   0.2056849822
-0.0463440585  -0.9311461354   0.7003683797   0.2259329246   0.0372914972   0.1502615158  -1.9440767406   0.7425683758   1.7248209801  -0.0912468863  -0.3643390798  -0.6690212693  -0.9390817059   0.7994621112   0.6992839766   1.1666523332  -1.6692094205   0.8383234042   1.8533343080  -0.0254767301
-1.3092250638   0.1082756248   0.1454229642   1.0691396256   0.2068969383   1.0867439945   0.5209161072  -0.8967632059  -0.2731459876  -0.2519441854   0.1559248888  -0.0953961528  -0.9596863385  -0.0006618711  -0.2778017615  -0.4152582167   0.2022223147   0.6650833353  -1.4305581094  -1.1027453849
 0.3466963550   0.1842287287  -1.0472976928   0.6771725655  -0.5956478523  -0.3004116856   0.7028056367  -0.7752053623   1.6454641925  -0.7354947196   0.5225895495  -0.3754783635  -0.3442800702   0.2696380402   0.6534575149   1.2691082860  -0.1006205813   0.3666923365   1.8925226578   2.0606544001
-1.1427075386   0.0465891947   0.1701302551   0.7299568229   0.9013070826   0.5342039080  -0.3687567827   0.5306780020  -1.7734561000  -2.2750115508   1.2441008078  -0.0235088446   0.0118086263  -0.0191548403   0.2897348587   0.3509863417   0.9254884462   1.5564416845   0.0777028185   0.1509935895
 0.7189780565  -0.8591953582   0.4381383348   0.2573279488  -0.5049624419  -0.7254108239  -1.6459761883  -0.5111781285   0.6739567452   1.0832528824   0.6387673525   0.7239432255  -0.7942379150   0.4387222932   0.0970285150   0.8490366125  -0.2727741449   0.2151961980  -0.5597323923  -0.3678620980
 1.0758801867  -0.7199482950  -0.5047062414   1.4833181627  -0.5722452842   0.8995578103   1.4484327246  -0.7008907978  -0.7130701022   1.2129285966   0.1926692526   2.0572505187   0.6334169402  -0.4972347607  -0.9090882156  -1.6448813541   0.0354469002   1.2356793018  -0.3124902446   0.6205030598
 0.9763738210   0.0605289151  -1.3353293051  -1.1041717018  -0.0763528771  -0.0583160849   0.2148987303   0.1619527428   1.0591034126  -1.5738343147   0.7230490030  -0.8718872837   0.3030112720  -1.6104885235   0.8182740804  -0.5244320797   0.3713083423  -0.7297327180  -1.3494247378   0.1254424727
-0.6977475533  -0.9144270239   1.2994983477  -0.0329239457   0.0889887153   1.7267833988   0.7149458310   0.2268913804   0.5055881347   1.7847832934   1.9986313100   1.7602435488  -0.4328511587  -0.9587167433  -0.4740755795   0.6766450820   0.0348918493   0.1388075368   0.2777894916  -1.1131198879
-0.3285780595   1.8083242155  -1.1857582334   0.4301436958  -0.6727289387   0.1764962365   0.9675822526   0.4908508417  -0.8602152507  -1.2675566174   0.2324751966  -0.0536751306  -1.1301927282  -0.3903758181   1.3976441128   0.5746512823  -0.8176592203  -0.0817666685  -0.2351439357  -1.3396055882
 0.4638367423   0.3885645758  -0.4164771767  -0.5812172684   1.0811996635   1.0165851570  -1.0279355089  -2.7107384447   0.3759173996  -0.1478677696   0.2300460089  -0.5811412380  -0.1283322663  -0.5320452102   0.2920488752  -1.3059991822  -0.4801187953  -1.8230304792  -1.8298738925   1.0855181436
s2
-0.9336142019
 0.5330354581
 0.5371061710
 0.7088650532
 1.1051383758
-0.0726424813
-0.6638302876
 2.0518872380
-0.2958033480
 0.9365557371
 0.3822011598
 0.0164954481
-1.5025106361
-0.6824187808
-0.1640713879
 1.6277604823
-0.0384804155
-0.1444416986
 1.6024645309
-1.1018643062
w3
-0.0072736353  -0.3406081069  -1.1374887339  1.5274489370  2.4583268658  -0.2229859297  -0.5484625921  0.7016983490  0.3923455955  -0.7079597157  0.1076118886  -1.2523601429  0.6297936954  -0.1152961844  -1.3765722801  -0.6610164903  0.5405919368  2.4801738572  1.0989432015  -0.4388405684
s3
-0.9336142019

