layers: 5
str: {2,20,20,20,1}
w1
-1.2183674782  -0.3421416064
-1.3508680982   1.9427068562
-0.1977297169  -1.6166465624
 0.3620166581  -0.6468059512
-0.3654062267   0.2643886354
-3.0241682252   0.5290797997
 1.4424811903   0.2685268781
 1.6022610595   1.4512251383
-0.3686973597   1.9876523540
-1.2643417840  -0.9438088034
 1.4262987360  -0.1851688829
-1.2945234047   0.7925438156
-0.5918262062   0.8081634504
-0.1905293031   0.8078993836
 1.5287026080   0.9188132063
 1.2738830626  -0.8740928287
-2.1056558586  -2.5268422577
 1.3710774086   0.7459026275
 1.8314332907   0.5907730248
-1.3870214437   0.0968752646
s1
 1.4025661903
-0.4958367014
-0.6625267224
-0.3275726688
 1.3746126045
-0.2477398134
-0.2451497099
 0.0049894374
-0.7846281156
-1.4679788647
 0.7745449064
-1.0093472573
 0.2371105173
-0.4212832594
-0.6218030806
-0.2402801897
-0.8824180409
 1.2000757923
 0.2112412576
 0.5872109808
w2
-0.4345595020   0.8130264641   0.2135966243  -0.8834985216  -1.4802824803  -1.4870476631   0.7749451723   0.2877096771   0.3679138735   1.6707641175   1.0751495746   0.0593622731  -1.5770212720  -2.3771917553   0.0003761283   0.0068480936  -0.4469069660   0.5910212210  -0.7805251289  -2.1122727357
 0.3389582508   1.3504799570   1.0669510333  -0.1758871211  -0.9997600472   0.2693950835   0.6919176165   0.4517598615   0.5630787511   1.1652198812  -1.6351973485   1.7227971906  -0.7103037750  -0.9342315950   1.1062507431  -0.3204743106   0.0961036216  -0.8877453488  -0.2547762039   0.7688413738
 0.9079920977   0.6844087134  -0.6782281336  -0.4086452425   0.0941903614  -0.1622377440   0.1033434269  -0.3162008265  -0.7182312872   1.2030654829   1.0512402661   0.9570157304  -1.1166903269   0.3782103608   0.5181962483   1.3650826330  -0.1350481649   2.1379105900   0.3878075282  -0.1453374506
 0.9402021439  -0.4164271675  -0.7264587604   1.2566957062   0.8936678811  -0.8265219467   1.3002799259   0.8500131335  -1.6944844540  -0.2254736049   1.0420038184   0.0315636307  -0.5491793806   0.2785228867   0.0142659018   0.0582767759   1.3838385922  -0.4092198112  -2.1674273152  -0.5960763546
-1.1152982884  -0.3861214570   1.5727893343  -1.6176416368  -0.8790398499  -0.6336583244   1.9223063378  -0.3655302116   1.6898281115   1.8916430375  -0.8634189871   0.6885564341   1.5538881926   1.4865676745   0.7894399011   0.7857543153   0.6123388769   0.1860462418  -0.2918459933  -0.0214200265
-1.0831647887  -0.4879023907   0.2863764803  -0.2142277316   1.2731975281  -0.3911083737   0.3370521277   1.2482735773   0.0262955920  -1.2410033270   0.0872342264   0.9970308729  -1.2490553337  -0.4142937613  -0.0288504789   0.2181373278  -1.9114138461   0.2961757753   0.2451909620   0.6819469584
 0.0116107611  -1.8721834549   0.7127085787   0.5263636794   0.1443583183   0.1921353211   1.5329052012   1.9499855274   0.2925265925  -1.1203386591   0.7663920515   0.7855668597   0.2132545113   0.9806575601  -1.9613535521  -0.0269130087  -1.8337984052  -0.5672290527  -0.4397955682   1.4923129764
 0.7284014778  -2.3674171755  -0.0923759226  -1.6570972619  -0.6538491173  -1.0406572304  -0.2635706874  -0.5670116348   0.3888244080   0.1054490283  -0.2822204406  -0.5297052566  -0.5797136368   0.3724609224  -0.9481762641  -2.3252141237  -0.7686259950  -0.8767329765   0.7197136858   1.4754950624
 0.3877739977   0.2439070305  -0.7301997042   0.6513131755   1.2765758323  -0.4312652800   1.2670016074  -1.3061856720  -0.0115514504   0.0811517422   0.3082550372  -0.4128625095  -0.3446397526   0.1373527674  -0.3148299564  -0.4080517537   0.1548944448  -0.3375750891   1.0160244873   1.2484831542
-0.3539995345   0.1955049319  -0.2449740174  -0.4608042473   0.5698619914  -0.3762892928  -0.3976694204   0.7029936281  -0.4627239142  -0.1365051479  -0.2735019516  -2.1487820670  -0.4518294313  -0.8348004251  -0.4241521427  -0.6552247669  -0.5924570705  -0.3515258948   1.2214434944  -0.5554275563
 0.7048200120   3.0098448743   0.7199311912   1.2417694618   1.4605795829  -0.1283648417  -0.0731116309   1.2161065248   0.1978271036   1.3284586547  -0.7007230859   0.7610170399  -0.2066451159   0.5929361243  -0.7578472071  -1.0089315493   1.7279296776   0.8046969261  -0.4853543431   0.6959669067
 1.6965747515  -0.1501310923   0.6378392958  -1.0335002392   0.1040001052   0.2498230487   2.1823361132  -0.8179679591   0.3925682551  -0.6876613018  -1.6286077163   0.3399828073   0.1141491371   0.9447857660  -0.1068554406   0.0052622376   1.2799579073   0.6610050078   0.3911588513  -0.0844023765
 1.8388339329   0.5840020587   0.3713512396  -1.0535550487   0.8511090920  -1.2875659932  -0.7187167238  -0.9462111975   0.7739972556   0.8715730594   1.4598112214   0.5195472263   0.3160323349   0.1006517940   1.5559067818   1.6405562643  -0.9810307988   0.0221723259   0.0678723226   0.3094478732
 0.4752705894  -1.4176230048  -0.6451981952   1.3425145206  -0.0749703616   0.0454095150   2.4442609621   0.5782930362  -1.6454365339   1.0276313217  -0.1947167121   0.4718821556   0.8957124506   1.0651955922   1.6339532436  -1.6779998772  -0.3921661663   0.8559643327  -0.6097410331  -0.4706566300
-0.8975502030  -1.0813051374  -0.2787043069  -0.8806566271  -2.6637034180   1.3254561477  -0.2595157236   0.9411211891   1.2606444454   0.2325010099   0.7928319857   1.1004336870   0.4389468468   1.2413468653  -0.9491858707   0.3084113529   1.3216941498  -0.0836545033  -1.8778381924   1.1888408952
 1.0187275037   0.9596487324  -1.3680119045   0.1768435308  -0.5362258280   0.6260545299   0.5162667489   0.5623457195   0.8481176326  -0.2266466034   0.0375372496   0.8211828809  -2.0442311425   1.8851938602  -0.3351886978  -0.3710161470   0.9561633825  -0.4473147411   0.3400537263   1.3558004391
 0.8530125238   0.4465569088   0.8202919519   0.0055562091  -0.3429193600   1.4165921918   0.2475188955   0.1359824943  -1.0475653486   0.4244581529   1.8333267565  -0.3544567246  -0.3541685987   1.3404380034   0.1050653456   0.4540163893   1.3772287452   1.5508360184   1.2429210730  -1.1893223624
-0.5897670431  -1.3765803952  -0.4020963965  -1.4637781036  -0.1282430373   0.1263816119  -0.5312078357  -1.1686335707  -0.4521183504   0.7875469485   2.0818536764  -0.2394313100   0.2019089439  -1.5213864863  -0.5191925796   2.8506540447   1.4398969310  -0.9618249883  -1.4524383036  -0.0575398777
 1.1059044952  -0.1623926692  -1.0485081479  -0.3091427455   0.3200943580  -0.9225332710   0.3504829431  -0.6727151871  -1.4612734078   0.3485999833   0.9528227084  -0.6774231284  -0.2150822479   0.1371036818   0.3992040611  -1.5473512881   1.0134418417   0.4709710415  -1.0034898653   0.6564233119
 0.9338748645  -0.4238193773   0.2021517197  -0.4532237291  -0.2993342445  -0.2963572151  -1.4599958214   0.0436256000  -1.6843190440   1.5860444048  -0.6202298934  -0.7853250388   1.8379332650  -0.6076859711   0.3221444040  -1.5448624269   0.1078089223  -0.0338980289   1.2797122938  -0.3021778498
s2
-0.9336142019
 0.5330354581
 0.5371061710
 0.7088650532
 1.1051383758
-0.0726424813
-0.6638302876
 2.0518872380
-0.2958033480
 0.9365557371
 0.3822011598
 0.0164954481
-1.5025106361
-0.6824187808
-0.1640713879
 1.6277604823
-0.0384804155
-0.1444416986
 1.6024645309
-1.1018643062
w3
-0.0216428432  -0.4126638424  -1.4543132180   2.6696790013   0.2828514228   0.4848109828  -0.9598743262  -1.9818726103  -1.0436192543   0.6288228317  -0.7104558124  -1.1431992023   0.7345961334   1.1395560522   1.2149835932  -0.4639994335   0.6879791363   0.4306933184   1.0510970757   0.1744053109
-0.8905903580  -0.1946079070  -1.0680854468   0.3805728751   0.3394422779  -1.1770100708   0.6293868860  -0.1388066355   0.7654853831   0.9838475930   0.7410498422  -0.0497970876  -0.3183622800  -0.8375504836   0.2249083307  -0.3537589934   0.2762824230   0.4748781522  -0.6177678094  -0.4060068796
 0.6553764341   1.0207825480   2.0701587900  -0.0969777090   0.3765502621   1.4550452863  -0.6340035785   0.5824510198   0.3548756564   0.5138861208  -0.1691761868  -0.0005378610  -1.3535095108   1.0055688646  -1.3314169978   1.1210391894   0.3687135440  -0.4269482627   0.6039521282   0.2147864863
 1.5551672370   0.7687195676  -1.8869679083   2.0479395261   0.0530580711   0.8866532918   1.2002176079   0.3174827124   0.4367447432  -0.4667125487  -1.3394954625  -0.9261935729  -0.6178522072   0.1831795435   0.4172362173  -0.5870956855   0.8416030141  -0.5615817399   0.0330093747  -0.1095930063
-1.3859011841  -0.4638668413   0.5603383010   0.1511577336  -0.5451408542   1.7954346183  -1.2359049009  -1.5583303150   0.9899957778  -0.4803362915  -0.6944522950   0.7076798708   0.3230411525  -0.9348759334  -0.6848238698  -1.3480548977  -0.1539541797   1.2956664730   0.0641446788   1.2029045569
-1.3936318847  -0.0630208911  -0.8517391261   0.6203218239   0.1873821552  -0.5605081941  -1.2277378602   0.6409173948  -0.2578617769   0.9528294405  -1.8278531557   0.4414993485   0.2334625257  -0.3536308521  -0.2197934041   0.8277301577   0.5638679606   0.5858971622  -0.7663040491   1.0835287343
 0.4582848086  -0.4917504875  -0.7712138479   1.4488003016  -0.4209962855   0.6608716901  -0.8516028828  -0.5591651819  -0.1898697780   0.5538989845   1.0528198964  -0.9884965517   1.1232442981   2.5287641063  -1.0737956641  -0.2660526637   0.2929603161   0.6324412307  -2.7336303015  -0.7755278407
-0.6956256097   0.1225877987  -0.9831279333  -0.3464441696   1.1268290801  -1.8770532107   1.2451794162   1.1404745878  -0.1461832983  -1.2950759729   1.1176523767  -0.2824820968   0.1354345910  -0.3727517108  -1.5189704675   0.1881569167   1.1100837626  -0.8127738344   0.5411091313  -0.0918210522
 1.3544808056  -0.3312186978  -0.6054145296   1.9146357999  -0.9052910094   0.3433779225   1.6765381194  -0.2200735841  -0.3128927443  -0.6829969569   1.2995828759   0.4050785858   0.8329986995   1.1492678203   1.9425220847  -0.9487990057  -0.0409032025  -0.7659169520  -1.1990146193   1.8055776282
 0.6588555993   0.3922842971  -0.7324035067  -0.5255148712   0.5293127031   0.9510798687  -1.1317107459  -1.5149241993   0.9793081935   2.6133443509  -1.0684374753   0.3429781975   0.8308459761  -0.0774473755   0.9846101640   0.1793652701   0.2729980644  -0.8791849882   0.6122011726   0.8358653267
-0.9433159585  -0.3291979955  -0.3090006252  -1.1399589097  -1.3128595870   2.5185081193  -1.9826896211   0.3772879292   0.8834075382   1.4057804182   0.5147777972   0.0896879725   1.0400839163   1.0204530730   0.6658096629  -2.0711319989   0.8223926041  -0.3402979034   1.8062765571  -1.0267577561
-0.2898281274  -0.1475043115   0.6962576230   1.5214009143  -1.3525982073  -1.7375432450  -0.7373568337   0.8897069060   0.2737948620   0.1369478321   1.1431048257  -0.6151584645   0.4500257996  -0.4615667965  -0.2869309710   1.2886799880   0.6607862628  -1.1579828642   0.5104652136   1.6482567768
 2.1098373838  -0.2285968246   0.1995320072   0.9428202462  -0.1952314349   0.3713126092   1.2068606931   0.0920917814  -1.3988421443   0.8730621199   1.1171434557   0.4395503638   1.2516605051  -0.0010858362  -1.4169425998   1.4581075467  -0.4203425285  -0.1276471292  -0.4787922094   0.8064403447
 1.7003209620   1.5884418403   0.4392387154   0.2266654873   1.3412368857  -0.2810973770   0.7441362259  -1.8927884394   1.2524410184  -1.0970485030  -1.0044333030  -0.6452206862  -1.1105005112  -0.5182103553  -1.7166026815   0.1501573139   0.2467548868  -1.7207814061  -0.5440984132   0.7600159697
 0.4256224645   0.4947134456  -0.3499207513   0.5500939386   0.0360392268  -0.2844440319  -0.5948648356   0.1092856074  -0.6041172552  -1.4738491499  -1.4903572269  -0.7764890521  -0.0389437475  -1.0996471026  -0.9633086356   0.7150548199  -0.2803475590  -0.2675397968   0.4127048512  -0.5664245940
-0.0282607591  -1.5440234742  -0.7429384091   0.2901077211   1.0762378662  -0.7686609270  -0.9759013108   1.3929050521   0.0625498363   1.6500028097   1.3949374971  -1.6247268903   0.5031600314  -0.8363078480  -0.4247344696  -0.4971754399   1.8416914274  -0.2493443372  -1.0440137117  -0.9183791288
 0.2794649908   0.8422962208  -0.6739080972  -0.6182116380   0.0186630695   0.4583867047  -0.4726776415   1.3125665232   0.3576799903  -0.0463046218   1.7727407417   0.1632998004   0.6014811686  -0.1518049743   1.8107843378  -0.2054987753  -0.0921073708  -1.0972441140  -0.3375844026   1.4222104060
-0.2387945257   0.3002581209   0.8159186842  -0.4893030957  -0.5197878039  -1.2928791799  -0.4143731749  -0.0884371051   0.0243618242  -0.9749748506   0.3913873670   1.5172942252  -1.7298716396  -0.2165169143   0.1373867765  -1.2643304152  -1.0437814005   0.6308823111  -1.5262740422   2.0067390268
-1.0555814986   0.9737714544  -0.5141527381   1.7533364614  -1.4666990205   0.1950347853  -0.7288154619   0.8252230872  -0.1075876831  -0.1949323862  -1.1848220961   0.9917208739  -2.3038673973  -0.0710820756  -0.0142839115  -1.1958910678  -0.9237126130  -0.0495735932  -1.5583911749   1.8169299784
 0.5648916997  -1.5327273479  -1.6149807994   1.8651858558   0.2461165305   1.2529011643  -0.2668367043   0.3892610811  -0.0113289696   0.2615501564   0.7722688552  -0.1056320888   0.4703013605  -0.7554935504   0.3053150482  -0.7447153311   0.7070504480  -0.6531053847   0.2344188592   0.5937745729
s3
-0.9336142019
 0.5330354581
 0.5371061710
 0.7088650532
 1.1051383758
-0.0726424813
-0.6638302876
 2.0518872380
-0.2958033480
 0.9365557371
 0.3822011598
 0.0164954481
-1.5025106361
-0.6824187808
-0.1640713879
 1.6277604823
-0.0384804155
-0.1444416986
 1.6024645309
-1.1018643062
w4
1.1789605745  -0.7258705172  0.0356427016  1.9716255260  0.7570317836  0.0659004370  -0.8475441348  -0.2198484728  -1.3937232470  -0.6099700837  0.2398943123  -0.7790279188  -2.0463568445  0.1335741236  0.6026953468  0.4616328728  -1.5776661949  -0.7346672613  -1.5635359949  -0.7167216877
s4
-0.9336142019

