layers: 6
str: {2,20,20,20,20,1}
w1
 1.7274055006   0.3440704463
-1.0428801582   0.1970889017
-0.1631586139   1.2656579038
-0.1249710228  -0.6470864363
 0.0323074757   0.0964961033
 0.4211850994  -1.8036991033
 0.3545211852   0.6976781772
 1.7999865027   0.3531887394
 0.1863755574  -0.2846888463
-0.6134795352  -0.6299413067
 0.0675910297  -0.7903670609
 0.0873851084  -1.3537859176
-1.1731609014   1.0169149246
 0.8712123790  -0.5802713403
-0.2676122571   0.4065879286
-1.0552442672   0.2944450507
 0.6088319335   0.4798580262
 0.2379074415  -0.1119025458
-0.0718089433  -1.1264249442
 0.2374770810   0.0077227281
s1
 1.4025661903
-0.4958367014
-0.6625267224
-0.3275726688
 1.3746126045
-0.2477398134
-0.2451497099
 0.0049894374
-0.7846281156
-1.4679788647
 0.7745449064
-1.0093472573
 0.2371105173
-0.4212832594
-0.6218030806
-0.2402801897
-0.8824180409
 1.2000757923
 0.2112412576
 0.5872109808
w2
-1.6286427355   1.2765807898   0.7354647205   0.7575314082  -1.1068797763   0.5422129666   1.0739159988  -0.3021409548   0.7385329569   2.7627964106  -0.5243450716   0.6197585236  -0.8974027655  -1.9564908801   0.3557015935   0.4357675647   1.5897842554   0.5880152042   1.1021314083  -0.6611867429
 0.0955556815  -0.5662419996   0.9833998618  -0.8175222225  -1.7366687211  -1.0055619139  -0.6323998552   0.2529273298  -1.1050763538  -0.6006953237   1.1242830898   0.0212641876   2.1868429866   0.1527857165  -1.5280595756  -0.9246854323   0.1536429725   0.8479729255  -1.3389189390   1.0265642732
-0.3713004722  -0.3607361538  -1.5239556900  -1.3652086623  -0.7006244204  -0.8750145562   0.9713744891  -0.5174470148   1.8333145135  -1.2001905435   1.3025165483   0.0159136336   0.5634201181  -1.0950620993   0.8352369830   0.2937677669   0.2312374688  -1.1108376165   0.4735923660  -1.1526841669
-2.6336157345  -0.1027189477  -0.0945799021   0.2849600449   0.6622043080  -1.2182975086  -0.0848502396  -0.7028841986   1.3370702211  -1.3987204092  -0.1944604821  -0.4877930318   2.7701953531   0.0619901500  -0.9882281040  -0.3009812785  -0.2187858034  -0.6692943928  -0.3958875799   1.6157010421
 0.0710940440  -0.0750437831   2.8579018916   0.0874281409  -0.5096405857   0.7312918473  -1.3740067108   0.7113808350  -0.9748829053  -2.5399564185   0.1441779699  -1.1805262037  -0.8860323808  -0.8660606149   2.0427679456   2.6814361300   2.6356333820  -0.6082673840  -0.8095320338   0.9854698373
-1.1207398079   0.1024474340  -0.4884367306   0.7307262456  -0.3013565278  -1.3717978278  -1.6971360702  -0.4056336800  -2.1042952869   0.5506818886   0.0851612000   0.7042831295  -2.0580980907   1.1624838178  -0.4591460365  -0.7079097938   0.3538957750   0.7322472631   0.3346333759   1.0253318785
-0.6516107828   0.2275365392  -1.2723215871   2.6546664633  -0.5075762718  -0.3225981967   0.5212659182  -0.0964408769  -0.4890703405  -0.1362582101  -0.8320195067   0.7206378794  -0.8054497726  -0.1863526418   1.1921365446  -0.2125175654   1.8280322844  -0.4504852363   1.4977142719  -1.2490466399
 0.8896990762   1.1124898846   0.4253254704   1.0809054757  -0.0587497117   0.3804459446   0.8986300437  -1.0323005096   0.3341818603  -0.2338698693   0.4751777372  -1.1296232835   0.0336230962   0.8711980612   0.8373585324  -0.5683044335   1.1745147275   2.8376449166  -1.6003971732   0.1627295283
-0.5068636761   1.9927973141  -1.5030163614  -0.5386536849  -0.2500848667   0.3196693402  -0.3734566194  -1.0111087296  -0.8108132099  -1.5323461493   0.3634588091  -0.3454599044  -0.4685262498   0.1969030287  -1.3254186189  -0.0175852484   0.5960859235  -1.7841258995   1.5401357788  -0.0216410733
-0.5574965425   1.0838874275  -0.1041337797  -1.1078405146   0.0490392241   0.3402041702   0.2426327052  -0.5881217730  -0.3159428988   0.8149880071  -0.8166728908  -0.4832961334   0.9289820262   2.0876418947   0.1760935334  -1.2884631124   1.7484356589   0.7726015387   0.4296479383  -0.5498922115
 0.5256322980  -0.4470846488  -0.5569341748  -0.7157737236   1.1934869067  -0.6355303706   0.4087979976  -0.2245830066   0.1060201147  -1.1455085999  -0.2235814524  -1.2201301771   3.4674701991  -0.0216645669  -0.6783821422  -0.2415864807  -1.0757432719  -1.5222302686   0.9312336476   0.5112577582
-1.0583090765   0.1689690572   0.9629029003   0.4514603205  -0.8731488853   1.1916131101   0.4488632112  -1.8971919229  -2.1701985811   0.7746185926  -0.3140657827  -0.2014066615  -0.8326332324  -0.2601153111   0.0931364535   0.2464445496   0.2654580611   0.1461673827  -1.0573979321   0.9035781469
-0.1526695332  -1.3842063943   0.6463415060  -0.2396649435  -1.8555399724   0.1031693656   0.6227764336  -0.7969347235  -0.2463566880   1.7962401923   0.3636500420  -1.6904716047   0.0862709081  -1.0788258137  -0.4483151241   0.4145862486   1.0562492547   0.3581911685   0.1665169234   1.0510918285
-2.1992636652   0.7049142754   0.2794263981  -0.6306292488  -0.1590207242  -0.0170823239   1.2420599417   1.3717953089  -0.7885084768  -0.1169043162   0.0787836556  -0.0134816148   0.1734297651  -0.9653363666   1.2220951722  -1.9549320600   0.1015912084  -0.5343809290  -0.0389311830   0.4936193518
 0.1377220462   1.2585439012  -1.9687066590   1.3775954180   0.1661661778  -0.1556215840  -0.4837863823   0.7407022658   0.2447247737  -0.8459329507   0.0068026729  -1.1057965931  -0.0238866863  -0.7704130261   0.0914918026   0.7471212363  -0.9751513147   0.2422115280   0.8772218684   1.3048770868
 0.7583005822   0.1062612267  -0.8146644248  -0.0840340387  -0.7835013192  -0.7947903833  -0.6601293677  -0.2527192322  -1.5705719818   0.5261634409  -0.5669972518   0.1200362881   0.2556653629   0.4832876213  -1.5032331914   0.5417720528   1.1468065915  -1.6667575619   0.7678603354  -0.0823735071
-1.3869948300   0.2891828941   0.8585869021   0.2689998989  -1.1893101028  -1.0480619818  -0.8913808830   1.8408142700   0.3727929425   0.2228515662  -2.1276930722  -1.4912055834  -0.0958874817   1.0367417076   0.0445969388  -1.4550664064   0.2962734376   0.0770632723   0.5716291937  -0.0553871744
-0.9313811084   1.1164915109   0.8773126765  -1.5049244413   0.9097325215  -0.3922470821   1.9849081328  -0.5614815776  -2.5089981924  -0.2627792146  -1.1689209611  -2.2561052623  -0.6882249334  -0.6135767452  -0.5305556138   0.5385456359  -0.1892231945  -0.9953373965   0.1012498804   1.4477543939
-0.4296028352   1.3286552968  -0.7144755236  -0.4158573488   1.5438070006   0.8260258117   0.2658163840  -1.2061189478  -0.0084502339  -0.5562823245  -0.6114923195  -0.1678455694   0.1514222612  -0.0930030219  -0.3396684529   0.8401830280  -1.0475234472  -0.1898954453  -1.0518317671  -0.3827351528
-0.8140192026  -0.1798615729   0.2176158369   2.1048969305  -1.1241573882   0.1024507390  -2.9644219702   0.0718298092   0.0303142079  -0.3059690962   0.1182607355  -0.2087043823   0.2145633882  -1.9216184749   1.0263272180  -0.6227050196  -1.1206740398  -0.1671501149  -0.9081516443   0.3195995211
s2
-0.9336142019
 0.5330354581
 0.5371061710
 0.7088650532
 1.1051383758
-0.0726424813
-0.6638302876
 2.0518872380
-0.2958033480
 0.9365557371
 0.3822011598
 0.0164954481
-1.5025106361
-0.6824187808
-0.1640713879
 1.6277604823
-0.0384804155
-0.1444416986
 1.6024645309
-1.1018643062
w3
-0.3464366097   1.0683229953   0.7184533213   0.1724533770   0.5348769911   0.7665123795  -1.1896985413  -0.7419290891  -0.8989914328   1.7741432517   1.0412749610  -0.9552142856   0.1687195097  -0.3827021610   0.0322399630   1.0254871772   0.9450113697  -0.4418892709   0.6127816119   1.1252145584
 0.4574193445  -0.6285738177   0.6695551282  -0.4068969472  -0.4945766622   0.3089157682  -0.2824428686  -2.0403333983   1.4287204750  -0.0167750880  -0.7334829144   0.2398553410   0.4754186390  -0.0591259154  -0.5319237374  -0.1211516113   1.5873685884   1.5223340502  -0.7379114792  -0.7198511547
 0.0111877745   0.0260140007  -0.2736633295   0.7054604819   0.4576762618  -0.4826379080  -0.7878230417  -0.6777992309  -0.8343182322   1.0014909583   0.6334713347   1.0278242023  -0.2156570735   0.2183060610  -0.7238138768  -0.3846097926   0.4740740121   0.2849365187  -0.1087289274   0.8992742480
-1.0484483444  -0.1927415089  -1.6380636806   0.0864042184   1.0372686126   0.8745054974   1.3007647921   1.0444504565   0.4780608775  -0.1973042478  -0.8536498618  -0.3544897185   1.1772437395   1.6691052657  -0.4047149390   0.3549831292  -1.5268317455  -1.8718573593   1.5572679769  -1.3138427036
 1.1145515902  -0.6889436901  -1.5057467315  -0.0686049835   0.8195603160   0.1777870887   1.5096233570  -0.6204577185  -1.6686832608  -0.8673728123  -0.7222346365   0.6121244447   0.1807885932   1.0203384294   1.2343993054   0.5598978863  -0.3673767244   0.4473279055  -0.7179104020  -1.4755456228
-1.5296760129   0.7900138298  -0.0585411170  -0.1845363632  -1.0107465249  -2.2898616427  -0.2770895574   1.8299422610  -0.6631871302   0.2556054147   0.9373980599   0.3127622795   0.1909079767  -0.3985326269  -0.3418907706   0.4445681598  -0.9360414150  -0.9868541410  -0.6909844812   0.4302792010
-0.3189299961  -0.9086027998   1.2871486793   2.2959971907  -0.1892511738   0.4508784919  -1.4740690551   0.7925116457  -0.8272431099  -0.8568868431  -0.3319793855  -1.2229829532  -0.8107155795   0.9616467155  -1.2370409896  -0.0158953362  -0.6450955130   0.5908018251  -1.2276335065  -0.2943782090
 2.0893966815   1.4635695708  -0.3867155528   1.2083918685  -0.7665973527   1.5501614196  -2.3250913620   0.0816328933   0.3964224234   0.2973364815   0.1802231435   0.5038123724  -0.0693849233  -1.2156409575  -1.1749756891   1.0441934084   0.8689792333   0.7797189668   1.0518919312   1.0688113878
 0.5439653332   0.6666126338  -0.2801501120  -1.5254797180   0.7827057046   0.3719413822  -0.7996670890   1.1911968879   0.0305893747  -0.0645420837   0.8575322108  -0.2011384486  -0.9095727743  -0.6442180298   0.0571725314   0.5463219402  -0.8949854019  -0.2811506257   0.5311005385   0.1789667566
-0.0167811806   0.1901007694  -0.2528101244  -0.0961737720   0.6280566249  -0.6014493164   0.5357299820  -1.5202237031  -0.0009615521   0.1014495454   1.7232736884  -0.2515082476  -1.5472880412  -0.2510771800  -0.2301991420   1.4121651169   0.4600413861   0.4652012115   0.4249198533   0.0528439581
 0.6220566504   0.2059478912   1.0328581072  -0.3281727590  -0.8727736132  -0.6264937521   1.5056409171  -0.0990663220   0.3423717181  -0.6816394966  -1.9253282312   0.2526964660   0.4463106205  -0.1305904865   1.3364336292  -0.0265331941  -0.7243987816  -0.0984043314   0.0657477056   0.5677620183
-1.3814271130  -1.4190702576   2.1276904258   0.7389808339  -2.4902684430   1.4200565927  -0.9923936617  -1.1703978852  -0.4142011875  -1.0536651604   0.0116940814   0.6444094702   0.2060431777   0.0551451503   1.3870751332  -0.1568608034  -0.6091582718  -1.2404894274   0.3356493438  -0.4385481334
 0.5070002520  -1.0204619737  -0.5504309276   0.9551324025   0.0066201459  -0.2637104370   0.4847308970  -0.9658510491  -0.5052391609  -0.1364845832  -0.1094820115  -1.4993514046  -0.2700875435   1.2970960007   0.3066321218  -1.0353200228  -0.0384796814  -0.7401693114   1.1930006339  -0.8029767510
-1.5673679834  -1.0548714965   0.2504483744   0.0432441347  -0.9757520199  -0.1632897410   0.7705013126   1.8785734261   1.5336086758   0.5619710971  -0.8010712576  -1.1388278534   1.9993432870  -0.7812660372   0.7930743448   0.5994009757   1.2158451905  -0.6165340171   0.3772533835   0.9266077764
 0.7213735425   0.7268032795   0.0529543625   0.9326744700   0.0215395655   0.2350377214  -1.2108021519   0.1818695968   0.3173818300   2.2183129656  -1.1992260270   1.6597230284   2.2294609605  -1.4308261686   0.5332646220  -0.3697798749   0.1721904841   1.6324207802   0.0580833931  -0.7797345727
 2.2646566593   0.1240809675   0.9801858856   1.3164793805  -0.1115151960   0.9321407729  -0.3217363738   1.2491657360  -0.1984704024  -0.0093105437   0.2869060893   0.0747032613   0.2858495371  -0.2469043887  -0.4435730502   0.1912119841   1.6175375105  -2.6709636378   0.2582256532  -0.1400549432
 0.4886054734   0.8334487677  -1.9289371580   1.1440918034  -1.6093061347   0.2021814814   0.0466900811  -1.1052506005   0.4796520570   0.7808068614   1.6467876470  -1.7900544335  -1.1999023404   0.3881023972  -0.1314738232   1.2807291292  -0.1075955054  -0.2984861443   0.4316350078   0.3220580918
 1.1346514385  -0.3485369528   0.4394105751  -0.8754807524   1.4863628782   1.7648936338  -1.0360954205   0.7727346976  -0.5388143732  -2.4327883897  -0.1872823759   0.6212291633   1.8772679554   0.3028216549   2.3630282613  -0.9240539771   1.2757583690   2.3811307042  -0.1728444039   2.5886618496
 0.9075378743  -0.3417463809  -1.4466459174  -0.0490019731  -1.4105411008   0.4647506493   1.2241473691   2.8363449709   0.3047954897  -2.6382181214  -0.0891683870  -0.1388456331   0.3087755521   0.9748712606  -2.2540774354   0.5942179216  -0.7954092952   1.1399084782   1.0356573528  -0.2515581188
-0.1773480325   0.2174613157  -1.4061571495  -1.3677851079   1.3541310539  -0.4444750758   0.7654685941   0.9001618997   0.8002633586  -0.2304936148   1.0986918982   0.3719452793  -0.3565070918  -1.1497171102   1.4681385059  -1.8817220652   0.1972049910  -0.1625304580  -0.8656972142   0.1088752683
s3
-0.9336142019
 0.5330354581
 0.5371061710
 0.7088650532
 1.1051383758
-0.0726424813
-0.6638302876
 2.0518872380
-0.2958033480
 0.9365557371
 0.3822011598
 0.0164954481
-1.5025106361
-0.6824187808
-0.1640713879
 1.6277604823
-0.0384804155
-0.1444416986
 1.6024645309
-1.1018643062
w4
 0.3788927836   0.8237457077   0.8779246075  -0.7042645863  -0.0952988030  -0.1675192709  -0.1208389984  -0.0823716822  -0.8888507048   2.1444908996  -1.4419336357  -0.3871835530   0.2136003133   1.9802350610  -0.4600433529   1.7371091206  -1.2787746026   0.7040723296  -1.7054036904   0.4866168125
-2.7708546593  -0.4301694743  -1.5097633170   0.9085946662  -0.4817086690  -0.0321544820   1.9982851373  -0.5445790269   1.3411544630   0.1399625145   1.1089032638   0.2662114561   0.0691616920   1.2896354232  -1.4951764548  -1.2790645253   0.8269308581   0.6400414122   0.0189974337  -0.2216577020
-0.2050164346   0.3021947503  -0.6100384993   1.4205898742   0.6363633298   0.6920885972  -0.1106263423   0.5749719859  -1.2366926402   1.5287993111  -0.0311007862   0.2441113917   2.4991334403  -0.8859876107  -0.6783225882  -0.5254633187  -1.8225159641   0.8767439420  -0.0932710190   1.1221826146
-1.3233219595   0.5391783286  -0.1188343175  -0.0860567331  -0.2653309733  -0.0061147060   1.9097852246   0.1450612382  -0.7390344552   1.1440955193  -1.2047301293   1.2518865292  -0.6744910312   0.0246621610   1.5203644406  -0.8145036789   0.4030470698  -0.6963853589  -0.7875566374   0.0195357892
 0.1595325607  -0.2703505420   0.9209899732  -0.2973525399  -0.3355354994   1.0702356869  -1.1850839025  -0.6265990513   0.0862371459   0.4326401290   0.8394687171   0.1008284537  -0.8503294624  -0.1525692455  -0.1986073731  -0.8620723140   0.4506554459   1.2388317388   0.3535211080   0.3802495772
 0.8245068314  -0.8879647784   1.5689021331   0.2838662238  -0.1934074142  -0.0947866608   1.1394755446   0.7434982940  -1.2257297478  -1.6147686584  -0.4677886544  -0.8078173814  -1.9562004939   0.5891709598  -0.2647462250   0.5107025365   0.9495682583  -0.6365138414   0.7957075552  -0.0142437178
 0.9506806239  -1.0315974530   0.8563019570  -0.3125749170   0.5118781925   0.7552929690  -1.2032710339  -0.7597256227  -0.2570561151   0.9414964167   0.4790717243   1.4428601620  -0.5927364845  -0.9960177769   1.6634520857  -0.4976738674  -0.7194619677  -1.3827987054  -0.2390830288  -1.6198394707
 0.9432117118  -0.2290071365   0.5596265672   0.1380614100  -1.0473624804   0.6527209551   0.3257061025   0.8779325331   1.9017089312   0.5159057519   0.3672230633  -0.2259755397   1.5485470635  -0.0131728802   1.0747281094  -0.2013562128   0.3595308415   0.9652345406  -0.3314010447  -0.3363841390
-1.0058636535   0.1016410504   0.6881784905  -0.2560521782   0.5052979231  -0.2995392199   0.2148883093  -1.6774047641  -0.4592706086   1.4496231220   0.6218384232  -0.3953039255   0.1851467313  -1.8528416462  -2.0616466271  -1.9827117843   0.2297679935  -0.3194616202   0.8768882797  -1.3294469007
 0.2466478881  -0.1484874516  -0.5842012013  -1.3996968730  -0.0264157190   1.9167759728   1.6577391341   1.3364591148   0.7070122885  -0.6628769073  -0.9769774215   0.0070179464   1.7817881191   0.9955265328   1.2064109268   1.0255261433  -0.1120917559   0.9982979604   1.8459376128  -0.3502943125
-0.4460975433   0.5853373855  -0.5047866175   1.2498237179  -0.3444854095  -1.2703610433  -1.2330160866  -0.2299719760  -0.6572202523   0.7206705988   1.4054256534   0.8375342171   0.0562094131  -1.8690983148  -1.1567609325   1.2093087777   0.2865739735  -0.9736298656   1.1522377121  -0.5622327694
 0.8971203588  -0.7084021736   0.2614245080  -0.5132837663   0.5032948146   0.8866661232   0.3756526943   2.1839551517  -0.4801858011  -1.0604237971   0.8925309206  -0.7419504883  -0.3044327052  -0.6729393400  -0.3792858419  -1.7017974693   0.2735655320   0.3639585416   0.0886472985  -1.6175816071
 0.5242712607  -0.1590862046   0.4642083683  -0.0945283413  -0.1087108345  -1.0496026974  -0.0899242455  -0.2101559940   0.5935531456  -1.1968604402   0.7673108823  -0.1275780586   0.6999529707  -0.5601207605   0.2088965089  -1.0627970775  -0.0915130868   0.9436380848   1.3955519591  -1.8353843394
 0.2899109686  -0.4000905460  -0.4364620908  -0.0281296510   0.3365084201   0.7764886526  -1.9618670980   0.8598396564   0.7755190979   1.4433125339   0.6903357693  -0.5591994993   0.7779868409  -0.0900226799  -0.6608819566  -0.4470470916   0.0692356605   0.3046044178  -0.5929515199  -0.1414341283
 0.3482061703   0.8620409918  -0.2897981639  -1.4368234128   1.2804083035   0.3949889193   0.0991564388  -1.3765139300  -0.3680959446   0.2558820933  -0.0095036172   0.2834953857   0.7123437461   0.0074973286   0.4881286183  -0.9438228804   0.2966392342  -1.0324049647  -0.3152844651   1.1761808231
-0.3867632606   0.2533959545  -0.3250684190   0.4916938474  -0.4429002971   0.2581058564   1.4645973951   0.5123063186  -0.0925218789  -0.6361805850   1.1803409446   0.0247217593   1.3473007940  -1.8950973909   1.1387528702  -1.0804775219   0.3182643289   0.6393583198  -1.5646004106  -0.6604969916
-0.1039288574   0.6068411281   0.9961723214  -0.2064999106   1.4875718541  -1.7309355080   1.0688515973   0.6381125499  -0.9305990461  -1.8504382458  -1.0474059135   0.1416799224   0.9222697521   0.2357118171   0.3982473323   0.6624481195   0.0594648908   0.9899106472   0.5522305662   0.9273947708
-0.1746892744   1.4366869351   0.9756479021   1.6581767591  -0.4875749343   1.0643759420  -0.2387752295   1.5806881768   1.2100406138   0.7454794201   0.2241858427  -0.3548580510  -0.4549736334   0.1424330409  -0.8390848038   0.4958699961  -0.7719238847  -1.4921363299  -1.0770290567   0.3741240692
 1.5248652624   1.0070633850  -1.4193445787   1.0022440166   0.2461268799   0.3984254269  -0.8992506462   0.0916808348   0.7549681922   0.7634732800  -0.6931842791  -1.1000638856   0.9704241545   0.0681260567  -1.9983451521  -0.6715395426  -1.2247843751   0.1966148166   0.4329819943  -1.1934291522
-0.4056407921  -0.4612987117   0.8933184927  -1.1004375688  -1.4345841135   1.0078932651  -1.6763389763  -0.5211069274  -0.0203408076  -0.0375346815   0.1476089191   2.0750769873   1.7041957909   2.4240959643   1.2360649764   0.5573019388   0.4162518738  -2.1068906112   0.0165135080  -0.1887834681
s4
-0.9336142019
 0.5330354581
 0.5371061710
 0.7088650532
 1.1051383758
-0.0726424813
-0.6638302876
 2.0518872380
-0.2958033480
 0.9365557371
 0.3822011598
 0.0164954481
-1.5025106361
-0.6824187808
-0.1640713879
 1.6277604823
-0.0384804155
-0.1444416986
 1.6024645309
-1.1018643062
w5
-1.0869925078  -1.2091198195  0.6794432504  -0.4767947794  1.4942260013  -1.0541395121  -1.1127486410  -0.9358591368  -0.5101438713  1.2214137176  1.0197088061  0.1761642236  0.4999807087  -0.5687263734  -1.1656137491  1.8088597414  0.9011864012  -1.2740889609  -1.1199601659  -0.2587748313
s5
-0.9336142019

