layers: 3
str: {2,30,1}
w1
 1.9815220124  -1.1105575527
-1.0477230076  -0.6779331294
-0.9109595997   1.3767398300
 1.8784475031  -0.6629577910
 0.0320255420  -0.5132914500
-0.0675779003  -1.1973610750
-3.1584421603  -0.5404829735
 0.8168126766   0.7882238700
 1.2637405915  -0.5131968884
-0.4059875778  -0.2849988183
-0.7547778949  -0.6700812433
 0.0892727303   0.4513194868
-1.3414126245   0.1477131236
-0.8199671290  -0.9406539159
 0.2190787600   0.7666287535
 0.9022632996   0.5541451402
 0.7481950558   1.3944805537
 1.1443701952  -0.5731996103
 0.1859165875  -0.2581221745
 1.8218280857   1.1544004881
-0.4743891109   0.7354797022
 0.1845202541  -0.6044033433
 1.2130334687   0.2760657324
-0.1168715047   1.4259278773
-0.0841621030   0.6378183673
 2.0384828475  -0.7776400607
 0.5247259255   1.4799801142
 0.6538556444   0.3393525535
-0.3467127678  -0.7553364328
-1.5673119212   0.5703899075
s1
 1.4025661903
-0.4958367014
-0.6625267224
-0.3275726688
 1.3746126045
-0.2477398134
-0.2451497099
 0.0049894374
-0.7846281156
-1.4679788647
 0.7745449064
-1.0093472573
 0.2371105173
-0.4212832594
-0.6218030806
-0.2402801897
-0.8824180409
 1.2000757923
 0.2112412576
 0.5872109808
-0.6199504526
 0.2967486276
-0.4250926692
 0.9350969088
 0.8485779123
 1.1066952467
 0.2770763809
-0.6073564788
-1.7292854498
-0.0016107088
w2
0.7623712864  -1.1921136858  0.7166519631  -1.8517106289  -0.5266878114  0.8764253357  0.8003375960  -0.2242763764  -0.0722410782  1.2933176912  -1.0069171244  2.1161844156  -0.0801911839  -0.3483522969  -1.1062532192  -0.9258242475  0.0453573546  0.6542995953  0.4043992390  0.3906374202  -0.3522280662  -0.6980798214  1.3429177997  -0.3189718718  0.5639759503  -0.7918579014  -1.5095999496  0.7259356321  -0.0377430711  0.4012637103
s2
-1.3878009464

