layers: 6
str: {2,30,30,30,30,1}
w1
-1.6033292496   1.1716798094
-0.9668829813  -0.6778741572
 1.4058507350  -0.4716825923
 0.4660634698   0.3139573169
-0.3479236005  -0.0442886327
-1.3584988234  -0.6791343960
 0.8162020636  -1.2245678170
 1.1057923356  -0.8465089007
-0.0808403889  -0.5029456601
-0.3233610632  -0.9892814121
-2.3070674352  -0.1852767855
-0.5911577362  -0.5703955044
 0.1088728542  -0.1493549974
-0.9843412517   0.8595226387
 1.0321668972  -1.7936204024
-0.0861152558  -0.5260764808
-0.6610877246   0.8396979009
-0.2711260546   0.1838740499
 0.9239313542   0.5049503657
-1.1345429096   1.5559042949
-0.9607390722   1.3796244628
-0.9585772729   0.3561061447
-1.7898716304  -0.1771333313
 0.0088828359  -0.4574133134
 0.9537207208  -0.6976395376
-0.3941632393  -0.4423144978
 0.9270732630  -0.4623910609
 0.3080780582   0.0741088431
 0.2393197533   0.6366170066
-0.8778805460  -0.9689003139
s1
 1.4025661903
-0.4958367014
-0.6625267224
-0.3275726688
 1.3746126045
-0.2477398134
-0.2451497099
 0.0049894374
-0.7846281156
-1.4679788647
 0.7745449064
-1.0093472573
 0.2371105173
-0.4212832594
-0.6218030806
-0.2402801897
-0.8824180409
 1.2000757923
 0.2112412576
 0.5872109808
-0.6199504526
 0.2967486276
-0.4250926692
 0.9350969088
 0.8485779123
 1.1066952467
 0.2770763809
-0.6073564788
-1.7292854498
-0.0016107088
w2
-0.5683831178  -1.0127990028   0.8042876867   0.9732682671  -1.7141953398  -0.9576353332  -0.2959591100   0.9766298177  -0.3317724062  -0.2450326965   0.2810252707   0.5210522123  -0.0255111757  -0.2173278013   1.4194397536  -0.7681440069   1.5121846890  -0.6844857852   0.4764541039   0.4848299660  -0.0381063085   0.7328508263  -0.6804013746  -0.4201195324  -1.2271389365  -0.0876662957   2.1159630389   0.6171714929   1.4550264995   0.5942077978
-0.2002819881   2.0353783113   0.7896064799   0.1389923828   0.1475213850   1.4835769765  -1.6547604990  -2.1943669190  -0.4460617298  -0.7904534031   0.7055066976   1.0993053136  -1.5037466648   0.1273017801   0.2095507539   0.6230985955   0.5966518851   0.9692956994   1.1231960511   0.1386806092  -0.4377346117   0.9982411392   0.1256420416  -1.4840079367   1.1688300850  -0.6722288627  -0.4407898272   1.2422353490   1.2014752334   0.1827215284
 0.7339337475  -1.2120802375  -1.4405985790   0.2177990840   0.7316062909  -0.2916716628  -1.7028742225   0.3990989336  -0.9405905649   1.5646170912   0.3819501210  -0.2152237441  -0.3428315987   1.6517379519   1.2143513023  -0.9204875916  -0.2529734738   0.0493212789   1.1462834464   1.0272567505   0.0423853411  -0.8476681610  -0.4550265304   0.4497891069   1.7227267583  -1.0223495812   0.3424105796  -0.6169252942   0.2981615906   1.0903508588
 1.3016621282   1.2781712709  -0.0206298355  -0.0539800806   0.6341722142   0.3268725199   0.1473098534   0.5169897033  -0.2641532605  -0.8180659567   0.5947137257  -0.2900989622  -2.9481426555  -0.8474313221   0.3579630885   0.2529763689  -0.9179691386   1.7504276504   0.5032442374   1.0073714957  -0.0247274671   0.1168227872   0.2838145222   0.8005897598  -0.6808384518   0.9028677453  -3.0788587997   0.0605498839   2.2377261820   0.9739052022
 0.4686669493  -1.0730957570  -1.8117367890   1.6912708489   0.7556844971  -0.5195152386   0.4687879965   0.3042110014   0.8487687371   0.6931336732   1.1392707814  -0.2149485159   0.2662607241  -1.2716726218  -0.1692878159  -0.6162308103   0.4068129069  -0.3353190584   0.7142849886   0.7534827077   0.5075649747  -0.4686159338  -0.5248186682  -0.2224164990  -0.1132953958  -0.7605395585  -2.2702335522   0.2421636995   1.2234646420   0.4296056638
 1.5226207839  -0.4830032731   1.5035476420   1.0370405715  -0.8035691470  -0.0725485946  -0.5558736801  -1.8810242530  -1.1402275573   0.3598189048  -1.8977420125  -0.7019352160   0.1742064143   0.5033191793   0.4751541033   0.5391618452   0.1615801285  -0.5235493327  -0.7254261328  -0.2674387364  -1.7939435850   0.5257269965   0.2581452295   1.7269811289  -1.7773450916  -1.4716875138   1.1255063934  -0.2726171860  -0.8761406815  -0.2585786133
 1.3486264943  -1.0394680124   0.2643629895  -0.0830053186  -0.2316404116  -0.4065191326  -0.1057846189   0.3178376614   0.4249173836  -0.2344106426  -1.1447041175   0.6366197165  -0.2199725498   0.7508206105   0.7441597063   1.2228299148  -1.3590761420   1.6265893516  -0.1613019170   1.0261703105   1.1589103754  -1.1322950832   0.1014865618   0.4845654538  -1.0043377838  -0.4312106477   0.8423907057   0.2416363277   0.7874868274   0.5204554032
 0.2378065972   1.2816619691  -0.0273469655   0.2320756596   0.7063169302  -0.3624112347   0.0732535097   0.7926364965   1.6388055623   0.6304804556   0.1290515783  -0.4050370500   0.3107051880   0.3002206856  -0.2863767243  -0.4454261536   2.0925553224   1.4969266573  -0.7593532487  -0.9146565845  -0.5483215325  -0.2881719554   0.6536776257  -0.3916163700   0.6611650866   1.1305880130  -0.4995230612  -0.4959237157  -0.5071804756   0.3728218544
 1.3189961257  -0.4491190681  -0.5357105385  -0.7926504345  -1.8706861200   0.8316383665  -0.7150260066  -0.0007212163   0.9961397756   1.1770303049  -1.5036103849  -0.0783507263   0.6301011722   0.6433802230   0.4492965652   0.5047129011  -0.4827387019   1.6793299187  -0.5991139728   1.5762814876  -0.1009148206  -1.0663767092   0.2467915571   1.0995114955  -1.1529762903   0.2767110194  -1.9031484947  -1.3202471955  -0.1170247956  -0.5496209129
-0.6416904731   0.1584060770   0.9139432735   0.4410395737   0.1582631774  -1.1979188215  -0.0155757040   1.1798355229  -0.1101682087  -0.1827515133   0.5412718835  -0.7759250067  -1.3105177218   1.3236229992   0.5369985414  -1.6855337580  -2.0638881886   0.7225486926   0.6520398431  -0.8669107952  -0.8733413562   0.4167395707   1.2397008282  -0.0298584464   1.6526588259   0.4105015575   0.3038438324   0.2506740497   0.9440626146   0.1133802174
-0.4740471140   0.9405804430  -0.0127125782  -0.9789142553  -2.1505728534  -1.2553896981   0.0299586425  -0.3626314597  -0.6036693388   0.3540253064  -0.1797040394   0.0471553509  -0.8773178481  -0.4330012846   2.2433691958   1.7093686971   0.6481651698  -2.7120054764   1.6992370797   0.5559569951  -1.6055489456   0.2826944831   0.5779148061   1.0806316577  -0.6173147544   0.1276950430   0.3267216285   1.6805774374  -0.1239010785   0.0134421558
-1.4123624326   0.1081216849   0.8318333061  -0.8784677237  -0.6509011260  -1.8179030703  -0.5788181338   0.7790137361   0.3364335017   1.2996424074   1.4822492772   0.8758476245   1.0362305413  -0.3482446242  -0.2742423933  -1.3769792780  -0.5028466198   1.1201297258  -0.9397212275   0.9065711494   0.4155129589   1.2027146878  -0.1615218214  -0.3498873388   1.8605923618  -1.1406588404   0.7853048958   0.8341492852  -0.5979969151   1.4875474734
 0.6549062616  -1.0554929240  -1.2180609597   0.6592040996   0.1666705585   1.6316404419   0.5750204770   0.2361130442   1.5696315540   0.1362738158  -1.4197191481  -0.5354372406  -0.1941398765  -1.1369687756  -0.0735285878   0.2622569296   0.6411754552  -1.1736971279  -2.0425578914   0.0089346850   0.3307940119   0.1603703746   1.4229617932  -1.3272100184  -0.5590122764  -1.5436589329   0.4814247160  -0.7870642319   0.9158641055  -2.2457450548
-0.4365117078  -0.5186703599  -1.0191049391   0.2158770494  -1.7472458588   1.6720370161   0.1048933176  -0.6214974102   0.7297956464  -0.4457107371  -0.5681758431  -1.7897122164  -0.5720680945  -2.5791017346   1.0753358289   0.9689560933   0.8402750755   1.3006606260   0.3057668856   1.2089050908   1.0018033531   0.4786543421  -1.0760420881  -1.6002961577   1.0039414584  -0.2416640832  -0.8180621983  -0.8775942465   0.3116121791  -0.7759490635
-2.0537853595   0.3023879432  -1.0646142056   0.5040100520   0.1047611639   1.4883791657   1.6729610861  -0.9640861233   0.3078463991   1.1445781336   0.3412415847  -0.5708991742  -0.0976247393   0.3675983432   1.6701961501   0.3884062168   0.1811460750   0.2517089728  -0.2810883178  -0.9488035285   0.1650588617   0.5985742990  -1.3430155458  -1.3844945726   0.1508347615  -0.6611400487  -0.4268202129  -1.4424985374   0.7784050884  -1.9872757901
 0.9265619401  -1.8113706458  -0.2603473163   1.2764639536   0.8335654031   0.6194282903  -1.2050381894   1.7001389366   1.9106559759   0.8457551168   0.2059099460   1.1046902228   1.2093274399  -1.3532403888   0.8981390530  -1.7070374925  -0.1560528942  -1.0880779575  -1.3280170228  -0.9618813578   0.4883303990   0.2979867891   2.5196004821   1.0304834568   2.0430318334   0.2566854481   1.4066782766   1.1551732193  -1.6346238507  -0.9779095704
 2.1550286086   0.8749755933   0.8789585615   2.0787628158   1.3436606245  -1.2154150578  -1.5670061315   0.5794550020  -2.0789849784  -0.4442268861  -0.3360762111  -1.0042907258  -0.9438049532   0.5429246648  -0.3565074204   1.5884514124   1.3681066565  -0.2169315626  -1.4799691211  -0.7418399492  -2.0411478743  -1.2033984245   0.0562127571   0.0857789549  -1.2042962895  -0.0223658089   0.8167315217   0.7384317250  -0.7552424310  -0.6492419625
-0.3633342413  -2.1783375297   0.5301599611   0.2212028632   2.5909987392   0.5923419691   0.5201327257   0.7529040202  -1.0652716358  -0.3305599105   1.8307439155  -1.2753996353  -1.2683283881  -0.2079653889   0.7496725582  -1.4852283994  -0.1005892542   0.7060899325   1.0298547835  -0.5529753657  -1.9835282694  -0.7753273429  -0.3536039644   1.1431255163   0.7971704016  -0.1768248020   0.3420589940   1.6305375918  -1.0211103290   1.9290357278
 1.2267611491   0.3406104113   1.0210273813   0.6856133568  -0.2398070622  -1.2443403607  -0.5078582040   0.1201037280  -1.6900832132  -0.8628651984  -0.3934293869   0.2065846804  -0.8174509672   0.7263671447   0.9349778418   0.3963586261   0.4011187004  -1.0684562458   2.0666175433   0.3591047651  -2.5739203572  -1.9077624051   0.0811364708  -0.7849792381  -1.0572960382   0.3499193612  -0.2604954989  -0.6170437019  -0.7960247890  -0.0577948946
 0.3063997158   0.1093163619  -0.1679768082   0.6969684223   0.0549604433   0.2828902887  -0.9028593801  -0.6173098593  -0.3120248043  -0.5908423095   0.8331613703   0.6190095655  -2.0375981534   0.0640854653   1.0385207401   0.2321725919  -0.2109585243   0.5753235532   0.7430018199  -0.2068361815  -1.2605280302   0.2944774138  -1.2705828088   0.6817474722   0.7425692135   1.0612159252  -1.1411267854  -0.0022632611   1.0860869301   0.8335663233
 0.4860094756  -0.4324708445  -1.2688005890   1.2281980457  -0.0928768847   1.0552241676   0.7604502904  -0.5326610410  -0.7863390254   1.6430799029   0.1531466649  -1.0366584749   0.5868107852   1.4214237580   0.2110864019  -0.0872476706   0.2753025389   1.7498178583   0.1624990082  -1.2596520961  -0.4660669911   0.0650148013  -0.6927302204   0.5602687293   0.7109815842  -0.4851053216   0.2996068792  -0.0236099821  -0.8769058947   1.8602044718
-0.1909521366   0.1367260100   0.5486420756   0.1649841977   0.7668393515   0.0022436306   0.4223817169   1.1293071137  -0.0223759659  -2.6630184739   1.5379004691  -1.4440116000   0.2046428680   0.4822749437   0.0205274692   0.3294509380  -2.0965769357  -0.8868168380   0.9905814973  -0.1411862505  -0.3327209232  -0.5387250665   0.4754485812   1.2827697882   0.9560512825   1.7899582165   0.0592929051   0.8888274209   0.8432781925   0.2971464009
-0.9804439625   1.2033879678   1.6266609677   2.0131939515   0.6018966491  -0.7433088984  -0.3161925044   1.4448793587  -0.0943129844   0.5022518728   0.6854712627   2.2674052539   1.6720503961  -1.5447635278  -2.0721053594  -1.2067291066   0.0247630179  -0.3492531135  -0.4542146328  -0.5301932069  -1.1162423684   1.7673298233  -1.3003896349   0.0118463097   0.7603658065  -0.0132414898   2.0581236904   0.2106309569   0.5821850279   0.8531272540
-0.3781559067   0.5731193189  -0.3806617085   2.0964491904  -0.6493574614   1.5512220223  -0.9573880851   0.4909256426  -0.9185222613   0.8445282470  -0.3011878696   0.0815033960  -1.8724506037   0.1420974207   1.1762870624  -1.3850217037  -0.3603647935  -2.1978817995  -0.8373520932   1.3551274542   1.5133760312  -0.8229515082  -1.4359298272  -0.8797307825  -0.6847323179   0.5245770470   1.0958315381   0.2156569048   1.6017678922  -0.1731232790
-0.3775909381   2.1074024173   0.2789809240   0.5911307224   0.1129374535  -0.0632739834  -0.4724502224   1.3779473213   0.2312525445   2.1132146295  -0.4156595112  -2.2207279707   0.5055758247  -0.1172631957  -0.4345071825  -1.9124612614  -1.0881089640   1.3341651187   0.2788645920  -0.5907324834   0.1845257659   1.1058792540  -0.4379992268   1.5844848509  -1.3469195790  -0.6170085137  -0.3763806165   1.1534501311  -0.4451285861  -0.0194601396
-2.4263493621   0.9682202494   0.1816603755  -0.2048558472  -0.9984439224  -0.2453989020  -0.7444312016  -0.1951669838   0.9673354219  -0.0298480868  -0.5230745731  -0.1823707505   0.5225641265  -0.4094695572   2.0153012894   1.3945267361   1.2499032783  -0.0167496934   0.1755066313   0.8134619756  -1.4911445231   0.0738793471   0.8729581270   0.7928829814   0.9834115220   1.4372783456   0.4818073704   0.7494033903   0.5420700208   0.4398238364
-2.6735615940   0.2384576448  -1.0901375499   1.3272278056  -0.8404369911   1.1899482976   0.0037048303   2.0120955308  -1.0307336977  -0.4053034120  -0.6685732656   0.0089060362  -0.2472217122  -0.8000224795  -1.3774190230   0.2258446651   0.1606585065   1.0098407359  -0.2018949827   0.0708120476   0.2244376607   0.4079158288   0.2297110744  -0.3687691351  -0.4217078361  -2.4727983836   0.6112332259   0.7679150648  -0.0955925332   1.4069153544
-1.7129643170   0.8418862348   1.2978304788   1.8739841390   0.3308171917   0.8766869103  -0.1927348853   0.9107681338   2.0959526158   0.0180702363   0.4467321407  -0.9411556587   0.8163954079  -0.4693257698  -1.7384538923  -0.3423677330   1.2359684844   1.0313003383   0.8882498724  -0.4467507256  -0.1734838222   0.5835975785  -0.5604367539   0.2199330067   0.8328505089  -0.7940799089   2.1693141954   1.1774758757  -0.3631969483   1.8094701281
 2.0529553831   0.9345440253  -1.0570456133  -1.3463317786  -0.8456109940   0.4651924094  -0.6926336412   0.0045382430   0.6052478725  -1.4647589885  -0.4492289615   2.4273721123   0.9260998389   0.1899981684   0.1931446700   0.2355412228  -0.7263327558  -0.1442151537  -1.1141242333  -0.9962844319   0.3702923918   0.1357583912  -0.9514326121  -0.8668475529  -1.1465306915  -2.1861771892  -0.3553934130  -0.5601854789  -1.9158202922  -0.1541847900
 0.1349780795  -0.6819695548   0.1507055046  -0.3477710532  -0.0031683947   2.6138401948   0.4126065358   3.4538513843  -0.9510573400  -0.3528661849  -0.1132273673  -0.4661860029   0.1717228615   0.3061404847  -2.1303637063  -1.4569050780  -0.6789086590  -1.3367540957   0.0472596421  -1.0036179751   0.3991070583  -0.3750486542   0.9462660872  -0.3740974622   0.3178874967  -0.5371135414  -1.8427727560   1.6476488424  -1.5724559481  -0.4021735352
s2
-1.3878009464
 1.6473209191
 0.7291595036
 0.8025209517
-2.1772264236
-0.1042350001
 1.2581490484
-1.0898542259
-0.2447375966
 0.8960554453
-0.1551445259
-0.2690619427
-0.6901352606
 2.4495153134
-0.0191716810
 0.7712501931
 0.5985746913
-0.5764968116
-0.7265046450
 0.0215681255
 0.4750335852
 1.0909283966
 0.9540298855
-0.9421484317
 0.6535333803
-0.5062298835
-1.3090919666
-0.7961588244
-0.7668829340
 1.3267277098
w3
-0.4120597997  -0.8060312212   1.1383307894   0.9163748136  -0.6910324518  -0.6043546168  -1.1120372709  -0.1851512671  -0.6271908513  -1.4249907149  -0.2255514735  -0.7284171006  -1.5604655199  -1.2574262341   0.6840110085  -1.4433171784  -0.3796391576   0.3732725140   1.7933097236  -0.2660018706  -1.0350295866   0.1291979803   1.4139686494  -0.0251936421   0.0520384443  -0.7051416337  -0.0880297919   0.5946776618   0.4034256494  -0.0124521995
-0.5272928663   1.7569467442  -1.3603830796   0.8229619960   0.6595869733   0.3735772722   2.4423110156   0.4983901737   0.2847429226  -0.3830441492  -1.5693475344  -0.5938195519   0.7779849625   0.1540942414  -0.3579446885   0.9660290135   1.3951393826   1.0963478886  -1.4238426357  -0.3097877540   1.9282630180   1.3596938393   1.4445814653   1.8455906498   0.8147170430  -0.6793004856  -0.3267910937  -0.1400611976  -0.6411612185   0.3157744645
-1.5292986683  -1.2001118124  -0.0729500709  -1.0627102395   0.6773280284  -1.0824112873   0.7949541437   1.0864637027  -0.2070582505   0.0538050877  -1.1719535042   0.1926725261  -1.3394461476   0.7498086274   1.0554490585  -1.5804732125  -2.0005299576   0.8664311091   0.7873963417  -0.8994509271   0.7722334205   2.1083050882  -0.9672413777   2.1960070801   1.0153531392   0.5339211974  -0.3841456182  -0.9034747718   0.2430996398   0.7551828038
 0.1211037268   1.5008992668  -0.0731950077   0.3840283381   0.7565852621  -0.7987742610   2.2014909236  -0.9472719641  -0.3150594647  -1.6057018053   0.6490349975   0.7520433778  -1.8432810564  -1.8761288177  -0.3384525271  -1.4168701476  -0.1423372990  -1.0527853963  -0.3723764005   1.1404254784  -0.8194559076   0.0263425952   1.5995104787  -1.0005131487   0.2969591514   0.9366823672   0.3013955465  -0.0431597435   0.1711034154  -0.0096470209
-0.0863211258   0.1130777032  -0.1395945884  -2.1463011061   0.3136316248  -0.5576979166   1.4836295331   0.2673332099  -0.0290268033  -0.2735307207   0.1137824699   0.5394097852  -2.7247457111   0.3012362454  -0.6594444901  -0.8592554797  -0.6244699537  -1.0804677877   2.1534586787  -1.4197759080   1.2325951419   0.2520129793   0.0836167586   0.5059321721   1.5831756515   1.7676607931   0.0945864049   0.6921270359  -0.4623239224  -0.4571946740
 0.8353532895   0.4545127140   1.6046195113  -0.1005037174   0.2298394545  -1.5382941367   0.9816653152   2.4498383356  -1.1391091576   1.3674637209  -0.0447814388  -0.2574346799   2.1101304479   0.1195461501  -1.8373333351  -0.6987807380  -1.0105190880  -0.1271685608  -1.6656945735   0.0943999556   0.4928228444   0.7682440222   0.4131800487   2.4607713231   1.0284712611   2.9996824558   1.2424313784  -0.2872256230  -0.3123896815  -1.1911549616
 0.2912588262   0.1722220360  -0.4500477449  -0.1043460716  -0.0091844198   0.2272639880   0.4704640219  -3.3896350763   0.9630088283  -0.5693261563   0.7059317851  -0.1210173009   0.9366254054   0.5036304606  -0.5314091789  -0.1176660039  -0.0351938574  -0.5241457351   0.6827971554   0.3338040843  -0.2976927237  -0.4662276066  -1.3499501696  -3.1833670360  -0.4413527242   0.5546588884  -1.0582574353   0.2673771628  -1.8253424950  -0.0357841325
-0.0198934625  -0.5758940068  -1.0187076108   1.2964075966  -0.2330849340  -0.7593605178   0.4375129918  -0.1682374884  -0.5035019451   0.6623454906  -0.8251263759  -0.6959826747  -0.9511912377   1.7740351125  -0.7234468744   0.1086486545  -0.9787047685  -0.6963674036   2.6909225774  -0.1487084723   0.9380745065  -0.1612095580  -0.0932676979  -0.9841441409   1.1722722681  -0.6666874794  -0.3091617315  -0.2456777017   1.5076981708  -0.7548885565
-0.0051807975   0.7184313182  -0.2245666522   0.8113961093   1.1256971996   1.0586837668   1.0115536749   0.0503874696   0.2898659509   0.3805622912  -1.2213613278   0.6519606745   0.1972121747   0.9988879537   0.0373704750  -1.2188778140   0.7564350447  -0.4210019543  -0.0077371688   0.1310842631  -0.1873819557  -0.5036896813   0.3585443630   1.8077471573  -2.2746399474   0.7334852911  -0.5710719953  -0.0280487516  -1.7694341635  -0.8750206423
-0.3482096244   0.3795394234   0.2617861578   1.2769532297   0.2180609236  -0.9936934348   2.2414313628   0.3564372706   2.3327896880   0.0176855364   0.2337529953   1.7022458346   0.1828097239  -0.1690767464  -0.0243158966  -0.8467872084   1.2541799603  -1.3964018669  -1.0253306281  -0.3732244065  -1.1838348752   0.8792370093  -0.4957503805   1.5010090928  -0.1847845442   1.0869608383  -0.5213765214  -0.5908035129   0.4474632944  -0.3996434966
 0.1451171749  -0.4955223656  -0.4644205559  -0.2926196117   1.8125550614   0.0782023433  -0.6968735042  -0.6103884997  -0.6369355060  -0.3546221020   0.6274033922  -0.3470948244  -0.8426642069   0.3209563515   1.1806999046   0.5657949942  -0.9684409429  -0.7423156262   0.6662229026   0.9752952353  -0.1257692507   1.3448772790  -0.4796911046   0.4846722436   1.3296753890  -0.1163162401   0.3596955059  -0.2998291330  -0.0186227179  -0.7903496709
 0.7268051231  -0.7656708350  -0.7260218588  -1.3567998972  -1.0497214657  -0.6575607430   0.3229462832  -0.0050089499  -1.2828487046  -0.2651020596  -1.1906909164  -0.7061837312   0.1994703226   2.6013382182   1.1829838633  -0.4988991811   0.0141230299   0.2811763374   0.2711726178  -0.4700391141  -0.0328247613  -0.3049102439   0.7517215176   0.8404241292  -0.2936919081   1.5725177637  -0.5870455285   0.1096172222   0.0768117540  -0.3104900900
 0.9841287529   0.0201437395  -0.8084939226  -0.3147686927   0.8047380548  -0.4689865728   0.0802187540   0.4185859563   0.1314611376  -0.4345788790   0.5104940798  -1.2524142168  -0.9035582336  -0.1977710998   0.5082169631  -0.5611850686  -0.6284695528  -0.2560515910   0.7152087032   1.4741504220   0.3241872591  -0.8406442513  -1.4353036984  -2.1536371813   0.1705875300  -0.0305617937   0.1805641730   1.3691307374  -0.2349621332   0.1594313191
 0.3570679930  -0.5229666564   0.0105217813  -0.4813237287   0.7027467126  -0.5855097427   0.7714708164  -0.9554323464  -0.8381671615  -0.4446946470  -0.7262055218  -1.2588032701  -0.6597819528   1.1615899404   1.6507186051  -1.8549223730  -1.0303610018   0.9272626761  -1.3503180068   1.5938856105   0.8630484995   0.6607033688  -0.5072533352  -0.4417112046  -0.3268134492   1.0317747885  -1.3730278022  -0.6370192397  -0.0790808191  -1.3755491064
-1.0124146240   0.9721116759   1.5516163083  -0.7284262477  -1.5707725692  -0.9626815031   1.0661615898   0.4337128230  -0.0481660494  -0.6206622178   1.3675688304  -0.6231707985  -0.1249672577  -0.1819452321  -0.7171636273  -0.2755199502   1.2432305826   0.2146232478   1.8533923024   0.0550720463  -1.8367422168  -1.2140683430  -0.3663001189   1.1642806096   0.0623221721  -0.2238116028  -0.1175826842   0.0686526121   0.6684842770   0.7867991186
 0.0701439265   0.2569372613  -1.4207309653   0.1535967385   0.6292607336  -0.2609259700   1.2720635462   0.8689862882   0.3446285160  -0.8262250735  -0.9990811944  -1.3971540330  -1.3533744010   1.5021744357   1.6989746484   2.4115639095   1.1141523370   0.0740209173   0.5943438354  -0.1276729494   0.8305921573  -0.3872550874   2.0500581599   0.7366966315   0.0880265372   2.8582743270   0.4189049161  -0.1070733071   1.1477798462   1.8062514910
 0.4756803472   1.9746421021   0.1813724258   1.6412516164  -0.6766501286   1.3631564848   2.6057152179  -0.8179394028  -0.5355138331   0.8393394025   0.7862499624   1.4336428457  -0.9769608795  -0.7091159350   1.0445958076  -1.5001015155  -0.8634846709   1.6293878489   2.4078525047  -0.0452147471  -0.1030547913   0.2996287097  -0.1355649679   0.2415586408  -1.0307813880  -0.8868200044  -0.7704466551  -3.4603754387   0.0885598016  -0.9154299103
 0.3303207256   0.1059984499   0.2796268665  -0.6828697561   1.0067030496   0.4275882213   0.0710077048  -0.7652728399  -0.0562775061   1.3168779340  -1.1502864253   0.8681362198   1.3575023928   0.3111013829   0.0822300630  -0.0269869920  -0.1422911286   0.4084666356   1.0768023756   0.8815897818   0.7306916543  -0.9141825344  -0.4781161244   1.3556342259  -0.9579315712   0.9855081657   0.3577452178  -0.3637782514  -0.6772088403   0.8157510226
-0.8618040466   1.4732169380  -0.5583755636   0.3067601054   0.1319146559  -0.3341693769   0.3411430917   0.0268897600  -0.0299041447   0.0224244204   0.2891460993   0.6428216975   2.4976664531   1.8366876933  -0.6369962296   0.0389358835  -0.4631152182  -0.8415182156   0.0291424634   0.3289058412  -1.1883930130   0.8560124566   0.2905184900  -0.1217695600  -0.9183169926   1.2396929678  -0.5893883720  -0.1770766737   0.5301593457   0.7249036833
-0.2426652705   0.1355673961  -0.8733558728   0.8556074787   0.1077947243   0.2166325657   1.3276880267   1.6948230227   0.4437167337  -0.6856562974   0.6479554604  -0.5070206947   0.3034448226  -0.2399064437  -2.3218753084  -0.9480084494  -0.1772834032   0.8850240513   0.0598394287  -0.6885549976  -2.1834828090   1.8946821019  -2.0647288183  -0.7941328423   1.9302382226   0.1977453003  -1.5272485398   0.9768922054  -0.6961795298   2.0358714669
 2.0308707985  -1.9790380735   0.7800787273   0.0589355818   0.3828956491   0.5757238987  -0.8010278378  -0.2039608911  -0.2321264050   0.4727292519   0.1316248896   0.3758946345   0.4962506379  -0.0884733572   0.7962460792   0.2037713912   0.4305696109   0.2846163760   0.5255777876   0.5181858441  -0.0463637627   0.2938692839  -0.4692868044   1.0425550579   0.2760296105   0.8742970007   0.8750355527   0.2209526056  -1.5667075043   0.9973660961
 1.6997836426  -0.9070561245  -0.2688083832  -1.1052794593  -0.7474482123  -0.4833114795   0.0666589311   0.5309689262  -0.6534119329  -0.7212114663  -0.3842397711   0.6725216826   0.1452206351  -0.6407128636   0.6987170083   0.0974862497  -0.1738013510   1.1200670034   0.6776734361  -1.0492722483  -0.3125011846  -0.0854726789  -0.2692094640  -0.4470044459   1.0756555758  -0.6735149762  -0.8343414166   0.6402528893   0.0041843486   2.1914882214
-1.6620227970  -0.6968729412   0.7703034614  -0.5066744696  -0.6685609100   1.2235084541   2.2630016866  -1.1505511667   0.2982655200   0.2810705011  -0.9136645106  -0.1009063837  -0.1460635343  -0.2952671255  -0.4442140789  -0.7047261550  -0.9279092275  -1.5867512848   1.1570143796  -0.5556583807  -0.5735197294   1.6902087203   0.9235998415  -0.6218453219  -1.3892477577   1.4337558951   0.2868722553  -1.4671638294  -2.7956340746   1.4082134972
 0.8137313780   0.0779419357   1.0829849856   0.7315543383  -0.6969728456   0.6052808018  -0.2903790038  -0.0091287344  -1.8619154017  -1.3400698788   1.0971328593   0.0756313912  -0.0679915296   0.1470967303   1.7097667556   0.9883781158  -0.3804498389   0.8374134604   2.0704373051   2.2281500374  -0.1280126379   0.8060600626   1.2718123634  -1.8277502030   1.1378580906   1.0050559231  -0.1054822796  -0.5862317240   0.4124275402  -1.6142362875
 0.0225580591  -0.3797250814  -0.7614288949   0.9028083858   0.5636665155   0.4242830498  -0.0959463983  -1.1777950812  -1.5794184123   0.7136892702   0.4307488818  -1.2080342381  -1.8772561233  -1.5601404302  -0.3902975229  -0.5741410974  -0.2695093963  -0.2652598689   0.9040298336  -3.4091903007   1.5059595712   0.4612552123   0.5382229601  -2.3727554825   0.0163217737  -1.9498882191  -0.3683341644   0.8517152416  -0.9551220189   1.4662761780
 0.2828155043   0.8339950681  -0.5865118645  -0.8423066763   0.7284682879   0.4291341917  -1.3847497329  -0.0482392396  -0.1124348615  -0.2663377761   3.1750427541  -0.2646568112   0.1901128923  -1.1141948519  -0.0192083359   0.5938355344  -0.5572744198  -1.0467799870  -0.2655066873  -0.8695041224  -2.4702464557  -0.3268127050   0.0820700709  -0.2247904235  -0.1334554131  -2.0727505745  -0.4763898518  -0.2091102416  -1.2673345536   1.4836305760
 1.6510471590   0.9297005639  -0.0768062529   0.0327359053   1.0207159735   0.1555253927  -0.3015319334  -0.3469668317  -1.3417688129  -1.1363406709   1.5583665910  -0.7883433319   0.8772667262   1.6422653771  -2.0668162021  -1.1353453946   1.1308008242   1.8191653496  -0.4584508379  -0.8141900958   1.1150507025  -0.2163198168  -0.5142015924   1.1303483532   1.2815405020  -0.6393292575  -0.5219665012   1.2412754946   0.0523086530   0.0059971086
-0.0170203300   0.2887861246   0.0818206446   1.4217357350   1.2579918634  -0.2573095507  -2.1322584080   1.6133227297  -0.2786481961  -0.9778441596  -0.6044817835   0.9222280341  -1.7027085892  -1.1216776368   0.1595386406  -0.5369620676   0.6112562395   0.7479370870   1.9554088228   0.9430236715  -0.1162922736   0.5515603129  -0.2840129694   0.1332774370   1.6260356355  -1.2444516133   1.1759365983   0.2617258640  -0.1814728042  -0.6215255625
 0.2847285336   1.0961322627   0.0585595250   0.2629755753  -0.3165694889   1.1690640867  -0.5492188587  -0.5380411792   1.0083696449  -0.2116266273   0.0268908391   0.3218297287  -0.8535419626  -0.8341928229   1.0057507563   0.8770737554  -1.5328982433   0.7178624077  -2.5900528115  -0.4491654671  -0.4103630246  -0.1441193967   0.4134139522   0.3104465646  -1.8042152591  -0.4089150996  -0.2259782152   1.8039633590  -0.2711980215  -0.3205424616
-0.0277570910  -2.3533508680  -1.3924052865  -0.2618628291   0.3834115467  -2.2457113584   1.1714575206  -0.7441924100  -0.8048665956   1.7311636879   1.1461456527   0.9674654948  -0.4462426577   0.4312119247  -0.5906608117   1.1717403655   0.4148368400  -1.9736574553  -0.7120975934   0.6065765604   0.5767629843   0.7077900907  -0.3023270288   0.1947547125   0.1072417665  -0.9237451145  -1.0731483599  -2.3201611472   0.5888287022  -1.1769342865
s3
-1.3878009464
 1.6473209191
 0.7291595036
 0.8025209517
-2.1772264236
-0.1042350001
 1.2581490484
-1.0898542259
-0.2447375966
 0.8960554453
-0.1551445259
-0.2690619427
-0.6901352606
 2.4495153134
-0.0191716810
 0.7712501931
 0.5985746913
-0.5764968116
-0.7265046450
 0.0215681255
 0.4750335852
 1.0909283966
 0.9540298855
-0.9421484317
 0.6535333803
-0.5062298835
-1.3090919666
-0.7961588244
-0.7668829340
 1.3267277098
w4
-1.2893861523   0.2679693208   1.6293818906   1.0367553055   0.6304843492  -1.0614489648   1.1260531617  -1.5522605696   1.2817670693  -0.5889330890   0.2724833629  -0.2044477254  -1.2271914555   1.3388496201   0.3909119082   0.5167199404  -1.2777150896   0.4549816939  -0.5737748747  -0.1932328141  -0.4677780650  -0.6747131793   1.5989664521   0.3730114657  -0.7012455509  -1.0967550231   0.1489052151  -0.1953342202   0.4603898063  -0.4631966579
-1.6507949954  -1.4137074225   1.0693953261   0.6182794291   1.9801689661  -1.4907573121  -1.0900316370  -1.2417598347   1.2159361951  -0.8854194915   1.5258885959  -0.5997959189   0.7355978522   0.4892947732  -1.5341707659   0.5192370674   1.2953777108  -1.0516476040  -0.9998381249   0.5406536473   0.4096068248   0.1255017519  -2.1204232665   0.5785700984   0.3394400223   0.5096884861  -0.2620742462   0.6123233575  -0.9291478429  -1.3486160359
 0.7617640927  -0.8806207192   0.2434983448   1.3762109710  -1.1616239211   0.5690613438   0.6156151675   0.0037105124  -0.2263079343   1.8343641929  -0.0729057749   0.3679400564   0.2812394455  -0.9133591900   0.2657286117  -0.2797150030  -0.4956637918   0.1261403804   0.5193919271  -0.2849924053   0.6003519261   0.9207803613  -0.7253108325  -1.0593923517   0.4615208774  -0.6767314025  -0.3691470176   0.1505705748  -1.0989921761  -0.1264065097
 1.7588202284   0.1314128514  -0.3001247976   0.3496007076  -1.4146812821  -0.1543837379  -0.1603376768  -0.2523748723   0.4462259910   1.5944441489  -0.3741006798  -0.3836731473  -2.8270406193   0.1249836986  -0.6796420980   0.6661107640   0.4989070374  -0.2026868225  -0.0703342839  -1.4557502498   0.6265495588   1.2955728627  -2.7904459981  -0.2615788242  -1.8163081293  -0.6760503002   1.0467518091   0.9151733889  -0.7141796534   0.0894358653
-0.2018333779   1.2895336265  -0.4923136854  -0.2789471870   0.6377935467  -1.2456460422  -1.5325248830  -1.3257197502  -0.2938564703  -0.2074576552   1.3819551569   0.3339085066   0.6508289236  -1.7619931872  -0.6545687188  -0.5376342263  -0.6433411950   0.4863153025   1.0600218898  -1.4778484622   0.0834062586  -0.1139889595  -1.3603598439  -1.0827629045   1.2964207398   1.7867458897   0.2749490163   0.5296069124  -0.0388953859   1.1971447912
-0.7560079664   1.0396444049  -0.0180950830   0.3482590040  -1.9292011139  -0.3428098016  -0.7503314803  -0.2641193974  -0.6454847966  -0.3548030083   1.1669534752   1.9775499575   1.3594332796  -1.1536488099  -1.5638288644  -2.2326031072  -1.0672642397  -0.2071952101  -0.3090623749   0.7582006810  -0.6060766438   0.4600144460  -2.6439351654   0.3967300799   1.3981161358   0.7424260579   1.2069247409  -0.5424378319  -0.0052157655  -0.4883111379
-3.8527749268  -1.6673327491   0.3272768027  -1.6873323740   0.5688516690  -1.6704271733   0.0637056775  -0.0300705702  -0.2141001725  -0.0094606161   0.7372635511  -0.4810050060  -0.6940236626   0.2801389034  -0.2695305862  -1.0158988922   0.2986392255  -0.8672997528  -1.3961944120   0.7503112640  -0.1900222656  -1.2535555675  -1.4345617873   0.6406354161  -0.1007511002   0.4512892572   0.7205198956   0.9856438072   1.0070937816  -0.6020043670
-0.9738397581  -0.2531957871   0.7970735019  -0.5360557916  -1.2194474361   0.8742068207  -0.4878588731  -0.5880017878   0.8329365290   0.2311102155   1.0660127893   0.1061421310   0.6038146821   1.6743033446   1.1032891429  -0.1345345222   0.9425008655  -1.7060161806  -1.1534026709  -2.1766218495   0.5756991818   0.5423446467  -1.0374197170   2.6034318313   0.5423470483  -0.8972901220   0.7694915821  -0.3691654703   0.8398914093   0.5222236802
 1.5908912385  -0.9382215574   1.1755764727  -1.3728547505   1.1617271353   0.0853841616  -1.6103063294   0.1496924393   0.7185072532  -0.2102671350   0.0277017262   0.5409090057  -0.8254034024  -0.2022979487  -0.1382042080  -2.1171513702  -1.4420193704   1.0403856852   0.2245794578   1.0045088945  -0.6810239010  -0.3880663426  -0.2696667062   0.9353004406  -0.1757893113  -0.3181401633  -0.4424928925   0.2980210913   0.5301467698   0.3570546803
-0.3491682208  -0.2353225820  -0.0485177944   1.4721298639   0.5234475265  -0.0207403542  -0.7069943260   0.8744462548  -0.5428465305  -0.5179608030  -0.1472116255  -0.1510629205  -0.5615408237  -0.4129235310   0.0740710385  -0.9694661294  -1.0647167573   1.2972815750   0.5317122972   0.3114234431  -0.9493099947  -1.2198619677   0.3643340341  -0.5977620988   0.2855937525   0.3103424851   1.4554068322  -0.7627716482   0.1103187512   0.8646060231
-1.2513119189  -2.2951441137   1.4685388216   0.2902530006   1.2708903511  -0.3775509705   0.6745493291  -0.2585129641   0.5786245040   0.7423850647   0.9351210173   1.2588214320   1.0388727119  -1.7523949062  -0.5769721207   0.1065315763   0.9704227758  -0.4381454701   0.7582258570  -0.7514253415  -0.3578360096  -0.6718546231  -1.6734495232   0.3525279122   0.5465446679  -1.1458798078  -1.6946117674   0.0661899072   2.4593497952   0.2426562299
-0.6566963843  -0.0619284430  -1.0253133220   0.8087202259  -1.1121312435  -1.2098267461   0.9690455432  -0.2451459591  -0.5626124424  -1.1464065976  -0.8066777340  -1.3172268812  -0.4812996926   1.1653409786  -0.4060119086  -0.1114718696   0.5830140660   0.2767620097   1.7172316643   1.2315099847  -1.1111964394   0.2482778368  -1.1397716879  -1.4494458170   0.5344963390  -0.4325160554   0.8255815075   0.8061267795   0.6750533194  -1.5655965492
-0.8417192256   0.1738981329  -1.6726597767  -0.3431491353  -2.3804629675   0.4236159772  -0.5961568359   0.8294594685   1.0642564591   0.5760225163   0.3294115568  -1.2198520916   0.6172297256   0.0918086521  -0.3496736331   0.3803830473  -0.0051525998  -0.7408122625  -1.3653036275  -0.9650698949   1.2944564166   0.2992519252   0.7525721170   0.8762872620  -0.7737390052   1.1365277242  -1.6408761610   0.8320671777   0.7952424402   0.2026415647
-1.2051107243  -1.6268602927   0.7106814962  -0.3703754233   1.3519453457   0.9015443063   0.4791025563  -1.2461470951   0.1156640814   1.6287440649   0.2398348456   0.5513612859   0.4639127874   0.8003894000  -0.2686089383  -1.1020541786  -0.4353450173   1.8875234697   1.9032855402  -0.2664542216   0.1898285857   0.2896778587  -0.5275553836  -0.0466756033   0.1451719545  -0.0906168942   0.2595720616   2.1029979479   0.4626476972  -1.9056983174
 0.1231190887  -0.4338803346   0.8136773931   0.7744709471   0.3119135074  -1.0935548694   0.7951254109  -0.3851476765  -0.3338079149  -0.1945886314  -0.8096286879   0.0201448341   2.1454237772   0.9128204178  -1.9069575406  -1.7960121890  -0.0814653571  -0.9743658503   0.1479256615  -0.2069153964  -0.8601740123  -1.9608347059   0.0878676117  -0.9767565465  -1.0123026622   1.3923365237   0.6168553466   0.0665011381  -1.3060318906  -0.3580732745
 1.6458165432  -0.1367679468   0.3451097235   1.8784840411   0.8741036959  -0.8940866160   0.0126112331  -0.9346041836  -0.5053370033   0.2505912010   1.0504893111   0.3465592532   0.4501364561  -0.7688985376  -1.4025879180   0.4060579368   0.4814632776  -0.2395960613  -0.1066686434  -1.4772501191   0.5213133379  -0.4777231963  -1.1275441452  -0.6858732101  -0.2091217018  -0.6933962544   0.8418020596  -0.7514259644   0.3356785437   1.3282465417
-0.5240904332  -0.4061944684  -0.1518382887   0.2177291953   1.5648500090   0.6988002344   0.1054372063   1.0513261194   0.0468249312  -1.7354926486   0.9653483433  -0.7340789846  -0.6004444925  -1.3233406566  -0.1577523365  -0.8214397218  -0.8560783358   0.5454834751  -0.0161057419   0.8443638201  -1.8318373931  -0.3967808375   0.6360668389  -0.7092966264   0.1522887784  -0.2638480490   1.6196277197   0.4467315688   1.2545105283   1.1946148304
-1.7206161259   0.2565371196   0.6803184494  -0.5980991818  -0.2027129252   0.1371801048   1.0678450579  -0.0573454078   0.6895498082   0.0660703364   0.1484251546   0.5149622973   1.2696940932   0.3832396217   0.1303789303   0.6083075807   1.3487361020   1.0902899091  -0.9725987506   0.7735246935  -0.7370589761  -2.1873472437  -0.4468645605   1.1482855790  -0.4535980635   0.0628913191   1.3719455210   1.2099605506  -1.5385290763   0.6993228742
-1.3817619798   0.2759554828  -0.1356082366  -0.5706700012   0.7676226628  -0.3433980361   0.5848677186  -1.0975164110   1.9179704965   1.7182081043  -0.6569448857   0.5876685622  -1.4183386601  -0.0486216360  -1.0218045752   1.9322705177   0.1002184567  -0.0013868907  -0.3877705751   0.9808327200   0.1978728647  -1.3185731505  -0.5387949579   0.1918713719   0.1831902778   1.0546221207  -0.7029391719   0.7233504687  -0.7208001105  -2.0469117977
-0.9011963662  -0.9390916539   2.5412331303   0.7116693087  -0.6148690441  -0.3318850393  -0.1380840181   0.8293016642  -1.9371720972  -2.2662417220   0.3448911039  -3.2755341831   0.7089831875   0.9955157595   0.8954520500  -0.3299969457   1.5032486970   2.4832612429  -1.4192069700   0.0623069945   2.6562206256  -0.9636338092   0.2875944495  -1.9973700272   0.4864984689   0.1267256390   0.1800909866   0.5978800064  -1.1215412120  -0.1797838648
-0.9363395489  -1.2877634727  -0.2631576876   0.2978963377  -0.0803256657   0.4477331693  -2.2348620868  -0.8131516888   1.6912823937  -1.0313446474   0.5529029961  -0.5197715419   0.8782334577   0.2845573516   2.1557116544  -1.6611254627   0.8864838314   0.4446953441   0.5232720518   0.8262283294   0.2691866710   2.1384056211  -0.7128245175  -0.1139682427  -1.1696652622   0.4082384457   0.3943626248   0.1424815440   0.5694105689  -0.2693283675
-0.2987051125   0.5703857604  -0.4064733437  -0.9058618514   0.3805809050  -0.9963031443   0.5430116463  -0.1741544999  -0.5261277094  -0.5983514832  -1.3945402352  -1.1128431053  -1.9395931228  -0.2757591460  -0.1012405378   1.3981745018   0.9919226199   0.0352577550  -1.9702172839   1.6400027938  -1.3552590463  -0.0373852815  -0.7213657733  -0.1687104407   0.2193652724   0.7340816177  -0.7273436916  -0.1581864565  -1.8778098314  -1.7059777045
 0.9225872540   0.7494236167  -0.1099548339  -1.1416092706  -1.4815884414  -2.2795789434   1.3936322609  -0.8090746323   1.3570446387   0.6194375973  -0.3142906040   0.6110738053   1.0736064447   0.1799913878   0.9171066710   0.4007353796   1.3318675131   1.6439584225   1.1702324138  -2.4304309212  -0.1313094150  -0.0424168949  -0.5920515996  -0.9022958024   0.3415184578  -0.6420739172  -0.4404572749  -0.6775365907   0.0952100676  -0.2490045753
 0.9234304683   1.9852909306   0.7975029653   0.7220520638  -0.1405081932   0.4077207884  -0.1766386208   0.9912790409  -0.9049195255  -0.1192644896  -0.8913397018  -0.1488767995  -0.5521976006   0.4045383906  -0.3834019021   0.5229270113   1.1089289402   0.2751104773   0.5384250140  -0.4983856717   0.2026068813  -1.2466511291   0.7646162596  -0.2200625458   0.4627724891   0.6650244757  -1.7935446562  -1.3561562439   3.5909581715   0.6682588800
 1.5243693810  -0.9840328194  -0.3096877234   0.5214940345   0.7715325103   2.0605685678  -0.1006222545   1.7308273791  -0.1891829024  -0.8473783881   1.8937265468   1.8958295099   1.1098374649   1.4969709337   0.1042802497   2.2816809408  -2.0683360863   0.8451955875   0.5374017304   1.0325365178  -0.0561026402   1.5980485725   0.0529794556   0.7386207657  -1.3848852119   1.0825766646   1.5192090294  -0.7310578205   0.4900810114   0.9044585649
-0.6697468760   0.4627122724  -0.3575815580   0.7877441535  -0.4966212547  -0.2670124058  -0.1142311561   1.4758400086   0.0188401658  -0.5502618033   0.8381899030  -0.5516842948   0.8653641769   1.7404625510   2.1637948385  -0.3320998324   0.6979064444   2.3410233854   0.0183270066   0.5475919771   1.1780690521  -0.8006881699  -0.3739390844  -0.8217955280  -0.6760944973  -1.6226900334  -1.5084865847  -1.5479476580  -0.0165558877   0.3515560416
-2.1148800838  -0.2507178720   0.5118818674   1.6788218805  -0.0151920105   1.2077369147   1.2990060515  -0.3634253693   0.8080397382   1.2201848737  -2.1153624825   0.2663364667  -1.1748173627   1.3258871184  -1.3390059931  -0.1709733016   1.1107591818   0.0990785025   0.0319340777  -0.2492448832   0.9218689710  -0.5200366482  -0.8774408178  -0.0421025308   0.8601107778   1.9864208343   0.5912816420  -1.2613623013  -0.1223871777  -1.2922492407
-0.1356126927  -0.7146181077   0.8733178420   0.5426958190   0.9120414723   0.0950796351  -1.6827712501   0.0567881825   1.6379703101  -1.4461313260  -0.0649852777  -1.0424705666   0.3300498602  -0.6709505519   0.1910850570  -0.1511246388  -2.1990788045   1.5581795170  -0.2688279732  -0.8271352015  -1.6868871344  -2.8548449549  -0.1924050613   0.6039065518  -1.0749764299  -1.1423749921   0.6684359383  -0.5808305105  -0.4061164044  -0.8625733105
 1.2669660333  -0.7071892570  -0.4128310737  -0.9779361494  -1.4237652428  -0.9036590853   1.4468074895  -0.5884015929  -0.2469316378  -1.1449613798   1.5088877882  -0.6392589627  -0.9429321910   0.5897151250   1.1120988352   0.4341594239   1.3355863823  -0.3756455647   2.8107983343  -2.1578834434   1.5369672930   0.1672643029  -1.3633257003   0.3688625628  -1.6272540260  -0.2533010769  -1.9263077048  -1.8251814480  -1.4479793907   1.1137005257
 0.5600744141  -0.4949799987   0.2421127279   0.5747264035   0.9620747678  -0.7840519305   1.5503104493   0.5542470747  -0.2537406898   0.4810005469  -0.4248856721  -0.0530999239  -1.1888947796   0.0611028234  -0.5958468204  -1.3609260184  -0.1360440271  -0.9417860400  -1.2311961732  -0.1043812337  -1.5257056885  -0.6269897944   1.2852979812   2.1191477227  -2.8231895183   0.7369712233  -1.2571541076   1.2608819542  -0.6248063415   1.8435412051
s4
-1.3878009464
 1.6473209191
 0.7291595036
 0.8025209517
-2.1772264236
-0.1042350001
 1.2581490484
-1.0898542259
-0.2447375966
 0.8960554453
-0.1551445259
-0.2690619427
-0.6901352606
 2.4495153134
-0.0191716810
 0.7712501931
 0.5985746913
-0.5764968116
-0.7265046450
 0.0215681255
 0.4750335852
 1.0909283966
 0.9540298855
-0.9421484317
 0.6535333803
-0.5062298835
-1.3090919666
-0.7961588244
-0.7668829340
 1.3267277098
w5
0.3717350264  0.2162734659  0.8638373890  -0.7342920214  0.4048854624  -1.2596008647  0.3174060591  0.7917147022  0.3716262126  0.1013826214  0.0449655629  1.7682141101  -0.9956378813  -1.0815571394  -0.1201948267  0.2523936186  1.2117334164  -1.2894862382  0.5046722349  -0.5734255931  -0.4264564314  -0.4461584386  0.6623732671  -0.0682734099  -1.5997378026  1.0279879451  -0.3522584112  1.4033031926  0.8914214845  0.3757965147
s5
-1.3878009464

