layers: 4
str: {2,30,30,1}
w1
-0.4817299546   0.2596298839
-1.0062013903   0.4118897077
-0.4190134992   1.7786452589
 0.3032324386  -0.1631924059
-0.6505753398   0.2188600691
-0.2285175275  -0.0384620742
-0.9026152778   1.8351967005
-2.0864759383  -0.7686995731
 0.9296737437  -2.5197230609
-1.9062316453   0.9539073652
 1.4756535669  -1.4919934878
 0.8248927414  -1.2230490704
-2.2717112014  -0.4648987508
-0.0612790743   2.0774056540
-0.8096497861  -0.8454957949
 0.0995704460   0.1431908327
-1.2183725665   1.3871005620
 0.2764137852   1.6205359257
 2.0209892541  -2.7405654055
 1.3892068096   1.8531133394
-0.4950672819  -0.2900696955
 0.2814018995  -0.4631643282
 0.4091233798  -1.4677628734
 1.0575432613   0.6601591477
-1.1506293804  -1.3637352137
-0.2926161242   0.4349804730
 0.3061323396   0.9227045281
-0.6533924057  -0.0717675286
-0.7125823695   1.0927579285
 0.5869214120  -0.1070844744
s1
 1.4025661903
-0.4958367014
-0.6625267224
-0.3275726688
 1.3746126045
-0.2477398134
-0.2451497099
 0.0049894374
-0.7846281156
-1.4679788647
 0.7745449064
-1.0093472573
 0.2371105173
-0.4212832594
-0.6218030806
-0.2402801897
-0.8824180409
 1.2000757923
 0.2112412576
 0.5872109808
-0.6199504526
 0.2967486276
-0.4250926692
 0.9350969088
 0.8485779123
 1.1066952467
 0.2770763809
-0.6073564788
-1.7292854498
-0.0016107088
w2
 0.5444285023   0.7856928347  -0.8722083378   0.1414715447  -0.3571118903   1.5512698473   0.5977403330  -2.2338979400   0.1115681702  -1.7672971062  -0.0490635794   0.1692370768   0.2023073155  -0.4330611432  -1.7394676641   0.0544657082   0.6784798425  -0.4967315336   1.0277461512   1.1503293375  -0.6961039041  -0.8438701886   0.0093997775   0.6532161970   0.3518157315  -0.2155421740   0.7102923410  -1.5037564629  -0.9518476603   1.1449264320
 0.3460858204  -0.4852688707   1.8279498197   0.3480766176  -1.4841972633   1.5035366536  -1.5799672104  -0.2365839430  -0.2266756319  -0.5040224924  -0.4488128060  -1.1578446921   0.1254824296  -0.9994637506   1.2280892910  -0.8296495631  -1.8405666642   1.5861105558   1.2378240050  -0.4305630443  -1.0551790966  -0.4529109961   0.6234110332  -0.7617633739   1.3102170408   0.6457966854  -0.1541876323   1.0539116413  -0.0859238452   1.0845293733
-0.8919180754  -1.2240684522   0.0928436881   0.4454581060   1.4544275495   1.0970095655   0.4440056793  -0.0307706458  -0.7853491279  -0.1590311116   0.5394225027   0.7723547289   0.7221473252  -0.2175047765  -0.1122516186   0.1173529891  -0.7360083815   0.0750351608   1.3305935744   0.0212092856   0.0183280183  -0.1864570912   0.5731597957  -0.5297928577   1.1160324943  -0.1982944373   1.7653038696   1.0476095140  -0.9565473558  -0.8443411501
 0.7027017131  -0.0934889912  -0.2046024708   0.5911885376  -1.9676399194   1.8867672587   0.6146047022   1.0071448241  -0.8879351193   0.5980773061   0.7313123249  -2.0588738501  -1.2704743425   0.5506719130   1.2822941470  -1.2679865521   2.6265645398   0.8368556924  -0.5090518348   1.2943495060   0.9039342934   0.0141620369  -0.2429219344  -0.1376891298   0.5402593574  -0.3383879726   1.2215588981   1.6287709439   0.2367143270  -1.1547450501
 0.4062105497  -1.9494154968   1.4011963575  -1.4247417509   1.0168908717   1.1132420003   0.0611316442  -0.1938292254   0.0722579312   0.0489680993  -0.6034012975  -0.8975898296   1.1249046935  -1.2484091235  -1.1773371785  -0.7478709574   0.9269190183   1.3655904727  -0.4675864273  -0.0058276228   0.0795699231  -1.8910034042  -0.2924013679   0.2474612105   0.6726915500   0.4433329944   1.4189675559   0.8731784593   0.4886481799  -0.9182036484
-1.3042487529   2.0947289782   0.6981041436  -0.0571710884   0.0542355379  -0.3469797581   0.7484856387   1.6660708347  -0.6511900931   1.5760807441   0.5116771232  -0.2489442980   0.2827837193  -2.6065023975   0.9347539749  -0.9537824197  -1.6432516858  -1.5025678899  -1.3508697630  -0.7800663650   3.0485377139   0.0153797037   1.0714920430  -1.4457513620  -0.6346352408  -0.3178187211  -0.6084225166   0.2925458457   0.0741966061  -0.7625662254
-1.7455704568   0.7982044997  -0.4399619838   0.6406672696   1.5975307074  -0.2680308580   1.2887904677  -0.4584404871   0.0312725938  -1.5544724377   0.1451388071  -0.3968931104   0.3844942265  -0.7302532448   0.0398358430  -1.0937625130  -0.4066336162  -0.0104053363   1.5412340570   0.6279061564  -0.6044695394   0.4585429455  -0.5742454018   0.6116759313   0.3232810342  -1.4719681672  -1.1678894505   0.0110168083  -0.0466752358  -1.1340431337
-1.8641502292   0.6263967355  -0.9232181438   0.0786816030   0.6826718988  -0.6293214170   1.4189341844   0.1051128469  -1.1884499511  -0.8114065697   0.8075378701   0.2871457537  -0.4771470466   0.6931280600   0.9378121932   0.1773697361  -0.1755137537  -0.1436718926   0.0690559873  -0.1462080049  -0.3521454907  -0.4007402983   2.1359813729  -0.5273904538  -0.5261307135   0.0281275894   1.9340041110   0.7821993026  -0.4934267992   1.0598377310
-0.3476647405  -0.5234587737  -0.1346961145   0.5387296123  -2.2493145004  -1.4166371195  -1.3969344023  -0.8495359683  -0.6349418197  -1.0744847319  -1.2319819870  -1.3437043852   2.6229074041   0.5691106409   2.3660597512  -1.9147173962   1.0203527754   0.0819547771   0.0420051074  -2.2614357965  -1.1929233297   1.7088434564  -0.3439065704   0.5679533034   0.2058196195  -0.0001373965  -0.2505314500  -1.2790134690   1.1220708883  -0.1930307399
-1.3712270466   0.0747375432  -0.1011995482   0.0858941016  -0.2849393576   0.1740498105   0.4763395429   0.5998044667  -1.1295910307   1.5430483311  -0.8919865106  -0.6076360464  -0.6143294040  -1.5850377749  -0.8026061201   1.5288569022   0.1923098601  -0.0582288297  -0.0896855208  -2.1018414392  -1.1940159744  -0.1741211408  -0.3178763281  -0.7537860225  -1.3056281559   0.4780289851  -0.9993115210  -1.1340576504  -0.9609660380  -0.9934689114
-0.2993063747  -0.7075928626  -0.3039358005   0.8875761231   1.6484949599  -0.7456380780  -0.4926830617  -0.5878774494   0.0860461292  -0.0069877355   0.9242363413  -0.9337202788  -1.1345747731  -1.2757451022  -0.0109543025   0.9746726311   0.5828042242  -0.2004211363   0.0263648578  -0.1123947847   2.4893579087  -1.2547705614  -0.3669758668  -0.3372707021   0.1866677736  -0.6781735085  -0.5429195664   0.3416464499  -2.0513998675   0.0150793136
 0.4143198099  -0.9618789532   0.3794887852  -0.7998054845  -1.2885504153   0.7338992377  -0.2887069109  -0.6510627899  -0.5346934998  -0.5115267997   1.4253058935  -0.9501248052   0.0031201656  -0.6785378717  -1.2298273681  -1.3255019718  -1.1413156560  -1.0089678629   0.6384234571   0.1723332230   1.4116888336   0.4644289143  -0.1340348797  -0.1760479785  -1.2222531768  -0.8819764374   0.3751076186  -0.8827821767  -0.1087104621   0.2114429917
-0.4703033185   0.0518086306   2.3821254991   0.0936654527   0.7717906410   0.4759842615   0.3851080237   0.5575126546  -0.2131721381   0.9760569735  -1.0665427035  -1.2812271465   0.8256868636  -1.0309999331   2.4781806225   0.9738069107  -0.0004360153   0.4514297300  -0.5095893324   0.1103517347   0.9561183554   0.2366914334  -0.2086163314   1.3784927277   0.3992473404  -0.5607562514   0.1839162708  -1.0231286207  -1.1115526771  -0.1630394043
 0.5465157836   1.3518483866   0.2821000781   1.9626729875  -0.8686669062  -1.2508708391  -2.6308197455  -1.6701227794  -0.4196866625  -0.7953803160  -0.5510637637  -0.1249845113   0.8110563577   0.6202502311   1.1293838928  -0.3834743734   0.1309642929  -0.6149298182   0.9075167336   0.2671026455   1.6390931738  -0.2195822089  -0.0699577262   0.2600059129  -0.3687272594  -1.6154263714  -0.7913293921  -1.1730616187   0.2093452029  -0.9724358308
 0.3001991018   0.3058129995   1.6970743832  -0.9902276413   2.1063581930   0.0828004096  -0.2135873192   0.4551258292   0.3747613019  -0.3160966072   1.5372768147  -0.0277089701  -0.5721602391  -0.3522049491  -0.3704848161  -0.3450646929  -0.6363677848  -0.3684114415  -1.5473842242  -1.1754119550   0.8819298262  -0.5958919193  -1.9395619827   0.0052433349  -2.9314457537  -0.6236809326   0.4010580605  -1.6216354824   0.8587784373   1.2917959640
 0.8994473268  -1.9766207682   1.0067101984   0.2881695766   0.3329466947  -0.5417031410  -1.4235936612   1.5895032207   0.1572110189  -1.9289794186   0.5803133117  -0.7436255384   0.3554476109   0.2247662035   1.6722179757   1.4060837076  -1.3222474739   1.1084692052   0.2240414385  -0.2677312309  -2.3401832941   0.4686629960   1.7835219478  -0.7349566298   2.5995722117   0.1479240756   2.6557034660  -1.0771021599   0.5993436290   0.0083664860
-1.4707368328  -0.7434708359  -1.0839924635  -0.2800514750  -0.4540041370  -0.6121341370   0.6740111467  -0.6775066358  -0.8393333491  -2.8263897521  -0.1328662988  -1.4378286443   0.5381348547  -0.5609955585  -0.6975906205  -0.9887707184   0.8826252750  -0.1009815475  -1.4113528071  -2.0398502928   0.3291658262  -0.7940816432  -0.4051639736   1.1938514165   0.9488416524  -0.3298297758  -1.1890554153  -0.1943097407   1.5670761957  -0.5463771580
 0.0409690963  -1.9077906581   0.5000329273   0.9250501061  -1.1916823431   0.2058428762   0.0121890153   0.2653127286   1.0339046672   0.6441175979  -0.7050436609  -1.2945612021  -1.0170423311   0.1526692222   0.7926348783   0.0834223754  -1.6575163432   0.1516700758  -0.7978370921   1.2823894795  -0.1409776728   0.3604694357   0.8832219835   0.8748835987  -0.5533090262   0.7367705830   0.6427338998   2.1222329728  -0.2194834371  -0.5904408280
 0.6657049337   0.0968591818   1.1363548984  -1.3380989337   0.8593596885  -0.7538399222   0.9528822002  -0.7840437646   0.1059054925   0.6612479926   1.6332826704  -0.3386318919   0.9038619603   1.9107802005   1.6043445236   0.0691110443   0.5369748856  -0.4755558494   0.9024359199  -0.5342509871  -1.1795891204   0.0466211445  -1.5120287092  -0.0687871650   0.4908911693   0.2623929282  -0.7832223797  -1.1177741462  -0.8097665697   0.9078288044
 0.6471099359   1.6366071514  -0.7320880484   0.2668176622  -0.3338153586   0.5279753830  -0.6012710544  -0.5098899637   0.5191747866   0.9560574605  -0.1922264725   1.2495165928   0.9051417673   0.3158188052   0.5689008836  -0.2517041552  -0.1005804362  -0.0109568070   0.5791466833   0.6273019092  -1.5982903198  -0.7312874814   1.1431914803   0.6476114230   1.8459329035  -1.0919348760  -0.0341477446  -0.8421064486  -1.3376182828   0.1665012248
-1.3469493520  -0.4905569429   0.8954377454   1.6049182338  -1.0278208456  -0.1110094541   0.7010772195  -0.0425214912  -1.4684301900   0.9356351906   0.2348163350   0.9573614892   0.1030169573  -0.1286463013  -0.3626893673  -0.6262948244   0.5807424254  -0.9924649087   0.6735788733  -0.5314203659  -0.9570542543  -0.3172640254  -0.5957546892   0.1560362801  -1.1446323677   0.6124464548  -0.3917344669   0.2169743419  -0.3542392479  -1.0283836802
-0.1633193658   0.4857710191  -1.3499933682   2.0289578785   1.3564678520   0.6185326360   0.4873462556  -0.2888382142   0.2928849498  -2.7214523053  -0.8760929784  -0.4498649273   1.5500454517   0.0694798437   2.3812115808   0.1429169705   0.1900530209   1.6562143464   0.6714318615   0.1837785546   0.4304919409  -0.1584702285  -2.0871013567  -0.5818149695   0.6576597291  -1.7230144578   0.7441199388   0.2932404792   0.8115967751  -0.1305664384
-1.1742204728  -1.5663918429  -0.6732562854   0.2121669684  -0.4874460699   1.5047641853   0.8757584107   0.6436542563  -2.1352463430  -0.0677564212  -1.6980561318  -0.4642975176  -1.4519259480   0.7275409286  -1.0519470378  -1.5637022786  -0.8421936431  -1.2805284451   0.8772617488  -0.5986687597   0.3277391293  -0.4917511266   1.2839741141   0.1332545509  -0.8106151337  -1.0220050031   0.3356954110   2.0306097174  -0.7899647819  -0.8024736383
-0.2606600515   0.5964713959  -0.1673825518  -0.1356411776  -1.0629697681   0.4741929322   0.7449016053   1.5891517622   1.8076962472  -1.3543064043   1.8735513841  -0.4592715215   0.2246520367  -0.8916658912  -0.2244006010  -0.0274219057   1.6552839332   0.4080090707   1.1065582397  -1.9583954261   0.3955109131  -0.3738795967  -0.9113152389  -0.0302340348  -0.0040329129  -0.9929335616  -0.4327439330   1.6571608868  -0.1786892387  -0.7039398732
 0.4149834441   0.3813247954   1.0438279953  -1.3876061727   0.6342084220  -0.6687327403  -0.2529059685   0.3554382479   0.4042149126  -0.2336575906   0.2582226222   0.2562167836  -0.0811073424   0.8837525489  -0.7673144924   0.6606502176  -1.7098967418   0.2958826800   0.9034228566  -0.4969405531   1.6271606939  -0.1503852888  -0.7321499110  -0.1220584761  -0.4517803947   1.2793615399   2.1773180479   1.5214764961  -1.3902376006   0.5189924418
 0.7950959604  -0.1863522811  -0.6005033710  -1.1978349257   0.5849049543  -1.4799180793   0.6626940025  -0.3990152711  -0.7674607040   0.6314142156   0.7483686279   1.3226029901  -1.9469558947  -0.5343638594  -0.6336613122  -0.1254560989   0.6110407939  -0.2135770806   0.5540099543  -0.0579950935   0.9435941423   1.1793104943  -0.7987578911  -0.2845438627   0.2182010760  -0.7069016820  -0.4411347881  -0.3240229723   0.9068452890  -0.3952459419
-0.8018836838   0.5923569205   0.1594365421   0.2934831264  -0.3161406837  -0.9154351721  -0.0160837823   0.0000990592   0.2504713796  -0.3136332316   1.0563442508  -0.4722452926  -1.8259195582  -0.9146440053   0.2046756064  -0.0433418225   0.1337797034  -1.5114487619   0.7687042490   0.5519604150  -0.3760277938   0.9873186889  -0.7944283205  -0.1983640957   0.3862084731   1.1227951366  -0.0029726211  -0.7862376426  -0.2181303419  -0.7210590659
-2.4556631970   0.2880538320  -0.4024254014   0.3424186464  -0.3312317861  -0.6372881545  -1.1620575666   2.0902909605  -0.8119249925   1.0383947146  -0.2548951744   1.1522588599  -1.5035724228  -0.0475479514   0.7327342723  -0.3990667063   1.8168763744  -0.3158812454   0.3217281920   0.3601169248  -1.9618976126   0.0323746188  -0.5627062867   0.7731352718   0.3852894588   0.4504501299  -1.8139388298  -0.8382503825   0.2639557409   0.2708534881
-1.8958901461   0.4505297756   0.6085128193  -1.0119483108  -0.6908772914  -0.2498653939   1.5335328427   1.9991433031  -0.0303843798  -1.2422825768  -1.3388510721  -0.9248496755  -0.9919897039   0.4857341101   0.3058334501  -0.4873358170  -0.6476444544  -0.9613415823  -0.9300868906   1.3617740669   0.2269530501   0.1300091223  -0.5303282118   0.2832239108  -0.4051201708  -0.3023935025  -0.3342725049   0.9018071667  -0.3184697454   1.4184758080
 0.2837830026  -0.8953008365   0.0083814938  -0.4496025547   1.0387481548  -0.5201474844  -0.2932521095  -1.4458195765  -0.4285037155   1.4275669385   0.4977218276   0.9162406848   0.1146913007  -0.6900592588  -0.7036903359   1.7451280218   0.6736904507  -0.7329445915   1.0946151588  -0.5957422462  -0.2714780788   0.0818724420  -0.7321358346   0.3851790972  -1.2556068463  -0.3460422383  -0.2800433506   0.4901255349   0.5499157458  -1.8652950223
s2
-1.3878009464
 1.6473209191
 0.7291595036
 0.8025209517
-2.1772264236
-0.1042350001
 1.2581490484
-1.0898542259
-0.2447375966
 0.8960554453
-0.1551445259
-0.2690619427
-0.6901352606
 2.4495153134
-0.0191716810
 0.7712501931
 0.5985746913
-0.5764968116
-0.7265046450
 0.0215681255
 0.4750335852
 1.0909283966
 0.9540298855
-0.9421484317
 0.6535333803
-0.5062298835
-1.3090919666
-0.7961588244
-0.7668829340
 1.3267277098
w3
-0.0243291022  -0.0184901150  -0.2146613530  -1.1982458669  -0.3125634179  2.0303857020  0.6737515879  -0.2706853355  -0.7768285686  -0.7542798858  -0.4724776109  0.3629883462  0.9112871866  -0.5817694685  -1.0898378293  -0.8829168035  -0.2892586205  -0.8198395080  -0.9972829042  0.3908642549  -2.7127391593  -0.0579100324  0.7072774778  1.6110112283  -1.0004159529  0.5798241346  0.5242903620  -1.0736908760  -0.7735826598  1.1060731119
s3
-1.3878009464

