layers: 5
str: {2,30,30,30,1}
w1
-0.1790258733   0.5449407853
 0.8852347316  -0.2549013964
 0.8100702434   0.7750294921
 1.7356861130  -0.4670637012
-0.7555520721   1.7771591515
-0.8892006131  -0.9118679103
 1.0712548755  -0.2096672985
-0.4413117146   0.7822565360
 0.6252786464   0.7284008492
 2.5429227013   1.2995553342
 1.7476095960  -0.0016240992
-1.2586087701   0.1081917120
 1.6835790486   1.9467517283
 0.1467448004  -0.5764657221
-0.6940284848  -0.1561177798
-0.8250667811  -2.2435368953
 0.2167373367  -0.3260682875
-0.6299324321   0.7726768146
-0.2650287885  -0.9038051350
 0.5558771807  -0.3185129071
 0.4832885211  -1.2568472988
-0.2996332015   0.5779607023
 1.5942451475  -0.0209288706
-0.2304302590   1.2780849707
 0.2840142832   0.1869938697
 0.8149081597  -0.3674859194
 0.5119821867   0.0418739579
-0.5282676271   0.3353911519
 0.6299562547  -0.8566457129
 1.1635959502   0.1064422331
s1
 1.4025661903
-0.4958367014
-0.6625267224
-0.3275726688
 1.3746126045
-0.2477398134
-0.2451497099
 0.0049894374
-0.7846281156
-1.4679788647
 0.7745449064
-1.0093472573
 0.2371105173
-0.4212832594
-0.6218030806
-0.2402801897
-0.8824180409
 1.2000757923
 0.2112412576
 0.5872109808
-0.6199504526
 0.2967486276
-0.4250926692
 0.9350969088
 0.8485779123
 1.1066952467
 0.2770763809
-0.6073564788
-1.7292854498
-0.0016107088
w2
-1.3496692375  -1.4574141464  -0.6208162074   1.3369368348  -1.0104249114  -1.7385738696   0.1726615007   0.8100621658   1.8007066736   0.9900121832   0.3059136494  -0.0787991937  -0.8847435168  -0.7600480702  -0.8289511366   0.9692726386   0.4298111548  -0.2918214350  -1.2398965561  -0.0097658980   1.0237675234  -0.1193262341   0.4373001356  -0.4488837517  -0.4984292143   0.1091854925  -1.1821125507  -1.9011016830  -2.5272045236  -0.7665375726
-0.9096539256   1.7988130679  -0.9480164886  -0.2445151096   0.0831915508  -2.1727444743  -0.2148336975  -0.1407391712   1.1477563687  -0.1898513015  -1.9268388784  -2.1165418194   0.5622234974  -0.6586675010  -0.7640184914  -0.8256810742   0.5690443981   1.0233788663  -0.7842612148   0.2659347571  -0.3158011192  -1.3472799278   0.8376546158   2.3076970296   2.8329450744   1.8793585317   0.8537132401   2.6745775512   1.2755455495  -1.0739239121
-0.2091174247   1.0154531453   0.1223455953   1.9292038807  -0.8628500845  -1.0331645055  -1.3046183809   0.0772904886  -0.4406841514   0.0885831427   1.0052849282   1.6296889257   0.6769314129  -0.7311245278  -0.4373804883   0.3918396145  -0.2247454887  -1.1246952631  -0.4902863010  -0.2476918204  -0.3796511318  -0.1825403406  -1.1126693761  -0.6576927451   1.4137519421   0.9827922241   1.6957446558  -0.9510814017  -0.1157072554   0.5292882320
 0.9313964356  -0.4349044607  -0.8858990409  -0.5078886059  -0.5317096326   0.7663460647   1.2095642098   0.7561200092  -0.3152270658  -0.1215723137   0.7671299893  -0.6459993846  -0.7193320799   1.4005428254  -1.0376687844   1.3241932592  -1.2853705872  -0.9586484194  -1.1765380938  -0.5614953799   1.0406933201  -0.6447858031  -0.1494152019  -2.2957221479   1.0063075532  -0.6372402268  -1.2656576804  -2.2517459297   0.1679234325   1.1753614973
 0.0159541883   0.8072793997  -0.0958217782   0.5237838732  -0.1833984918  -0.6521393869   1.1067359884  -0.2036980417   0.0085281527   0.2481079789   0.2227946529  -1.0172097952   0.7259494116  -1.6658944825  -0.5492492814   0.2127370255  -0.6423357533  -0.1717808968  -0.3662395542  -1.7129999632   0.5437554518  -0.2768888403   1.2316998078  -1.6946899821  -0.5011933847  -0.5807891282   1.2927714791   0.1446513337  -0.7881203726  -0.0434453520
 0.3775040017  -1.3089660333  -0.8834984884  -1.6299283072  -2.2333127616  -1.6630749696  -0.2635574268   1.4261398513   0.0648451451   0.1505365989   1.8235343220   0.9291443169  -0.9152508345  -0.3785164763  -0.3249903786  -0.9261960153   0.8048616901  -0.8923205251  -1.2346785992  -0.7449845278   1.0275329908  -0.4744174439   0.5892281139  -0.6211532919   0.6669252948   1.2062920442  -0.5065726964   0.2023978089   0.3639241411   1.0033915779
-0.4016592387   0.1823106493  -0.2060528325   0.5750830387  -0.0751267145   0.3705243618   1.4303590557  -0.6209810777   0.5121771168  -0.8791488769  -0.1802179301   0.4564183382  -1.2513263952   0.1305798775   0.5106151037   0.0086144188   2.1683049106   0.9784381643   1.7174720062  -2.5558168808  -0.8283519070   3.0141262673   0.9326515988  -1.7264374479  -0.7404427676  -0.6076134468  -1.4199275311  -1.9536925162  -1.4653195446   1.3433985277
 0.5596463390   1.2918587055   0.7282390249  -0.8136429020   0.8963440979   0.8357979764  -1.5364674377   0.1082198304  -0.4555827207   0.8941786172  -1.4770584042   0.8416451466   0.4437785171  -1.4701703617  -0.9500229819  -0.6343844755   0.7328961294   0.1130958815  -0.4782094438   1.4011936961   0.2946254065   1.4411467646   0.5705821814  -0.2002593802  -0.9328101124   1.3565583621  -0.5863572347  -0.4451884815  -0.5893618413  -0.6961574874
 1.1856676404  -1.0646496712   0.3689084710   0.6679940036  -1.4296576101   0.3475855924   0.1656343773   0.1247379637  -0.6244623849   0.5274240584   0.9063865840   0.4429790118   1.5847091302   0.0423718661   0.4373544827  -0.0767270506  -0.3995308858  -0.8597475050  -0.3147089724   1.1832917457   2.4253400674   0.2614583401   0.8256831483  -0.2299928692  -0.2918657316  -0.2316993860   0.7307354434  -1.9815800708   0.8831106909   0.0677750991
-0.3864919010  -0.7383355674  -0.4210763429  -0.5196809334   0.6060048894   2.6977403391  -0.0265543754  -0.9631467409  -1.3428963167  -0.4711394010  -0.9947962601  -0.8982788994   0.7019947634  -1.1607608828  -0.2691472720  -0.0635798418   1.1315449570  -1.3588272404  -1.4110301585   1.2043562822   1.2726044837   0.4614580895   0.1526370619   0.0462601620   0.7150846666   0.0171104262  -0.5123716808   1.0089250309   0.4772763182  -0.8198604076
-1.2194235140   0.0152458464  -1.0101894976  -0.2759880475   1.2044965565   0.2154312190   0.2514889406   0.5399400408  -1.1232620330   0.9951049075   0.3964425090   0.9930263560  -0.1547217705  -0.1336598022  -0.9809423238  -0.3513412438   0.2025414602   1.0030453116  -1.9938767187   1.4888303583   0.6915751083  -0.5728995940   0.5958225194  -1.7737429223   0.2947426648   0.4319894315   1.0364689155  -0.5484289649  -0.4291526680  -0.8979886510
 1.6761361537  -0.4962565687  -0.3223398119  -0.1391661712  -0.7429860803   1.4588273347  -0.2056614259  -0.4813679849   1.1341168589  -0.2440172638  -0.2293259371   0.1076833431  -0.5911768633   0.5336076836  -0.2257416649   0.8144585933   0.0046287550  -0.1473806515   1.7372632999   0.6067473883  -0.4620921538  -0.8644031641  -0.5050635275  -1.0311224670  -0.9662756362  -0.1344550141   0.9361761438  -0.4090333245  -1.1250969038  -0.4834762093
-1.5042923283  -0.7424766203  -1.4849114487  -0.1648627481  -1.1610047257  -0.7724481972  -0.0633642952  -1.2245420317  -0.0294032032  -0.4122945864   1.7014194717  -0.5136234503  -0.5455773756   0.2250476524   0.9516526328  -0.0891694988   1.8055487282   2.3802875812  -1.8719509976   0.8247110728  -1.4617680957  -0.0592245752  -0.0441664337   0.7205641822  -0.1745822696  -0.3368965955   2.0301133330   0.8142465492  -0.3659236831   1.4957156673
-0.1915648365  -1.4112945617  -0.3440885325   0.4902809489  -0.6858906436  -1.5320582969   1.9420162071  -2.8879586591  -0.4918323118   0.5743105284  -2.0820992722   2.0531992172   0.1823372945   0.5797935284  -0.7740716889   0.0972001385   0.2763978398   1.1420223806   0.4383168145  -0.1346403234   0.7785695669   0.5593118332   0.9557238877  -0.2430495045  -0.8095997117   0.4322243783   0.7540753536  -1.1026172393  -0.7526013394  -0.2067191543
 1.0384092309   0.0569708234   1.2937063444   1.4174599681  -0.6074044385  -0.7594636717   1.2772797934  -1.3293236558   0.7853766442   0.7050987198   2.1930624079  -1.3666764742   0.5400935961  -2.1345124555   0.8776626250  -0.4656950972   0.5947073113  -0.4493329708  -0.1741772717   0.2630383489  -0.0503472696  -0.1060266528  -1.1821195654  -1.9145882875   0.7288300149  -0.8547713524   0.2809900267  -0.2446353152   0.8002150873  -0.7090784056
-1.0875713220  -0.7089524294  -0.7345285782   0.0780198566   1.7110699295  -0.5565520072   1.5562322603  -2.3234124299  -1.6433165285  -1.0370932414  -0.5317139307   0.3359290341  -0.7380459077  -0.0029497545  -0.1349471920  -0.7359149713   1.1240785600   0.6962667096  -1.2867100834  -1.0544162049   0.7168389819   1.4278032187   0.8783584144  -0.7841678481   0.1462888010  -0.2258501440  -2.0569971538   0.0568363202   0.8247459206  -0.2241645010
-0.0499177831  -0.5026394755  -0.1059393825   0.8536743638   0.2815539919   0.4539040264   1.2764627522   0.0756595896  -1.1761150721   1.5449212306  -1.1958150850  -0.4016189933   1.6144410701   0.3738553355   1.0925796996   0.7746814774  -0.0905843147  -1.3451590541  -0.2925570756   0.4132273709  -0.6183739996  -0.2710629469   0.3876772773   1.8617342846   1.4185820789   1.7706965810  -0.0264210674   0.9252587225  -0.7643811682   0.8738367775
-0.4442156927   1.1784303971  -0.4643680906  -0.0358420511   0.1052217841  -0.1449846980  -1.3489385468  -0.1887409727  -1.7065780399   2.8835388057   1.1415280287   0.9225124454   1.2029287634  -0.2241889127  -0.8367738789  -0.5621637266  -0.1965090651  -0.0942698305   1.9767570056  -2.3255921278  -1.1531316447  -1.6257274712  -0.6362601480   0.7475892017   1.5345944981   0.5657519990   1.2688584381   0.4600273311   0.1625641833  -0.1460077868
-1.3372695493  -1.4601014296   1.3614316640  -0.6532364350  -1.1158029157  -0.7692513155   0.8981658199   1.2351394317   0.0375581617   2.8348684750  -1.0223396783  -1.0277025377   0.4183589361   0.2187661580   0.7321709858  -1.6348581003   0.5112725503  -0.7008903755  -0.3297688896   0.2559322728  -0.3349453151   0.6426680144  -1.1619204336   0.5949091577  -0.3644104699  -0.0428122613  -0.2543387106   0.5583256340  -0.8856037147  -1.4131842918
-0.0794291852  -0.8260391449   0.4150228107   0.9791799372  -1.4376036294  -0.6482011992   0.3869836593   0.8444552984  -0.9660891705  -1.0976227781  -0.3202614722   0.4592262826  -0.3113299633   0.0269902622  -1.1410667119   0.5300876310   1.4211031688   0.4109573850  -0.5349087068  -0.4355375062   0.9327023758  -0.7222795277  -1.2545773796  -1.1125635398  -1.8424518846  -1.6345202542  -2.3870792594   0.9210567989   0.3835914627  -0.1576593929
-0.4726641185  -0.2213151096   0.6666860572  -1.3669522026  -0.4112189997  -0.7482310737   0.0115869785  -2.1456111899  -0.3751870860  -0.2889210947   0.9265606112  -3.1771314051  -0.1576789092   0.5189591676  -1.4423902287  -0.6041905370  -0.8807203599   0.3426038863   0.6629449582  -0.5827796625  -0.7380348456  -0.5225975658   0.1231329354  -0.6940009146   0.4356336650  -1.8094473584  -2.2299605272  -0.9158617029  -1.7831898656  -1.2449099800
 2.0895237206   1.0573975824  -1.6556685500   1.1812462821  -0.2976268770  -0.1861801440   0.1426353565  -1.2899893527   0.1141277574   0.2241159883  -0.8565445566  -0.4686807802   0.3718090120  -0.4732170537   1.2348619124  -0.0874108779   2.3205767652  -1.1470857883   1.1001598099   0.1026325583   1.2892161418   0.3499714841   1.8906462564  -1.1854049174   0.1833684046   0.4246161660   0.7693772603   0.1457625203   1.3452882269   0.9693537971
-0.3362525752   0.0991966656   1.1488875704   2.2105144230  -0.2154640896  -0.2056776355   0.1142525632  -0.5283489951  -0.3935589321  -0.2552548554   0.4266408119  -0.6940180802   1.8982525322  -0.2342248976   2.6095287081   0.0785211045   0.4689307307   0.4619347971  -1.1152955747  -0.6752213695  -0.1602364072   0.7517323456   0.6609032061  -1.0174379725  -1.3677429787  -1.2061907764  -1.4034380782   2.2358034490   1.3870750632  -0.8976389971
-1.2567766165  -0.6583396629  -1.5402456951  -0.6190060955  -0.9140250542  -0.5754212004   0.2644123838   0.2808311561   0.2724353117  -1.1486925059  -1.2717957230  -0.2992351182  -1.2246267809   0.2896995489  -0.0052459479   0.7732731649  -0.6520084511  -0.0697056610  -1.1301133354  -0.5267636222  -0.9277442138   0.0577808090  -0.6686239578   1.8531816829   1.2437734093   0.9139092444   1.3949181745  -0.3693158530  -0.0468928029   2.0314727817
-1.2777055650   0.8346212432   1.6673434299   0.4919157220   0.4016939768  -2.0701607100  -0.0830654873   0.7216563720   0.7360015516  -0.4466440112   0.4934754205  -0.4288542072  -3.0041049239   1.4301258055  -1.2724404321   2.1637927076   1.6400755289  -0.1659102019  -0.6113469382   1.4154463762   0.8925372868  -0.6446634871   0.5599854449   1.2256015706  -0.8051353539   0.5811324726   0.1891130645  -0.7542255378  -0.3914236496   1.0004964647
 0.2697951308  -1.1358182929  -1.6990242564   1.6580486252  -2.2188098118   0.1740015689  -0.6026154999  -0.3290202809   1.8159085722   0.1847350400  -1.2239596479  -0.2470803269   1.1878430049   0.9660498610   1.5839760139  -0.3410773879   1.8987119468  -0.9300463420  -0.8115661655   0.3280663422  -0.3247167952   0.4428634453   0.3933656122   1.2575350377  -1.1779467836  -1.8585879779  -1.2328512572   2.8611552296   0.9294203091   0.2166279094
-1.3822718473  -0.1843150769   0.8024636402   2.0932068325  -1.1064795303   1.2764055555  -0.1663593776   0.2631551071  -0.7781635770  -0.7652502102   0.2677511378  -0.3683970742  -2.5174529842  -2.8862925456   0.3062904283   0.2195018598  -1.2110527645  -0.6316232058  -0.2183961654   1.2246371521   0.1435655874   1.5331077616  -1.4173669500  -0.2572046116   0.1560529670   1.1604106354   0.1486513021   1.1018208542   1.3579743377  -0.7706059058
 0.0461330868   0.2429376949   0.9103044755  -0.4287987682  -0.3890946965  -1.5176570334   1.2531382169  -0.1295909187   0.4281865969   0.1866878807   0.2828739228  -1.0819453676   0.2280855232  -0.2926285389   1.2578032916   1.7396600999   1.6731135216   0.4338488103   1.0466475300  -0.4938309897   1.3033992513  -0.6849313037   0.5147840001  -0.1393517271   0.5589530536  -1.8919010402   0.8559928238   2.2603854494  -1.3026226695  -0.5741106362
-0.9168875059   0.2883328667  -0.8566112405  -0.2149885279   0.1067393648  -0.8763447979  -1.3667091130   0.5991836976  -0.7775642746  -0.2931923492  -1.0253663422   1.3721729063  -1.9370558362  -1.1740596699   1.8619261482  -0.0323477153   1.6243267011  -1.1605834413   0.0430791919  -0.7246298564  -1.1521204490   0.7858437940  -0.6468778224   0.0122581181   0.1554348899   1.0051973522   1.9557689217  -1.0498510147   1.7551099682   0.5150664904
 0.4888231014  -0.5050781701  -0.5972872199   0.3500303351  -0.2294678205  -0.1235645462  -0.8861859320  -2.4531851732   0.4773320289   0.1034627795  -0.5277658631  -0.6635511602  -0.9798321377   0.7226885728   0.8276206272  -0.7240744516   1.1412617292  -0.4034058729   0.0716116925  -0.0579040061   0.0807319840  -1.1579132413   0.7627451824   1.0447011227  -0.8763715871  -0.6738634353  -1.3090266864  -0.0636868492  -0.6438358092  -0.4743089129
s2
-1.3878009464
 1.6473209191
 0.7291595036
 0.8025209517
-2.1772264236
-0.1042350001
 1.2581490484
-1.0898542259
-0.2447375966
 0.8960554453
-0.1551445259
-0.2690619427
-0.6901352606
 2.4495153134
-0.0191716810
 0.7712501931
 0.5985746913
-0.5764968116
-0.7265046450
 0.0215681255
 0.4750335852
 1.0909283966
 0.9540298855
-0.9421484317
 0.6535333803
-0.5062298835
-1.3090919666
-0.7961588244
-0.7668829340
 1.3267277098
w3
-0.6354038124  -0.4554375661  -1.0454705223  -1.2783168922   1.1041198137  -0.1220231511   0.4023503516   0.3509982720   0.7392130197  -0.5706281630  -0.6347590955  -1.8758967518  -0.5489935304   0.0746412834  -1.4629784491   0.0131448199   0.2791176369  -0.7133641008   0.6028687753  -0.9294122467   0.7506317273  -1.1617701899   0.2190799327  -1.5272971723  -0.2430561166   0.8983908847  -0.0137160919   0.0192254025   0.9826481882   0.4220265436
-0.0119612318   0.5912792117   0.8475901660  -0.1939510465   0.0533544518   1.1393080283  -0.5957572836   0.3225104365   0.6149189903  -0.0375772806   1.9575545132  -2.4736368288   1.3401640991  -0.6322270139   1.2608104551  -1.0039669468   0.5005501093  -0.4616640046  -0.1053245880   0.6281812303   0.1414980130   0.7192666708  -2.9429028797  -0.6284983205   0.0660031103   0.6730440952   0.3782652196  -0.7300421692  -0.0262444974  -0.1061636087
 1.7287223722  -0.5484386124  -0.8686569465  -0.6069420386  -1.3623815594  -0.3817285166  -1.9664707269  -0.1068834492   0.2029845324  -1.0599875743  -0.0835495031   1.3570828918  -0.7731727719   0.7646536668  -0.3837748979  -0.5379787254  -0.9146917246   0.5623779035  -0.3612827887  -0.8284879053  -0.7817908268   0.5382369218  -0.1707156787  -0.0145272256  -1.0445681549   0.2993182498  -0.6104222853  -0.1304210898   0.6298681222  -2.3194162626
 0.5480584525  -0.7043843002   0.0192180712   0.4912984259   0.6943413655  -1.2159476498  -1.9831023485   0.9781195178  -0.2938843833  -0.4511599748  -0.2186443746  -0.3475658167  -0.2570892036  -1.1085884606   1.6743425835   0.0143462990  -0.3755941840  -0.2358793462   1.4410168640   2.1200501874   0.4542144574   1.7059206693   0.4421551982   0.5432311829   1.5252251152   0.2267606624   0.6238361919   0.7807194570  -0.5383096870  -1.3801329741
-0.5764184812   0.5578079827  -0.8438930473   1.0314283648   0.4860226339   0.5303633984   1.7791074676   1.0866759678   0.4932079594   1.4763800475  -2.6443277037   0.5912782206   1.0035339700  -0.2107117034   0.4164638058   0.3702178326   1.1997352838   0.7161073394   1.3112904853   0.4639691501  -0.0691568860   2.4373442295  -1.1553945757  -1.4663779507   1.2777310842  -0.2593655159  -0.1187771140  -0.5877331767   0.7224112659   1.1149221735
-0.4547074487  -0.5584986999   1.6138749755   1.4507476536  -0.8700412387  -2.1369959515  -0.0960633293  -0.5953638089   1.3663631746   0.2422520494  -0.4877209395  -1.6758163814  -0.4234590367   0.3474610399   0.8919471656  -0.4224653172   1.6063647618  -0.5641874548  -0.0514335547   0.2173198715   1.1703326781   1.0336826218   0.0397194177  -0.4774065310  -0.1753582272  -1.0658378505   0.6966442830   0.6085184128   0.3227404349   0.1445859157
-0.9273285807  -0.5387186714  -0.7071207810  -0.1123121659  -1.2205250832  -1.2140374121  -0.1261742394  -3.0357516388  -0.1991351727  -0.9876581585  -1.2093749007   0.3313045895   1.0289895337   0.1043605175  -0.5537588563  -0.0028057208   0.1565207515  -1.2262371098  -1.8279473527  -0.5092073412   0.6044777679   0.7713358189  -2.1819145107  -0.4192793743  -1.9694685815  -0.1569905517  -0.5869028369  -1.2677644311   2.7607564881   1.1508085640
 0.3789260854   0.5066067947  -0.8932583477   0.8793049059   1.8919215057   0.6274313859  -0.0845381968  -0.2076142764   1.1992986075   0.9152035310   0.5594457953  -1.2314540583   0.4325866703   0.1377562648   1.4340384997   0.6207693701   0.5844065785   1.5877854826   1.4127686484   0.0824282681   1.0999112211   0.8037727973  -0.0594975515  -0.4705954421  -0.6317130999  -2.7355088184   0.2541134998  -0.5290582208  -1.1777321261   0.5369719021
 1.8754998922   0.8022559850   0.4438740307   1.4393226560  -0.6035149182  -0.9523053411  -1.2354183926   0.5813850722  -0.8256714541   0.7997816945   1.0453835811  -0.3328353209  -0.6755332338  -0.7653349957  -0.8307754161  -0.0180383882  -0.4350547019   0.5515768761   1.2067214993   0.9749860350   0.5313059852  -0.5753557541   0.2302790040   2.2998870779  -0.0245534469  -0.5675492692  -1.4934680961  -1.2051364997   0.6218004432  -0.7614703440
-0.1125562899  -0.6756667566   0.7579975065   0.1443635624  -0.0432145032   0.3357476981  -0.3519868987  -0.7383489454  -0.9467901689   0.5181701563  -0.1637244369  -2.0715440436   0.9950889829   0.4667313398  -0.4267358427  -0.0949007811  -1.6144672736   1.2890728521  -1.3954780574   0.7447328500  -0.5050695053   0.0221721503  -1.1732144237  -2.1267160905   0.9422390996   1.2010395927  -0.3023560957   0.1155765629   1.7061019968   0.8563588760
 0.5405276566  -0.5704647389  -0.3639290410   0.8127031110  -0.5528230148   0.5043969046  -0.7595918351   1.0527551013  -0.7285011294  -0.2184473333  -0.6628363544   1.3963613663  -0.3502995527  -0.6299721600  -0.6378112326   0.3016603719  -0.4088964956   1.6669972266   1.1373097465   1.5148153523  -1.3129458014  -0.1293384747   1.2623521594   1.1952084967  -0.2068063427  -1.7774687669   0.2249776956   0.2277683554   1.6651428806  -0.3858496384
-1.9967015277  -1.1582514976  -0.6026918289   0.3967515274   2.1152127826  -0.4145553717   1.5941553270   0.5354548623   0.0146411198   0.4194625685  -0.1621686687  -2.0144367281  -0.0708637449   0.4232161433   0.2877942371   3.2175354323  -1.7634924360  -0.6585727090  -1.2942078235  -1.0678951997   0.2060091717  -0.5707369940  -2.3540496863   0.6312466649   0.2596480459  -0.8687624236  -0.3774406066   0.1231269097   0.8220140275  -0.3584870043
 0.6263741937   1.2025001628  -0.2649539699   1.4705661816   0.7722321997  -0.3032644893   2.2323809847  -0.0532884675  -0.5778571624  -0.8728272355   0.4214913343   1.3287686761  -1.0972941154  -0.4085034854  -0.2178584607  -0.1786634067  -0.1253988558  -0.4135669653  -1.1240537089  -0.5077159743   0.5366605134   0.7453751773   0.0201047998  -0.4613625870   1.4079467969   0.4314275024   0.9757083711  -0.2477581732   0.2756771309   0.3250513158
-1.0065441778  -2.3187374043  -1.0607226886  -0.5195151725   0.3416885121  -1.4667641137  -0.6247999818   0.4380774070   0.5670673178  -0.3557084271   0.7982860435   1.1592714530   1.3531947446   0.5431592100  -0.0288763773   0.7943205712  -0.5395270806  -0.0719612524  -0.2777477961   0.0545144901   0.3310012322  -0.1456506525   0.3324354980   1.1432682679  -1.3731151424   0.5483256028  -0.4883294620  -0.8456296856   0.5038781907  -1.4283290639
 0.9764307934  -0.2457569013   0.0691131292  -0.4461594820   0.3762268775   1.6496761396  -0.6499413571  -2.2600715177  -1.3234899276   0.0955556991  -0.3336697360  -2.5616605491  -0.2190205295   1.7055982201   2.0949761899   0.7192299358  -1.1835134150  -0.3945352082   1.0557032001   1.3165703540   0.8557297858  -0.3395708201   0.3393297655  -0.2832887184   0.5333583911   0.6999879005   0.2075979153  -0.2204609126  -1.1452467857   0.7956579333
-0.1050969065   1.7988347176   0.0903392364   0.0452692975   0.3927835665   0.0472512659   1.0553433185  -0.2719314025  -0.7235105792   0.0664205943  -0.4802312642   0.7103815288  -0.2743890403  -0.1303408353   1.7364790277  -0.9096277351  -1.2714577711   0.9390595148   0.1595131280  -1.4247744858   1.2712274842  -0.6179416704  -0.8981239541   0.7422822887  -0.6267626765  -0.2530813533   0.0919176787   0.4165952445   0.8260759975  -0.6796621533
-0.3532719738  -0.3684993025  -0.7558008101   0.5119579428   0.0564796628   0.5304559693   0.7599432624  -1.6042495163   0.2637757541   0.8171802216  -1.4050667232   0.2057365720   1.1120159147  -1.6244461870   0.7726441936  -1.2943549383   0.8882511040  -0.8022918375   0.9395560689   0.8577633879   0.2883480577  -1.3069474151  -0.3950513221   0.5438642342  -0.4554510419  -0.0305920566   2.0255253445  -0.7778450241   0.4330704192  -0.7395021091
-0.0008647684   0.4172834201   1.3624262894  -0.7642693631  -0.4756097849  -0.6322712542  -1.1686320267  -0.8831423209   2.6088550028  -0.0779552256   1.0840529090   0.8718594005   0.0218029701  -0.1878642242   0.3057037380  -0.0922378096   1.0098053335   0.4862285475  -0.8632238603   0.5712446133  -0.7384303413  -1.7336133379   0.9319775327   1.2205997101   0.2235317030   0.3961543816   0.7807193098  -1.2244799555   0.7746335757  -0.5497124741
-0.8538575067   0.5936992846   1.2805145463  -0.6046420375   0.2172574917  -0.6721163274  -0.9716187333  -0.1336018822  -0.2624292420   2.2144266883   1.3973287977  -2.0973455902   0.0245081468   1.7748634777  -0.3729107900  -0.3455672368   0.8317055106  -1.3749029920   1.6044370165   0.1100943277  -1.4643442803   0.1267196865  -0.7838384400   0.9890857555  -0.6494221543  -0.2972121945   0.8668248371   0.8116041987   1.0700159253  -1.2615051356
 0.2767507262  -1.4625672434   0.5437822399   0.6577194731  -0.1843680674   0.5252879639   0.5316190304  -0.6426695879  -0.2958627293   0.7623474065  -0.4343474145   1.4740819924   0.8494066231   0.4113795517  -0.8535978376   1.5536451505  -0.8504985629   0.4574381311   0.1060156702  -1.5630569900   0.6568233994  -0.6025577932   0.0231391588  -0.5558494472   0.6665269105  -0.9001697649  -0.5836750908   1.1049947485   1.1695239633  -1.4392580279
-0.1285788919   2.5319549875  -0.3505513444  -0.1626654954  -0.2710580033   1.8850112157   0.0430020418   1.0335098903   1.2500501547   0.8580835193   0.5257961676   0.5438436215   0.6233426650  -1.6559509477   0.8643430500   0.8226309256  -0.1752151721  -1.1664349586  -1.5009667129   0.2370034090   2.0458033021  -0.7800712224   0.5602712512   0.6984032113   1.6051529869   0.7754032024   1.1267903214  -1.1950701869   2.4537916671  -0.9116112935
 0.3343307622   1.4631193318   0.1649645923  -1.1763967878   0.9242785527   0.9410909446  -0.4447168574  -0.6468295785  -0.5925714368  -0.9183394842  -0.0011940064   0.8909857963  -0.7036952897   0.9548123819  -0.0829717084   0.0748275274   0.5550796861   0.9760143959  -1.9033907344  -2.4962791632  -0.1304452958  -0.3541391478  -1.4914293150   0.3672929596  -0.5904701832  -0.8016911617  -0.7791993499  -0.6383299749  -0.8019753444   1.9977353880
 0.4420060804   0.8133855247  -1.5821656727  -0.3554093494   1.0101872581  -0.1492075710  -0.2030511125   0.2928040229  -0.2921236700  -0.2367122386   0.2011735066  -1.9117407588   0.9719342746  -0.0107293851   0.2583361880  -0.8587387797  -1.1458201574   0.4164649178   1.1953047691   0.1858146294   0.8199328304  -1.8117659240  -1.2663080485  -0.5495986703  -1.3082725994   0.8408785736  -0.8513289056  -1.0485336822   0.8008848332  -1.4672261616
-1.6829465700  -0.3828657968   0.7211131861  -0.0312172136  -0.7741673263  -0.3430374784   1.0730978792   0.4991238254  -1.9484913171   0.4216739071   0.3490708590   0.0320080835  -1.3057328493  -1.2349695899  -1.3276907441  -0.8956684235   1.4333410797   1.4773395030   0.3257232842   0.3369768095   0.1022541933   0.0817045277  -0.7702119611   0.6738267771   0.9662808024   0.2029212150  -1.7157616786   0.0422527617  -0.6824285345   0.6164541880
 2.0465612772   0.2341736703   0.2926756866  -1.1342016566   0.7276267917  -0.3381795489   2.0390792723  -1.5399914628   0.8250698193   0.8564231806   1.5433439949  -1.0634791840  -0.4496041490  -0.6765980463  -1.1009499276   0.0318238213   1.1901901417   0.0092706742   0.4293147299  -0.4198171651  -2.0361727044  -0.3955261492   0.3078403060   1.7144991134  -0.4973684992   1.4073870694   0.4728796722   1.0335774248  -0.1124458245   0.2665324963
 1.1125301372  -0.1769515412  -1.9647527707   0.8829911288   1.1709014846  -0.4183861594   0.0546277188  -0.1195752229   0.4387811564   0.7421041857   0.1666976629  -1.6358874477  -1.5109319451   0.0712094330   1.7904209358   1.2482774788  -0.7574333324  -1.0144192982   0.2480185496  -0.8147694642  -1.9970321627   1.6956700783   0.9677581054   0.3415602316  -1.7802060248  -0.6965153821  -1.0055449366   0.6568864085   0.6194818743   0.8469961864
 1.3266194582   0.3877453753   1.5322499039  -0.3762345133  -1.0436475904  -1.1556676790  -0.0614474097   1.4702891888  -0.3718046767  -1.0688445856   2.3002861073   0.8935371923  -0.4072975672   1.0147594009   1.1224553751   0.8820626339  -0.0197473295   1.3719203554  -0.7069036432  -0.8898572268  -0.1609079881  -0.2834214977   0.3747255437   0.7862024009  -1.2005991811  -0.4076486774   1.0962038933   0.4640600459   0.9703099166   0.9110318671
-1.7984651132   0.8374649819   0.3267564456   0.6751232921   1.0481786531   0.5294690330  -1.1759507873  -0.8092189179   0.4282210949  -0.3997703248  -1.6611239489  -0.3845653357   0.7151886355  -1.2702720752   0.3455072778   0.8575030095   1.3638803349   0.3841848824  -0.9023897158  -1.3603265358   0.7053010330  -0.2637156216  -0.2063700747  -0.9447063664  -1.1166724740  -1.1390777661  -0.0566634962   0.6595976646  -0.3734411094  -1.0021943008
 0.9550423460  -2.3385980760   0.4145289218   0.8323564906   0.5478182745  -0.6350590083   1.4065674615   1.8469854652  -1.7843523692  -1.3296650664  -0.1483870644   0.9014988054  -0.5514001944   0.1047408428  -0.3908246295  -1.0775952641  -0.2633363755   0.4992803362  -0.4825850436   0.2622441727  -0.8000908757   0.2656307573   1.5283934697  -1.2057893571   1.2005456027  -0.1176638079  -1.4231575439   0.1666692730   0.0725181296   1.1719664893
 0.2960257069   1.1376306884   0.3848623264   1.3226228796   0.8553503565  -0.9499114974   0.6555409300   0.0156277379   1.0354529734  -1.0660821845   0.6788619546   0.2485899020   1.1017936722  -0.6759748473  -0.3926486217  -0.3617733614  -0.6683584258   1.4592829718   0.2798673021  -0.3427206879   0.7935258521  -0.9921488088   2.1891291328  -0.1624185077  -0.3807120204  -0.1083557415  -0.3173237793   0.1405767133  -0.0112858120  -1.4554425758
s3
-1.3878009464
 1.6473209191
 0.7291595036
 0.8025209517
-2.1772264236
-0.1042350001
 1.2581490484
-1.0898542259
-0.2447375966
 0.8960554453
-0.1551445259
-0.2690619427
-0.6901352606
 2.4495153134
-0.0191716810
 0.7712501931
 0.5985746913
-0.5764968116
-0.7265046450
 0.0215681255
 0.4750335852
 1.0909283966
 0.9540298855
-0.9421484317
 0.6535333803
-0.5062298835
-1.3090919666
-0.7961588244
-0.7668829340
 1.3267277098
w4
0.6482317440  0.6120179106  -0.4808208561  0.2930185675  -1.0240197959  0.8269840191  -0.6391013058  -0.9202200407  -0.0657316898  -0.0178503922  1.5779218790  -0.4591618074  -0.3175018635  0.7151522175  0.0913570995  0.7606742527  0.0018016005  1.5707341570  -1.2454449952  1.6676500505  -0.3022746622  -0.3629020696  1.2935849200  0.1898668866  0.0310281940  -0.3699366606  0.2819725542  0.1604594230  -0.3353354394  -0.2118086636
s4
-1.3878009464

