layers: 3
str: {2,40,1}
w1
-1.5868164572   0.3829150580
 1.3260846212  -0.9700689653
 0.4731020895  -0.7706621766
-0.2800171927   1.0215469887
-1.9657196688  -1.6616493781
-2.1796069100   1.3704251639
-0.3212917927  -0.3727859353
 1.5436985827   1.0365995011
 0.4784538695   0.4765149406
-0.4811135967  -1.9728905126
-2.8428117725   0.9522735580
-0.4276743261   0.3055877575
-0.8143975669   1.0752335340
-1.3060637471  -0.8886395263
-2.5165129420  -0.3110108001
-0.5557561765  -0.7205751325
 1.8933332447   0.1747536714
 0.1968934921  -1.4594985155
-0.7183592968   0.6211910774
 0.1206174052  -1.7243147429
-1.2018623757   0.8805255001
-1.6263814216   0.1248426526
-0.3984433117   0.2074415411
-0.4539837096   0.2715511290
-0.8352119498  -0.7699901048
-0.3606728469  -0.5794253135
 0.9338896136  -0.6868670754
 1.2272856246  -1.1979399879
 0.6596535427  -0.1423463658
-1.2072194143  -0.4019497072
 0.5696285838  -0.7022511915
 0.2444288551   0.4205387513
-0.4947347358   0.1551511341
-0.1163852310   1.7008882311
-0.3973665424  -0.9327796665
 0.9860422859  -0.2160033080
 0.9333237713  -1.3908240711
 0.9965077579   1.6453560243
 0.5780672623  -0.8523563147
-0.8123284822   0.0931293323
s1
 1.4025661903
-0.4958367014
-0.6625267224
-0.3275726688
 1.3746126045
-0.2477398134
-0.2451497099
 0.0049894374
-0.7846281156
-1.4679788647
 0.7745449064
-1.0093472573
 0.2371105173
-0.4212832594
-0.6218030806
-0.2402801897
-0.8824180409
 1.2000757923
 0.2112412576
 0.5872109808
-0.6199504526
 0.2967486276
-0.4250926692
 0.9350969088
 0.8485779123
 1.1066952467
 0.2770763809
-0.6073564788
-1.7292854498
-0.0016107088
 0.5351668707
 0.0649818727
-0.3770334708
-0.0089564942
-2.1352463674
-0.1941430287
 1.5189565143
 1.2810941244
 1.9666320684
-1.3945893971
w2
0.1070074744  0.4447060374  -2.2649968304  0.2415695700  0.1211307633  -0.0413829556  0.2871652664  0.2572529588  1.1543032248  -0.3343277833  -0.4378164463  0.1526699447  -1.3827373384  1.6057439237  -2.6287811172  -1.0099086663  1.6401136032  -0.0967416154  -2.2506056790  0.0504120391  -0.4991218351  -0.4288842516  -0.2233162661  -1.2246585040  -0.7663905547  -2.0219446734  0.2801607245  -1.2439235125  1.2509416082  -0.4701254057  0.6095594303  -1.2424085241  -1.0541583019  0.8756658258  -0.5975804092  0.0249202245  -1.4539624762  -0.2626643182  -0.3724516622  -0.0145289554
s2
2.0981444090

