layers: 5
str: {2,40,40,40,1}
w1
 0.6987252099   1.3001935408
-1.3679554766   0.2352986230
-0.2515703872   0.2916549220
-0.6382758239   1.2567630405
 1.9157517896  -0.1783420755
 0.3700065062  -0.6817387599
-1.0437893655   2.0119475533
-0.2515518973  -2.6241906762
 1.1304560187  -2.2379325434
-1.1251277119   1.6340867156
 1.3964263161   0.2055540604
-1.0355062982   0.0591681004
-0.5104039693  -0.8868816233
-0.5266030251   1.3380660951
 1.6647295355  -0.2408987945
-2.7368849656  -0.6830204830
-0.5987602599  -0.6617821640
-2.2171726244   0.0204474357
 2.0761367179   1.2431211753
 0.5326889123  -0.3690235298
 0.1228974613  -1.2631316683
 0.1788494108   1.5763715932
-1.9915520441   0.0846017322
 0.5704104470   0.2132417664
 1.5036210224   1.5901966497
 0.6672941833   0.2254946070
-0.2994027953  -0.4636242918
 2.3510790336  -0.1924934774
 0.6970894205  -0.1484796762
-1.5673676524   0.1005184447
-0.4799613148  -1.3723248600
-1.4620445592  -0.4248013564
-1.2307584645   1.0840851903
-0.5199515556  -0.3735262439
 1.4979352132   1.0346521823
 0.0338471384  -0.0368227979
 0.2644774279  -0.0130504213
-0.9122801868   0.1536338787
-1.7069113995  -1.1982934445
-2.5356363808   0.0850873663
s1
 1.4025661903
-0.4958367014
-0.6625267224
-0.3275726688
 1.3746126045
-0.2477398134
-0.2451497099
 0.0049894374
-0.7846281156
-1.4679788647
 0.7745449064
-1.0093472573
 0.2371105173
-0.4212832594
-0.6218030806
-0.2402801897
-0.8824180409
 1.2000757923
 0.2112412576
 0.5872109808
-0.6199504526
 0.2967486276
-0.4250926692
 0.9350969088
 0.8485779123
 1.1066952467
 0.2770763809
-0.6073564788
-1.7292854498
-0.0016107088
 0.5351668707
 0.0649818727
-0.3770334708
-0.0089564942
-2.1352463674
-0.1941430287
 1.5189565143
 1.2810941244
 1.9666320684
-1.3945893971
w2
-0.7609853463   0.8403002431   1.2346036210   0.3059940684  -1.7575946867   1.3573462372  -0.9485091449  -0.2543610491  -0.2546123654   0.5266066996  -2.4309394256   1.1067776899   0.0582282326   0.7363029276   1.4841977726   0.5884284997   1.4525450018  -0.2870478771   1.2788390850  -1.4368925653   1.2470192607  -0.6904192066  -0.7785204586   1.0606499628   0.1688359482  -0.1343134854  -0.5792362678  -0.0421750942   0.0315141594  -0.8500865260   0.9784359227  -0.3964338079   1.7624560548   0.0676158179   0.7769617647  -0.8964748722  -0.1765186154   0.9471259749  -1.0924063222  -0.1103419956
-0.2325662144  -0.4275166149  -0.2151837342   0.1361829458   0.1028246797  -0.3481017282  -1.5440992724   0.2230468010  -0.9710931154   0.5952031832  -1.1208258466   0.1885927305  -0.1830095390   0.6274397507   2.2434072114  -0.4203026539   0.7239670478  -0.1771404180   0.5141599807   0.1476056869   1.9898291792  -0.8473995656  -0.0039574822  -0.2629918874   0.1627224926   0.2479411306  -1.3809311799   0.8368547800  -0.9188038481   1.1919992572   0.4542528637  -0.4854197691  -2.2359537309   1.0950250831   0.6174297128  -0.6654681926   1.5902206566  -0.8638176335   0.2784072157  -0.6053737060
 1.4603764713  -0.8611275201   1.2170034261  -0.3118379092  -0.2601699470  -0.6731424958   1.5645228670   0.0545305152  -1.1660904204  -1.4499610248   1.2624738230  -0.6366962814   0.0725174830   1.0115491422   0.3852502275   0.3840592039  -2.4512820507  -0.7431280786  -0.4693728090  -0.7832983718   2.0536341880  -0.6533099992   0.8884431650  -0.0327013009  -0.1836132892  -0.9538485453  -1.1458389983   0.8853186618  -1.0634871396   0.3027827460  -1.5984434965   0.0376112491  -1.0190497447   1.7047818885   1.0014842760  -0.2874176279   0.8032157247   0.3224308940   0.3651742123   0.2936986221
-0.0894818172   0.5593668561  -1.1942593466  -0.2559021366   0.8429447101  -1.7041139248   0.1539479037   1.1020612522   0.6059452352   0.8229669656  -0.3439637856   0.7312039718   2.5255693206   1.6452727342   1.5074649506   0.6385776979  -1.1699340220   0.4976635810   0.3744811054   0.0248368888  -0.0749732823   1.0021146999   0.5976455354  -0.1366778719  -1.5608638007   0.2283706939  -0.8380690201  -1.3151586547  -0.4642038280   0.1043812688  -0.8005508848   0.5869180829   1.7576143025  -1.6693467908  -0.7437746636  -0.3546711331  -2.6032295412  -0.1708334380  -0.7882938669   0.0025721004
 1.4415802829   1.8576860470  -0.5109488264   0.7699577454   1.2869674003   0.4684517813  -1.0041320768   0.6814977734   0.0142566718  -2.6809605410  -0.6482529865  -0.6984489051   0.3565781064   0.4454893988   0.6834018426  -0.5791357455   0.1389899788  -0.7516575030   0.4235554065   1.1697544249   2.7085644549  -1.7178707428  -0.2980328376  -0.8698781402  -0.8781525421  -1.2505594172   0.3779300576  -1.0465278030   1.5344664533   0.4320136127   1.2485722832  -0.1103939753  -0.0861417271   0.9840594350  -0.7502297615  -0.0646993920   1.9004935059   0.2383074155   2.3246886452   2.3442774354
-0.3143156401  -0.9188279816   1.6726449011  -1.1055016131   0.2782812798  -0.1404734044  -0.1419806661  -0.2055973346  -0.1600924534  -0.8216560264  -0.6472424685   0.1715812127   0.5515359071  -0.4324796388  -0.2262416938  -0.0706923208  -0.2575430937  -0.8025884510   0.1263994021  -1.2338908555   0.2506638237  -0.2358750326   0.6433698007   1.3047863868   0.8861524693   2.0215469812   0.7644439725   0.6421678949  -0.5737347762  -0.3988998085  -0.8748677058  -0.3170498968   0.3216859412   0.2886329322  -0.7853989496  -0.6433530619   0.7655470788  -2.1706311058   0.6760183210   0.9821978742
 0.0739933440   0.0631313462   0.1322764093   0.7725920414  -0.9217812736   0.8669000937   0.0035744068   0.3870236110  -0.8671977577  -0.1353897955   0.1807003667  -1.2409058300  -1.6730820444   1.2213223133   0.6325518182  -0.2625103172   0.4491735121  -1.3207110881   0.3048734898   0.6732040440   0.8980760638   0.0052322344   0.9690199536   0.3685817807  -0.0068681247   0.5984297889  -0.9655783980   0.0386133399  -0.5830001469  -0.7382797566   0.7875433940  -0.4269033567  -1.6572605614   1.7396190583  -0.1533437554   0.0691963318   0.7565611043   1.5011569662  -0.6086326606  -1.0076196669
-0.4893129921   0.6047884440  -0.3255688988  -1.6879136431  -0.1431418673   0.8925038884   0.3631671452   0.9744810955   0.4930793386   0.5974298961   0.1177763020  -0.1015388823  -0.5522018490   0.9284757603   0.9588998818  -3.0957218990   1.0459965195  -0.7011684103   0.3371579759   0.3934278220   0.8980220577  -0.5310237958   2.1380568096  -1.4409402139   1.1459141395   2.8529017196   2.1768861882   0.8601670795  -0.8633739271  -0.8617898467   1.5828138823  -0.4979341920   0.5037774863  -1.8574407300  -0.9139514278  -0.7224202692   1.0059635313  -1.2265104634   1.9095650788  -2.8860848199
 0.3490554110   0.2865432831   0.8236985445   0.9524455293  -0.2103355858   0.1085695411   1.1799941489  -0.0132875899  -1.1137367222  -0.8946457016  -1.9659302269  -0.7144499809  -1.1443568622   0.7980623015  -0.5874669925  -0.5560976056   1.8574625266  -0.2230961928  -0.8070514914  -1.2237496957  -1.8619470485   1.5503842002   0.8055102224  -2.0440765863   1.6780632515   0.3135497147   0.1585478135   1.0946534294   0.8553909419  -1.1124114597   1.0339143904   1.0027405034   0.3936285584  -0.1398107331   0.8601883855   0.3268437627  -0.7711478596   0.2534946648   0.3109800122  -0.7342748426
-0.9713369887  -0.2774490689   1.1889393661   0.7879283292   2.0525053300  -0.8319361450  -0.0157998955   0.3477027112  -1.0904767673   0.1741388494   1.4181832343  -3.0105912247  -1.2970844273  -0.8658368712  -1.2966295799   0.5804253321  -2.3901824456   0.3237442947  -0.2359936179   0.5777486829   0.9359669528   1.1492523775   1.3250475396   1.5821055315   0.1081946794  -0.2688346285   0.3364665942   0.7492873578   0.7743847612   0.0311410632   0.6567827234   2.0869046262  -0.3489028362  -0.9414275970   0.3394192893  -0.0048721630  -1.4058551236   0.9193316790   1.1238167146   0.6225005755
 1.3037607857  -0.9213598276  -0.0289731230   0.2642511193  -0.4157012925   1.4632063797  -0.6920419949  -0.3551489436   1.2765487807   0.7089615337  -2.3094576371   1.3134200244  -1.5413456472   0.0098578328  -0.9524760655  -0.3207715955   0.9553209852   0.3411576979  -1.6063226249  -1.7440973784   1.0957519349   0.0995213293  -1.7078000478  -0.8973612588   0.0738748611   2.2170812588  -0.3345549006   1.0865125062  -0.0653323182   0.4627181349   0.1988911525  -0.0963377705   0.1331627219   0.7065663274   0.9728727161   0.1088840869   0.4513453499  -0.4417039124  -0.7746968512  -0.6333277189
-0.2339032770   1.4143700530   0.9159408867  -0.8129238146  -0.2243295536  -1.6762673043  -0.0960633873   0.6081002114  -2.3408334797  -0.4477933779  -0.0488092014  -0.5617054196  -1.0275944618  -1.3966030477  -0.8864448243  -2.7781781811  -0.7539962596   0.3073807302  -1.1138276531   1.2095150333   0.2266326007  -0.2491898285   0.3671048993   0.4988814515   2.6316505268   0.0224450641  -0.1472381472  -1.5398611199  -0.0554893841  -0.7741459272   1.8097048958   0.0484803797   1.2332805116   0.8733039115   1.5391856928   0.3962702131  -0.3870068539   1.9560153133   2.7699541625   0.5070993960
 0.8976980401  -1.7027527833   1.3309497531  -0.2947654317   0.7902498550   1.2697390306   1.6063168186  -0.3929985726   0.3319100175  -1.0928849365  -1.2691700814   0.6563091282   0.7672811608  -0.9747966941  -0.9496887122   0.9002908737   1.5549649419  -0.7750620871  -0.1034616922   1.1382704906   0.6871410349   1.6914114253  -0.5361512530  -1.1609709928  -0.3939835023  -0.0507539916  -0.4142099174   0.6958509298   1.7659561627   0.2839455193   0.7701533999   0.8239381411  -0.4607447341  -0.6199975259   0.5045017275   0.0979201728   2.0443068359   0.2506525974  -0.6535461466   0.4595991005
 0.3391613605   1.1291701727  -0.4681987794   0.1778304887   0.0665534478   0.1396128519   0.1015533684  -0.0445054686   0.2898839278   0.2496407483   0.4647460153   0.3478621584  -0.8133603729   0.3568095672  -0.8313581186  -0.8268846170  -2.7870991179  -0.6161604010   0.4681406263  -1.0807513064  -0.1851297641  -0.1451045739  -1.0590216425  -0.9851696347   0.3837209769   0.5875362201   0.1644655967  -1.6328937081   2.2741285637  -0.7114537966   0.2202191434  -0.6101295111   0.1093201881  -0.8804691047  -0.9973810258   1.6520998192   0.9179755958  -1.1771642559   0.1140904743  -1.2036569295
-0.7764587245   0.3159052941  -1.7712933266   0.2237717389  -0.3952195199   0.6092830872  -1.5802968521   2.0685431670  -0.4047811495  -0.0049658697  -0.2423409916   1.7970249491   0.2225647861   0.1737269204  -0.7117979800  -0.2310571358   0.5359122678   0.9083649221  -0.2047218158   0.5510009143   0.0802582456  -0.2096685147   0.5752016582  -0.0236843172  -0.7230286968   0.0372640173   0.9222265772   1.2501312222   0.3708004152   1.1992394463   0.0745635325   0.5180464147   0.7670948880  -0.3743029156  -0.4712961463   0.4813270787  -0.0545319803   0.3607773055  -1.1189075442  -1.3854113548
 1.6877646631  -0.6604862897   0.5992066175   0.2291383623  -0.8058945362  -0.6914204655  -1.5126079654  -0.1836899412  -0.0634138537  -0.8973948586  -0.6790690397  -0.5563584228   0.8864121325  -1.8661975078  -1.6833142362   0.8581297195  -1.2365720435  -1.2455295462   1.3228017882  -0.0044250715   0.5658239908   2.4171810850   0.8987239979   1.0032592477  -1.4179968720   0.0905603478   1.3918167116   1.2701613529   0.2644752130   0.0666793788  -0.0481116353   1.2287691107   0.3032618333  -0.2666058875  -1.1133773124   1.7490623877  -1.4149254842  -1.9092377469   0.4137396330  -1.1335663451
 0.0039978891   1.9369506243   1.1770007161   0.9940590428   1.2509514153   1.5226011628   0.3108943261  -1.7886770469   0.9194876019   0.0741700136   0.0615880065   0.2984543974  -1.8591725980   0.3340032377   0.8438894593  -0.0444947742   0.1104813234  -1.2297339002   0.4805869517  -1.1640550009  -1.0174905559  -1.0877630583  -1.1251935022  -1.1989959419   0.9905832321  -0.6001761829  -0.4703937650   0.9932279191  -1.1186100909   0.9992855559   0.1694537395   0.4608117298   0.7882890224   0.5413394476  -0.5965672908   0.6681572629  -0.5358687576   0.2535416107  -0.0004387727  -0.1271658095
-0.0299017991   0.5336139899   1.7426495905   0.6849809055   0.6101736758  -0.7312433598  -0.3658183591   0.1043319150  -0.9497734942  -1.0862962010  -0.7246364877   0.6364648579  -1.7041376288  -0.0580505456   0.4774840586  -0.9484863868   0.6714632692   1.2616158065  -1.5804823751   0.2650431827   0.7406281351  -0.2416771294  -0.9021180963  -0.6684139814   0.3643845760   0.2207215535  -0.3543138980  -1.2762007462   0.0425580868   2.0260268562   0.9988414957  -0.3511250672   0.0764684128  -0.2919074904   0.2737012920   0.1700721179  -0.6864825417   0.3028246071   0.2839418838   0.2918410653
 0.2516788664   0.5173120115   1.5255601824  -0.7398994304  -0.3910330382  -1.0654870753  -0.8111029034   0.7512804450   0.0523254305  -0.4702161170  -1.2157140908  -0.5288266657  -0.9189252763   0.6964240738   1.7883966652   0.5941794050   0.2229459962  -0.5503045690   0.0441144716   2.1742671513  -1.4184912525  -1.7512800336  -0.6604297345  -0.9742628319   0.9444222878  -0.5401250051  -1.4500757057  -0.2720708701   1.1063746034  -1.3250117928  -0.8522554261  -1.2713808512   0.8252524318  -0.6038074674  -1.3732634472   0.1742322655   0.9503173862   0.1508262425  -0.0843248026   0.2946264808
-1.2284519604  -0.0410140905  -0.3914239973  -0.9782040107   0.8802387431  -0.2514529261   3.5496485617  -0.9822279249   0.5035994558  -0.3740346100  -0.3167998302   0.1665745053  -0.4959506687  -1.5037283194  -0.2222055904  -0.7403920298  -0.0471341951  -1.3995963280  -1.1905223765   1.0734888514  -0.0294305629  -0.2380213009   1.0969802364   0.3987151170   0.6510989128  -0.6272394677  -0.6184363939   0.5692239173   2.7653255665   0.8839000355  -1.1285886809   0.8942275895   1.0409332328   0.5089203431  -1.7898709808  -0.4234004683  -0.7422528521   1.5967599799   1.2428282321   0.4305802895
-0.8140350020  -0.1396795705   0.3614886895   0.8765387784  -1.6931096633   0.8034033424   0.0036679364  -0.5737375213   0.3753046104  -0.2473355567  -0.8005415503  -0.8809211066   0.6616852000   0.2403510132   0.5460576557   0.3589233104   0.9035958735   0.9780436745   0.4065873725   1.3275101820  -0.4452366949   1.4125389822  -1.0001770294   3.1236040327   0.1980365333   0.3679674430   0.5883258445   1.1779812793  -0.6493530432  -0.2869227413  -0.6425481548   0.3073040750  -2.0912900194  -0.5919020827   1.4795685550  -1.4809329351  -0.7525153097   0.6968440452   0.9539033325   0.8914400063
-0.0105367246   0.4508851244  -0.5597079272   0.0125234929  -0.5930080446  -0.1209608727  -0.7087889513  -0.1923258521   1.7256018503   1.4560005869  -0.4245171110   1.1662606082   0.1954813851   2.2667402548  -0.3843587820  -2.4338302033   0.4125846298  -0.0769185916   0.1141440834  -0.7375727531   0.9037619071  -0.4721607869  -2.1814446275  -1.7176666231   1.8825861250   1.9598917397   0.3079933021  -0.2731352608  -0.0350793854   0.5957147177   1.1251801173  -0.2192608955  -1.5242674395   1.1308836498  -1.4731845931   0.5479658730  -1.0550947235  -0.5184667679   1.1937716890  -0.2960257966
 1.1298567295   0.1718091470   0.2142361999  -1.4693972652   1.6180848269  -0.3572810053   0.3350342837  -0.2933591594   1.3381510170  -1.0290283204   2.4514501847   2.1709028918   0.7527656015  -1.4442624213   0.8283568463  -1.5052244481  -1.0119103423   1.9091727244  -0.8708171085   0.7539816830   0.0568301993   1.4582673783   0.7435269247  -0.0014465719  -2.2814524338   0.7585361150   0.1911372090  -0.5524852754   1.3465147317   0.2868510913  -1.6867079803  -0.2380579887   0.8404093016  -1.2965755362   0.4997503775  -0.0345950197   0.1984856922   1.1975954361   0.9416040604   0.7211088745
 1.1307414162   1.5106950900  -0.0836383178  -0.2203568383   0.4499315613  -0.5498454595  -0.2831301562  -1.4398397078  -0.2176897232  -1.8484459096   0.2964125274  -0.0779632851   0.4516095873  -1.4867214442  -1.6602778348   0.0012527558  -0.4825238807   1.6449259267   0.3018524506  -0.6983692096   0.6810576469   0.2174745024  -1.8179175851   0.3729551023   1.6739410512   0.7052611462   0.6862698712  -1.2691995405   1.7652547818   1.4386339230  -1.0530514483   0.2871002165   1.1435627141  -0.1374902830   1.7453284928   0.7630479912   1.0258124369   1.1633190076   0.6247493595  -0.2348519633
 0.6943265086  -0.1782815987   1.8291191182  -0.9204396242   0.9673146397  -0.0686517719  -0.5521532133   0.5292842183   0.4903501338   1.7189570584   2.4434625381  -0.9865957577  -1.1110783453   1.9815668173   1.0729292255   1.0774624682  -0.0431006777   1.1043070398   1.0529754932  -0.2361402213  -0.0817372590   1.7938751485  -1.3786711103  -0.5770691981   0.0482023866  -0.1284066086   1.4910892478  -0.2964836628   0.1178763222  -0.9369476462  -0.0498602670  -0.3095689130  -0.2486836834   0.3688112510  -0.5971615646  -0.2091206077  -0.2562188421  -2.3745776204  -0.2829131136  -0.8843422287
-0.6004014490  -0.7919283998   1.4876683139  -0.2225355829  -1.2121653382  -0.9614248859  -2.3426073765   0.1429742837   0.2811843923  -0.1862208447  -0.0296273264  -0.1183230201   1.7104056265  -0.5129192392  -3.0010160386   0.5854856656  -0.0985319081   0.1758487681  -0.7627679576  -0.1072756240   1.0322940325   0.4956553819  -0.6262503119   0.1320013742   0.0056266086  -0.7315789138  -0.6798243969   2.0356218366   1.6945273875   0.3433284652   2.3144000303  -1.1366157947   1.6175266519   0.8835146422  -0.1593391066   0.0348074281  -1.6316653098  -0.4890102742  -0.4962396213  -0.6683883373
-0.0690175099  -1.1332698803   0.7555580297  -1.2771029652   0.2735517370  -0.8050406915  -1.8873833241   0.4375715483   0.5214348041  -0.7604068800   0.4660384192  -0.7045721041  -2.4146112449   0.7870822600  -0.2054942821   0.0137637431   0.1973199423  -1.3112476129  -0.8423074151   1.2535857918   0.1077510269   1.1072649648  -0.3411446936  -0.3722788711  -0.3857553926   1.8557525831  -0.6384396465  -0.2307149862  -0.0396407434   0.5338608249   0.5388447151  -1.1306818529   0.5639459633  -0.3547195074   0.3258974817  -1.1074905557   0.3894362366   0.8673461880   0.0765549922   0.3100718165
-0.9752587958   1.1682404203   0.2596345792   0.0912934379   0.1152720652  -0.9645943507   1.2459529320   0.8828042999   0.9878765054  -0.3814666876  -1.9447730162   0.0039399100  -2.3379811279  -0.1039432465  -0.9151159673  -1.1544934853  -1.1695265899   0.6146460633   0.5255714963   0.6366836370  -1.6142899902   0.6940224836   0.4963887576  -1.3119247024  -0.2992913351  -0.2796217937   0.6496058086   1.3244515470  -0.7383374797   1.3236375398  -1.0442366116   0.3283751706  -0.6124805960   0.2781326268   0.9689176050  -0.6005058204   0.8087530627  -1.4108298139  -1.1660330256   1.0809922481
 1.1695797993  -0.5681928626   1.6943887341  -0.5716999219  -0.8892707278   0.8797913136  -0.6649841721   1.5558570077  -0.6356775675  -0.0956247237  -0.2150231470  -0.8266005652   0.0174877618  -2.3587000213   0.0429692948   2.0796633743  -0.4346154141  -0.1467173795   0.5843677249   0.4171604292   0.1240383101  -0.2498460713   1.5063940072   0.1176964725  -0.2628771541  -0.1464713539   0.3387721968  -0.1452137424  -0.6913501782   1.3802623451   1.1114686393  -0.2729491223  -1.0573092868  -1.3847799070  -0.8059721247  -1.7369102606   0.7824182359  -1.0873010549  -0.5422122164  -0.6670346139
 1.1889789710  -1.1912973688   1.0750136821  -1.3239978198   0.3799936319   0.0021177003  -0.4969162645  -0.6925882154  -1.5753827196  -0.4746336896   0.3725616842  -0.0724280016  -0.6294715517  -1.1664508988  -0.6999102480  -0.4277307834   1.6682864894  -1.2105112903   0.1072588392  -1.2404793054   1.4207776142  -0.6736441931   1.1110716352  -1.2359628260  -0.2281386531   0.3079763417   0.7669735401  -0.1500127926  -1.4362227234   0.4413224140   0.5342182016   0.4702099970   1.1943639480   0.4548453389   0.8012606945  -1.8759793999  -0.9150530261  -0.0541279342  -0.0434943791   1.3797808342
 0.1056371026  -0.1484346882   0.3665930827   1.7131411627  -1.1692832504   1.0170531321   0.3983068384   0.4056934489  -0.0056833841   0.3766572841  -1.2326748195   0.4930519211   0.9901303976   0.5237582467  -0.6429466610  -1.5105572201  -0.7193576052  -0.2054214686  -0.5495583625   1.6411457445  -0.2720751444  -0.5937980146   0.4711574158  -0.4297033451   0.9965877954   1.0177923911  -0.7900810425  -1.0243904161   0.2323744554  -0.8624416266   0.3389590931   1.9465295675   0.3817438416  -1.0763717779  -0.0000648273   1.2703125904   0.6941429772  -0.3145983397   0.2154687451   0.7674899556
-0.4521664459   0.6783402533  -0.9094247482  -0.0937829055  -0.0366877708  -1.4592647105  -0.4356225500  -0.1767438700   2.0828480464   2.4886199415   1.6700003760   0.4262545697   0.7917441005  -0.4809886189  -0.2414246470   0.5304987022   1.2753499268  -0.6575937341  -0.3477059728  -0.4436033728   0.3676197555  -0.8187739517   2.0709894198   0.0890475776  -0.0035334395   0.0963265589   0.9312924897  -0.3116768284   0.2541933101  -0.5762750129  -1.1055689540   0.1353889804   1.8504631938  -0.4230979696  -0.5036358243  -0.9320840294   2.6726630253  -0.2713742991   0.9121222219   0.9702743336
-0.9192935240   1.4182428143   0.3816806065   0.0184896726  -0.4474289641  -0.9998197660  -2.0640118245  -0.4682936082   1.3780219572  -0.5067541286  -1.3868411887  -0.7900248039  -2.0252646200  -2.0122258001   0.3573239720  -0.0097026182   1.4434673034   0.6789268323  -0.4145640208  -1.8688907756   0.2363933667  -1.4074028876  -0.7599865897   0.3125304667   0.5455132686  -0.9861176020  -0.2939419453   1.6671303133  -1.6624039194   0.4143658031  -0.7430298433   0.4186741129   0.6000922155  -0.4190338242  -0.2438013690   0.3032144389  -1.1501509841   1.0184535130  -1.4701978541   0.0057348589
 1.1574550518  -1.3584626542  -2.1745379200   0.8132927113   0.7234465311  -0.3614713255   0.0839203560   1.0970701570  -1.0343707947   0.2916046597   0.1581268801   2.5537856159  -1.2386688447  -0.7101146285   1.6197138538  -0.0382832303  -0.6352519808  -0.3101797057   0.0586770092   1.3100861141  -0.6850676911  -0.1963335046  -0.3051049157  -1.5657161879  -0.7767126016  -0.7300669846  -0.8798406174   0.9266936811  -1.3688181942  -0.4688087183  -0.0594404855   0.9403181283   1.2094955866  -0.3273989793   1.2778793994  -0.4664515776   1.0980264162   0.9108807261   0.3591476144   0.3499133201
-1.3859608440   0.0204353636  -0.7158931259  -0.2567140534   0.6575061634  -1.7626268007   1.6679836008   1.2976766253   1.3345464841  -0.2509105194  -0.1608415664   0.8840475645   1.1465189396  -0.4936652671   0.6090049892   0.5865238757  -0.9580801620  -0.3325094491   0.9200932686  -0.2658679220  -0.6853467024  -0.1261643826   1.0671446729  -1.8343700776   0.9812343181   0.9887916236  -0.7871216252  -1.5972244121  -1.7679441930  -0.7775769091  -0.4465370514  -1.8042515411   0.5505685775   0.4211413276  -0.6006531960  -1.8209699529   0.9488274523  -0.7260211749  -0.4013895414   1.7921366235
-1.1622848191  -0.9286944251  -0.8527887601   1.0252557974  -1.1002933092   0.9168087597   0.7882323395  -1.1274585039  -0.3992499366  -1.3265587307   0.5122632838   1.0369936196   1.3056806244   1.6053073679  -1.0621953909  -1.8088649719   1.3457496983  -0.4715238668  -0.2335913759   0.7169904733   2.2996340159   0.2083727989  -0.5204517661  -0.5061527562   0.8924282105  -0.8577007210   1.3959592122  -0.2667499562  -0.0071033399  -0.3820410502  -1.1619139646   0.6011581348  -0.6023105134   0.3238191326  -0.5194034908  -0.4736521727  -0.0410991279  -0.3881843409  -0.7827278919   0.9197518820
 1.2408755320   0.1037786710   0.9104513107  -0.1656753519   1.1849736217   0.7539756687  -1.1106798696   0.0185439050   1.1399515999  -0.0107796668   0.8887119564  -0.2280351764  -0.8961171710   0.8752107611   1.6665557422   0.8202359713  -2.0360744922   1.8305963100   0.2239452328  -0.7556799131   0.2982504284  -1.8377270572   1.0803242165  -0.2185662069  -1.4295433968   0.2755813125   0.1146274560  -1.0574728582   0.4338976493  -0.5487050615  -0.2450857277   0.4543750214   0.2758967953   1.4383569717  -1.3931819627  -0.2073170326   0.1091761675  -0.4873695662   0.5969647275  -0.5113468996
 1.6845605322  -0.5726051869   0.8751240316  -2.1636868409   0.1208655144  -0.1772864166  -0.2395449054   0.2110025514   0.0338367287  -0.3110191563  -0.4003907781  -0.1127765446   0.7082201932  -0.5566098886  -0.3310710293  -0.5743593970   0.0641294490  -0.7517836229   1.8267798485  -1.2767860540   1.4797307554   1.8962904187   0.9165363936  -2.7051035324  -0.8088822921   0.1854337839  -0.9382898655   1.3477820508  -0.5974360959  -0.4233738334   0.3771395349   0.5072345447   0.5201862128   0.6380714476   0.8283443177  -2.3419493323  -0.0162657534   0.7019457676  -0.6345017705   0.7319385844
-0.3983956857   0.4609270063   0.1943017584   0.2276404355   0.5056516145  -0.9624581630   0.1820379814  -0.8863874519  -1.9829882515  -0.6049456608   0.9642841777   1.6811916804  -1.5733225028  -0.8926378676  -0.5326869078   0.3838430334   0.5834246284  -0.6666444687   0.4233302152   0.3279554423  -0.3760503436  -1.2018324578   0.4992024532  -0.6893198895   1.2563845865  -1.2655056834  -0.3875992350  -0.3128211176  -0.0673959164  -0.0936495874  -0.6228851196   0.5291957592   0.0890981392  -0.5419240775  -1.7425832575   1.1796664520   0.7403065943   0.4584455026   0.9194248292   1.7592951525
 0.4716184309   1.7036405793  -0.9318160246  -2.7109260924   0.7664140201  -0.8830737124   0.9921731849  -1.1215098338   1.9926712508  -0.9178536008  -0.4614005050  -1.1936057279  -0.6560753861  -0.7345541304  -0.0212326776   0.4254871096   1.6670321874   1.1480779946   0.0201106761  -0.6345178940   0.4837863943   0.6677636324  -1.5387936823  -0.0044598909   0.1020934640   1.0799853298   1.1284850426  -0.2276316873  -1.2554912224  -0.8959977621  -1.2558062470   0.8730489635   0.5300429555   0.4904768922   1.3120828356  -0.2969507863  -1.5685941268   0.5654983717   0.6649823933  -0.3098927428
s2
 2.0981444090
 0.9204172642
 0.2690909859
-0.4779132132
-1.7343749059
 0.1094225002
 1.2960195725
 0.0377165473
 1.0446618127
 0.7836842097
-0.6670445195
-0.3978753524
 0.6276576992
 1.0488138418
 0.6185863570
 0.7203938828
-0.8548256270
 0.3749177377
 0.6796531190
-1.3935483064
-2.0091425331
-0.3214637596
 0.7537810459
-1.6169572666
 2.4604868277
-0.0787532606
-1.0388153896
 0.4362751389
-1.0431457482
 0.5766146955
-0.4843985188
 0.5550974806
-0.6793311414
 0.0123376225
 1.4122783271
 1.0179538767
 0.8685542239
 0.6359017677
-0.0149985681
-0.3013912302
w3
 1.3168992140  -1.0663361258   1.2117207289  -1.1184593948   0.9666066762  -0.6210218084  -1.7974815262  -0.0205279813  -1.8692067524  -0.1847894876   0.2159652911   0.4965221170   0.3268335101   0.6390768355  -0.7188466589   1.0495109120   1.7116755321   0.0907543155  -1.5271732165   2.0203359896  -2.1727422937  -0.3177305876  -0.2368098080   1.4148146157   1.3141345629  -0.6514655105   1.1429160296  -0.7011417832  -1.3071913502  -0.3783654645  -0.5330538667   1.1213907442   0.0397025713   0.6451861228   1.0715707175  -2.7462732448  -0.7332563784   0.6950760426  -0.5256228981  -1.2754703682
-0.3194560100   0.0412956774   0.4298856100   0.0920101677   0.0403141859   0.3592383256   1.3710885134   1.2769216951  -0.6463214546   1.0758422117   0.7891150166   0.1512397922  -0.1806003492   0.4909813136   0.7932985817  -0.4026954931  -0.7296099628  -0.8149288274   0.1575106908   0.0440762630   0.0329706050   0.0156288856  -0.1904861134  -0.8601544184   0.6722051950  -0.8777082064   0.7406489186  -0.5558687223   2.4273178601   0.1230393478   0.9699497599  -0.4857873152  -1.0937005593  -0.3441929233  -0.4605038501  -1.2051683044  -0.9953999255  -0.0391626578   0.1935135192   0.1813853635
-0.4164129929  -0.5704598265  -2.0242354208  -0.6859738349   1.6347788389   1.3722227018   0.1296781074   0.5392476212   0.1228030289   2.2413255405   0.9085608314  -0.5895669546  -2.2445901486   0.6632398723   0.1576916359  -0.8179308107   0.1550377667   0.5179869653  -1.4676369118   1.0009318935   0.6288329785   1.5869104280   0.2678222219  -2.4288458787   1.0405934108   1.5427400300   0.6104886348  -0.6125307854   1.5184476780  -1.2221892751  -1.1881267950   0.8911693468  -1.4610908320   0.9194734384  -0.3144543604  -0.7962103702   0.8105665104   0.1381604802  -1.5380455815  -1.4935044978
 0.2057747566  -0.8915294488   0.0037830399   0.5262572386   0.4107285170  -0.2598361074  -1.9384638408  -1.0515848996  -0.5350717857  -0.4602943979  -1.1243581317   0.3773178426  -0.9545255356   1.3139830695   0.3605061915  -0.3014705259   0.2846085541   0.9450228062  -1.1755160993   0.7981089849  -1.2559156933  -0.4184433336  -0.0749121646  -0.5393097602  -0.4078732102   1.6624079359  -0.4553073257   1.5832284447  -0.2563551985  -0.2107816948   1.5854278694  -0.9200157031   0.2600394053  -1.1719019686  -0.0248554173   0.6707351782   0.3027491308   2.1364375080   0.9426297661   0.7009602334
 0.5596504654  -0.7475597550  -0.4063390554  -0.8150823440   0.1288452633   0.0152206493   0.7445251292   1.9290002273   1.1233963044   0.6683445784  -0.3908566505   1.2449715159   0.8330731229   1.0115774952  -1.2311743215  -0.4228378440   0.1759170208  -1.1423735358  -0.5486839184   1.1728472571  -0.0914631909   0.6352249278   0.5996750775   1.6959036980   0.1404026935  -1.8419858513   1.6773301287  -1.1048783055   0.4282786375  -1.1302663990  -0.6875493843  -0.6521622161  -0.7962239611  -0.9617984208  -0.1015960003  -0.6770176355   1.2293169980   1.8901465171  -0.1550905217   0.5141052460
-1.2754759888  -1.0469556457  -0.4388005372  -1.6390074270  -0.0776011281   2.0637355454  -1.2632917319  -2.7601636520   1.2642384725   1.4462911011   0.0186610649   0.5793924100   0.8990369392  -0.2923798632   1.5892223667   0.0479032796  -1.4731644604   0.7141078073   0.3429554640   0.7944717671  -0.7262266451   1.9183927476  -0.9925869401   1.4843534534   1.4904976633   1.5889964036   0.1177584026   0.2584449739   0.8498062917   1.1601675768   1.6834530399   2.2053975847  -0.2463469305   0.2874309206  -0.2106400997  -1.6272651333  -0.1420579431  -1.2946158428   0.9224891478   0.5000738950
 0.2936365225   1.2107086815  -0.2402867366  -0.4925405765  -0.6978539006  -0.6069553014  -2.4486503159   0.6914886691   0.4652058665   1.7022970289  -1.6579607894  -0.8879040932  -1.7544980212   0.7453890244  -1.7248042109  -0.6157110297   0.9373157592   0.3932796403  -0.1776619761   0.3934709855   0.4583606425   1.0011200108   0.9068450249   0.1858030559  -0.5314344256  -0.2008295298   0.5959085061  -0.2265102513  -0.1370347446  -0.3497739830   1.2645927911   0.5394582571  -0.9685826139  -1.8005659977   0.0203244599  -0.5064298849   0.6737025270  -1.3404449065   0.4221028265   0.5502002929
-0.8851004601  -0.6256382132  -0.8141586292  -0.1909753057  -1.5851019554   1.7448947702  -0.1182124459  -0.2772642603   0.3243934955   1.1520664366  -0.4016936316  -0.9698849404  -0.3337375978   0.4892321036  -0.2385167799   1.0038446659  -1.1849765940   1.8050989735   0.6408174686   1.4710625456   0.5250450212  -1.1538954252   0.0045077637  -0.4310062313   0.8850106366   0.3450859692   0.0833868163  -0.3754771918  -0.5011872155  -1.4316493646   1.2963653461   1.4853272701   0.9155714889   1.6868614978  -1.1090629897   0.0394467177   0.4318729273   0.1722388704   2.3433034536   0.1077394036
-0.1519149921  -0.3302445446   1.1602037507  -1.8441880421  -0.4596004027   0.2537210827   0.1813309159   0.2312354973  -0.4975787750  -0.3039567929   0.5791121801  -1.0068494732  -0.8869473683  -0.0137399174  -0.0863351704  -0.6683157028   0.6538919551  -1.7506603807   1.1760284225   0.3858216979  -0.9763785801  -1.0161045288   1.0444634520   0.7040108630  -0.7073059410  -0.7821888430   1.7082091718  -1.0914903301  -0.3104646580   0.9043953641  -0.0264666392   0.7357465750   0.4750266528  -0.4217085977  -0.7801139846  -0.7092741269   1.1194037143  -1.6393024571   0.3091411806   1.3881676889
 0.2524561810  -1.1827655903  -0.8079560017  -1.6982044145   1.0125440249  -0.6231982135   1.1975957256  -0.6934138888  -0.4254218460  -1.4885804795   0.4456069582  -0.5994241619   0.5080356600  -2.2110934971  -1.8190159958   0.0897700647   0.5774607994  -1.9029904760  -0.3386896218   0.5407725878  -0.4698070756   1.2581643554  -0.2946041661  -0.1880266649  -0.6398463038  -0.6163820403   0.2432888799  -0.4868347182  -2.5114700405   1.0940003548   0.2423342584  -0.6128256998  -0.1500291229  -2.2647568880  -0.1450584388   1.5833382343   0.3035842093  -0.1935721536   0.1826336135   0.2766239542
 0.6678550261  -0.5329032371   0.1569808236  -1.2604551646  -0.1593189848   1.3214477268   0.3771682004   0.2771277082  -1.6337456601  -1.5230973355  -0.4585367166   1.6921372298   0.4965016624   1.9964182661  -3.0913733454   0.0335704430  -0.2821116284  -0.5174919268   1.1883176561  -0.4732746892   0.0472980676   0.5776502951   0.9371545116   1.4586659495  -1.3880276428  -0.4952722648   0.0628163558   1.6929195865  -1.3917003337  -0.2195072952   0.3475051312   0.1895820411  -1.0074395435   0.0744723898   1.1506816820   0.2968103306   1.1655766338  -0.2444199661  -0.4186011217   1.3777772848
-0.9239124998   0.7536652015  -1.2662823228   0.0279253850  -1.1065411262   0.6832205857  -0.3709498294  -0.1779424773  -1.0264972128   1.1564108026   0.3946560139  -0.2159527048   1.7616381929  -0.6262017543   1.0282376373  -0.1023307281   1.4592678342   0.2294521556   1.4320191125   0.5459722108   0.3709100743   0.0790347247   1.4069315152   0.5049517107  -0.2287561688   0.0564542785  -0.4573829695  -0.9507873469   1.1087361737  -0.5474396880  -0.6563238785  -0.5980512730  -0.2798075447   0.5372231922   1.4606517709  -0.3736206460  -0.1895345006   0.1399017306   1.1816717653  -2.1839393062
-0.6121047589  -0.6251761748   0.6832134445   0.3213847198  -0.1175363229  -0.8866558647   0.5994906705   0.6149064409  -0.6348301441  -0.3211252766  -0.8793923832   0.6916992469   1.7728013207   0.2904953963   0.3371745289   1.0813952368  -0.5353724867   1.3085237149   1.0573115335   0.0557291299  -0.0890039710   0.9514018669   0.5198938158  -1.5766023183  -1.8136512392  -0.1495108704  -1.1165188245  -0.8776090198  -0.4614785754   0.9615605761   0.2166410434   0.0713597181  -0.1916315570  -1.1903979676  -1.1113663952  -0.8546992380  -1.9322537287   0.8765465758   0.5981430758  -0.7027329502
 0.4880738707  -0.6664431975  -0.7486749717   1.0667264270   1.2227896274   1.3447376808  -0.7117512840  -0.0566052616   1.2590798952   0.1357651867   2.0265135444  -1.0763746230  -0.5473247709   0.4881449019   0.8591116104  -0.3534757540  -1.1906548119  -1.1289543441   0.0660512426   0.2688555056   0.3447053362  -2.2427575645  -0.8255638997   0.0940382502   0.4328786992   0.0041806593   0.8520142708  -0.1755381897   0.3827952287  -0.2748409929  -1.1655800289  -0.3853404728   0.5142631460  -0.2426153029   1.5992542707  -0.0643404940  -0.5812705837   0.1230139977   2.1126365681  -2.0001151004
 1.2906804263   0.4465657897  -0.8156515243   0.9908338559   0.7526016137   2.1706312860   1.2337210485  -2.1539185899   0.9291222230  -0.8090660129   0.1806059966   0.2455860348   0.0554252874  -0.5894392949  -0.0413717722  -0.1850587286  -2.1819114697  -0.5612759625  -0.5277959543   0.4799514492   0.7472738720  -2.0855727362   1.4433070687   1.1776453488  -0.1521034604   1.7411679958   0.0612203784   0.9357269981  -0.4046632182  -1.5483008560   0.0121993609   0.7533606760  -0.5630885724  -0.6652210413  -0.3474870502   0.5062125266  -1.3301068170  -0.9226083235   0.4880721957  -0.2774822020
 0.3141668897   0.5100083426   0.0989860857  -1.4566929995   0.4000903462   0.5477539213  -0.4306764216  -0.0082879754  -0.2180894212  -0.7165896824  -1.1678506916   1.6758955482  -0.2925556846  -1.2663472393   0.2570064747  -1.3280594648  -0.8384951212  -1.0994125337   0.8214271465  -1.0927614794   2.4668974046  -0.7496709969   0.9698553455   0.0055209585  -0.3513580803  -0.6926037049   0.9445354176   0.8461725691   0.9313159868  -0.2186363072  -0.2917343689   0.5282927034   0.0463587194  -0.1144036102  -1.5842431767  -1.0606879062   1.5662888078  -0.9343876506   0.5610035850  -1.0459017843
 2.1182462131   2.4616850696  -0.6749425739   0.6777010238   1.2457619130  -1.4624795524   0.4393814005   0.0991841420   0.8961386118   0.2468401135   0.3851063462  -2.4732459325  -3.2177842151   0.4970321295  -2.1514246435   1.6174659579  -0.3703156294   0.6007945540   0.0821466535  -1.5573168131   0.2507389528  -0.0838798783  -0.5901282002   1.2262528188  -0.4041516058  -0.5214845482  -1.7514363373   0.4761879847  -0.3071503540   1.4595196933   0.7971019687  -0.8785056825   0.4577809261   0.0042725704   0.8913910316  -0.7829325422   1.4093636577   0.9285607774   0.4113127962  -0.1690848670
 0.5471303195  -1.3850914589  -1.2243386219  -0.3489553375   0.9578753367  -0.0206980928  -0.6095526841  -0.3563435155  -0.8566066332  -1.2226277336  -0.9373409755  -0.5518509138  -1.1124561403  -0.8874154247  -1.2123935966   1.0655934573   1.7470855804   0.9505979696   0.1214967512   0.9711467620   1.9904981184  -0.3158044287  -0.0887045059   0.0070215670   0.2292862425   0.3710926351  -0.1198522993  -1.6504510771  -2.4410007989   0.1921158249   0.4350562582  -0.7746164444  -0.6051211386   0.0681143253   0.0765162957   1.9350434425  -0.5961045019  -1.2689677091  -1.5044189886   0.1702477921
-0.3200391105   3.0020337051  -3.2119254644   1.6239902290   0.6087113760   0.3619133586   0.6280699646  -0.5102850987   0.3181634931   1.2108046462  -1.5402153118  -1.1407565759   0.1643064970  -1.5948620773   1.4135933377   0.6499915212  -0.4962656133   0.5309758270   0.5328692476   0.3973421850  -1.1220918238  -0.6891951295  -0.1496104537  -0.3363389917  -0.7674054081  -1.2309094053  -0.4885642977  -1.9102610020   1.2683706793   1.8531984907   0.7335155885  -1.3528548304  -0.2086343103   0.0192545442  -1.6434772256   0.7399993660   0.3025139278  -0.9120377557   0.5213166211   1.5826480416
 1.4624406225   1.1823374603   0.4949500947  -2.5634944810   1.3836182186   0.4363169884  -0.1013619832   0.9731190223   1.9511851939  -0.0181314871  -0.1942884995   1.2458916241  -1.2308836315   0.5689527185  -0.8283072624  -0.5427447769  -0.8156611643   0.8752690857  -0.0534196532   2.0175510988   0.9562925035  -0.8432106662  -0.3788632670   0.5861056326  -0.5437112140   0.7705814676   1.5025848646  -0.6438493629   0.8445988385  -0.7470667934  -0.8098455666   0.7807696974   0.4596703826   0.1748536286   0.2667639419   1.3073998567  -0.0671404178  -2.1764644220  -0.4288683094   1.2908886576
-1.4662868117  -0.5765346860   1.3101611685  -0.0028357627  -0.7552676877  -0.7661054953   0.3124767896  -0.1418926217   0.9001692685   0.3273661981   0.9600013050  -1.1483824617   0.4139387264   0.4416783981  -0.6810614988  -0.0289601891   1.6228774928  -0.8108930556   0.4972011631   0.0343121850   0.4912890126   0.2315517514  -1.5850379401  -0.3177752660   0.8334030973  -0.0762331203  -0.6090785223  -0.5748675706   0.0616992753  -0.6542579770  -0.4538269948  -0.9934337132  -0.3934753934   0.0795332432   0.6721398604   0.7506207683   0.9738922328  -0.3920970684  -0.7967593986   0.5965630876
-0.3472079975   0.5578151717  -0.8766695772  -0.5225733894   0.3710205776  -0.7448995866   2.0211106730   1.7483198154  -1.6666343565  -1.2922918881  -0.9115066877   0.7585847034   1.0054563133  -0.2031742783  -0.1104848131  -0.9514173327   0.4932131135  -0.5708086920  -0.6163120402  -1.5882283446   0.3059287448  -0.2513106255   0.5896010066  -0.3188583526   0.8283230074  -0.1448101833  -0.1546620314   1.1395838609  -0.7253347875  -0.9262842977   0.1702029106  -1.3101250144  -1.0649058825   0.6559559699   0.8899652706  -0.3295635140  -0.8937441562   0.0040603348   0.5385562322   0.3049113383
-0.2504594907   0.8740608731  -0.2012662683  -1.7229530744  -0.0402272278   0.5487378751  -2.6138777282  -0.4729216428  -0.6703730373   0.3828078408  -0.3572405943   0.4320188708   1.7483451642  -0.4165690376  -0.1597344631   0.0879754488   1.1749103617  -1.3310039391   2.5923175542  -0.6625631299  -0.9213576248   1.5753940999   0.8996571819  -1.4242458506   0.9160308050   1.8862836018  -0.0437576439   1.5439969336   0.1393114206  -0.6201476575   0.8813966771  -0.2552454905  -1.0474286982  -0.8482420796  -0.2184249164  -0.5325011830   0.1481244441   0.2945819886   0.9523181489  -0.1507205591
-1.3512437918   0.4498578399   1.1100029959   0.5003953399   0.9128388953  -0.3127979026   0.0729463891  -0.8661774509  -0.5773722392   1.0456271487   0.2705901205  -0.5487619713   0.0194074295  -0.5760025867   0.0365540907   0.5604335597   1.0286193641   0.2987650799   0.2025954976   0.6410422116  -0.2177101601   0.5968370796  -1.5858746386   0.8093331809   0.5369032656   0.9294221877   1.1133703818   0.2254562373  -1.2185336578  -0.3654612991  -0.2037274504  -0.9197391644   0.6082547749  -1.4959519152  -0.8008578603  -0.0427381891   0.4570971533   0.0014953309  -0.8934402233  -1.9005533946
 0.7245703185  -0.3222480101   0.7246222187  -0.2679160879   0.6094497002  -0.8361805177   1.4680768561   0.4720338224  -0.1643671836   0.2811425028  -0.6719236845   0.0429712727  -1.7540765693   0.6418843646   0.2538484607   1.0714343589   0.9000727123  -0.4979942393   0.3782704807  -0.0914326141  -0.5269839974   0.4834963136   0.5130858617  -1.4196327033   0.2174812950   0.5930834766   0.7223659772  -0.7425057980  -1.4975244906  -0.6467093158  -1.1218534796   1.3704278054   1.8965815287  -1.1443495848  -0.2744355048  -1.8311914821  -2.2069588594  -0.3221232512  -0.7699492222  -0.9369252942
-2.5759893785  -1.0668138844  -0.0761030573  -1.3349639085   0.8164415546   0.5652223362   0.2712483715   0.2979578516  -0.9424401228   1.1263765769   0.9406054518  -0.9295992475   0.4410175982  -0.8888636723  -0.8144352193   1.7721070690  -2.6479902425  -1.5494274591  -0.5052143021  -1.6297208841   0.7481293901   0.9921630728  -0.6570167943   0.8521703445   1.5127574197  -1.1128961285  -0.3110981019  -0.6642627135  -1.2850926984   0.3503531668  -0.2576518328  -0.2391564208   1.8892830429  -1.1629667309  -0.4605259892  -1.9516279839  -1.9706827296  -0.1881947451  -0.0059254418   0.1241926144
-0.3576410900  -0.7726956396   0.2865257855  -1.4837654331   0.2807758170   0.3391753994   0.6766184194  -0.2774779615  -0.1347719396  -0.6222313001  -2.5857217078  -1.0459468607   0.6465554698   0.4719726044  -0.6713597641  -0.0216500848   1.2971246748  -1.5692789177   1.1746005497  -0.3312147156   0.2301647633  -1.1256175537  -1.7135927213   1.4500309143  -1.9590859431  -1.0189680736  -2.4729162149   0.5834601618   1.4681696212  -1.0498811388   0.6820332591   1.0153840964   1.0306400322  -0.4288895515  -0.4660689667   0.0558587524  -1.7412831919  -0.8181850446  -1.3569673334   1.9005547241
 1.3793532836   1.7650780542   0.7456662883  -0.6031786220   0.1933663981  -0.2615921204   0.1489106697   0.1609772733   0.0669460854  -0.4668815155  -1.0120965027  -0.3515979385   1.5067069719   0.1520051868  -0.8198211556   2.3111879980   1.2163111419   0.1429758731   0.6404363712  -1.7446303099  -0.6230261769  -0.4414337171  -1.0176475917  -1.6807275002   0.3706323464  -1.1961289913   1.2550796599   0.7669895238  -0.4898416460  -0.6628283673  -0.3596896104   1.7313459818  -1.7462831236  -0.5258364323  -0.4266345489   0.1366624134   0.5153536406  -0.6524182233   0.1882707566  -0.3839745148
 0.3052601988  -0.5003978830   0.7533403709  -1.7330781311  -0.5150623380   1.6895168673  -0.9999957213  -2.4968068875   0.5272443772   0.5638088104   0.3217391095   0.0411978746   1.0947814318  -0.5781568671  -0.6715111074   0.4667061750  -1.4534664113  -0.5841690272  -1.3186647490   0.9122847994  -0.3648073475   1.2027476841   1.3669377402   0.3699812990  -1.3207956114   0.2561612062  -0.0226310597   0.4667697747  -0.4723202139  -1.0504512277   0.9887417571   0.3089884742  -0.7502230314   2.2109171969   0.9711410882  -1.1545692580  -1.1382931803  -0.0773253779  -1.2515014180   0.8425201606
 1.4575938837  -0.3417349211  -1.0266853052   0.0604852752   0.3820735195   0.7654522272  -0.7116442093   0.2610605351   0.2151362559  -1.0256908995   1.5093564056  -1.2953746506   1.0563467057  -0.3078593300  -0.0550102176  -0.2926316388   0.3854382657   2.2559299002   0.9510262473   0.1939174482   1.8995319615   0.7333579101  -1.2357378477   0.4937031522   0.9973291506   0.0256170295   0.3067387309   0.2319969577  -1.2667744708  -0.6855406222  -0.0863100953   0.6492856431   0.2754266540   2.4153006470   0.0140157942  -1.5894361776  -0.1179225550  -0.2221749309   0.7044418407  -1.8292099671
-0.4711963965  -0.1975287585  -1.7860714803   1.2364469380   0.0815193665   0.4435082055   0.8383261003   1.1636756725   0.7876299305   0.2394832428   0.0518373316  -0.7962855975   0.7631499562  -0.9010708606  -0.5411872451  -1.0580414624   1.3541652202   0.8413152584   1.2895179307  -0.8177543533  -0.0423244891   0.4178181761  -0.5226966278  -1.8167522529   0.5187787783   0.1215489895  -0.2320348287   0.2801780187   0.7957129824  -1.2624853334  -1.8633356375   0.0633953781   1.1772346340  -1.2816277369   1.2108064514   1.6463295406  -0.6725723103  -0.8450000027   0.9357991446   1.6565225138
-1.2344001688  -2.0515641342  -0.3439952104  -0.3697254912   0.0951560577   1.3935379494  -0.4599414581   1.2161138549   2.0842301854  -0.4910300974   0.1899033841  -0.9376098456  -1.2683449369  -1.5541587103   0.5919090819   1.7230970271   0.6611128981   0.0243290827   1.0561033224   0.1464114080   0.3130771612   0.6274051449   0.3430286943   0.7957011555   0.5729989741   1.3165278484  -0.6745765440  -0.6087793952   0.7613156242   1.4549096636   0.0883020612  -1.6793688126   0.2749005717  -0.1235104373   1.3107867049  -0.3224727131  -0.2799550058   0.9442272858   1.1820344411  -0.4852727915
 1.1265342487   0.4203462614   1.4975606126   0.7383909683  -0.4042987268  -0.5025513288   0.3480125942  -0.0173993975  -0.6864417299  -1.7864516999  -0.2108491878  -0.9298558402   1.2242400806   0.4728849416  -0.5790225368   0.2397800155   0.0303803829   0.4945800625  -0.8259692831   0.0083184375   0.1809701511  -0.4167398476   1.8659356734   1.6428417343  -2.3254267376  -0.7492786935   2.5655818304   0.3568811114   0.1560911371  -1.8882299926   1.9251278911  -0.8981562354   0.2929091691   0.0788101137   0.8715461762   0.8880438750  -0.0969088746  -0.3564495225   1.3919217173   0.2574185792
 0.6927602427   0.4972878536   0.9819517566   1.6091093006  -1.2674945976  -1.8221428034   0.4938397136  -0.5413907516  -0.5112484454   1.8540170605  -2.5389837953  -1.0541806530  -0.4785621503   0.3226925283   0.4764692586   0.3741558818  -0.3649643260   0.6590816595  -1.2604912598  -1.0749616693  -0.7163528469   1.6011606165   2.2217585540   0.1860074820   0.2729460267   1.3258573443  -1.4715712628   0.7088285247   0.9914389491   0.7501151022   0.6992128577   0.7418864037  -0.1903891371  -0.2958846851  -1.0366676910  -0.9999020008  -0.9154193320  -1.5204855483  -1.6473441536  -0.5512731251
-0.7503366023  -0.3525432627  -0.3558830940   0.0334710244  -1.5330673387  -1.4623256869  -0.6192615695   0.8167060374   1.2857344610  -0.5346116652  -0.4170336934   1.0610920464  -0.5649286538  -1.5304957530   0.9361850414   1.3058812060  -0.9423052088  -2.0592027722  -0.6352552088  -0.1790045608   1.1850031047   0.3618861892  -0.8181080453  -0.7180914517   0.7726904708  -1.4671071021   0.0893969574   0.9038485654  -1.4128882650   1.0872381677  -1.4293217192   1.0589659935   0.4991101671  -0.8896872258  -0.1448212986   0.6549929507   0.6467783896  -1.2569870882  -0.5457194767   1.1843919378
-0.4426630595  -0.9264216079  -0.1443072554   0.0655787310   0.5683462030   0.3641758283   0.1864049408   0.5084591672  -1.0984249427   1.2360205679  -0.4032798325  -0.2082867671  -0.2135638784  -0.3037778624  -0.5904179016  -1.3218087455   0.6997022040   1.5549359759   1.5520703768  -0.7754439371  -2.0299334436   0.2564375868   0.4512617761  -0.0429822091   0.9211566521  -0.7629243544   0.4315643446  -0.9117123133   1.1521580767  -2.0037058698   0.9549484923   0.1103128621   2.8515156788   0.9419600053   0.4329828883   1.0789621671  -1.4132977755   0.5514642417   0.6392550033  -0.1921889585
-2.1098211472  -0.2142094569  -0.7515198705   0.5502146448  -0.0150891628  -0.8869979407   0.5216324049  -1.2173138692   1.2533991738  -0.2128102155   1.2191115056   1.1519862809   1.7132913220   0.1485843754  -1.3491148219   1.3463752204  -0.8583491564   2.4337238517   1.3282725413  -1.5924284185  -0.6131979532   0.6520002712   0.9382389851   2.3636382492  -1.3367306393   0.2858477407  -0.8347717286  -2.8613557752   0.2000147485   0.0451070526  -1.1205681274   1.6857498842   0.2611371514   0.3310413926  -0.7773462445  -0.5901924944  -2.4439198013  -0.9898935616  -1.9677745925   0.8765063820
 0.6417914499   0.8716050882   0.0549863219   1.6792281879   0.3268305020  -0.7384355266  -0.4929574593   0.5180303628  -0.8450714304  -0.9373155160   0.3790234230  -0.6638328400   1.5058753730  -1.2601884092   1.4787805477  -0.4076926164   0.4495176798   1.8523319535  -1.1081927676  -0.4963140530   0.9638892748   1.2345078257  -0.3310819329   0.0331549507   0.1689646764  -0.8745476455   0.1276418231   0.5085597999   0.0421717356  -1.0113362993  -0.5855094014  -0.6670114889  -0.8839329574   1.0621424725  -1.6384121093  -0.1935550109  -0.6486695712   0.8719396326  -0.3485512766   1.7719345793
-1.3050512258  -0.5734179301   0.4980732646   0.4444639292   0.0607593476   0.1854457812  -0.7399585536  -1.3237439005  -0.6773397320  -1.5110066074  -0.8430312532  -0.2075020984   1.7693512057  -0.9483818495   0.1248211650  -0.8016730478   0.2783162455   2.4098568070  -0.7221483360   1.5597405473   0.6081409023   1.3013264749  -1.6553917384  -0.8412153977   0.3499355196  -0.0716996381   0.3361621089  -1.1603693622  -1.0342057021  -1.1542156132   1.1096174253   0.0203024943  -0.0322856497   2.0589811162   0.5666764350   1.0327856213  -0.9361747450  -2.8447921286  -1.5341218206  -0.2868951059
-1.2170182952   3.4587231177  -1.4234363481   1.7086172688  -0.1943047729   0.6437382078  -1.3166111327  -0.5009714809  -0.4917483773  -0.8115661921  -0.7623888922  -1.2812366961  -1.8256049752   1.1693028099  -0.1643185575   0.1575720913   1.3073574566   1.0443437381   0.6387475382   0.0963312813   0.4188682447   0.9297768034   0.6255689695  -1.0821519460   0.8041764341  -1.2879094381   0.0149763425   1.0371084497  -1.6256365837  -0.9172882918  -0.1532618040  -0.0128022262   0.1836918652  -1.9528292601   0.8554074986   0.2034220528   1.1172023901  -0.3302649549  -0.3574766348   0.4934365455
s3
 2.0981444090
 0.9204172642
 0.2690909859
-0.4779132132
-1.7343749059
 0.1094225002
 1.2960195725
 0.0377165473
 1.0446618127
 0.7836842097
-0.6670445195
-0.3978753524
 0.6276576992
 1.0488138418
 0.6185863570
 0.7203938828
-0.8548256270
 0.3749177377
 0.6796531190
-1.3935483064
-2.0091425331
-0.3214637596
 0.7537810459
-1.6169572666
 2.4604868277
-0.0787532606
-1.0388153896
 0.4362751389
-1.0431457482
 0.5766146955
-0.4843985188
 0.5550974806
-0.6793311414
 0.0123376225
 1.4122783271
 1.0179538767
 0.8685542239
 0.6359017677
-0.0149985681
-0.3013912302
w4
0.4506888333  -0.4705598689  -0.0804746263  -0.7649118317  -1.8935483465  -0.6728547159  -0.1286851360  1.4684775566  0.3542144293  -0.2165532591  -0.9110144220  0.1812212893  -1.7287395899  1.1337370261  -0.0892652621  -0.7248137291  1.6877789984  0.8600997105  -0.0218566259  0.7857466391  -2.0578488275  1.3784894855  -0.2272992665  0.0022010433  -0.1840331429  0.0191348785  0.0934275496  0.6930054649  1.1396537509  -2.6502593401  -1.0891723920  -1.6087816363  0.4901272619  -0.5223043112  0.1844182407  -1.4864701080  1.5734949992  -0.9429200501  -2.3515973478  -1.0167474278
s4
2.0981444090

