layers: 4
str: {2,40,40,1}
w1
 0.1268321530   0.3293408802
 0.9574877647  -0.9996410234
 0.2845146886   1.0165703814
-0.3656463258  -1.4919021558
 0.2919470739  -0.4276489001
 1.0315063772  -0.1706327665
-0.6873702239  -0.1708234393
 1.2481267461  -1.3323693794
 0.6214117095   1.6305428695
 0.2994869705   0.3766988186
-2.3238445790   0.8125609941
-0.3766718036   0.4371382974
 0.2135436287  -1.0584939275
-1.0228241503   1.4957787478
 1.0471335347   0.8623141589
-0.4069950634  -0.3194921296
-0.5779190041   1.2245807947
-0.4382013086   0.2549877194
-0.2402267160   2.0805139520
 0.4291323713   1.5173505724
-0.1616171849  -2.5085054814
 2.0201452785  -0.6567705966
 1.0104486992   2.3047043923
 0.1065624175   1.0094261235
 0.3465003990   1.2712358008
 0.2946663781  -1.3113129517
 0.4891587208   0.3076825314
-0.2746347432   1.3584725622
 0.2332629908  -0.8935297178
 0.7708714168   0.0771346400
 2.5463061858  -1.3030649418
 0.2755946888  -0.9668109854
 0.1045161101  -0.6341291779
-0.4045167611   0.0953256933
-3.4316845173   0.6130003647
-0.5996852767   1.2906327343
 1.1321782557   1.5405672042
-0.5646557215   0.4890365158
-0.6602701511   1.3111544606
 0.4339294926  -0.2544625139
s1
 1.4025661903
-0.4958367014
-0.6625267224
-0.3275726688
 1.3746126045
-0.2477398134
-0.2451497099
 0.0049894374
-0.7846281156
-1.4679788647
 0.7745449064
-1.0093472573
 0.2371105173
-0.4212832594
-0.6218030806
-0.2402801897
-0.8824180409
 1.2000757923
 0.2112412576
 0.5872109808
-0.6199504526
 0.2967486276
-0.4250926692
 0.9350969088
 0.8485779123
 1.1066952467
 0.2770763809
-0.6073564788
-1.7292854498
-0.0016107088
 0.5351668707
 0.0649818727
-0.3770334708
-0.0089564942
-2.1352463674
-0.1941430287
 1.5189565143
 1.2810941244
 1.9666320684
-1.3945893971
w2
 0.7419321272   0.8445697299   0.7859162155   0.7897587955  -0.6798961646  -0.1464133347  -0.8411884161   0.1582734924   1.5132452143   0.4206951937   1.1223485434  -0.4940174361   2.0457792281   0.5455915768   1.5611915970  -0.4832576437   0.4877103991  -0.3915695919   0.2233467141   0.5434989807  -0.4124325438  -0.6473503374   0.5467007622  -0.4832908272  -0.8398281984   1.0885152553  -1.4907436561   1.3757168026   0.5441855464   0.4919295700  -0.6966270691  -0.5037227384  -0.7479952359   1.2039550070  -1.5684379789  -0.4957866143  -0.0440756038  -1.2893444714   0.4109494371   0.1032675245
 0.3367583824  -1.8168074704  -0.2119155901  -0.7394044265  -0.1836411399   0.0885630486  -0.9728995950  -0.1535904705   0.5130988309  -0.0624496804   0.2553308296  -1.2524862086   1.2028873272   0.6268190857   0.6062316839   2.0800243047  -0.2849248551   0.7572501512   0.8941488888  -1.1656587819  -0.1293022179   1.2675589811  -0.7191529038   0.1716461633  -0.3119617069  -0.0199466836  -0.8467283337  -1.0092383433   0.6421781908  -1.3171239431  -1.2461519384   1.4765973508  -1.1310455864   1.0964630480  -0.6688919976   1.1142244298  -0.2507069663   0.3381304362  -0.9305574999  -0.5457280043
 0.8678082575   0.4898103760  -0.0327202204  -1.0610848882  -0.7106871051   1.3805189133   0.2612417722   1.3402112395   0.2861276415   0.6125796683   0.5230658278  -1.1760339080   0.1167679847  -0.0655331903   0.1693048192   2.8510650625   0.3213022086   0.4026230559   1.5527408974  -0.1669464437  -0.9054338080   0.2086629904   0.2750906842   0.0430658382  -0.2623818961  -0.7549614431   0.3498703050  -1.4285610711  -0.0707565993   1.4218120309  -0.0928561773   0.5813954860  -1.1090350104   0.4513583118  -0.6333372674   0.1871541245  -0.0821037815   1.6491771754   0.0426279940  -0.9849542797
-0.1378609635   2.2358494900  -1.0573565878   0.3154663984  -1.5167226181   0.2133924488  -0.6021303279  -0.7401478405  -0.4308360812   0.8064709177  -0.3291894634   0.0706760221   0.5092554451   1.7329988878  -0.2577705443   1.3617700633   0.0735947608   0.5384238727  -0.2660530988   0.6172680006   0.7940457603  -0.3031528191   0.1947277836  -0.6659998921  -0.6475722495   1.4959221239  -0.7590402574   1.2411428675   0.2707893068  -0.0073232093  -0.2057523060  -0.4785529354  -0.4662176406   1.3140710098   0.1255469327  -0.2210802816   1.1015523120  -1.2150698779  -0.2294688848  -0.6937089848
-0.6791789504  -0.9063875001   2.0928648352  -1.0110406646   1.7483571472  -0.5491687646   0.2777735220   0.0079695004   0.1884227418   2.6930125703   1.7578753080   0.0313408838  -0.3775043249  -0.2118940095  -0.7464487818   0.9757527567   0.5389449458  -1.0284776932   0.3569596367   0.5699093838  -1.8169599481  -0.3844468294  -0.7389313949   0.8475682147   1.8043284146  -0.4152039928  -1.4786360140  -2.5135090993   0.8363595239   1.7423046549   0.4437286681  -1.2381151036  -1.8086623462  -2.2154819887   0.8351354790  -0.7822630487   0.6415529218   0.9941322437   1.0178471235  -0.3881357529
 3.5614254707  -0.5512218559  -1.4665333325   0.3807311588  -0.5693410434   0.6930982408   2.0483603393   0.4549641435  -0.2460695150   2.0843313081  -0.3033349680  -0.0364759690  -1.3062901019   0.0297023915   0.1752296153  -0.9955430400  -0.2266023142  -0.4188894740  -0.2285701358  -1.6806518233   0.4138816697  -0.6168456160   0.3625636428  -0.8745585175   1.3651035243   0.9988917758  -0.2854425402   0.3886919145   0.1002648534   0.1165447664   1.5593237486  -1.2748573917  -0.1722113526  -0.2706697491  -0.1366578290   0.9447557364  -1.6047264143  -0.2229257818  -0.9999271565   0.0647002333
 0.3387135738   1.8102951418   0.1709947803  -0.4829402536   1.0686501242  -0.6114437293   1.8719316466  -1.3115931158  -1.0629159909   0.1310370375  -0.6798544008  -1.0040253556   0.4291322448   0.6759390926  -1.0216643115  -2.1127368025   0.8885684102   0.9538438494  -0.0245715513   0.6441338542   1.1826954649   0.7861490109  -0.1546791644   1.6409926747  -0.2496230716  -0.1959914266   0.5200815758  -0.6392034648  -0.1607525891  -0.8712448515  -1.1243979405  -0.4488312682   1.5076181918   0.0416528032   0.6673825844   0.4725222026  -1.2686615159   0.7948313836  -1.6103439604   0.3307291240
-0.7524883277  -0.3495727805  -0.7808865379  -0.8748345129  -1.1729935172  -1.1410045236   1.5953894060  -1.1278253816   1.0133728307   1.9193320155  -0.3494820014  -0.5869497516   1.6725902560   1.6379253247   0.8041056681   0.5137031800  -2.4250730999   1.1477658368  -1.5468648989  -1.4534203981  -0.1147051198   0.9407140705  -0.2411163433   1.8095298850   0.9924686060   0.9568586381  -0.4597732561  -0.7245615888   1.0117604801  -0.5926645496   0.4273847344  -0.1222440812  -0.6894627815   0.8933053863   1.2019091972  -1.5402466659  -0.8922759029  -1.0683916926  -0.1665243317   0.5661119074
 0.1531327948   0.4845695290  -1.2470830553  -2.1699021582   0.7921664713   1.1451293005  -0.0841528037   0.3274558949   1.1434494045  -0.7025246698  -0.4614768365  -1.2373757544   1.2958740799   0.4093303488  -1.2077390485   0.8630173318  -1.6025894394   0.4689736053  -0.0331442376  -0.6455565069   0.5410976647   0.2791971085   0.0339494202   1.3492678929  -1.8794899117  -1.0628555417   0.0252941608  -0.0082180016  -0.4395157128  -0.8302311404   2.4772624321  -0.5440581169   0.0702989691  -1.7535362517  -0.3506947857   2.0972963490  -0.4557207025   0.2807619020   0.9405462184  -0.4036543087
 0.5824231074  -0.6526184280  -1.0939623500  -0.7967156859   1.9626811929  -1.1430999353   1.3760679941  -0.1644059700  -2.0713211115   0.0803812559  -0.9192323124  -1.3316830016  -0.3515362269   1.1293062714  -1.6448499951  -0.6219323712   0.6418437881   0.5686711439   1.1071300800   0.6399316958   0.8186456879  -0.9727188769  -0.1492651453  -0.3597166488   1.7781886768   0.6628345399   0.0222504209   0.5064269184   0.9214518740   1.0595235922   0.2170542809   0.1852365453   0.0139410771  -0.8279277244  -0.0160011212  -1.3054048045  -0.5551143854   0.1378911629  -1.6038275228   0.5502311646
-0.4023151729  -0.2057882086   0.9423429860   0.6392009630  -0.1210243222   0.4796274391   0.4823207300  -1.1760051876   0.0408481196  -1.9328941119   0.2203025818   2.2523483669   0.8335079685  -0.0705872739  -0.7890263184  -2.1269650289  -0.6297513118  -0.5374360151  -0.1266118883   0.0677408967  -1.8503691933  -0.5197317347   0.4102329453  -0.8094152882   0.4812423336   0.0220004569  -0.2006604272   0.3109301291  -0.7876384468   0.6862818986  -1.2329000300   0.9235697352  -1.3270765677  -1.6091134784   1.4421273797   2.1653897015   1.8634597001   0.6975488972  -0.4365918210   0.4162293108
-1.9644460316  -0.4927024085   2.0024707320  -0.7645534464  -0.8744135021   0.3568515516  -0.6314848480   0.8596489028  -0.4253695806   0.7794722057   1.4252120289   0.1523859760  -0.8602107581   0.1040963958   0.8422382116  -0.3455463761   2.2166876358  -0.2920057968  -1.5106973153  -0.2726016756  -1.0407338296  -0.2344020106   1.1403247715  -0.5357656379   0.3153177620  -0.5869924121  -0.1804504558   2.2319227867   1.1797487545   0.6567780468  -0.2020839856   0.7472507595  -0.6097856163  -0.3816652042  -0.0433540208  -1.1080596650   0.2979453615   1.8875973508   0.4840089014   0.9607696092
-0.0820313068   0.9803912933  -1.2468947846   0.5349319980   0.5449461931   0.1993134209  -0.9796362162  -0.6730079150  -0.5925034585   1.5241575716  -0.6259071876  -2.1859587741   1.4576462357   2.2942455643  -2.4570088359   1.2194998059   0.2331389253   0.1367304796  -0.1213238130  -1.1976535659   0.5950148734  -1.0522869292   0.9220773271  -0.0535959878   0.2257457530  -0.1686628557  -1.7186951980  -2.2728987304  -0.7466171326  -1.0016096116  -1.2513356414  -0.6294935659  -0.7747809425   0.0991513387   0.3666567955   2.0845724299   2.8243526594   1.3859992874  -0.5406296691  -1.5593039631
-0.3836084906   0.0947481476  -1.6011271915  -0.1877659493   0.4816774807  -0.8266036523   1.3180085616   0.2969044221   0.1165084601  -1.5976007130  -0.2602243921  -0.6180091047  -0.5596993859  -0.6307814324  -0.0875928506   0.7253701927  -0.6673163915   1.3706091871  -0.8530704383   0.1552819987  -0.0683727470  -1.5115335145   0.9187698159   0.7431455032   0.4024496028  -1.1158346533  -0.7001830102  -1.1498199168  -1.3187250194  -0.4730284830  -0.4379834175   0.6468587174  -0.9722766207   1.3123497777  -1.8009855977   1.6427982610   3.9246837639  -2.4062685116  -0.6046710703   0.3229046004
 0.9797033174   0.3881894707   0.4799529520  -0.9542824730  -0.2621892535   1.5522935307  -1.0508729488  -1.4299780633  -1.4534457350   2.1449354785   0.7747266894   2.3198669158  -0.2881838748  -0.0511279872  -0.7942415349  -0.1225326267  -0.1298889053  -1.0168042720  -1.1294796733  -1.2768760853  -1.3029943435   1.0013727415   0.2365680918  -1.4291220972   1.8056291427   1.3836682466   0.4968734787   1.6525459455   1.3362392870  -0.7360615306   0.7155928942  -0.3551356247  -0.1692277183  -0.2121418876  -0.8858252482   1.8581779210  -1.0062826684   1.0699885227  -1.7399475803  -0.1242913226
-1.5007661912   1.1316667215  -1.0375786223   0.8996053576   1.2037101623   1.0008687212  -0.7448460611   1.3323995540  -0.2355981666   1.9512853684   0.8042219357   1.4137577184   0.5275746630  -1.0868293047   0.2879876244   1.0397883648  -1.4243418327  -2.2994800470   2.3298737690  -0.2194216428  -0.5588330966  -0.2520550392  -0.9932336754   0.1951437848  -1.6681878645   0.5833492611   0.3821999898  -1.4027901093  -0.5558259019   0.2565233080  -1.5009533343  -1.1978433540   0.1254551295  -0.5470695405  -1.1132745762   1.5226798884   0.3108266712  -0.9067731499  -0.3169087064   1.4513217028
 0.0739146575   0.4711189327   0.4775151384  -0.5484214960   0.1621066204   0.4043290696  -1.0657075502  -1.3256702097  -0.7727627731  -0.2985800992  -0.4934315321  -0.5925190281   0.0919627491   0.3613223421   0.0995611766   0.5022382690   0.7925196912  -0.2426407150   0.4547669759   0.4802112145   2.5204204672   0.2982701866   0.4252266727  -0.1982866478   0.3719039917  -1.3686909455  -1.1547473564   0.3685219604  -1.1519104430   0.2247643104  -1.0666774210   2.4943243284  -0.2784354222   0.6601417957   0.0310190159   0.9512536298  -1.2087279030  -0.1103837724   0.3948239306  -1.5020405092
-0.1410424556   1.0952180154  -0.9283494634   2.0014301173   0.0087248075  -0.9964924416  -0.3160066607   0.1060341540  -0.8878255460   0.0764595113   0.1925005127   0.6094785326  -0.7795262068   1.3927344991  -0.0716187696  -1.1917439964   1.4140860453   0.8173771811   0.0964197092   0.8362035869   1.4338182845  -0.0541348555   0.9953879807  -1.3314852002   0.6062534400  -0.3591035057  -0.0885368191   1.0708788117   0.5724555229   0.9231433165  -1.1225163926  -0.9545479567  -0.2075211979  -1.0600736628  -0.7416427844  -0.9663638843   1.4263755358   1.7878156091   0.5346125898  -0.3414615023
 0.5833978836  -2.4275730204  -0.2909562174  -0.1029734281  -1.1752729486   1.4321555476   0.2913657437   1.5212413574  -0.2173472644   1.7135429910   0.5779325344  -0.1599056791  -1.7738026369  -1.3061075350   1.5666387671   1.4300967757  -0.0331325013  -0.1581124455   0.6358039168  -1.4429617460   0.3607977004   1.6576081794  -0.9979966695  -1.6726093362  -0.0198694568   1.5054006854   1.1128209859   0.0065236585  -0.4474822163  -0.2060725273  -0.3339366168   1.1865856329   0.7319722180   0.6669850859   0.0665789048   0.9438545058  -0.3149915641   0.8251884794   0.6254418931  -0.3543690259
 0.7603948440  -0.2462975466  -0.1495602246  -0.1213967584  -0.2139051451   0.6002925195   0.3127301545   0.9773497532   0.1266584073  -1.0499159964   0.6909610205  -0.4083209282   0.9199601044   1.2475850784  -0.2918352246   1.0629472792  -1.1332450563   0.5857266548   2.0510464725  -0.4753847582  -0.8269482808  -0.1916782763  -0.0233577063   0.2696693688   0.3690378331   1.1336455359   1.4882285113  -1.1697830198  -0.5269722519  -0.0293304002   0.6634730763   1.6155312669   0.8795481239   0.8511542340   1.5431879370  -1.0221090947   0.0478823464   0.5484208156   0.6342822819  -0.1254389911
 1.2435913951   0.1618808196  -0.5678033750  -1.1114395562  -0.8759017457   1.2203906872   0.6943687637   1.4669736406  -0.1207043069   0.5569382223  -0.1164831808  -1.2269965003   0.0846499879  -0.5329546786  -1.0064457393  -0.6690229592   1.2927997598   0.7556994689   0.2924496580   0.4832529280  -1.1884023772   0.0231846466   0.7326562255   0.4258630186  -0.0920716552  -1.0754332659  -0.6721470170   0.8386244113  -0.3332885786   0.6753997600  -0.1047370903  -1.1587044362  -0.2571810111  -0.0452764492  -0.5903470157   1.5311127854   0.3094628703  -1.2462919073  -0.6683646898  -1.2658308647
-0.5708211822   0.4472322397  -0.2296064284  -0.6533213823  -0.0653861014   0.4032224591  -1.8116101579   0.2055925367   0.1139379229   1.5836509839  -1.4811540164   0.7299473429   0.0260488439   0.9307631412  -0.8143206047   0.3118594066   0.7183580172   0.1696882531  -0.1210824885  -0.0956649372  -0.2103524267  -0.3974139962  -0.4876278454  -1.1343591944  -1.2585810552   0.5555276343   2.5747563983  -0.0683462484   0.3008208557   0.1672847296   0.0159044665  -1.5723149606   0.4798002511  -1.1829313957   2.1251065779   2.3087201732  -1.2117016613   1.4617666545   1.6981286507   1.9106115837
 1.0100135691   0.4158815618   0.3633421541   1.2825782604  -0.2458747297   1.8188921746   0.9603390617   0.7906769339  -0.9874077000   0.3075407999  -0.7046853946  -0.6743618187  -0.7761465026  -0.3637695693  -1.8279268893   1.4854280378  -2.8779252468  -0.6173836392  -1.8332667210  -0.7412943838   2.7626339255   1.2646966434  -0.4896075508  -0.4547578158  -0.5931338991  -1.5031399008  -0.3733002033  -1.8111603824   0.1260824372  -1.9257354078  -1.0914309712   1.5605926628  -0.0981613698  -0.0967459994   1.3392758101  -0.6566307851  -0.1749503036  -0.1407665604   0.3936299638  -1.5503042649
 0.5202959596  -1.5353837710  -0.5542531757  -2.2627290227   0.0416703511  -1.9373286093   0.8383554769  -0.8725377812  -0.5239725181   0.1279470603   0.2659355023   1.5085569485  -0.3213563303  -0.7671068257  -0.8139509944  -1.6764538375   0.3639227351  -0.7922535935   0.0681007371   1.3261573842   1.0786497969   2.1440916564   0.4937268852   1.1069837362  -0.1855039298  -0.8494010030  -0.0988759775   0.4901041851  -0.3562138421   0.7641875092   0.8385311646  -1.2193527174   0.4452124671  -0.3366709612   0.7665277172  -1.7997243519   0.1066367680  -0.9313546146   0.5028932418   0.6259948879
 0.3841941537   2.0914682176   1.5661091215  -1.7516548726   1.3293296046   0.2990463568   0.2821783613   2.3626382528   0.3130195502   0.5760266415   0.9981673616   1.4301536147   0.2469998317   0.3447226709   0.2220773335  -0.7067894123   1.0359588367   0.7943175509  -0.0065722142   0.4667474314  -0.3918376804   0.0732227678  -0.4486481371  -1.3447330155  -0.4712349620   0.5813331446   2.3074451199  -1.3477994326  -1.0125777072   0.6354538070   0.0728896502   0.5115590762   1.6659156834  -1.4146953524   0.1631021099  -0.7162868285  -0.2415013842   0.6490292409   1.6205778414  -0.3525622778
-0.6284409610   0.5099160325  -0.8857829896   0.8948694001  -0.7597022956   0.9735415403   0.0060117441   0.2402775149   0.1774998938   0.3864768681   0.9062034155   0.3934517398   0.3655826015  -0.2849709202  -0.4875402003  -0.8203836241  -0.0815529530  -0.3729060891   1.9677181347  -1.2360529690  -0.8089241795  -1.6810905206   0.0942382384  -0.6845947891  -1.5797591948  -2.0505187304   1.0912907204  -0.0568790553   2.1423653653   1.0356024363   0.5604905181   0.9390567196  -1.1140091066  -1.6877277922  -0.7722747924  -0.5177918722   0.5159523998   0.2826846169  -1.2552810674   1.2084492322
-1.8054500259   1.3634319131  -0.8017468758  -1.3252000820   0.9496494708   1.1597107127   1.3335157482  -0.9096796589   0.4047783543   0.0663963861   0.8106012779   0.0915801706  -0.2926612283   0.2802668001  -1.6442146471   0.8467521269   1.2871443446  -2.0093548781  -1.8988867805  -0.7169904800   1.9048609920   0.9913812231   0.9360384233   0.5429464877  -0.5356671446  -0.0782297281   0.0897659549   0.6110649084  -0.1438185943   0.9604413726   1.6570706099   0.0375187317   0.2162583885  -0.7192834819  -0.1542486106  -1.5498040454   0.4961270511   2.1835201524   1.1237883262  -0.0670118636
 0.1564375832   0.4361552753   0.5626126458  -0.4099581835   0.2334800158  -0.0647001324  -0.7507942006   2.3539475102  -0.4849332357   0.9119810360  -0.5091382244   0.6193662856  -0.7443069837  -1.3471190831   0.1168933876   0.5840171398   0.2508536526  -0.6584495716   0.1515823098  -0.1368205692   0.7785561093   1.8491620362  -0.4471882822  -0.9222607606   0.6324353576   0.0131825291  -0.4003507323  -0.4693417060  -1.3516424668  -1.7905090473  -0.3858519443   0.3937345133  -0.4621876026   0.3943389046   0.1047554035  -0.1002483614   0.6900323559  -0.2266436492  -0.3084706623  -0.2662025282
-0.5968706822   0.1735414806  -0.5661816040  -0.4517229387  -0.2192557854  -1.5079148763   0.7285395988   0.2535460366  -3.0878200233  -0.1340277251   0.6651669254  -1.7361161831  -0.7541527072   0.6097784225   0.0591384503   0.9518169171   1.7283815481  -1.8611693061  -1.6122691975   0.8491724388  -1.8888439707   0.8563527710  -0.5568491551   0.1677469840  -0.3179881194   0.9866064206   0.3236549367   1.5369667203   0.4025165261   0.4203425948  -1.4036330393   2.2411222712   0.0417607782  -0.9783615782   1.3209193189  -0.1546162088  -1.3975212939   0.0747299175   1.5420102773   0.3273068387
-1.3145092605   0.0215555773  -0.7577480115   0.4773413014   0.3342071549   1.4180008572   0.9857814141   0.0664255198   1.6444979200   0.0134404463  -0.4193895004   0.2311268509   1.1350481692   0.3472940999  -0.1136382529   0.5097129095   0.6253330170   0.7661835543  -0.3073380380   0.5563534242  -1.0087288010   0.8972735731   1.1613543759  -1.3521578118   0.8763318307  -0.4638878916   0.7419270091   1.3246651489  -0.7371861872   1.4383451848  -0.5006931281  -0.0854776402  -1.9611307538  -0.9427313639  -0.8053012076  -0.9565367967  -1.9080916557  -0.4388106731   1.5798630067  -0.9394011768
-0.7314569080   1.4638632909   1.6196945683   1.7618610446   1.1869516400  -0.2720410610   0.8855405931  -0.3996471875   1.3616255108  -0.1961506149  -1.2005144340   0.6531111667   1.7002544983  -1.1356282084  -0.2278619596  -0.8892652297   0.9459591579  -0.7475725036  -1.6522858309   0.5210488412  -0.6892903261   0.0157943479   0.0360665153   0.9487883692   1.8779400795   1.5405842299  -0.7083323565   0.7381539739   1.0315111682   0.5667047020  -0.2467259447  -0.3920043053   0.7453102273  -0.9169329085   0.6413304843  -1.6802171689   1.7848568568   0.4161969406  -1.1928978709  -0.7318372199
-2.2198475262  -0.0596108828   0.1922143063   0.6699128025   0.1372943605  -1.5862529256   0.6370670376  -0.1237823465   2.0474930652  -1.7600601207  -1.6561017079  -1.8221027061   0.2901499499   1.8298716498   0.1383156124   0.5709241872   0.5507084435   1.0576244331  -1.1713432839  -0.6552454821  -2.0488044036   0.7667405574  -0.6366859599  -0.6081259857  -0.0558964341  -0.4574842499  -0.3637648685  -1.0892273345  -0.6493635619   0.7725608560   1.9707226678   0.4361841898  -0.6344446149  -1.0850799534   1.0096432235  -0.1506397730  -0.7995102324   2.2648558711  -0.2660357895  -0.4701053271
 0.5618376458  -0.5774414572   0.3417977311   1.1089548450   0.2474985340  -0.8057228866   0.2258064969   1.2185472138   0.3171546519   0.6041394279   0.2029370548  -0.2575545445   0.4622369238  -3.7083968758  -0.7316372850   0.2953116022   1.3947838233  -0.2485499339  -1.6342260878  -0.1822594609   0.5122628703  -0.8869444298   0.9802521766  -0.1371574729   0.4896782808   1.0735990291   1.0262232442   1.8858869779   0.5947941420  -1.0041625895   0.5191458711   0.5464288978   1.6152352447   0.2270602190  -2.1233585317  -1.3922028055   0.1224920912  -0.8249899411  -1.4804774881  -1.3613819120
-1.0768717941  -0.4007057394  -0.1185881268   1.8969939246   0.3153479499   0.4940937531   1.8674291585   0.0650730271   0.3861615268   1.2229043463  -1.2897585312   1.6731970617  -0.7258896497  -0.4004343104  -1.5056466041   1.7238984904  -0.0884323502  -0.7962431307  -1.8578808517  -1.4516715280   0.6879517016  -0.0939906166   1.2081123432  -0.0702741835  -0.8104601560   0.2151493890   1.7257206210   1.1087521316   1.2281889440  -1.2237633497   0.7798770856   0.2720282649   0.5962063740  -1.2415642475  -0.0170171859  -0.8145202994  -0.4089920225  -0.1335761607   1.5423413887   0.1341658037
-0.7587760967   1.8034856463   1.2554605094   1.0115988619  -1.0920481397   0.9771078661   0.9684158957  -0.1514708879  -0.0449117721  -0.3796144501   0.5034461908  -0.7500975671   0.3560446187   0.1670874062  -0.5643505484   1.3785356754   0.4884707255   0.3406558141  -0.1762756702  -1.6738449727   0.3570668237  -0.8618305687  -0.3542791764  -0.0565291507   0.2654839363   2.2753911154   1.5758717992   0.8010288171  -0.5304989824   0.2169792150  -1.3738750802   2.4412557877  -0.5229936839   0.3444493746  -0.0490646354  -0.0136746886  -0.0345824490  -0.0321328603  -0.2548334273   0.4740644882
-0.9101529120  -0.7915011233   0.8556276688   0.2648555318  -0.0498886278   0.3019653462  -1.4930559259   1.1647428445  -0.3525979552  -2.1955257478  -0.9932738716   0.1695485570  -1.4068857680   1.3033556544   1.6954945009  -0.2297627642  -0.2390529134   0.4373863525  -0.9002118370   0.1509055517   1.4545543635  -1.0608461293   0.4639020052  -0.8772612954  -0.4005670921   0.7721782444  -1.3389284646  -0.0630440214  -0.6794870949  -0.9843187329  -1.2992051559  -0.9005235927  -1.4877469777   0.2631285764  -0.7658008122  -0.4016223394   0.4319256652   0.8213338647  -1.2600434402   0.0874892857
 0.5722497949  -0.3179998242  -0.2475601742  -1.2121158344   0.0380649427  -0.2723881005  -0.3993394033   0.1331369819  -0.2812141860   0.1272647648   0.8746080002   0.0628998303   0.7195983824   0.2633173760   0.6143110627   1.8130160793  -1.3371330014   0.2043155840   0.0991964239  -0.9312729316  -0.2532173534   0.6701530844   0.0145850496  -0.6234804107   1.1517151048   0.6144578800   0.3279616825  -0.0677766398  -0.0520629859   0.1062750548  -0.4899884275   0.8263701741   0.1269129191   0.1907400969  -1.3057865565   1.7424714578  -0.8700567663  -0.1033914454   0.5671774671   0.4637896115
 0.2804717971   1.2409206809   0.1710222160   0.0086933509   0.4222601610  -0.6067828213   0.0922627553   0.5692861952  -2.1175808685   0.1212392723   0.8207574419  -0.6821823597   0.9230614938  -0.1523217046   0.0584698459   0.3837552246  -0.7885752708   0.5836984419  -0.8750480429  -0.7391746193   0.4627853881   1.3350170773  -1.8477647049   0.9910067735   0.7052508892   1.5709027383  -0.7775438509   0.3123814057  -0.9288971380   0.5080018484   0.1098593431  -1.0741449635   2.5636884818  -0.3119315035   0.0322821072   0.1045308585  -0.4355283652   1.4619839938  -0.3577215559  -0.1872532914
 0.6115482632   0.6902324013  -0.7710331725   0.3989093602   1.2706229965  -0.2228495325   1.7644915609  -0.6814371809   1.3994510549   0.7325070779  -0.6355095762   0.5649674011   0.0998386205   1.5885102240   2.2266163584  -0.2806654776   1.0156251156   2.5289762276  -0.9715699817  -1.3627014704  -0.8348888164   0.3948966684   0.5337010845   1.3672725204   0.5271608971  -1.1867455259   0.6070596613  -1.9995877857  -1.2554754340   0.8979984140   0.2035256362   1.6118305359   0.8719093279  -0.4932077512  -1.6191173574   0.7379727749  -0.6202116211  -0.3482912343   0.8976181072  -0.1333462324
-0.5238845657  -0.7320875054   0.5879294290   1.3096278236  -0.6463913165   0.1237911745   0.9767761742   0.8277114907  -0.2243853545   0.1397247150   0.7762492305  -0.5410294930  -0.1058068692   0.4286615069   0.4345192466   0.1755724204  -1.3453004303   0.6897943695  -1.2014877237   0.2196848311   1.5074700259   1.7758652173   1.1574265490  -0.0482357581   0.5741683078   0.6357620318  -0.1117107050  -0.2066292607   1.4152272825  -0.3527246132   1.7447374500   0.9017799437   1.5742987779  -0.1573375675  -0.2375980334  -1.8502771508  -1.0168125526   1.5206197934   0.5139858919  -1.1628262061
s2
 2.0981444090
 0.9204172642
 0.2690909859
-0.4779132132
-1.7343749059
 0.1094225002
 1.2960195725
 0.0377165473
 1.0446618127
 0.7836842097
-0.6670445195
-0.3978753524
 0.6276576992
 1.0488138418
 0.6185863570
 0.7203938828
-0.8548256270
 0.3749177377
 0.6796531190
-1.3935483064
-2.0091425331
-0.3214637596
 0.7537810459
-1.6169572666
 2.4604868277
-0.0787532606
-1.0388153896
 0.4362751389
-1.0431457482
 0.5766146955
-0.4843985188
 0.5550974806
-0.6793311414
 0.0123376225
 1.4122783271
 1.0179538767
 0.8685542239
 0.6359017677
-0.0149985681
-0.3013912302
w3
-0.6538024629  0.8830356023  -1.0141069826  -0.3942524786  0.6070589410  0.0914586839  0.1274065327  -0.6302406303  1.0796228499  -1.2153751901  -0.9463784038  0.4084563770  -0.3983793647  -1.3424816950  -0.7607336785  0.5917713268  2.0415864663  0.4895853499  -0.3796173783  0.4124669608  1.7149508843  0.8727460790  -0.4214979718  1.0909932926  0.3059750159  -0.8988595946  0.7656043270  -1.6427744007  1.6145421092  1.1435473112  1.0869562485  0.0164031860  0.6028805916  -0.3849768667  -1.2487268443  0.3292841059  0.7208500338  0.2238606831  -0.2059096503  -0.2321840492
s3
2.0981444090

