layers: 6
str: {2,40,40,40,40,1}
w1
 2.7648841810  -1.2028253330
 0.4914861844  -1.0763118753
 0.8836994532  -0.9193775983
-0.5084125158   1.2318493332
-0.6237152130  -1.6143985564
-0.2398592037  -0.2989165229
-0.0171488579  -0.1858807298
 0.0132106669   1.3114565396
-0.1976185374  -0.8707657173
-0.0716172863   0.2076829191
-0.0094739415  -2.4433631545
-0.0876955077  -1.2560092260
-0.3453576552   0.3242118207
 0.1986480510  -0.2162238620
 0.9878335118   0.1827084914
 0.6194333087   0.4847896057
-1.3870924445  -0.2759708637
 0.3769114062   1.2146057618
-0.1073276847  -0.9668439514
-0.0554718421   0.2960820472
 0.9366969881   2.4229178751
 0.2928088298   1.3394243506
-0.1731761197  -0.8441293908
 1.0535216370   0.5855912018
 0.7879375428  -0.1072920708
 0.2239311567  -1.5664488377
 1.0677988338   0.1897319630
-0.0854490441  -0.0706010087
-0.7649956370  -0.8645228407
-0.5512633532  -0.1068418488
 2.2928937803   0.0665997099
-3.3448403633  -1.3984405445
-0.5300072682  -0.3383996815
 0.2821068417  -0.6951115967
 0.8240094359   1.0738786416
 0.6175578012  -2.3922477205
-1.2710842525   1.1775027234
 0.2945211160  -0.1586881535
 1.1545656651   0.2188822925
 0.9303380800  -0.6107198804
s1
 1.4025661903
-0.4958367014
-0.6625267224
-0.3275726688
 1.3746126045
-0.2477398134
-0.2451497099
 0.0049894374
-0.7846281156
-1.4679788647
 0.7745449064
-1.0093472573
 0.2371105173
-0.4212832594
-0.6218030806
-0.2402801897
-0.8824180409
 1.2000757923
 0.2112412576
 0.5872109808
-0.6199504526
 0.2967486276
-0.4250926692
 0.9350969088
 0.8485779123
 1.1066952467
 0.2770763809
-0.6073564788
-1.7292854498
-0.0016107088
 0.5351668707
 0.0649818727
-0.3770334708
-0.0089564942
-2.1352463674
-0.1941430287
 1.5189565143
 1.2810941244
 1.9666320684
-1.3945893971
w2
 0.4947104404  -0.0219828432  -0.7910417967   0.7235653225  -0.3311582738   0.2334757839   0.4902362359  -1.0697603144   1.0380695330   1.3191242819   0.8442362667  -1.0280149343   0.7449242337  -0.0132652937  -0.2897527941   0.5968468953   0.4326025382  -0.0505995948   0.2178909052  -1.4836585717   0.8720054778   0.1662179756  -0.2077036438  -0.2580002271   0.5874702327   0.2347585026  -0.3035551654  -0.4638030160   0.3042071000   0.5484937130  -0.8031004445   2.4752750975   1.7545158030  -1.1181257278   0.6131869493  -0.1764425517  -0.5940606145   1.2220039192   1.0514123895   0.7047044105
 1.8544115286  -0.4619011838  -2.0406125392   0.5401680488   0.5062463233   0.2281463752  -0.6323344438   0.3124749940  -0.3380651329   1.4187616979   0.0071102749   0.1381383794   1.3785207504   1.1918295611   0.7272994834   0.1062912729   0.7315778668  -0.2476584085  -0.7060512434   0.0756914323  -0.9208211599   1.8438078643  -0.3859856272   0.8121697790   0.6223388647   0.0585406782   0.1600193942   1.2833769311  -0.7779542698  -0.9850351180  -1.2128842195   0.5741576560  -0.1879863966   1.5932810213  -0.6399294942   0.3818925266   0.2081810185  -0.0464715947   0.2261359777   0.1134089530
 0.6323773228   0.1659417719   0.4402241577   1.3060531012   0.6310356519  -0.5200599917   1.6933530949  -0.9285144282   0.6452491240  -0.9171295742   1.4136583228   1.8047197913  -0.4338148057  -0.9557221711  -0.7354104487  -0.3866297330  -0.6165615059  -0.8952551244   0.3268971222   0.1005420711   0.4671160614  -1.8189055090  -0.0457310580   0.6513621609   1.8148036069   0.2488854567   0.6383296551   1.1190592842   1.1694113892  -0.6259044050  -1.2760293122  -0.8230995062   0.1696764949   0.3110262103   2.1989139208  -0.1055354324   2.3001491288  -2.1177724369   0.9951341889  -0.8143383173
 0.7216743157   0.1398874124   1.2849546331  -0.3935338249   1.1605791372   0.7102619423  -1.4638104010   2.2683914571   2.0608490968  -0.3065618144  -0.5966035133   1.7272838119  -0.9631827018  -0.3609627205  -0.2145605025  -0.7677899972  -0.9442230030   0.4992060572   0.0760184945   0.0866369439   0.7252888752   0.2774592268   1.1205970560  -0.9890020208  -0.3879086011   0.1548862977   2.2845177847   0.8869670623   0.5522522095  -1.6780405050   0.1350032908   0.5269303778   0.5017629202  -1.2472348675   0.4738131973   0.1984060326   0.9278100244   0.9151546488   0.1223561214  -0.8825730860
 2.3717617259  -0.3468774112  -1.0478252865   0.9983123111  -0.5213728323   0.4665365160  -1.8125859417   0.6024263547   0.3151674192  -1.3650502180  -0.0096609147  -0.3217171567  -0.2718025259  -0.3071983637  -0.5096630544  -0.6752837769  -1.8194026233  -1.0303743817  -1.0617578274  -1.6182866384  -0.5673761053  -0.8824175999  -0.3221433334  -0.3725325932   0.6033891801  -0.6513365761  -0.1313664219  -1.3888772397  -0.4738168867  -0.1182771398  -0.7222964922  -0.9379105392  -1.2332254450   0.8441909646   0.1273395212   1.0829612757   1.4560037647  -0.1521958027   0.1465948911   1.2882203003
 1.9285437833  -0.3245001426  -0.4005973409   1.5896273041   1.8189282912   0.3690917330  -0.1706370588   0.2408529061   0.7064819805   1.8205516216   0.4373019350  -1.1552214626   0.3420827804   0.1193022906  -0.1250971901  -1.8748935681   1.5315904581  -0.0694228451   0.8598308075  -1.0713188894   0.3317885468  -0.6186278827  -0.3802676627  -0.8622531874   0.9375819262   0.8583202259  -1.0595741796  -0.7771542766   1.5020695421   0.3597630225   1.9482712437  -0.3605582932  -0.0183239503   1.0278364620   1.4279530753  -0.7758829286  -0.5649935948  -1.7809803467  -1.5305302406  -0.2384377809
 1.2846400920   1.8376944407   0.1640006710   1.0099687991   2.6086782660   1.3457161987   1.0166370322   1.1620305445  -1.1422592562  -0.8986030702   0.1490878893   0.0660647919   0.0878299756  -0.0946351256   0.2368809016  -1.1402486673  -0.0112105100   0.3254459479   1.0191058941   0.6973236001  -1.3478751912  -0.1113563013  -1.0986629446  -0.0561955255   0.7565729988   1.4470852930  -1.5782441990   1.1130249150  -1.6846720936   0.5052867304   0.3062948284  -0.4973870122  -1.3369190847  -0.9214230431   1.6023982881   0.7056292549   0.5130745140   0.6796767650   0.7439923229   1.3760405182
 0.8536341708  -0.0180384156   0.7646077725   0.2802123473   1.4133700203  -1.8678422621   0.6417538727   1.1200191707   0.5317322467   0.6098983923   0.4461467348  -0.5231751508   0.9839294213   1.9815419504   1.1359011456  -0.9322496802   0.3252518722  -0.4725078434   1.4493979921  -1.2691461065  -0.5143889082  -1.4272530708   1.6941505396   0.9981781884   2.1697552889  -0.6968647427   0.1557772516  -1.4814183509  -0.5652933884  -0.3600426683  -0.3991256557  -0.7147983884  -1.0009541911   0.0862680497   0.6001494327   0.9015768181   1.1225502963  -1.7349477102   0.7394159308   2.1431874634
-0.1800987809  -0.8877063104  -0.8834293575   0.0838458824  -1.0044408912  -0.2343217815   1.0910596715  -0.4396248591  -0.1974581464  -1.8047742234   2.5345499819   0.4876299855  -0.2991021867   0.7200306701   1.1353723636  -0.8834480159  -1.2134756282   0.0243553606  -0.0074964978  -0.1484662288   1.0139430338  -1.9553729663  -1.2501795463   0.2484525476   1.2267110407  -0.8172038877  -2.1009848096  -1.2023548437   0.0230003811  -0.1241742255  -1.2429681724  -0.7661866474   0.6177956495   1.4066553819  -0.1303238700  -1.4116316496  -0.9538854389   1.6430797667  -0.8122768948  -0.7917055070
-0.1122003453   0.1166085530  -2.1751381785   0.7566338822   0.4914763812  -1.7393785443   1.6173271898   1.9805353293  -0.3036115323   0.4911209853  -0.3545264981   0.6819850629  -0.3427710579   0.8964755806  -0.4347166882  -0.2353756118   1.0700671998   2.0326795382   0.7856028174   0.3476358927   0.3358946180  -1.0557403490   1.0935490631   0.2963876914  -1.3788987743  -0.4750104189   0.4915566071   0.0779412773  -0.0236916548  -1.0392642416   0.4466721999   1.0425524648   1.4884608103  -0.2514285850   1.6784384878  -0.3330812546  -1.2530158839  -1.5299477990   0.0194169930  -1.5830459864
-0.4989324575  -0.4914067457   1.9020924540   0.6345322651  -0.7184943780   0.0070091445  -0.5556159217  -0.0697803419  -0.6482640808   1.0945746312   2.0239976700  -0.0222818956   2.6801227437   0.7550112688  -0.1484408122  -0.0285851390   1.3366806550  -0.1932278986   1.5499098013  -0.2408766572   0.5736497991   0.7473715227  -1.1907968684   0.3542906037  -2.1317866549   1.3161609203  -0.0226846467  -0.0770710796   1.1686761243  -2.1975039535   0.5408676670  -1.5183289579   1.0897056004   0.7580230359  -0.1152715277   0.8786269309   1.5087022835   1.1047424200   0.3300134299  -0.0854641824
 0.4145843843  -1.6000716795  -0.4621239353   0.5530425997   0.4221476071  -0.4789279467  -2.0883923610  -0.9924890684   0.4888714698   0.6532993095  -0.6024929993   0.3612530313  -1.2888642789   1.3999631226   1.3038749237  -1.0126552405   1.6498222511  -0.7310801793   1.1523084037   1.7028519300   0.4178519257  -0.4435529910  -1.5431809068   0.9247452413   0.5954946768   0.1887867732   0.6003842107  -0.8566772452  -1.2121956971  -0.2879131951   1.1674202827  -1.4373726150  -0.0078582659  -0.3512661277  -2.2986961944  -0.7645134195   0.9696538551   0.7326724365   0.7700620170   0.8582670116
 0.8168283633  -1.8731923102   1.5410270728  -1.0418904412  -0.9658385890  -1.6059328383  -0.8908645603  -1.3363706375  -0.6488441072  -0.5651679476   0.1842104945  -1.5332065606  -2.1059793849   0.8652586516   0.6800437969  -0.7242232300   0.6110370236   0.7679258978   0.6941585877  -0.9854274046  -0.0039297180  -0.2011403089   0.3064850103  -1.2516320323  -0.4481422925  -0.1517150250   0.7940391637   0.6680986966   0.5966024556  -0.3743826710   0.1511858709  -0.8907263422  -1.1768256628   0.6896377353  -0.4245849260  -0.8207828415  -1.6002332899   0.0640880854  -0.2010210650  -0.6062977296
-1.0547045284  -0.5705477705  -0.9551741524   0.9357157485  -0.3514357405   0.4984666970   0.3752498835   0.6534947320  -1.0532463208   1.4954927047  -0.5359290410   0.9941486309   0.9262164051   0.0018673562   0.6780263789  -0.0559228233  -0.6570022870   0.9611770501  -0.6857939532   0.1070507795  -1.5903368923   0.5478004976   0.6615575347  -0.5511218619  -0.1054133154   0.5039395107  -0.8844400064  -0.9566759259   0.7286405479  -1.2337430044   0.1589168427  -0.7375327661   0.3635219896   0.2409352701   1.5999007283  -0.6493419898  -0.9371774707   2.3884979097   0.2987396377   0.4630729459
 0.4444949582  -2.0989979775   0.4418075953  -0.6681795629   0.4069233655   0.0489864178  -1.3780338609   0.6036807920  -1.3217301182   0.5575045437   0.2812564942   0.4239469825  -1.4416619860   1.0658088342  -0.2546947360  -0.2635649131   0.0210092687   0.8912890195  -1.1611697211  -0.7765036425  -0.1305510084  -1.1990886942  -1.0883804982  -1.2434694100   0.2199776969   0.3332236052  -0.8544273796  -0.4091797404  -0.4679501622   0.9423025399   0.2836054713   0.1524676659   0.8217569881  -0.7431534698   1.8956151813  -1.3028260760   1.0224210231   0.8044419943   0.9827979588  -0.8011732918
-1.3213396666  -0.5730070496   0.0627334580   0.0828483084  -0.5690842313  -0.1685109749   1.1180295643   0.4190418568   0.7764923118   0.0182461262  -1.0365216015   1.6433071985   0.2815944196   2.1424964697   2.6315460893   0.1899173773   1.0870254209  -0.6532871175  -1.1299405309   0.2809360456   0.6777563678   0.6875966112   1.0694567581   1.5243017125   0.9117329311  -0.4649922708   0.5102774322  -1.7585646987   0.7030626848  -0.4158832135  -1.3533583311   0.0134188803  -0.3075595264   0.4341614111   0.7651696419   0.8568980454  -0.1310014975  -0.4471967458  -1.0492011859   0.3116264195
-0.8027187870   2.3717523480   0.1102630799   1.0551128439   0.5783586596  -0.3665805519   1.7782399269   0.8399035671  -0.5648013431   0.7089693241  -1.7175257254  -0.5334493167   0.0549171967   1.1124476074   0.1105864168   1.2852464998  -0.9668717760   1.2290355654   0.5630282524  -0.4466945265  -0.4550076911   0.0503023989   1.1797161585   0.5916274188  -0.3645575928  -1.1917720838  -0.0605524609  -1.7460679356   1.0860038409   1.1114977285  -0.5071445031   1.1756893145   0.5173094876  -0.9034778002   1.1631840780  -0.8897929350  -1.0249170337   1.5266978777   0.8219202879  -0.1749246381
-1.4080682450   0.8580024623   0.1889334927   0.6189295562   2.3572359943   0.8651641260  -0.5370754568   0.0112206125  -2.8087287116   0.3975113106  -0.4396171963  -1.0875989602   0.2682262527   0.5267872337  -1.4798414226  -0.2526873197  -0.8742371772  -1.0011326588  -0.1698545668   1.3048874821  -0.5582844084  -1.1750378406   0.3103641750  -1.7753746694   0.7223388545  -0.1920684111  -0.0449500572   0.0893136102   0.2030468931  -0.6375005979  -0.6162588774  -0.1927369855  -0.2035220882   1.2228076929   0.0418327866   1.2265649050  -0.7476321062   1.2643725699   0.2531309139   0.9192744951
 0.4224164312  -0.0764535600   0.7081974655   0.3959596027  -0.5165140179  -0.5720772712  -2.6489522976  -0.3624292322   0.2663579403  -0.4482586646  -0.4990357487   1.5541475068  -0.9828843915   0.9462400677  -0.2364799607   1.1708650724   0.6669508297  -1.2684327929   0.7074236164   0.8662158547   0.0543278267   0.4985162492   0.8381621597   0.6608091181  -0.2473529362   0.8654681424  -0.6595287014  -0.0108752479  -1.0243988003  -0.4449550931   1.4681159890   0.4028676108  -0.2728244918  -1.2761553730  -0.1260552586  -1.1812599794   1.3167514986   0.9594074784   1.5619868645   1.4185130950
 0.9347966083   0.5523195740  -0.1289466299  -0.7429445609   2.5411999682   0.5918823286  -0.0760427924  -0.2381033731   0.0383067775   0.3534090273  -1.2504440852   0.5152653038   0.0685509195  -1.5834796079   1.5870328889  -0.9038663055   1.3867941600  -0.2714569496  -0.1873243292   0.8336861129   0.7238117734  -0.5261241973  -0.6415593957   1.4050683810  -1.5839266487  -1.0731382922  -2.2617613681  -0.3014424438   1.3447222712   0.6288431657   0.3908581654   0.6189785827  -0.8641952337   0.3755239118  -0.1877360660  -0.4239332688  -1.8783298051  -0.9845252246  -0.3307809334   1.6605787386
-1.3698380180  -0.6264880988  -0.6726178874   0.6061123793   0.8162082997  -0.2288492529  -0.9954790669   0.6077170529  -0.0472423472  -0.4613618334  -2.0733256873   0.7993321458  -0.2582909078  -0.3615193900  -0.5116182980   0.1651257985   1.2860978399  -0.1061453474  -1.1388561082  -0.2343383780  -0.0728787140   0.2617279683  -1.1747469775  -1.2846050690  -0.3712291100  -0.1887109793   0.1838131506  -0.3141796850  -1.5375891315  -1.4507994152   0.3796633137   0.4932523611   0.4487800615   0.0266616520  -0.0899129003  -0.1357665068   0.5355991561  -0.1631951474  -0.1365757514  -1.4212899077
-1.8069206908   1.2694667060  -0.5955974653   0.4003406541  -0.5623880077   0.7778159746   0.4643472947  -1.9025989154   0.5095863621  -2.2815323244   0.0988843958   2.8901265827  -0.1062513254  -0.9682427313  -0.3220409990  -0.2122383717  -0.0353307434  -1.5628564379  -0.1495050462   0.0456165356   0.4817967803  -1.0007991427  -0.3675351232  -0.7720792705   1.5379482482   0.1908776151  -0.3796627148  -0.7343913631   0.3602971423  -2.2295064365   0.2884966171   1.1332784921   0.7952426198   0.0617096843  -0.7050074860   0.3506551381  -0.1841383267   0.1841185221   0.6022669185   0.5965855696
-0.4761187050  -0.0662300576   2.0542954674  -0.7334055751   0.2403530875   0.6518550644   0.1270645131  -0.0125060128   1.1610603879  -0.8641435889  -2.5412374876   1.1271791632   0.0784780541  -0.1447567978   1.5833633377   1.9999178504   0.3525529986  -1.7203722903   0.9167962947   0.3325274372  -0.4347516403   0.0045762950  -1.3894516886   0.4365295199   0.1577495017  -0.5325262174  -0.9356326604   0.3955419519   0.7243437384  -0.1912890082  -0.5176839185   0.1314873404  -0.2395181579  -0.9150958506   1.0565742264   0.3969397556   0.1036928602   0.9240291574   1.2961633789  -1.7963852068
 0.6915035065  -1.7122583315  -1.8669870040  -1.7940056163   0.7218980410  -0.9744559870  -0.4786179386  -0.0065083982   1.7279702865   1.1428846371  -0.0640991510   1.4704543682  -2.3317343850   0.8801504604  -0.4774758093   1.0728914877   0.6359101407   0.2847588579   0.6727320156  -0.8031737994   2.0974182090  -0.1312735905  -0.2706917644   0.3787402864   0.3718818696   0.4594977139  -0.6814280334  -0.2579394326  -0.2040046576  -0.3437599252  -0.9038279369  -1.3271896376  -1.7693526217   0.8624202509   0.5789696968  -0.0532962683   0.3612821870   0.2272954464  -0.1043922621  -2.3007613054
-1.4944101596   0.8874759038   0.7579981401  -0.8378099272  -0.2531880452  -0.0667085078   0.2316109462  -0.0596987404   2.4707159933   0.3854575350  -2.8327808163   0.0619149013  -0.5412349424  -0.6856010517   0.8028336703  -0.7656043258  -1.5600388912   0.4926523793   0.0307858431  -0.3038522436  -0.1705564870   0.2101785429  -0.4516708736  -0.2302526258   0.8562511736   0.1604316105   1.2444601949  -0.4053328465   1.2493470405  -0.9376703827   0.7534682672  -0.1154051086   0.6122728630  -0.8924294833  -0.2479872256  -0.8918464197  -0.9786692249  -0.3093631002  -0.4986440130   1.3630852041
 0.9034172870   0.5994455050   1.2750136757  -0.3598126270  -1.4283248538   0.7365146135  -0.3451157074   1.3361264294  -0.2478130931   0.1246616756  -0.6704990392   0.0631299602   0.3731034277   1.3736834426  -0.3110425446   0.0111156976  -0.4110897630  -0.5092239676   0.1600680610  -0.6915689602  -0.6546768195   2.0265488285   0.0156592834   0.4703051747  -0.9894597260   1.6629104525   0.3017187617  -0.8131740613   0.6111650579   0.1875512975  -1.1835818199   0.7133245278  -0.5088643955   0.7417936662   0.6283300899   0.1226016536   1.1039535389   0.1192520821  -0.8788225628  -0.6256461330
 1.5269415998   0.2449200749  -0.3859896260  -0.1743186878  -0.1884447116   0.7899111920   0.6851496029   0.3947820182  -0.9986822326  -0.1017219432  -0.3046171558   0.8567108893  -1.6802841344  -1.5389998270   1.5969658616  -2.6014071013  -0.5541345595   1.2924785459  -1.0595513797   1.2012881210  -0.3061464552   0.4283038559  -0.7783343562   0.3560909346  -0.6130694340  -0.4220812077   1.1205230199  -1.1375525983  -0.1453122703  -1.8217045588  -0.8315183457  -1.1855818131  -2.1359730656   0.5712157582   0.5590477763   0.5574995537  -1.1631467527   0.4569303870  -0.3020020522  -0.0472048656
 1.2749002642   1.0721039974  -0.8186277965   0.9650548255  -0.9708524078  -2.2732013605   1.9283817146  -0.0334437584   0.2796187962   0.4341482280   1.0072838596  -0.6944357359  -0.3274296676  -0.5508270838   0.1938747204   0.9929647129  -0.6370924259   0.7983576523   1.0054425464  -0.1828301677  -0.9376905551   0.5282874999  -0.4030356307   1.5392083342  -0.3390295218   0.1084762124  -1.1417609420  -1.1106922088   0.5848921293  -0.0261082504   0.9615418853  -0.9269131001  -0.5419101239   1.4630247786   0.7054925846   0.9350011029  -1.9815523891   1.3181197397   1.7372710334   0.7373315910
-0.8061022402  -0.1984923307   0.4835435568   0.1391928113  -1.0949247520   0.1145724418   0.5431125951   0.0064492638   0.4647849850  -0.6847439362   0.5806053650   1.7775787449   0.8034128271  -0.4800165039  -1.2086513903  -0.2942489228   0.1476036557  -1.1473654821   0.3961689651   0.0872533276   0.7275645073  -2.0137367773   0.2433622463  -0.0738098745  -0.1419338402   0.2633031224   0.3888351271   0.7969022087  -1.6970624757   0.2706629849   0.4585039739  -0.7030893202  -0.4994394350   0.4855651176  -0.5485319788   0.5381052045   0.2056765006  -0.5115982100   1.7376492219   0.6185053479
 1.2880428003   1.2231503981   0.8797148719  -0.1891212097   1.9926108515  -0.7218838458   0.5752252773  -0.3810378878  -0.0452238077   1.3029476748   0.7562848675  -0.6198534344   0.0751366391  -0.7283400104  -0.3385385051   2.3856809799   0.5894846281   1.1012123523  -1.2279628777   0.1367673837  -1.6118591694   0.0659818500   2.1539455799   0.3713789690   1.4504817607   0.3010298093   0.1184693450   1.1021418798   0.2246428766   0.1070958119   0.3374655134  -1.4615944719  -0.7295932515  -1.0653428981   0.7207311866  -1.8934536282  -0.0563364603   0.3714130848  -0.2474007395   0.1757863982
 0.7421597985  -1.5783042139   0.2150064304   0.0163911895   0.7123952851   2.3454479410   0.1286923907   0.3044386745   2.2681718234  -1.1202846766   2.2908048740   0.5539164257  -0.8838472341   0.8650737726   0.2037508157  -1.8768870260   1.3001282913   1.1935113937   0.2880616731   0.0033379715   0.7604493908  -0.7483183802  -0.3222495001   0.6080755769  -1.2496721176   0.2177178775   0.1825637109  -0.5792180622   0.9357573299   1.1823883878  -1.5444222563  -0.1518301880  -1.1619831945   1.6114337176   0.5550635427  -1.4287786582   0.0590421641   0.0205408044   0.3085986243  -0.2543203910
-0.3554329382  -1.3658712398  -0.4532464278   0.3713935800   0.2273667535   0.5453348145  -0.5905570987  -1.1676341175   0.6920699684  -0.4925156752   1.2877051617   1.3966094141   0.7544713159   0.1251306900   0.8876125450   0.5813754341  -0.3081675716  -1.5014166176  -1.3511607499  -0.8301539402  -0.0928258620   0.2665314622   2.2303181639   0.1670557782   0.2687165718  -0.2612282176   0.0592730478  -0.0809849311   0.3339378443  -1.9172719742  -1.0445514231  -0.8145863544   0.3109870042   0.1205953154   0.5149122922   0.0212969540  -0.5599450297  -1.1759053399  -0.2754177352   0.3659451578
-0.0379934518   0.6136587034   1.9560267675  -0.7498440939   2.1176964703  -0.6242207694   0.1718049927   0.1408538131  -0.7848040462  -1.3896014710  -1.7232500256   0.3016509096   0.7015085538  -0.3867602914   0.2537735946  -0.3743293914  -1.2324050058  -0.0046720662  -0.5046380579  -0.9862131871   0.0141309300  -1.8854210988  -0.6454734101  -1.1302159054  -0.3834437978   0.1006615645   0.2368132919   1.6752364681  -0.2272883816  -0.2448987918   1.0019352422   0.2211941342   0.2014585282  -0.5884784341   1.0564660155   0.4616484483   0.9458552820  -0.3424348164  -0.9527399124  -2.9595915675
 0.8387613671  -2.8766011079  -1.2450491731   0.9825135158   0.7466060292   0.1542493163  -0.4994454682  -0.0408361973  -1.7990921601   1.0104076491  -0.7754540620   0.2701013475  -2.4819453134   2.9717015783  -0.5485716526  -1.2087532302  -0.0363791705   0.2401742315  -1.3172667047  -0.0955297082   1.3233731810   2.7755694675   1.9357514472  -1.0507243766   1.0827650365  -0.8418323810   0.8264448469  -0.3552043794   1.4551295240   0.0650608864  -0.7669666365  -1.0971916242   0.6472373822   0.1694634080   0.4461211613   0.5266397314   1.9862142151   0.8053761049  -0.7977539070  -1.1629924814
-0.2948636574   0.3710408306   1.3044191218  -0.5128893991  -0.6260476186   0.5515512273   0.2337084179   0.3270233862  -0.9658438695  -2.1542176629   0.5480780767  -1.1031347595   0.1429618877   0.8256316166   1.4167240418  -1.1029530611  -0.2135376674   0.6090964462  -1.4833129992  -0.5821978331  -1.1989676751  -0.3874562147  -0.5361127175  -1.0322548510   0.8315365418   0.3249101255   1.7491283381   1.3620963338  -0.5952786031   0.6096375185   0.9463819364  -0.7559959960   1.3217507863  -0.3158615600  -0.3644640097   1.3027327978  -1.4405910897   0.5741559821  -0.3669338930   1.2919722533
 0.4440555189  -0.7342845349   0.4019859733   0.7156537393  -0.0936393057   0.1134059644   0.9473599830  -0.4871598799   0.8437462239   0.0992125170   0.6613381377  -0.2179735734  -0.0699046512   0.2052894881   2.0362724991   0.6714555464  -2.1058736782  -0.7912400115   1.3889429282   1.2249520086  -0.6441108669   0.9070029938   1.0153910820  -0.5633138754   0.4490663811   0.8831464557  -0.3697366379   0.1726730850   1.8944227917   1.7444837831  -0.1292156572   0.1229719146   0.8602016713  -0.2758097039   0.9921836274  -0.7117048707  -0.6564231618   0.2855670679  -1.0376858678  -1.3315181125
 2.3340340296   0.1194780323  -2.1416471402  -0.0103876312   0.0561182368  -0.8009861706  -0.0533304113  -2.1143564419   0.7291544829   1.3024343075   0.7063837384  -0.2152389795   0.0933238091   0.3325219212   0.3238267066   0.8871395004  -0.5956343673  -0.7056359452  -0.9375184186  -1.3541771827  -1.1761033179   0.2282984654  -0.5562603439  -1.7545494442  -0.6460759901   1.6366429929   1.0613104898   1.1304542476   1.7435016264   2.9165069956  -1.2003258810   2.4099057429  -0.1739085307  -0.5193467106   0.7328826341   0.7751018195  -0.5462654238   0.7540658763  -0.0724495200   0.1586560546
 0.2097176644   1.4299922245  -1.6572925174   1.2005293225   0.1209451606  -0.8520763071   0.6047680388  -0.1753107012  -0.2521170400   0.5086730693   0.4390981104   1.0119911842   0.3803989962  -0.1913539447  -0.4480541248   2.0233543299  -0.0014079129  -0.4431752732   0.5877169880  -0.8341168346  -1.4556124250  -0.0453955053  -0.3036820623  -0.2902807612   0.1445299908  -0.1950622404   2.5510749215  -0.8139096058   0.4290183992  -0.3677962956   0.4167693283   0.2247717701   0.7048515760  -0.1122060691   1.0448732341  -1.3105580822   0.4707155682  -0.6595348326   0.9823457045   0.2198713983
 0.4095176929  -1.5251545606  -0.1321279266  -0.9839912174   0.0741999451  -1.9013987736   0.0319614839  -0.3918279129   0.6497138904  -0.7885028068  -2.3397200150  -1.5165674803   0.9497144779   0.2083399279  -0.7352919973  -0.6243768178  -1.3597383491   1.5318078059   0.3807559809   0.9259649317  -0.7097766725   0.4013794399   0.5600242550  -0.8144490146  -0.6656030467   0.7649236894   0.2857042569  -1.0583080971   0.4183217230  -0.2249716521  -0.6207509254   0.2848767396  -0.9689931013   0.8381532295   0.7062206138   1.0395477784  -0.5306528288  -0.3109788382   0.4144941000   1.2050912648
 0.4004829289   0.9511674306  -1.1300818687  -1.1683339828  -0.9889847465   0.4142442172  -0.1252251296   0.4512299990  -1.0312879066   1.1584016381  -2.2390637393  -1.6545446468   0.2497780057   1.2276835133  -0.3178527504   0.8188876420   1.0571042122   0.3849180183   0.7633698691   0.2982898615   0.4238439091   0.0268599629  -0.3460253872  -0.5626780058  -1.7816800896  -0.1200945909  -0.4784037414   0.9332093571   0.5579015334  -0.5645095366  -1.2477857635   2.6162516708   0.8650155719   0.9003214427  -0.2700862309   1.8560157026  -0.7172233868  -1.1456779791   1.9241111696   1.4755746121
s2
 2.0981444090
 0.9204172642
 0.2690909859
-0.4779132132
-1.7343749059
 0.1094225002
 1.2960195725
 0.0377165473
 1.0446618127
 0.7836842097
-0.6670445195
-0.3978753524
 0.6276576992
 1.0488138418
 0.6185863570
 0.7203938828
-0.8548256270
 0.3749177377
 0.6796531190
-1.3935483064
-2.0091425331
-0.3214637596
 0.7537810459
-1.6169572666
 2.4604868277
-0.0787532606
-1.0388153896
 0.4362751389
-1.0431457482
 0.5766146955
-0.4843985188
 0.5550974806
-0.6793311414
 0.0123376225
 1.4122783271
 1.0179538767
 0.8685542239
 0.6359017677
-0.0149985681
-0.3013912302
w3
 0.4794239562   1.2984207468   1.6147581109   0.5911289894  -0.3138103434   1.9087060508   0.8311255136  -1.2853914375  -0.4796829693  -0.4577243594   0.3105756834   1.6403205126  -1.3663922604  -0.3893047348  -0.0448407936  -1.0821263185   0.1663219030   0.1275684592  -0.4018169286   0.5591376794  -0.1442483995  -2.1592036150  -0.5500317559  -2.9010561973   0.4151365703   1.0621026202  -0.2599387161   0.0148769583   0.1035009761  -0.8521891957   0.4028575079  -0.3931461699  -0.2592727988   2.0558871961  -0.6235401243   0.5749537844  -1.4157376686   0.0710603333  -0.7697032636   0.9840665958
-0.8860315712  -1.2933955092   1.3068700211  -0.0877618304  -1.2537129916   1.0505826221  -0.0765841042   0.1368564398  -0.9795623950   0.1749401068   0.8917440499  -0.8958333848  -0.6496932822  -0.1580853300  -1.2031152962  -0.9612226755  -0.1607906170  -0.3184093294   0.6019247613   1.7784015506   0.4795649664   1.0353549364   0.2523490559   0.8065819104   1.2155423962   0.1018636891  -0.1469234642  -0.1892792555   0.8523527729   0.3688646695  -0.2033249637   0.5715670744   0.3902257771  -0.2019950047  -0.7148794133  -0.5229764346  -0.3136589654   1.1406311232  -0.3350563903  -0.0776464337
-0.2867253688  -1.1561825807  -0.6026729117  -1.0030516499  -0.9287400615  -0.8135159851   0.3280220989   1.1394977817  -0.7226856784   0.4844807029   0.2760733238   0.7647043652  -1.8296759967  -0.3169572437   0.8743950086   0.4245992126  -1.3902802939   0.8247102908   1.7430278390  -1.9147726014   0.0195037312   1.4914169065  -0.6853352619  -0.3326194500  -0.4977500510   1.2260542504   2.0693450560  -0.2902926105   0.7874363511   0.1508730607  -0.9305313717  -0.4872052757   0.2349384256  -0.0289839544   0.8927124186  -0.0170520071  -0.0841339277  -0.5397070193   0.6620604025  -1.8055479820
 2.0419073994  -1.0863834318  -1.3977028836  -1.7734701300   0.6750298900  -0.4094153624  -0.0542274202   1.1516936089  -2.7334811425   0.2088948523  -0.0733919074  -0.4833022288  -1.1375657537   0.8143628373   0.1661159893  -0.4471387397  -1.2089775923  -0.3345515416  -1.0300265105  -1.3898368871   0.3440290844  -1.3740075595   1.0509565820  -1.7544360077  -1.2758388529   0.1776942743  -1.8392867604  -1.0116767544   0.1147792001   0.9101952908  -0.9449907080  -0.7744755835  -0.9977558347   0.4607612355  -1.4858410813  -0.2110748754   1.6027872483  -0.8513829108  -0.2947380679   1.2746139726
-0.4312519267  -3.3764268724   0.1402819197   2.1451223749   0.5665816859  -0.4008520520  -0.3338817006   1.1678822845  -1.2778116790   1.9353489487  -0.3970236151   0.8796676647   1.4189501173   1.0941411331  -0.1837907851   0.3317797481  -0.4611749869   0.5571203331   0.8628497748   0.2602418708   1.8357215211   0.2804712932   0.0193578318  -0.0228308306   0.9391494468   1.4548588237   1.6886696826  -0.2108198533   0.7898727054  -0.2524698835  -0.3603474194   1.2300042779   0.1035543041  -0.3305707472  -0.0701015336  -0.5661419905   0.1057891718  -1.1812375649   0.2935063188  -0.9084072641
 0.2962464909  -0.4818295144  -0.8114599740  -1.5487214572   1.2613550051   0.1569343085  -0.0435787269   1.4253871176  -0.2202574867  -1.2271957151   0.4496461827  -0.1457433362  -0.1271675250  -1.4452887160  -0.6225132837  -0.2326982868  -0.4743684215   1.2810688802  -0.8395520824  -0.2469781274   1.5473946502  -0.5020836727   0.2295407578   0.8354752023  -2.0443143611  -1.6336780508   0.3444821623  -0.3133977978   1.2632142780  -0.3037447240  -0.0679362141  -0.5893813842  -1.1280472394  -0.3127230515   0.4785116693   0.7529633191  -0.7463392950   0.2743866687  -0.4490643876   0.1702304320
 1.1217607842  -1.1898551885  -0.1226689113  -2.5989604141  -1.1396366985  -0.4232627269  -1.3308814889   0.2309227067   2.0166622479  -1.2766835883  -2.7853632396   0.5276088054  -0.2791786631   0.4777711330  -0.4391688844  -0.2029052431  -0.8172106495   1.1299853221   0.5181475368   0.7910224001   0.7226610336  -0.4522029126   0.6749139189  -1.0774025762  -0.3587796323   0.6925432742  -1.5683970634  -0.2792779899   0.3184746665   1.0726293464   0.7961209733   0.7307313232   0.8284143826  -0.3391004411   0.6143564626  -1.3204957446   1.2117488233   0.8833419972   1.0516428212  -0.3331490255
 0.0828207282   0.7367813235  -0.0461903117  -0.3065168123  -0.2595858411   0.7947385730   1.6630384539  -1.2673485179   1.0159848011   2.3853440640   2.6127633432  -0.4308295251  -0.4300388693   1.5030599181   0.0629100046   0.1049488349   0.9018241728   0.2373058808   0.8721271443   0.2195968529   0.0894577807   0.4348875045   0.2960687580  -1.2538281950  -1.3599063856   0.0804246262   0.7989629092  -1.6521160583  -0.4859594433   0.3300482579   1.1483091954  -0.5205016415   0.2748650020   0.5450669057  -1.0134700765  -2.6006849767  -0.0212912522  -0.5929596232   0.1631274471  -0.2558142647
-0.0129564991  -0.9764693597  -0.3671729174   1.8232852997  -0.5307458810   0.8626863293  -1.2523393597   1.4782707138  -2.6733810727  -0.8624425618  -0.3981179128  -1.0165965803   1.4874937246   0.2455803095   1.5833821402  -0.4900811022   0.5564126346  -0.3748184450   0.2299369549  -0.2013656230  -1.6474170865   1.0525629840   0.4394952719  -0.5170354410   0.9236275467   0.2100486434   1.6122075480  -0.4389807985  -0.9266355788   0.7396025703  -0.3204394075  -0.3438197262  -1.2643272358   1.7086758703   0.3705982145  -0.7488719607  -1.4944002442   0.4594600894   0.0443834446  -1.6845617167
 0.0245906219   0.5596472760  -0.3837218918  -1.0645455007  -0.7078724417   0.5553239318  -0.0593617266  -1.0267872826   2.0731275954  -1.0750184536  -2.4924788702  -0.5860850448   0.3266966078  -1.8849881093  -0.5906655241  -1.8574116200   0.3639734998  -1.0648085414  -0.7070202926  -0.1907626791  -0.2025476873   0.9567657516   0.2402985150  -1.5349461837  -0.8248205887   0.0533712744   0.0999701795   0.9990748603  -1.2658405764   0.3144117728   1.2696913937   0.0842413158   0.2170328661   1.5581324827   1.7465448037   1.1046288606   0.1017370604   1.0142961441  -0.3558030057   0.7855427433
 0.5125183846  -0.2449248017  -0.4801991947  -0.8938628505  -2.0432483406  -0.4499974293  -0.3937724047   0.6815025523   1.2195221910  -0.3919088005  -1.3574108630  -1.4377357028  -0.3899105748  -0.9672395776   0.5350821446   0.2757938056  -2.0096321166   0.0428060752  -0.4852736365  -1.3607305084   0.6321261363  -0.9643412365  -1.4811968417   0.1174502465  -2.0966707162  -0.4277367253   0.1022718517  -0.5590770229   0.2141913995   0.1752761621   0.1300466270   0.4441661746   0.7053328804   0.2596466291  -1.1955928674   1.4770761954  -1.8133683838   1.8278618526   1.5258482537   0.6221410899
-0.7437014660   0.8942442169   0.8221155902   0.2981123710  -1.3328163282  -1.0868751888   0.2376135404  -1.2381741532  -0.7458102696  -0.5175184577  -1.2179374327  -1.7629541060   2.9018591665   0.4941171391   0.5664850455   0.1686584686  -1.5848145956  -0.2906286975  -1.2971913583   0.6280780254  -0.6956320148   1.5666184962  -0.9177346766   0.0492041750   1.1891004342  -0.8019238432   0.2344751844   1.2965723800  -0.4073933918  -0.6663873707   0.9985521085   0.4870019731  -0.7666328767  -0.0196726928   0.3189697336  -0.5739601945   0.1384375745  -2.2668758041  -1.3043504534  -1.0942659511
 0.7694420401   0.4552520341  -0.6389417948  -0.8906290709  -0.5023021721  -0.4433118542  -0.5072904990  -0.4596694646   2.1814024956   1.3348750781  -1.7345684075  -0.1381162896   1.2519966129  -0.0356975157  -0.5377010782  -1.4735638550   0.3305079009  -0.2166960003   0.3907686258   1.1810547049  -1.0692946469   1.0025814475  -0.1009422172   0.2150357405   0.8602216745  -0.4550615684  -0.6482899989   2.5646841360  -0.7715945573   0.5659960907  -0.5689202094  -1.0784573730  -1.0111642255   1.5165001642   0.2732556208   0.8921400125  -0.1348092876  -0.0883994034   0.1408777686  -0.6708224325
-0.1956550888   0.4309414342  -0.2296609727  -0.0597932807   0.3672768156  -0.5959571697  -0.1307897016   0.6974557921  -1.7460254542   0.0955117471   0.3360245577   0.0802145409  -1.8164083414   0.9744174780   2.0091975858  -0.9716004017  -0.8686512672  -0.1253162902   0.2403514803  -0.0462457375   0.2215721683  -0.9214646381  -0.9267254241  -1.8041029867  -0.9818149042   1.7724255889   1.0018178250   0.2813818697   0.4604834539   0.0118852946   0.6354474113  -0.3917550120   0.1639292777   0.1827788161   0.6370513494   1.0243080036  -0.4968512810  -0.1529957403   0.6661848768  -0.4821197646
 2.0387494923  -0.8723164997   1.5814744955  -1.2704958472  -0.4712920652   0.0719600660  -0.2416527662   0.2583611659  -0.6368485520  -1.2400945583   1.3956207907  -0.0974635119   0.1395803761  -0.7645696326  -0.5103484964  -1.3365042608   0.0963372837   0.9398649752   0.3447407224  -1.2720896800  -0.2458685044   1.0007874487  -0.7066499520  -1.1810153737  -0.2702556605  -1.5264444252   0.3841429265  -0.0190031861  -1.8971835902   1.6311560171   1.5554758764   0.4939477578  -0.6650751868  -1.4822137229  -1.2333483613  -0.0457443865   1.2979645756   0.2756092768   0.5718927848  -0.6526284139
-0.1976989778  -1.6098728506   0.1854285731   0.8424124744  -0.8961252876   1.1919501071  -1.0224069696   0.0294627982   2.2375386235  -0.3102368034  -0.5976405983  -0.1976496956   0.7061829475   0.2094806659   0.0524380788  -1.1790457893  -0.0079570931   0.5588115395  -1.2579122811   0.9227268837  -0.4027687709   0.3020384614   1.3307356409  -0.7558834504   0.4622558572  -1.1494949023  -0.5217695455   0.4263837427   1.0357653948   0.3582251693   0.7856731375  -0.2761231656   1.8507308965  -1.0816756580  -0.3152247552  -0.4258000895   0.3464545300   1.8662188732  -0.4060636692   0.6750838462
 0.1165051566  -0.0826133179   0.9809033588  -0.8659847849   2.1610380193  -1.4650177293  -1.0179136625   0.3751206225   0.4952486103  -0.6283537236   1.6894981390  -0.6543039487  -1.1082938969  -0.2464484721   0.7628848450   0.2336356286  -0.2561146614   0.2702217573  -0.3304471846  -0.5634157221  -0.3745224300  -0.0206373649  -0.3008734382   0.2240522132   0.1275359492   1.0903618184   1.6454845492  -1.2877322966   0.0588189733  -0.1998689489  -0.1680993261  -1.1907176321   0.8083342550   0.5807469500   1.6757118285   0.9638423575   0.7286892134   0.4618513767   1.0511042479   1.0646892568
 1.5936882528  -0.6657933078   2.2178661157  -1.5467161609  -0.8687911704   0.6295729114  -1.2145072392   2.0987005594  -0.1828002117  -0.6003927849  -1.7724130644  -1.5039049209  -0.4885203131  -0.9270131855   1.1308531817  -0.6659884041   0.1057724326   0.2322794956  -0.0083081367  -0.3414112227  -0.7188244989   0.4665227215  -0.1456391957  -0.2763077464  -0.8265467739  -2.4384778132  -0.8629534489   1.3394421019  -1.8854156153  -1.4392543795   2.1217626414   1.9200087455  -0.6217279044   0.3598489176   0.4663490603   0.3006648497   0.2223554240  -0.7106782929   0.5651954638  -1.2328725409
-0.5002894962   1.2117910825   0.3592645647   0.9226869393  -0.5959298851   0.3389507114  -2.5387132888   0.7935640274  -3.1277634973  -0.7870526543  -1.3256131054   1.3000895997  -0.8254374862  -0.7259750179   1.6221036921   0.5189639759  -1.3654249471  -2.3818920667  -2.6692993841  -1.2113042373   0.6836530368  -1.3266747938   1.4190334839   0.1662452542   1.8516160081   0.9064385801  -0.9741518343  -0.2698405383   0.3849469650  -0.8483455730  -0.2234524040   0.9265020200   0.7705432286   0.7257911389   1.4065664987  -0.0530877226  -0.6309592393   0.3240430391  -0.0062155570  -0.7496882077
-1.1343770051  -1.1348847983  -0.7866993642   0.0716578068  -0.3718829982   0.6762908603  -0.8361793565  -0.9288026261  -0.6917938141   1.0083906533   0.3191635917  -1.6711575660  -0.2905891470   0.2884786334   0.7604544898  -0.0519146828  -1.0214238916  -0.6481531077   1.7550620146  -0.3123680534  -0.4528834672  -0.2193305938   0.7577174833  -0.1436154490  -0.4137475894  -0.6299449689  -0.6694165799  -0.8936845785   1.4689000591  -1.5223830389   0.7331269242   1.1010344032  -0.1806882986   0.4244821937  -1.6209209158  -1.0385048010  -2.3369539049  -1.0275048741  -0.6905944290   2.2156343962
-0.5431995835  -0.2225867357   1.9611066940  -0.6868632106   1.0757132821   1.2297116445  -1.3400528460  -0.6770721519   0.4856861729  -0.1789923378   0.0610210064   0.9409251042  -0.3422177023   0.1063224928   1.5426292981   0.1670286651   0.4638833650   1.2216905614  -0.2387291623   0.9005309446   0.5708392884   0.1838661317  -0.8740361772   0.3607792961  -0.2213241303   1.8907628617   0.6338200836  -1.3074841476   0.8421891767   0.7225119178  -0.4031035746  -2.0241947953   0.2556594838  -1.1756204130  -0.6180317234  -1.1934219857   0.4389027857   0.6755612663  -0.4589281390  -0.9582312646
-2.7801611859  -0.2409939186   0.5039183850  -0.5534172016  -1.7224873517  -0.1834087942  -0.9538685394  -0.0962422274  -0.4453655140  -0.6014884616   0.8539114741  -1.2692374817   0.3715744210  -0.1975469236   1.1349208627  -0.0710905070  -0.4677653768  -1.7097802932  -0.6623567456  -0.4927031493  -0.6418145977  -2.1615560293  -0.8655867316  -1.5118962825   0.8619174547  -1.1339392391  -1.3062024804   0.3764444919  -0.7083678131   0.3827903426  -0.2176715856   1.2724180526  -0.0763545675  -0.3178374525  -0.5584780575  -0.4528296845  -0.2497995736  -0.1053344544   0.1604621533  -0.3906668151
-0.0679418615  -0.1104564810  -0.8432858005  -1.3827132322  -1.5219130969  -0.8751396297   0.4172874432   1.7375680396  -0.7041309281  -1.9776522487   0.8482321125   1.3754393142  -2.5271441951   0.3331594418   1.2165315992   0.7847145162   0.4846847480   0.3142286448   1.9433831608  -0.7504372545   0.2774476559  -0.4392780667   1.5770880124   1.9181070358  -0.0120729722  -1.9690172114  -1.1628706620  -2.6028854418   0.6330525849  -1.8172705890   0.8418125546   0.0483131976  -0.4497012809   0.0235627690   0.3445118271   1.0745898598   0.2195325464   0.9893915310   1.2483736483  -0.9466757903
 0.2497302477   0.0295471353  -1.1468206173   1.0679879680   1.1061794253   1.0926917636  -0.3043553141  -1.1853753346   0.6638382348   1.1473151552  -0.6320488696   0.8201027049  -0.4773616383  -1.1646452081   0.7259282007   0.4551623357  -0.5519881403  -0.1479007722  -0.2888436444  -0.4188886805   1.2463837389   0.6101816377   0.4087960321  -0.8229738845  -0.2250980611   0.1523245893  -0.2938774969  -0.5069764006   1.2694827596  -0.5595615508   0.7866396276   0.4292944795   0.0817946939  -0.2775749788  -1.2214561296   0.9475927111   0.5155841977   1.0783644872   1.2193523739  -0.8037388439
 1.8540371792  -0.2009022120   0.0587231450  -0.2925327382   0.5517901571  -0.7624478745   0.7518461406  -0.2628468183   1.1042089993   0.9454022028   0.1291604845   0.2729660596  -0.4236339001   1.2278822363   0.8468823264   1.0208035329  -0.2643218006   1.2750672090   0.7704431125   0.8508454057  -0.7468538151   0.6938148837   0.2566938614   1.1911960975  -0.7509785215  -0.9710006933  -0.0230867624   1.6801308813  -0.1396008909   0.5860725493   0.8632030071   0.8296766233   0.5624997436   0.0043732920   1.7021310478  -0.2305320445   0.9277188052  -0.3732183675  -1.4293239302   0.6534427889
-0.4181731692   0.9271985413   1.0345585065   0.3058736570  -0.0654014398   0.5980612219   0.5063916491   0.3872902133   0.3954177618   2.0406290979  -0.5546650667  -2.2665436366   2.2379485816   0.0167665267   1.0194917599  -0.0643980409  -1.7732651970   0.2489655219   0.4820080362  -0.0574211139  -0.5953036667   0.2290931833  -1.0063999026  -0.8183661075   0.7338864492  -1.4770939980  -0.9000304945   0.7454224951  -0.5677607291   1.8313740279  -0.1395437383  -1.3393094749  -1.7486093379   0.6064331924  -1.4296424882  -1.3359968171  -0.3386191193   0.8157224921  -1.0462326759  -0.5273411262
 1.3064888336   0.7455274687   1.7323421186   0.9899188653   0.1588138241   0.2550605494   0.1727947943   0.9020184509  -1.0097098942  -0.1382528782   0.1460479439   0.9550255486  -0.0175081898   0.2067039149  -0.2402537544  -1.6889188498   0.5015937727   0.5820648199  -1.2157128118  -0.3746869133  -0.3460105973   2.0828443659  -0.3716263561   2.9555249272  -1.4992140341  -0.9384317341   1.0206473762  -0.0859316940  -0.0633672437  -0.1692762439  -1.2444925659   1.0439043807  -0.4416514435   2.1856131521   1.6729658193  -0.6175758486   0.2058934112  -0.1301303205   1.0768483542  -0.5506656920
-2.2638310476   0.2868040386  -0.3556631376   0.0151538924  -0.0903048151   0.3157832921  -0.3496144717  -1.5178010214  -1.0505109328   0.4456720951  -1.0153595920   0.5930807864  -0.0652803631  -0.6994163668   1.3974170201  -1.3322508539  -0.9667518694   1.4739460878   0.0909660684   1.8352531818   0.7710753582  -0.9792201230   0.2854473845   0.1929979619   0.6317445445   0.5107883452   0.9606956692   1.3191348348  -0.8171251968   0.3450127185  -0.3159405621  -0.4774100563  -1.7072711713   0.7108617048  -0.5524338869   0.6921278495   1.7061720953  -0.5903012563   0.5190460241   0.4634930218
 0.4390740347  -0.4202227134  -1.0116933712   1.0734145989   0.4133422337  -0.5303649087  -0.6257630372   0.5664370517   0.1651848376  -1.1047613270  -1.0980700425   0.2324158931  -0.3064447195   0.5619055865  -0.0449216272   0.2774327660   0.1290426354  -0.3014972219  -0.3983670583  -0.9035829413  -2.0880607320  -1.1074403767  -1.6424615530  -1.4423117064   1.2163098921   0.3405759315  -0.3409272699   0.7067965834   0.4385660820   0.1543349717  -0.4924874494   0.1281295928   0.8511988143  -1.3682644390   0.1601122126   0.2277399328  -0.6495359886   0.7983607075   0.2446748603   0.6053468697
 0.7155145081   0.3316647080  -0.8743255700   0.6061674260  -0.7113148254   0.5276470904   0.0530206131   0.9928912203   0.5330659335  -1.2129096219  -0.0209959508   0.5521757956  -1.0070181780   0.1768379433  -0.9713141023  -0.1413547271   0.4836787376  -0.1157795347   0.2248036547   2.6273808271   0.3461949552  -1.1427266404   0.3857424261   0.9024543605  -1.2039570457  -0.8075426247  -2.0500143463  -0.8802500808   0.6257270033   0.1585473927  -1.1662698220   1.5899288481   0.8916125152  -0.8973964458   1.4660130407   1.1865617956  -0.0566834482  -0.2930919086   0.1443981849  -0.0629902290
-1.4554754579   0.5593094941  -0.3074841688   0.0066780187   0.9110754330   1.5579039018   0.3631016467  -1.3088452635   0.9738495266   0.0450641613  -0.8481096348  -0.2639306112   0.6621137782  -2.6380415805  -0.8372965581   0.4094524543  -0.5702834978   0.1707153506  -0.7442203171  -0.9159923473   1.1511589445  -0.6207664878   0.1093055913   0.6900381520  -0.0746200046  -0.4122389596  -0.1530637737   0.2465570307   1.0523902615  -0.5424260862   0.2005921730  -0.5121350771   1.0496519539   0.6995708999  -0.0228904250  -0.2302081920   0.6677369391   2.5632463468   1.3995656661  -0.5561832311
 1.5069823272  -0.5590994973   0.5106207053   1.3116457500  -1.0485229366  -0.7308675692   0.5380220850  -1.5600217752   0.9569227689  -1.2071140700   1.4185080298   0.1617179429   0.3225665092   0.1807245205   0.1654541262  -0.2452209144  -0.7450333289   1.2163912567   0.2501192944   1.1352253432   2.0074512796  -0.4690053086  -1.0973944301  -0.5910840201  -0.9812760331   0.9703430468  -0.9863464231   0.0513472378  -0.4289530930   0.4777597173   0.3884885394   2.0606251493   1.1527451805   0.5987724149   0.2879624340  -0.1882614267  -0.3012291440  -0.9027290574   0.2593153749  -1.2307831394
 0.5378321042  -0.9324993169  -0.7861546774  -0.7382429498   0.4719933195  -0.5229426151   0.5959238010   0.1795037163  -1.4992408910  -0.1819312943  -0.0573985193   0.5059086404   1.1698313015  -0.0994568799   2.0194286164  -0.7070561913  -0.6898207118  -0.6679051523   0.6120731927   1.3231741354   1.0742160308  -0.7426985600  -0.7723449264  -0.6790004973  -0.9712045558   0.4234397854   1.5395761735  -0.1754401029   0.7071675161   0.6069462835  -0.8880224779  -1.5518901423   1.1722933203   1.5728311752  -0.3671330045  -1.6859173931   0.7484629949   1.8410268095   0.7391512655  -0.3339438634
-0.5544753418  -0.2384063688   0.6983175150   1.1054979044  -1.1076385512  -2.1843092147   0.4273477658  -1.4124135232   0.8363464527   0.8585481108   0.7758137316   0.0597879233   0.2388144292  -0.1603359728   1.7255932880   0.8618431547   0.1191063219   0.3071194420  -1.6898527609  -1.0306246856  -1.5485704764   1.2712351511   0.2458599913  -0.3180424627   1.0838835260  -0.4764809807   0.4354115013   0.0411332009   0.3757689993  -0.5645414056  -0.2262765101   0.2533549805  -0.4340920781  -0.0139466685   1.6076488925  -1.1991385664   0.7173003724   0.9864308730  -0.5146941709  -1.6598916386
 0.0390991420  -0.2626354626   0.6695133770  -2.0360813008   0.0291409334  -1.0273918368  -0.1846161260  -0.5879612663   2.1703570696   0.3272274311  -0.7015687682  -0.7560051551  -1.7080832478  -0.4031498190  -0.5009542144   0.5555040327  -0.4522667985  -2.0209088304  -0.6789659846  -2.3162760332  -0.5795143374  -0.3453057432   0.6603118769   0.5630541796   0.3928568973  -0.2155494756  -1.2353401880  -1.3130680349  -2.8625487778  -1.6125519378  -1.3099549042  -1.7953732198   0.9798103772   0.6715711739  -0.5892520150  -0.0729994680  -0.7987603572  -0.1692848081  -0.3480037913  -0.7271445998
-0.2028697193   0.8808345128  -0.0331884348  -0.5536772650  -0.8364207199   0.4045352227  -0.8140291276  -0.6947741260  -0.9713362894  -0.3641030999  -1.4867237947   2.1935704423   0.1699088757   0.9952073966  -0.1453789929   1.0456121665   0.2504296823  -0.3924697106  -0.4348521783   0.5775150759  -0.2373086176   1.0117975716   2.1149698095  -1.1741129356   1.0545847186   0.3966578600   0.5113393094  -0.3172716264  -1.3852147856  -0.9751641082   0.8464371045  -1.4550901897  -0.2751433813   2.0841881531   1.0579582730  -0.9260404786  -1.1655535059  -0.3643015943  -0.4202765513   0.6335444964
-1.6898554515  -0.3277231897  -0.9440762460  -0.0586879376   0.5954771624   0.0168103488  -0.3629645789  -0.6864777277  -0.2906977219   0.0524550235  -2.3874951523   1.0549481660  -1.5299601525   0.5084651720   0.5863139802  -1.1351139763  -2.5568066286  -0.1241416883  -0.5414084330  -0.0344561199   0.7077140055   1.6480189744  -0.7494352784  -2.1212117473  -0.6189471928   0.0211461072  -2.0582737818   0.2610156344   1.5498778861   1.1090369370  -1.8850277227   0.1982444187   0.2700427423   0.3062106298   1.0737176716  -1.0395398068  -0.4343365597  -1.2918243169   1.2457146665   0.6456842399
 0.6953322555  -0.9916521931   0.0953952236  -0.9347137171   1.7160317200  -0.8578898650  -1.1877242870  -0.6043642788   1.0484954054   0.1549080559   0.5990167549   1.8306239517  -0.5984770674  -0.7859750807  -0.8747802105   0.7980265163   0.6865465416  -0.9511894304   0.1814394965   0.6273811218  -1.1006304325  -0.9903994164  -0.9105185467   1.9332235169   0.0491401004   2.0880013754   1.0768185649  -1.2902670614  -1.0256405778   2.7369782581  -0.7111911377  -0.9113677348   0.4892371576  -0.3743082789  -0.5205225128   0.9776871547  -0.5538995729   1.5667435560   0.2305390958  -0.5031617125
-0.7068519918   0.3264464805  -2.2980173936  -1.1379559028   0.0342432697   0.6589311061   1.8069408031  -0.2655196652  -0.5600915558   0.4484138839  -0.3662676040  -1.6445298958   1.5001574425  -0.8659636839   0.2768938634   0.0153896836  -0.6328251843  -2.5035977948   0.2650377344  -1.0967667631   0.3070122869   1.4532997218  -1.4764980501   0.3136893250   0.5541679158   0.0433909228  -1.4434874567   0.1882150818  -0.0342757263  -0.3433377077  -0.8222218240  -0.6148804853   1.2258236993   0.8279447631  -0.8360300714  -1.0993698962  -0.7652389973  -0.3214415005   0.8892196347   0.8476347362
 0.4248189878  -0.9813928276  -0.4415342766   1.1153201733   1.0300319065  -0.6216785931  -0.2415865142   1.0427393441  -1.5756203766  -0.1573007642   1.5131451464   0.2185766602  -0.5477901540   0.7669560326   2.7371222763   0.7954493376  -1.2381747922  -0.5841780556  -0.9326539408   0.2361088590  -1.2547546977  -1.6677823203   1.1045821578   1.1150955162  -0.6413884717   0.3719304501  -1.8580228775  -0.4591342122   1.5298842457  -0.5115791472  -1.7239420617  -0.3639586992  -0.8662063908  -0.1272891738  -0.2066037534  -1.0545618727  -1.5279554935   0.4413359398   0.5415621969   0.2494060297
s3
 2.0981444090
 0.9204172642
 0.2690909859
-0.4779132132
-1.7343749059
 0.1094225002
 1.2960195725
 0.0377165473
 1.0446618127
 0.7836842097
-0.6670445195
-0.3978753524
 0.6276576992
 1.0488138418
 0.6185863570
 0.7203938828
-0.8548256270
 0.3749177377
 0.6796531190
-1.3935483064
-2.0091425331
-0.3214637596
 0.7537810459
-1.6169572666
 2.4604868277
-0.0787532606
-1.0388153896
 0.4362751389
-1.0431457482
 0.5766146955
-0.4843985188
 0.5550974806
-0.6793311414
 0.0123376225
 1.4122783271
 1.0179538767
 0.8685542239
 0.6359017677
-0.0149985681
-0.3013912302
w4
-0.1703297713   0.5954544269  -0.4082844098  -1.8144152645   0.5540687129   1.3331010099   0.0041158191   1.0740182153   0.8102892573   2.4472555762   1.3750716292   0.2486095589   0.5570045053   0.2745197196   1.1057664190   1.1678013854  -0.1182759230  -0.7343068378  -0.9162451871  -0.2276291189   0.1251807510  -0.0993687206   0.5530591023  -0.0948018386  -0.1493255570  -0.5075193713   0.8252855157  -0.6310551579   0.5779209254  -1.3455921393  -0.2821723190   0.4694476128   0.8438052206   1.7109272801   0.8935611671   0.3298831585  -1.5699441194  -1.4874321810  -0.0650252163  -0.8792104532
-1.7340568664   1.3776722068  -1.4007932632  -0.3826017692  -1.0020954447  -0.0277607373  -0.2194720728   0.3462999689  -0.8760459456  -0.2504394550   0.9635032407  -0.2479149696   0.5811109819  -0.2527085268   0.8746459570   1.3305154766  -0.1937478514  -0.5774559608  -0.5486219768   1.3348067961  -0.4026279101   0.4642055251  -1.0992139884  -0.0341558008   1.4757725690  -0.3788727120   0.2567351665   0.8118878352   1.0933885695  -1.5250118943  -0.9941481514   1.0546522287   0.3396040682   0.5903534333  -0.6856431462   0.7330166291  -0.0503396980   0.4523111878   1.3123070516  -0.7740390501
 1.2544830911  -0.4566156698  -0.1761867150  -0.9823775082  -0.4653995882   0.2272739680   0.7362449175   0.3458797985  -1.3899284325  -1.8949022272   0.6868141106  -1.9482666613   0.5141959840   2.6946555378  -0.0818858310   1.4624538781   0.9031375737  -0.9882629560  -1.1029520106  -0.0544512965  -0.8637670662  -1.1074991807  -1.0602104591   3.4380229597   1.0766674998   0.3429484287   0.6015356530  -0.2648798534  -0.3638308882  -1.0545547382   1.6178455939  -0.6519953567   0.4279799156  -1.1479480165   1.6032621419   1.0548539364  -0.1213236521   0.2644205563   0.0671345631  -0.7728818911
 2.2206993482  -1.0800474607  -0.0611511051   0.6334617305  -0.9044982230  -1.1490192320   0.8738345255  -2.0868011069   0.2597493347   2.3764476342  -0.3613156972   0.2321237763  -1.0197612607  -0.2408418405   0.1447496602   1.0965349379  -1.9450184986   0.2105269648   0.7811663717  -1.1029748707   0.6535134457  -0.5075152185   0.1981345849  -1.6426043475  -1.4962741063   1.5018962449  -2.2541395487   0.1246051617   2.4382897709   2.0465897637   0.3871378541   1.3410436432   1.3320333266   0.0034148988  -0.6475340726  -1.5336617670   1.8601842781   0.0449217337   0.1016396358   0.3131449886
-0.3912146272  -2.4603832594   0.0992075980   1.3497458152  -0.2933823546  -0.3807005721  -2.2247074406   1.4455764055   0.6738825243   0.5866368909   0.6077010801  -0.6951848881  -0.4926792094  -0.8938746105   0.4295677687  -0.0643041517  -0.3485931617   0.6726141176   0.3628766812  -0.1346938863   0.3005841830  -1.1454019510  -0.8891011085   0.0813729831   2.0603780172   1.0493823998   0.4300681808   0.6811661933   0.7062051904   0.6349708377   0.5531118852  -0.6237066052   2.4936497010  -0.2610133348  -1.4204637397   0.9376704569  -0.4637780424  -1.1859549400  -0.1431181805  -0.7508203816
 1.5947347665   0.3878922951  -1.2912893155   0.3703351178  -1.9868803674   0.9008846281   0.1813935640   0.5278137969   0.4997078503   1.0271197120   0.7293982702   0.0417248281   0.1931636978   0.1500514421   0.2931703445  -0.9120677564  -0.9786847347   1.7534256224  -0.4713902778   1.1897737430  -2.3621393736   0.2375313301  -0.4795582233  -0.4277577516  -0.2123780293   0.8666870106   0.5594479844  -0.7157973816  -0.5234420842  -1.8372211648  -1.0607733839   0.2742163359   0.2219430698  -0.2449946726   0.9930502852  -0.0272279123   1.2040355516  -0.0625276776   1.4792572287  -0.7983470032
-0.6478259969   1.3967663421  -0.4239775594   0.3202096543  -0.6321153572  -0.1609714270  -0.0639265086   0.4086023636  -2.2619619388  -0.4649064648   0.9417967808   0.4580135953   0.7447406091   1.3211252601  -1.0984690823   0.6255426704   1.1600639740  -0.7457818099  -2.4954305941   1.1169032225   0.3277605682   0.3687027396  -0.6554522618   0.6388917824  -0.0376995430   0.8710330860   1.0052241197  -0.9455595466   0.4703531619  -0.1825789255  -0.8517339815   0.0396064807  -0.5337759929   1.3129091430  -0.7201605719  -0.2554531427   2.5044819239   1.8000945635  -0.3629791971  -1.0756025839
 1.1118068200   1.0895233206  -1.7648425869   0.4428511425  -0.1872592234   0.2320637495  -0.4962640357  -0.6599846162  -0.4332335903   0.3142459754   0.4714562285   0.3971072587  -1.2774430804   0.2793878651  -0.9591384160   0.9721635943  -0.0585794287   0.6905349520   0.0966810777  -0.4554734286  -1.6689537320  -0.8430874756   0.1381942143   1.7840717773   0.2282809961  -0.2397423414  -0.4385036946   2.5469669838   0.7587127549  -0.1586251343   0.7539031458  -2.2297452125   1.5845823883  -0.7258078055  -0.2654706437   0.8891404726  -2.3383384490   0.2050728678  -1.1548788734  -0.4386122625
-0.9675012874   1.2985135414  -2.2221326361  -1.4510340245   0.1521340159  -0.3414761082  -1.6140324285  -1.4433386143   0.4971947881   0.4686648741   0.9020140251  -0.5573048251   0.7812727400   1.8511223651  -0.1573438431   0.8442445367   0.7520820993  -1.3369068411   0.0791007206   1.0291351143   0.3877738786   0.1268041823   1.7495715590  -0.8502292394   1.7204417952  -0.4376336793   0.9189937192  -0.0162454324  -0.3374015657   0.7393904995  -0.9163007627  -0.0006677563  -1.8564042756   1.6780996827  -0.2428119428   0.4409715788  -0.5088335008   0.0267594852   0.3258566210  -0.5061228434
-0.5943348578   2.7266620193  -0.3955767215  -0.7887661810   1.1686902031   0.2423189263  -0.7056079407  -1.7339301594  -0.5241475191  -0.5228998007   0.1732972100  -0.7668302740  -1.2760249246  -1.2215374722   0.8534515881   0.5163440888  -1.0926456123   1.0553829863  -0.9207739398   1.6147661862   0.0715051383  -1.2994747999   0.5115810528   0.7374678786   0.8464128615  -0.4762927803  -0.0077495449   0.6721936094   0.0499817579  -1.0922908884  -1.3433970137  -0.5375747593   1.0277476241  -1.4691804110   0.5674464207  -0.1050590675  -1.1154375444   0.9649262148  -0.5002105521   0.7173234393
-0.1833063549   0.4694703093   0.8260872794  -2.2117092072  -1.1360547012   0.6282748051  -0.0367420890   0.8767008806   0.3393378360  -0.5914994097  -0.9223051233  -1.1036697002  -0.3292178710   0.6734547906   0.1683693422  -0.3432281471   1.0185724479  -1.0151486658   0.1262842311   0.3457370966  -1.2130254167   0.0250916525  -0.7619730927  -0.5579189740  -0.3843380131  -0.8964791650  -1.7553392691   0.3618036125  -0.2231574872  -0.0039934820  -0.7805076544   0.0883825766   0.4885378348  -0.6063710970   0.4054843250  -0.6789579603   1.2667733197   0.8637654540  -0.7184336581   0.2871537087
-0.6668358105   0.0334410485   0.2271886592   1.5632714459  -1.5470294070  -0.1384725737  -0.1193799503   2.1821407878   0.4749020047   1.1768712471  -0.2493584906  -0.7554943530  -0.3302231715  -0.1417242179  -0.0476380280  -1.1021390780  -0.5371099547  -1.6843783311   0.9020256130   0.7308218793  -0.2943093158   0.7621782695  -0.8143318020   0.3893338214  -0.4173352082   0.6266182056  -1.2575893557   0.4144369910  -0.8074245552  -2.0441248944  -0.5860236782   1.6803895405  -0.3407571982   0.0453925143  -0.1440420788   0.1384135250  -0.0375223025  -0.9762571516  -1.3213848583  -1.1267790454
-0.1903359879  -1.0259156760  -3.2422488741  -1.1720426424   0.6921921892   0.0309354591   1.2876074015  -1.9406730716  -1.1925740249   1.1711189376  -0.4783062836   1.4795444067   0.4401245387   1.1651838404   1.0744250128   0.4471616251   1.2863103182   1.3523662587   1.0390316573  -0.7494380144   0.8480072942  -1.4604423448  -1.6992831734   1.9014412409  -0.4228347933   1.6141253985  -0.0777769666  -0.9419823401   0.0801027044   2.1950252117   1.5412569590  -1.6809651758  -0.6667770149  -0.1773655660   0.9143222344   0.9631328737  -0.9394194750  -0.8493112666  -0.4111822306  -1.4833322058
 0.9750624957   1.0040798245   1.5993275688   0.7642440508  -0.0670929249   1.9503061081   0.0921439480  -1.9634601601  -0.7901800904   0.2347330129   0.7129401381  -0.4629356084   1.0739232963   0.1699899390   0.8111769015   0.7412732481  -1.8304671092  -0.0871205878  -0.1528024350  -0.7361426750   0.5477392744  -0.2489387284   0.2786002678  -0.1045075735   1.5376067305   1.4391170277   0.5872916387  -0.2540480226  -1.8740065060   0.3119252364   0.3487703139   0.5254455383   0.2262007476   0.2261560229   1.2656138916  -0.0888982999   1.8646872632  -0.5326499268  -1.0024321174   0.9556992182
-1.0265129628  -0.5810341120  -1.5511105172  -0.9406475879   0.2598187798   0.7253468073  -1.4399700503   1.9016713607  -0.4342441756  -1.8331348670   1.3255125646   0.5702404774   0.6241249805   1.2926393969   0.8633861208  -1.4401517826   0.8589475283  -0.0661719950  -0.5501348219  -0.2662667385  -2.2711440384  -0.0385997172   0.2426242794   1.0621342142   0.7852362032   0.7290614263   0.7687160154   0.7551785949  -0.3495977812   0.9207078941  -1.0405096947   1.4094144147   0.7191209125   0.5255099060  -0.7439970886   0.9340278539   0.1420262868   1.2959933701  -0.0486345381  -1.0133791271
 0.8553642386  -1.3440823767  -0.8631995754  -1.4348727071  -0.8292037221  -0.3665427845  -2.0050145688  -0.8748134261  -0.2322068356   1.1809778272  -0.2527983304   0.9609511375   1.1047065760   0.8707385968   0.1786446934   1.9191616558   0.4935574725  -0.0337199827   1.1330396635   0.3522187394   0.2128206569  -0.9706702103  -1.1818759863  -0.0534696195  -0.7665174040   0.6452445530  -0.0657031159   0.2993079442   0.9295362692   0.4094028574   2.2328840086   0.4568397771  -0.2140080233  -2.2008799638  -1.0649731085  -2.8609341000   0.4520974964  -0.1929358925  -0.2142052003   0.1824914192
-0.0133140076  -2.0749757804   0.1300517946  -1.3471641329  -0.4292753635  -0.6606903499   1.1240958677   0.5999298136  -0.3122075801   1.4084056339   0.3003132919  -0.1599551710   0.8456079668  -0.4174211865   0.5464704101   0.5032402982  -1.4863095561  -1.4131848121  -1.9285470589  -1.1110652385  -0.0813049113  -0.1301612310   0.2230919447  -0.3603052025   0.6757792424  -0.0196068427   0.4653668698   0.1682031081  -0.6101081829   0.5766254785  -0.1199427296   0.5419876802   0.0273601510   0.4510251176  -0.3545001800   0.0553635475   0.6687287589  -0.3248865077  -0.2899908130  -0.6917819280
 0.5718245422  -1.3062665352   0.2970975467   1.4286613610  -0.4184110743   0.0512750687   1.9645602608   0.0055926091   0.6145047729  -1.3017146581  -0.2753435977  -0.5461723599  -0.5540006828  -0.4492951130  -0.8298588140   0.7630125959   0.2642633901  -1.2035464777   0.0866827497  -0.4900881607   0.9339665193  -0.8757570633  -0.8478424811  -1.0590581865  -0.0128765167   0.2429324045  -0.0437764871   1.2006367222   0.0199282494  -0.0782012271  -0.5913165624  -0.5175566385   1.5455907975  -1.6156969269  -0.0604542340   1.5352595267   0.4897848169   0.3586824940  -0.8466458010  -0.1864959586
 0.1777009807  -1.9478443810  -0.2065611119   1.2225369345   0.3998851478  -0.3931356374   0.4990062011   0.6162126732  -1.4758890237   1.4154676630  -0.4731719245  -1.2291072656  -1.4584014770  -0.5418843974   0.8671069982  -1.0421228358   0.3609163470   0.0572894272   1.3016258052   1.3332803676   0.8954712358   0.6641862600   1.3608093406  -1.9556515033   0.2199455349  -0.6738349166   1.0719473288   0.0071623922  -1.6388008741  -0.2797075426  -1.1034018342  -0.4798321389  -0.5377427033  -0.0352751602   0.9972166744   0.3226698411   1.0897197011   0.1063071469  -0.3327484738   0.2219653191
 0.8320696608   0.2938117077   1.2171633256   0.7795577548  -1.1337648892  -0.1259525683   0.9897349432   1.4805171967   0.3626323384   1.4599861429   0.0798704144   0.9038142890  -0.8834486200   0.6098844381  -0.3974202393   0.2570831362   0.3033359022  -0.7678790027  -1.4782461548  -2.0203378316  -1.1897235335  -0.6710892948  -0.3693061626  -0.6990698872   0.3327591002  -0.9507163112   1.2682877637   2.3595306943  -0.1038829201  -0.5323233383  -1.5059760560   0.2439226060  -0.4045685967   0.5955171995   1.2037578692   0.4092131217  -0.7183411751   1.0967175760  -0.1980479210   0.1726381077
-0.7260294560   0.3121286186  -0.1855610897   1.1035096016  -0.1922143514   0.6266679455   0.0435940043   0.5763007986   0.9309371020  -0.0464773858   2.6737940313  -0.7248738469   0.5624849424  -0.1953262613  -0.9255814671  -0.2616413451  -1.0019546752   0.0893321649  -2.0493443293   2.0979989665   3.0575036618  -1.2381753747  -0.2051029679  -0.9376906725   2.0232430304   0.8451726417   0.6194327607   2.4198483936  -1.0277644439  -0.4335920875  -1.1175314258  -0.4947333023  -1.3040261151  -0.4173755885  -1.6694968856  -0.3470425422  -0.5303815031  -0.1777565256   1.7469560964   0.8404949246
-0.0601909778   0.8099256761  -1.1873216487   0.3632082531  -0.4287244225   0.8121505399   1.5717568461  -1.1472206707  -0.2101631664   0.7078667929   0.7367501839   0.2488699553  -0.3717134139  -2.0267299795   0.6586075531   0.2067453618   0.8599588435  -1.5808218665   1.9966433188  -0.1926941832  -0.2406984277  -0.9784802864  -0.2377093314  -0.3910277165   1.3193373498   0.6073353129   0.6602085342   1.5295227285   1.3265849593  -0.4418733050  -0.4949933098   1.3108395771   0.2423770639   1.3146108151  -0.5950962371  -0.9574318238   2.5445758540   0.2511724861  -1.0239366497  -0.6728220318
 0.0900960464  -0.9404827530  -2.8132382891   0.0417724556  -0.5481095409   0.5691176047  -1.0570804802   0.0779286584   1.1915612032   0.2099046260   0.8982251856   0.2548315878  -2.0543403260  -1.8559398210   0.7667739486  -2.1340215246  -0.8353863365  -0.6638238947   0.8069988736  -0.1264308344   0.0830838380   1.0249556166  -0.7526931778   0.1008237377   1.1418323612   0.4754642293   0.1182107527  -2.4632259466   0.3800929943   1.1247870862  -2.2171118930  -1.7610919149   0.2052927340  -0.3577735643   0.0665147481   0.2859790932   0.6267903222  -1.0215006925   1.4178289100  -0.0664993109
 0.1273250929  -0.8935062600   1.4239753085   0.5797864564   0.0846056713   0.9904778690   0.7971163417  -0.1752501375  -0.9823335435   0.9043110611  -0.0450892466   0.2082607986   0.1783613279   0.0293756814   0.2714010378   0.0177334079   0.0153957063  -0.7015073223   0.0285881609  -0.0645648640   0.4436472439   0.2367199540   2.6328233882  -2.8267523726   0.1133434983   0.1392494725  -0.9771104040   3.0023648364  -0.1924082342   0.0888011024   1.1351726235  -0.8361933596  -0.5266901494   0.3355065451   1.0893013322   0.7406072551  -1.2514404963   0.1723453539   1.2508560424  -0.6151175495
-0.6925131193  -0.3406788605  -0.1426596692  -1.6102988925  -0.7060654137   0.0495278745  -1.8642587888   1.1807063133   0.8387144423  -0.5719713766   0.6510941768   0.9829997887   1.4225722105  -0.7238293773   1.0166936066  -0.1621440315  -0.6515307449   0.0088276177  -0.5518425829   0.2655259123   0.1209277112  -0.7464725137   0.7509495200   1.3122888445   1.2142933988   1.1476483187  -0.5993131203   0.0500565194  -1.0372185412   1.3006661129  -0.2075393788   0.2585500916  -1.9244986155   1.9176237815  -0.3366688054  -0.3717207792   1.2176269174  -0.1734791734  -0.7289873971   0.8844093032
 2.2110935711   0.2529053309  -0.3365911797   0.8676283545  -0.8537383397  -0.4727864337   0.4096406651  -1.7625039720  -1.1141632722  -1.6443779904  -0.3323288358   0.2299654963   0.9190386803   0.4324770640  -1.0007021566  -1.9598418209  -0.9158885583  -0.1157458795   0.9769315329  -0.7406202601  -0.8914041058  -1.0555774157  -0.9461641226  -0.0051546752  -0.0453673781  -0.7078894412   0.0097504063   0.4091214026   0.7173892005   0.6261572683   1.4676464934  -0.1769711145   0.3599858807   1.5115931963  -1.1963049221  -1.9231812765  -0.7425492716   1.9059914578  -0.6246404888  -2.4351532550
-0.1035649672  -0.3766619429  -0.4012346155   1.4712307768  -0.7638798255   0.5981040446   1.8811809611   0.2379343496   0.3038771292   0.6712590586  -0.3393339836   0.2621544086   0.0067342110  -0.3236261165  -0.2741014484   1.2390916219  -1.3076025576   2.6235423448  -0.2253015774   0.9834687818   0.3451396755  -0.8704281636   1.2056669772   0.3861708320  -1.5158702168  -0.2772789648   0.7311680063   0.4984101797  -1.1657770836   0.2444133230  -0.9749627564   1.0377066311  -0.3962658148   0.2545391293   0.2234646125  -0.0433311662  -1.0193034127   0.0515600555   0.7805323307  -1.1593440877
 0.4842614190  -0.8599459387  -0.1176597694   0.4741378782   0.8654815411  -0.1111029283  -0.6975127102  -0.9168462615  -0.2817506778  -0.6207840026   0.7105814424  -0.7865830378   0.1394247224  -1.1018103540   0.3742514263   1.8984854968   0.1803426261  -0.0165327076  -1.0354376865  -0.3787310209   0.4569326158   1.9320528508   1.8827053825  -0.9102706932   0.6525471142   1.7155566514   1.5493006204   0.7038164553  -0.0480075065  -0.2279051028  -1.4115390271   0.8431488858   0.4619725144   1.0810357500  -1.3527803563  -1.0173330330   0.5262860205   1.9217888810   0.6047648365  -0.4007945739
 0.2517193936  -0.8717171077   0.3158437399  -0.9797149202   0.1893415965  -2.4183778949   0.2368024541  -1.4635640986   0.5426448489   1.0401131825   0.0231232958   1.0142081186  -1.3517137802   1.3962804362  -0.2533944110   0.3097924369  -1.5096047573  -0.6489863154  -1.0355835586  -0.9921907376  -0.0094416836   1.2042885876  -0.0159948359  -1.5077537585   0.7974298842  -0.7937370518  -0.9094654691  -0.4953351224   1.7288858687  -0.7132301385  -0.0448968660   1.1443768864  -0.2716368636   1.0981908206   2.6454004064   0.4344533750  -0.2581213803  -1.4497624647  -0.3782439871  -0.3786930551
 0.3848100867  -0.1070010111   0.8829271911   0.2653106766   0.6759251084  -0.8816238348  -0.0615016780  -1.3391182726   0.8429785594   1.2148549793  -0.4904220223  -2.3007618097   0.6750165991   1.9017184231  -0.4198589804   0.8805615992  -0.5899890318  -2.1941441753   1.9798269719  -0.2108615568  -0.7543450715   0.1913255555   1.3258672288  -0.9508467180  -0.3701313907   0.6300045220   1.9909694980   1.0138659443  -0.8404121502  -0.4260028483  -1.2976724986   1.0926099791  -0.7177594251   0.4413221710   1.7875020424  -0.6193168155  -1.7519146396  -0.1413086040   0.2953898561  -0.8798817884
-1.2935104334  -0.7513946406  -0.4778327448  -0.4193973568  -0.3682990370   0.1627254603  -1.7976114779   0.5652523682  -1.3525463147   0.9305164181   1.2011187509   0.0599075448   0.3419176825   0.9524509282  -0.3237302671   0.8795071004   0.7136432803  -0.5528272463   0.8223915950   0.7068439606   0.4049009362   1.8708252052  -0.4987350322   0.2578419255  -0.1214199073   1.0213478318  -0.1797967380   2.2331263563  -0.0475607209  -1.4923969831   0.6997101430   0.2906827159   0.6274509986   0.4752773139   1.4620080426   0.6118498933   0.3231076186  -1.6975833767  -0.6151225380   0.5098878190
-0.6444746107  -0.8607095007   1.1342817613  -1.2776626284   0.4902348715  -0.8423364010   1.0965302053  -0.4206701725  -0.8861575128   0.0211294312   0.3861109065   0.1819301682   1.0664419371  -0.0030719598  -0.3387282933  -0.9103541392  -0.8217853035  -0.3662657334  -0.5489690641   0.2444360695   0.6830543908   2.3083448545  -1.3377499076  -0.0209838566   1.2935416359   0.7710590029  -0.7910740801  -0.8598089831  -0.0382933186  -0.5599879330   1.4830399780  -0.3553771491   0.7318132109   0.8002592846   0.5748200594  -0.9745129285   1.4848519042   1.1826017338   0.2305285697   1.3960176859
-1.0829567353   0.2780061201   0.9638687993   0.5827778272  -1.0662902231  -0.5618218647  -0.7415281900  -0.1611731278  -0.0370890967   0.3077826685   0.5269592459   0.7972311904  -1.8898293106  -0.9892477997   1.0863392965   0.9456925856  -0.2435116374   0.4528433478  -0.7225660699  -0.6718983974  -0.9318817467  -1.2254771599   0.4895054857   0.8283973744  -1.3709858376   0.8912148341   0.3015870130   1.8594329859   1.6955986793  -0.3945176228   0.6346331050   1.8181605793   1.0162030481   0.5791257580   0.2077368515   1.1278933459   0.0436719830   0.0697038563   0.7356762838   2.2438119795
 2.0950380405   0.4005565060   1.6033465708   0.4963933679  -0.1255808591  -0.3620793788  -0.5261881644  -2.3576678175  -0.7988813889  -0.0627180514  -0.6827481763   1.3577757887  -0.4092131378   0.5777288667  -0.2217587250  -1.7877423216   0.3806029993   0.0628341371   0.8315712750  -0.0402307489  -0.9306613874  -1.3471315099  -1.0193849250  -2.2197682491   0.2512565330   0.3277209814  -0.0996524861   0.6821573565   1.0900951323   1.1407793835  -0.6468845402   0.7796986688  -1.5335342279   0.1151707696  -1.0088126625   0.6463279713   0.0826630016  -1.3633839324   0.1553001746  -0.5167693325
 0.9922962952   0.2865429750   0.3350442959  -0.6655875508  -1.5907585270   0.6384267629   0.1105082621  -0.8630782332  -1.5294534463   0.6275796280   0.0814691486  -1.8295994912   1.1491453508   0.2564568629  -1.1573598867   1.4742322676  -0.2431828164   0.8144503956   0.0250148698  -2.2292317689   0.0161631761  -0.9072156436  -1.7916789948   0.2302338782   0.5481855472  -1.4867162201   0.8679631202   0.0462080438  -1.2907412248  -2.2394721968   0.1758890082   0.1040994518   1.5715228114  -0.5357620609   0.4273867205  -0.3987997173   0.5360027022   1.1743097031  -0.2057704686   0.1486348842
 0.7457122769  -1.5866645498   1.3237711843   1.2213995314   0.0128356210  -1.2259296373  -0.3964930423   1.3746030385   0.1500639923  -0.8860481332  -0.5804910821   0.8645215925  -1.2417982087  -0.9090430361  -0.2781845540   1.1557462565  -0.2513926563   0.1869315887   0.1340275620  -0.8486681532  -0.2232739990   0.0370918213   0.0100754131  -0.4442677276  -1.3390925357  -0.0153930658  -0.1882563814  -0.2298726662   0.5309935083   0.0264834780   0.0623533805   1.2652055742   1.2475620467   1.4144403812  -0.1303045782  -0.5273744367  -1.2393163806   0.7306690506  -0.2995901690   1.1744375175
 0.7306227706  -1.3639541449  -0.4461292793   0.0766272897  -0.5582294937  -2.0611633666   0.7091929366   0.5054444276   1.5264007948   1.4282963240  -0.6688245457  -0.3611571503  -1.1116133813  -0.3589356316   0.9821219624  -0.2471036627  -0.3579256541   1.0550182627   1.1445676324   1.3302615206  -0.4589784330  -1.2140189052   1.0938955756  -0.6211803554   1.5886619777   1.0301543873   0.7223073776  -0.4324827145   0.4541260054   0.3590138951   0.6272863077  -0.8583932350  -1.6238334158   0.8300824612  -0.0062486121  -1.4166349762   0.5474644044  -0.6955023746   0.0958931691  -0.5769383169
-0.1443143559   0.4537895916   0.8553967238   0.5125646166  -1.3538038047  -0.5708092020  -1.8230031531   0.3518088456  -1.1207243508   0.3231231361  -0.9661518398   0.6358080424   0.2474820111  -0.9093883160  -0.6866715681   0.5163078597   0.0990332876   0.8338843548  -0.1088976537  -1.6588407224  -1.5446022418  -0.5919577925   0.5479133438   0.9257137623   0.0720301763   1.2647287215   0.8377658731   0.6923639371  -1.1324823655   0.5868963327  -0.1442726663  -0.3129216055   2.6068403638  -0.1280159588   0.0541757135   1.4923797871   0.4560225933  -0.0347116460  -0.2741375076   2.8464974598
 0.1164060598   0.6778453331   0.9932840486   0.2762011057  -0.1840239655   0.0369024087  -0.8304176010  -0.7944193409  -0.6234420366  -0.1201724489  -0.0860914265   0.3723576464  -0.2059345184   0.8154238302   1.0950370942   0.5095813024   0.2744453017   0.0948214621  -0.4867208874   0.7147432600   1.0970002772   0.7749778576  -0.2003741842   1.0560494312  -1.1209030093   1.8872490197  -1.2172997855   0.2432572010   0.8070266264   1.1409059961   0.6604802586   0.6650295045  -0.9060893154   0.0817944148  -0.0537975413   0.0193752353  -0.4958899358   1.1428541047   0.8111283058  -1.5885746181
 0.7276403329  -1.2787678516   0.7961201218  -0.5834680507  -1.5739338271   0.2896377281   0.6686795996  -0.1604562806  -1.8040982803  -0.3217362149   0.7287614708   2.2524578635   0.5750961533   0.4492003445  -0.6079036702   1.2359914886   1.1983931709   0.1396379237  -1.2678192095  -2.0679319051  -1.6001255049  -0.4463419321   0.1556528503   1.6968266854  -0.7031406492  -0.5902050960  -0.4933924535   0.8802221979   2.0214074381   1.1267090553   0.1768843371   1.0038047299  -2.9214818685   1.7439106417  -1.2901896893   0.2850340080  -0.2459089247  -0.7075895035  -0.9415664915  -1.0200539094
s4
 2.0981444090
 0.9204172642
 0.2690909859
-0.4779132132
-1.7343749059
 0.1094225002
 1.2960195725
 0.0377165473
 1.0446618127
 0.7836842097
-0.6670445195
-0.3978753524
 0.6276576992
 1.0488138418
 0.6185863570
 0.7203938828
-0.8548256270
 0.3749177377
 0.6796531190
-1.3935483064
-2.0091425331
-0.3214637596
 0.7537810459
-1.6169572666
 2.4604868277
-0.0787532606
-1.0388153896
 0.4362751389
-1.0431457482
 0.5766146955
-0.4843985188
 0.5550974806
-0.6793311414
 0.0123376225
 1.4122783271
 1.0179538767
 0.8685542239
 0.6359017677
-0.0149985681
-0.3013912302
w5
3.2871572866  1.7935944429  0.6360998768  0.1597263320  -0.6444280971  -0.4330501208  -0.4337781229  0.0120382109  -0.7363687148  -0.0470757993  -0.4694055663  0.6395968082  -0.5779388695  -0.5948602005  0.8016384887  1.0399270216  -0.2126979378  0.2566100681  -0.4937420037  -0.0124239818  -1.7680762514  0.2932620421  0.6936552824  -0.3010046043  -0.6659023488  -2.4436919712  -0.6020623017  0.2781194531  -0.9285462575  2.6439229308  -1.5927690857  0.2938282943  0.1208835984  1.4899648004  -1.2684048567  -0.8251518625  -0.7049827033  0.4659056079  -2.1318879539  -0.7698214579
s5
2.0981444090

