layers: 5
str: {2,5,5,5,1}
w1
 0.3024690428  -0.9195916924
-0.2252020577  -1.8565203779
-2.1399892428   0.4980582587
 1.0626016259  -2.1536101681
 0.5964080074  -0.7539307129
s1
 1.4025661903
-0.4958367014
-0.6625267224
-0.3275726688
 1.3746126045
w2
 0.5095522094   0.1947971276   0.9250836206  -0.0425019350  -1.3159297121
 0.0926745664   0.4977187374   1.2949603092  -0.0606577348   0.5065308681
-0.0024599739  -1.2707202198  -0.8145849101  -0.7283772682  -0.0719028170
 0.7653262211   1.5674117231  -0.4065574761   1.5623287988   0.4993246675
 0.6489170139   0.9383118072  -0.3475080622   0.7302952172   0.0640775589
s2
-0.9433372671
-1.2582188478
-1.3954905991
 0.7381149262
-0.0660465089
w3
 0.1286345962  -1.4840145437   1.0346362036  -0.9754947120   1.2644610566
-0.1168836379  -0.1252869523  -0.2422321877  -0.1144849037  -0.6392590453
 2.6172767651   0.1139284515  -0.6748828719  -0.1467040808   1.6894374451
-0.7025419937   0.3805801266  -1.5601445867  -1.8441491100  -0.0828685587
-0.0366738392  -1.2321962343   1.1544928635   1.2965581401  -0.8967458577
s3
-0.9433372671
-1.2582188478
-1.3954905991
 0.7381149262
-0.0660465089
w4
-1.6685233324  -0.6368273736  -0.0073496615  1.3976928169  -1.4538361187
s4
-0.9433372671

