layers: 4
str: {2,5,5,1}
w1
-0.7678953801  -1.0765005312
-1.6805789305  -1.0928197279
 0.2596411275   1.3947385833
 0.9664894232   0.6985997545
-0.3466646306  -0.6034345789
s1
 1.4025661903
-0.4958367014
-0.6625267224
-0.3275726688
 1.3746126045
w2
 1.3213372478  -0.7591510614   0.4131413763  -1.3258537632   0.2808011795
 1.0529824483   0.7220830502   0.3675605018  -0.3164501371  -1.0138763185
-1.2955730914  -0.4624036599  -0.2644631554  -0.5535957902   0.6868105114
 0.1117889125  -0.6357797330   1.0673011257  -0.6139179744   1.6610012380
 0.7316267343  -0.7739719461   1.3097846570  -0.4583408831  -0.6797875922
s2
-0.9433372671
-1.2582188478
-1.3954905991
 0.7381149262
-0.0660465089
w3
2.2402491297  0.6837348881  -0.7270630733  0.0458566677  1.8124700933
s3
-0.9433372671

