layers: 6
str: {2,5,5,5,5,1}
w1
 0.6351532916   0.2624926884
 0.8215223424   0.4039384509
-1.6972576368  -1.0538598798
-0.3891383720  -0.1695846252
 0.6062891735   0.3759831525
s1
 1.4025661903
-0.4958367014
-0.6625267224
-0.3275726688
 1.3746126045
w2
-0.0354214284   0.9028670094   1.3210953360   0.6305431923  -0.8902046377
-0.3343707971   1.0896133744  -1.4975634397   0.5332549653  -1.6970638159
-2.6560233511  -0.3271722673  -0.8138329764   0.1298155774   0.9166610819
 0.1142479656   0.6580791577  -1.8687985961  -1.9112471049  -0.6799441856
 0.4385468398  -0.6773816364  -0.9201851720  -0.4295846929  -1.3062323928
s2
-0.9433372671
-1.2582188478
-1.3954905991
 0.7381149262
-0.0660465089
w3
-0.4100584711   0.3803391789  -0.5736768506  -0.3883992958   0.7495626003
-0.2883797074   0.0390917307   0.9701812752   0.7346685825  -2.2884289416
-1.0449946906   0.0119603025  -0.9301911348   0.5452719446  -2.0814423461
-0.2216055215  -0.2206014182  -0.8493010794  -0.1723025350   0.5776414084
 2.4902720848  -0.7645379062  -0.6247910763   1.0997439200   2.2760653422
s3
-0.9433372671
-1.2582188478
-1.3954905991
 0.7381149262
-0.0660465089
w4
 1.2759109754  -0.9242180237  -0.9623007172  -2.3025058950   0.3171407249
 0.5625318512  -4.1088437392  -0.5981896305  -0.9432835690  -0.2364052848
-0.8491986482  -0.1052110219  -1.3956311180  -1.5366239373  -1.2177038886
 0.4377854067  -0.6891363629   0.0936922949   0.8650619194  -0.2319658967
 1.0824497666   0.6400773295  -1.5437740769  -0.6943889756   0.8054991789
s4
-0.9433372671
-1.2582188478
-1.3954905991
 0.7381149262
-0.0660465089
w5
-2.0060594075  0.0554156820  2.5374750437  -0.9000337685  -0.1058100414
s5
-0.9433372671

