layers: 6
str: {2,10,10,10,10,1}
w1
 1.5174761938   1.5684783947
 0.5276631269   1.1848983115
 1.4278252322   0.1228643470
-0.8456752083   0.6103021676
-1.2927512985   0.8176357739
 0.6676881205  -1.4024352169
-1.2412887291  -0.3034968962
-0.4754613719  -2.2050622018
-1.1249132446  -2.2893117321
 0.7263911663  -0.4489939293
s1
 1.4236044948
-0.4956908305
-0.7150829533
-0.2638208555
 1.3354775597
-0.2370187115
-0.2292364219
 0.0022545388
-0.7272069054
-1.4321897973
w2
-0.7600289463   1.1020034635  -0.8323458675   0.4605235166  -0.2489860036  -0.0657166308   0.4265734949  -0.7241504435  -0.0315012463  -0.8520664520
-1.2864508744   0.5579304133   0.2055454101   0.1261484634  -1.1323761563  -0.1727109128   0.7508438526   0.6255269944  -1.3578084716  -1.5718756494
-1.1791371980   0.1125292891   0.6553540487   0.8944044979   0.5765977288  -0.2486932077   0.9822994842   1.1427823308  -1.2299365808  -0.6921432706
 0.3669424375  -2.0149257602  -0.2329216613  -3.7382259085  -1.0444167600   1.2309996558  -0.5325074176  -1.6469822113   0.2573875314   2.8699624420
-0.1442112725   1.2297895776   0.3574173800   0.8101263347  -0.3242408129   0.5117067462   1.1812228412   0.6431709104  -1.1682791995  -0.5759141848
-0.1813091351  -0.5079034582  -1.8240409008   1.7373060780   1.5135999961  -1.3955919433   0.7435880450   0.4291325986  -0.9980097267  -0.5780826501
-0.1741167947  -0.8793388011   0.0336745337  -0.3214899124  -0.1064418508   0.0055809053  -0.2309256092   0.1408339716  -1.1626843334   0.2752428209
 0.4812889431  -1.3756340366  -0.6824597067   0.2980388351   0.2082513281   0.5209436410   0.1234627699  -0.4755958615  -0.8489146316  -0.4424011854
-1.4554592547   0.1219730399  -0.5724622003   0.0715358519   0.8838485667   1.4064227082  -0.3887754582  -0.7659511884  -1.6590696090  -1.2248199376
 0.8468396200   0.4277956137  -2.6689372814   1.1517673782   0.0206037643  -0.7499522732  -1.5990468263   0.1383107744  -0.3568641535   1.1066079580
s2
 1.0743670653
 0.7851383096
 1.2060435450
-0.8644110226
-2.1321966608
-0.7621087430
 0.7937809521
-1.2740351388
 0.1160543910
 2.0094299152
w3
 1.1355694044  -0.8864489271  -0.1804057950  -0.1168364543   0.0589664888  -0.4518862640  -0.2580358050   0.8347527861   1.2253272573  -0.0335742946
-0.0542617894  -1.3615861896  -0.2590814835  -1.0745493241   0.2549603117  -1.1882002396   0.1130892666   0.6260736627  -0.5646506574   0.0658710836
-0.3358026563   0.6507710684  -2.1285806062   0.1536004500  -2.0928171336   0.6176924112  -0.2776424987   1.0860349148  -0.4157228583   0.9726920324
 0.0496004299  -0.4623337333  -1.1791481914  -1.3802752640   0.1741958506   0.2901374491   0.1943531651  -2.1967705820   0.1103056093  -0.7042382827
-0.4411300178   1.0325704724   0.7040710670   1.5871948154   0.1928056939   0.9745707378  -1.1388857072   1.1406650955   0.6638212622  -0.3542752480
-0.5272994481   0.5050372161   0.2710714719   0.8360886693  -0.7442379836   0.4837848014   0.2125451189  -0.0483306567  -0.1088803028  -0.2774464245
-0.4760757497   1.1494026858   0.7052317375  -0.3955228811  -1.2993436891  -0.0883930206  -1.2174892079  -0.0126872787   0.2095409305   2.3604794145
 1.1692804220  -0.4680316881  -1.5024756995  -0.5055472018  -0.0731246731  -0.5183181140  -1.3825915338  -0.9250027198   0.3785223349   2.1141315290
 0.2263850042   1.4343512329   0.0107080745  -1.0476994775  -0.2104512181  -0.1018639102   0.6767771146  -1.0986651730   0.4137273279   1.3692900514
-0.9674120785   1.2605614313   0.4154568989   0.6323878287  -1.1550829115   0.8820767740  -0.0678888833  -1.0304990527  -0.7083571931  -0.8045554763
s3
 1.2632587890
 0.7007389513
 0.6213123574
-1.0841997649
-2.1961030743
-1.2467904096
 1.0758310482
-1.3574818736
 0.1663966355
 2.1574637684
w4
-1.2079447481   0.4246712237   0.1860078413   0.9455162667   0.5135013222   1.9561557319  -1.2129405336   0.6343630774  -1.0823705684  -0.1751719583
-0.4968934193  -0.1131689286   0.8495756696   1.4128102820   0.4659088168  -0.3579670819  -1.5188685594   1.8512978690  -1.2523869904  -1.9516595545
-1.9725653289   1.6892502577   2.0970201833   0.3568492247  -2.8284958447   0.8733223879  -0.6560136680  -0.9095764530  -0.8033428763  -0.4191164656
-1.0512146810  -0.7904229964  -0.0816315215   2.1750440193  -0.1655524616  -0.8148445700   0.0419978939   1.3278882679  -1.5475930648   0.4841962482
 0.1469459677  -1.3432853610  -0.0114054162  -0.8627046537   0.7057264763  -1.8788864989  -0.5927183174   0.0239445030   0.0203945710  -1.4211036855
-0.4261311674  -0.6950283793  -0.0790016837  -0.6117627489   0.3882733024   0.8832750580   0.2879333225   1.3807584994   0.7475793612  -1.2516361932
 0.4219569267   0.2473059782   0.3168773101   0.5153929631   0.1972694598  -0.8675563037  -1.6458854712  -0.1145259962  -0.4831981988  -0.9504073453
-1.9403343997   1.0701765351  -0.4612859684   1.6974522299  -0.4506614613  -1.9145466703   0.6742271114   0.2359091355   1.1065682846  -1.7645331491
 0.1093694475  -2.1712864337   0.3832924060   0.7432854865   0.2325659755  -0.1253819660  -0.9977532847  -1.1486362398   0.4676062783   0.3690825794
 0.7895536967   0.9082650503  -1.1161868447  -1.7533663336  -0.0815791876  -0.2448077499  -0.8876368061  -1.1274929869  -1.7951398800  -1.4568235089
s4
 0.3825032695
 0.5732233725
 0.5652667323
-1.3599395366
-2.2424426057
-1.6176397222
 0.3730240645
-1.3944869702
-0.7497221483
 1.3484704547
w5
-0.1340390124  -1.0463514512  -0.2630133062  1.1657948398  -0.0911597528  -0.1102946524  -0.1919002414  -2.0924307809  0.1253272893  0.0038016620
s5
0.2740381340

