layers: 4
str: {2,10,10,1}
w1
 5.7318276329  -2.2286051274
 0.9772176576  -2.0785728314
-9.9242551281  -2.3710018473
 4.1108425868   0.3319299941
-7.5718930980  -1.6915737192
 2.0131412463   2.6559464122
-8.2298723874  -2.7759271531
 6.8205817269   0.6338011553
-4.2681233639   2.5478770784
-7.8225708297  -3.3193566851
s1
  8.6906393816
 -1.5553735493
 -8.7107711880
 -5.9975737988
  0.3358896598
  1.9105496143
  6.3901204892
-17.4527139755
  0.0263518075
-16.7676734870
w2
  1.2176872305   -7.8203809865   4.0608884502   -1.3414918978   3.3282646964  -10.2467689007   -3.5262130717   0.0773665180  -3.2212183683    0.5780623453
 -1.4142807979    1.2291114918  -0.1816051909    2.8304790042  -1.2917693584   -0.1728761667   -3.5174202723  -5.0078566499  -0.2613169893    0.3281334209
 -3.1115577723  -10.1784334076  -0.5201020831    9.7846477876  -2.3392249340   -3.2432820188   -2.4437025140  -1.6141935041   0.2324848170    1.3514531005
  2.2238584207    3.7237098769   0.1379018894  -11.4097979247   0.1392172230    0.2884879913  -11.4626020019  -9.0718163617  -4.8115749886    3.2052688598
  3.3702294117   -3.3552799652   2.3820093388   -0.3743457062  -4.0519824285   -5.6016229079    4.1122359242   8.2466766325   2.3038919493  -11.6511704525
-11.2329699661    2.0229896987  -0.4528028454   -1.0518559652   6.6295427393  -11.5379510707   -1.2281969259   2.3783975253   5.5526364545  -10.6529831812
 -2.5006290093    1.0050678454  -6.9577477396   -9.9834628112   4.6280859770    3.9614534532    1.5382788126  -2.2444490685  -5.9643512610   -2.4145866943
 11.2106084021  -10.6571853685   6.0594067220   -1.1150811012   1.3038886099   -5.8064690004   -5.3390791049  -1.1979389521  -8.1497540426    0.2916135848
 -8.6233178779    7.7099456051  -0.4339327382    8.6467929745  -2.6996929832   -6.8644644282   -0.1968254705   4.8094865581   0.8768240212    0.4990731907
 -6.1000638581   -1.8428571676  -6.1265132606   -4.7523605874   3.6993958917   -4.8585794299   -0.8100644366  -1.9176231503   4.8886414254   -8.3558461522
s2
 0.9039384879
-1.0821242971
-3.3436262157
 2.6314452208
-4.3521533704
-0.9321893563
-2.5976489860
 1.5138335909
-1.2384808072
 4.0212166190
w3
-1.2336330839  1.8374043275  -6.4916426961  -2.2483326298  3.6050706834  -2.1742678507  -3.0314622192  -1.5465412783  -2.7934620685  -1.4044836886
s3
1.4684050003

