layers: 5
str: {2,10,10,10,1}
w1
 4.2556204494   0.8651637555
 3.4929400684  -0.4684141517
 2.4203836860   1.4970813002
-3.6356095968   0.8148781105
-2.1785329898   4.8729096899
 0.8859002855   3.3040155230
-4.7323016328   1.7997491685
 9.5567707515   2.5561468135
-4.6767365978   2.9946692250
-4.6138607687   1.8070238578
s1
 7.7842059308
-7.4509228692
 0.1392815071
-9.2727569720
-2.3564886702
-5.7591105809
-1.2772482102
-0.4874872686
 0.3238110293
-5.9901472264
w2
-1.2579480788  -0.7875488370    0.8295804194   0.5145968633   2.0389768774   2.6875871066  -2.4053611600  -4.4502156667  -2.2228714939   1.0724288140
-1.4330784302   6.7064945615   -1.4619051037  -2.9824688004  -2.8865359976  -4.5055589493   3.9746268739   6.3326482161   3.8354469199  -3.4676020304
-0.2904960021   3.1506755945   -4.4894258290   6.8218181362   0.8597841445   7.2527258738  -2.8969646892   1.3896187918  -2.8387605629  -1.4830392489
-4.2658452074   0.4538663939    1.5114736662   4.5836268969   4.4028880739   2.7882777311  -1.3435847591  -3.1635981536  -0.8324983220   3.4153849757
 2.0599995246   6.6336357009  -10.1036733960   1.9366401298   1.8339810542  -0.5614452047   0.1833680332   4.3739880869   1.7627825306   1.4952539625
-1.4968156850  -0.7650214808    1.8964033371  -3.9732096866   0.0102284011  -2.0893148845   1.4684232956  -3.6647539923   1.8686546857   0.7704815379
-4.5770209714   6.3944297263    5.2761669301  -0.5766876677  -1.0391911545   0.9503265115   2.6323159312  -1.3219148367   0.0146124886   0.3976144269
 1.1431704514  -0.1688972596   -4.3000015186   0.8102921512  -1.7851162746  -0.1001906955   2.4986355159   1.7675224688   6.3085853013  -0.8079336293
 0.1024500058   0.6429518851   -3.3673313989   2.4480184745  -1.2612357704  -1.2740692069  -1.5895268433  -0.8684529309  -1.2846512675  -0.3635616220
 3.3793658873   0.4071251301   -3.3734364219  -0.1986061874  -1.3277480253   3.7732995898  -0.3704507732  -3.0381149725  -0.9577054697  -2.3261997154
s2
 1.4027034545
-4.2520223199
 0.3923738718
-2.3397287574
-3.0037701408
 0.2008875754
-0.5420791238
-2.0455507944
-1.1423743362
 0.9693198746
w3
-1.3250650080  -2.4656670418  -2.0118209896  -0.6012957022  -1.1942450968   0.0620476752   0.0710229673  -1.6003674443  -0.8383129143  -2.5891768346
 0.6063475279  -2.3366607494  -2.4197413912  -0.9619929840  -2.1841227708   0.7391854457  -0.7965359752  -0.6476909402   0.2242549640   1.8012635425
 2.4953323931  -4.7877382523  -2.1224611613  -0.9601150943  -5.6683994415   0.5784308566   0.7156715267  -3.4679272913  -0.4846907908   2.5749842216
-2.2828073063   1.7400462981  -2.8286927269  -2.5168381472   3.8175942801  -0.9890296439  -9.0645102641  -0.4676366433   2.3059032571   0.3705551847
-1.2056748742   2.7313625287  -0.9330007054  -1.2428522877   3.1447864203   0.0849001009  -0.3720348478  -0.5880264904  -0.3611954682  -1.3554489997
-2.3512562277  -1.7140588853  -5.8520508466   4.5808692473  -0.7592489958   1.7802903274  -0.9889596077  -1.8010082629  -0.3708251787  -2.7861494802
 0.7678280287  -0.7021289123  -2.0257376321  -1.1133683772  -1.6857216787  -0.1510446392  -1.2271283138   0.0906738675   0.3746721776  -0.9475768002
-3.1750674174   2.8218878396  -5.9734692499  -3.5004923805  -5.1301102086   0.1632938937   5.0145966229   1.2360665885  -1.7779461511  -4.7848409569
-0.0392836966  -1.2657218095  -2.7033932636   1.2115784969  -2.3987441650   1.4896714059  -0.5261091643  -1.7639753399   0.3795881990  -0.1515669389
 0.8324529104  -2.3868770545  -4.9701499308   2.2460794548  -2.0427242703   1.2268536907  -0.9077055569  -4.3429951923  -0.3027042769  -3.4242367028
s3
 0.2104418083
-1.2254098709
-0.8437966586
-2.4108282182
-3.4153384773
-0.8312391396
-0.9199305765
-3.9864926147
-1.2634124496
 1.5256218316
w4
-1.3422467265  -1.4576283395  -2.5173170199  4.5925778010  -1.9967186383  -2.1114320812  -0.8317507800  3.9793503534  -1.3849812178  -3.4207007558
s4
0.3227408608

