layers: 4
str: {2,10,10,1}
w1
 0.7425307815  -2.6161691442
-8.6917897994  -2.2573470461
 6.0418043646  -3.4008962832
 5.0795671524  -2.7715783097
 2.3580319634   2.5048023092
-7.7811247424  -2.0228071949
 4.3417066011   1.4373792385
 1.6018922804  -2.3285983484
-5.4653834844  -1.2696811104
 5.3350422351  -2.0634471669
s1
 4.3251543539
 6.3550069952
 0.4533077557
 8.7981197538
 3.0421422443
 0.5981249477
-8.5279267547
-6.3635522536
-5.8524568400
-8.8972014639
w2
-4.7063649793   1.1324144057  -3.2686484697  -1.5157443218  -6.2742806936   1.2448351363  -1.2656624009   0.1103907849   0.4692530282  -1.6576436753
-0.2355365822   1.1118229366  -1.1821528817  -0.6351312543  -1.7155620390  -2.2247488702  -2.3702411450  -0.8040443200  -0.1769796821  -0.0555049910
 0.4610054506  -1.4469589090   0.4950868681  -3.2408684810   0.5847765099   4.4656510374  -2.4934602903  -1.5923629703  -7.3790891683  -1.9165713370
 0.3374314436   4.0955310327  -5.0128849291   2.2492367154  -3.7624722748  -5.1480092128  -2.2370325599   1.4922721366  -1.4923954468   1.2894265445
 4.9525397505  -0.7116094785   2.3673616762  -7.5369991893  -1.9901231761  -1.0977003496  -1.9369843440  -2.8308508631   7.5458070561  -0.4625316148
 1.0509833413  -2.8657339287   1.6986710955  -2.9682309211  -3.0961416845   0.2073517777   8.8840791034   4.6619976485  -2.7174380435  -2.5156782423
 0.3675017551  -6.2092830434   6.9770307499  -1.4439634111  -3.4681184779   0.9281997783  -6.8033681906   3.3060096954  -0.7946812412  -3.2019289920
-0.9885406018  -1.1589672059  -1.2471513351   0.3354067175  -0.2340991351  -0.8876836647   0.2362938191   0.1571672999  -0.7188642885  -0.2817173589
 0.3352879814  -3.0620361155  -0.9878354440   0.2560642276   0.2944060563  -1.4313302321  -3.7503613788  -0.1504101152  -0.9642166495  -2.0399147562
-2.4415650264  -1.6781900610   5.3983466758  -1.2886794735   0.2567853229   2.1919107424  -4.1133131420  -4.0919864167  -9.0801133688  -5.7226237319
s2
 0.2530165411
-1.6666087249
-0.4737286868
-2.1778537864
-3.8884226286
-3.8574163537
-1.3626947247
-2.7549349395
-0.2820224463
-0.0495188263
w3
3.7221819702  0.6569754090  -2.7782393821  3.2220593537  -2.6590237570  -3.1386696261  -2.3155751872  -0.1681292487  -2.2797574111  -1.8716975596
s3
1.5286612220

