layers: 5
str: {2,10,10,10,1}
w1
 2.9613006158  -1.3873540738
-2.2476158522   1.2030411921
 3.5448596734  -1.6642417304
 5.2425769008   2.0277229690
-3.2661987672   0.7515206853
-1.5515615864   0.7966529631
-1.7520735227   0.5311896394
-2.2260436446   1.4453056314
-0.0877002698  -1.2778770749
 2.7240213403  -1.7627266545
s1
 3.1803160935
-1.5248008528
-4.5724485697
-2.6357601096
 3.4127855393
-3.9916156195
-3.9184532543
 1.6040058612
-1.0209470403
-0.8788868276
w2
-1.3581158139   0.9221769047   1.7933010823  -2.1267102500  -0.8610084016   0.4772515665  -1.7415907260  -1.0521499636  -1.9615506894   1.3412311175
-0.5531936742   0.1389648416  -2.0992143621   0.7995954102   0.4898179649   1.2201066349   0.1648740589   1.5347168424  -1.0043946658  -0.9440959121
-0.1646061852   0.4455921786  -3.4137250230  -0.0440116342   3.7891730387   0.1990838626   0.6122417509   3.7853989859   0.4403822678  -1.7326142944
 3.1628640322  -1.0005177796   1.6835565143   1.4801991230  -1.8088649600  -1.4592430202  -1.3954930849  -2.7013390279   1.1686086461   3.5370936460
-0.6755374697   1.3311755525  -0.2027740281  -0.0806251589  -0.7954681087  -0.3239427960  -0.0046654632  -1.2111209750   0.1083365006   0.3091106524
-1.3015833558   0.5949282873  -2.1106663083   4.0636074623   0.5152668240  -1.4192365821  -2.6431782045   0.8435196041   1.6391511605   0.8023576125
 0.8290993465  -0.5819128632  -1.5648085175  -0.1788461662   0.8872917115  -2.4136418616  -0.4159705713  -0.7699228941   1.1928883465  -1.2025596254
-4.8393114397   2.5885352998   0.6211966757  -2.2156492454  -0.2206780948   2.3463744773   2.9899387264   0.4360635488  -1.4930946837  -0.1166086003
 0.7663539116  -1.2142912981   0.0655974184  -1.7991983185  -1.8016941634   3.1330355382   2.3678389290  -0.1556883466  -3.0903378447   2.1196397484
-0.5348416426  -0.3802090848  -2.4604135993   0.4397292493   1.6591011358   1.0692470377   0.5447403090  -0.3594480787  -0.7798960671  -1.6890669669
s2
 0.4821193601
 0.5248029802
 1.8197627674
-1.0240518863
-2.6458411172
-0.4713296107
 0.5893101712
-1.6090534342
 0.5035957273
 1.7939787952
w3
 0.2763155924  -1.6953836425  -1.2761500318  -0.2315552817  -0.5119676760  -0.3716186822  -2.0274375978   0.1600727160  -1.0676052671  -0.9588524368
-0.9673275926  -1.3006448219  -0.8444622078  -0.8057207491   0.6345982478  -0.1517013167  -0.3084874171  -0.2613240378  -0.8710094514  -0.9660570176
-0.5886913925  -0.8327888406  -1.1806885706   0.2666221147   1.0900123616  -1.6599168053  -0.5715135964  -0.7746979708  -1.6329460459  -0.7496341172
-0.6801046614  -0.5090188930  -1.9323149358   0.5314952780   0.2374547538  -1.3439508642  -0.2289577858  -0.4290985850   1.1773473472  -0.5954964646
-0.8121491913   0.6041590496  -0.9078070631   0.8232924962  -0.2657380091   0.4055216288  -2.1625826439   1.4426865683  -1.9778125800  -1.3384716300
-1.2471765047   0.0827567617   0.1732770166  -4.2782867810   0.0184474820  -3.4976966649  -0.9712777573  -0.0746088310   4.0956866030  -0.5527160663
-0.7917673512  -1.8317367806  -0.6396284040  -1.2422681896  -0.2592811249  -0.3396295426  -1.4857677268  -0.2703753700   0.5952079038  -1.0097569314
 3.1345435414  -0.7593333622  -3.7489165458  -0.8091269150  -1.5458952887  -1.1017420984  -0.2927719244  -0.6718661156   2.3567165378  -1.9942140653
-1.7719320910   0.7852354584  -0.2906870882  -5.1220136719  -0.1890637692   1.8177956729   1.0860849316  -5.4806736935  -3.3636352119   1.5492576216
-0.4260539208  -1.5786144362  -3.0337912814  -0.1525421534  -0.6458174946  -2.7158069871  -0.1564870599  -1.2935678158  -0.2124097090  -1.6323724287
s3
-0.1365083976
-0.5386327505
-0.2428632015
-1.8115931467
-2.5058277250
-1.5327300557
-0.1146805674
-1.1910264615
-1.0316423061
 0.9687739334
w4
0.5908254353  0.3274333155  0.5689121960  1.0983822179  -1.8199131401  2.2026048395  0.7262845060  1.5437490587  2.0714740338  1.6558642876
s4
-1.2213300693

