layers: 4
str: {2,10,10,1}
w1
-0.2145802270  -1.6391796737
-0.6285601464   0.5555597381
 1.3703504203  -1.8061271699
-0.5528383771   0.3244450242
 0.9177064256  -1.2767104076
 2.6940520063  -1.5017572405
-0.2849289507  -0.4882186669
-0.8355049252   1.3216270592
-0.1610691094   2.0164015049
 0.4880791640   1.3654266345
s1
 0.4408568905
-0.4308822249
-1.0258778533
-1.1747121358
 1.5873991148
 0.0371982467
-1.0694967966
-0.1178374191
-0.6188398979
-1.5175444589
w2
 0.2070009616  -0.9949623623   1.1896294485  -0.1206657409  -0.0570471613  -2.1948839151   0.8334188083  -0.1860288059  -0.3580041814  -0.1098143073
 0.2355988955   0.5857351459  -0.7495492980   1.5140924055  -1.6745897587  -1.3308936427   0.3796147257  -0.8643413539  -0.6870775836   0.6301635355
-1.4720459791   1.3408288317   1.2866198908  -0.0619860210   0.3437498802  -2.1577255933  -1.2753146971  -2.4294449689  -1.2002534996   0.7436822544
 0.2343437564  -0.3270936164   0.5272821843   1.1602924886   0.6583538525  -0.2181845416  -0.1286927455   1.1109501012  -0.0602056229  -2.1916216272
 0.4356912785  -0.3101123462   1.4223204677  -0.2262441120   0.3423813331  -1.3785496743   0.9810979749   0.6761290557  -0.8913542961  -0.8315968448
 0.1752107600  -1.3248109226  -1.5631756305   0.8810155006   0.7160160645  -0.3648732438  -0.4013956467  -0.2350446610   0.5607268574   1.2132712153
 1.1668728503  -0.8785195662  -2.9928810664   0.3437941003  -2.9455311876   1.9856465661   0.7343856952   1.1256088375  -0.9191055339  -0.3279352341
 0.2186445527  -0.6906943088   1.1274121359  -0.1454089401  -1.3926644454   0.0509276217  -0.4856277801   1.6047800344  -1.2154583804  -0.6840545225
 2.5325046257  -0.1708113572   2.1448084809  -0.0371607317  -2.0677154659  -0.5182428951   0.4799116550  -0.7653646003  -1.1882275177  -0.3217582407
 0.3846689991  -0.2409419646  -1.2353785050  -1.4582945876  -0.6415126503  -1.9149057094   0.4804461525  -0.7115158585  -0.1595512606  -0.7941097048
s2
-0.3769725113
-0.3876797784
 0.2861391945
-2.0462228959
-2.8088328073
-1.8353731031
 0.0914557884
-1.6177732542
-1.1899802162
 1.0891670020
w3
0.7255298848  0.0665312629  0.2718158263  -0.3677735989  0.2527580964  0.1940348968  -0.9017139863  -0.4224091207  -0.1644917182  0.9516337876
s3
-0.1093454036

