layers: 4
str: {2,10,10,1}
w1
 0.0313133842  -1.2620554082
-0.8458661996  -0.3356290724
 1.1930567127  -0.4441532342
-0.3886692537  -0.8255129164
 1.2998983189  -0.6439589077
-2.8494378514  -0.7476029794
 0.0020428402   0.7546326539
-0.6230476221  -0.3877013614
-1.1950123393  -0.8313892893
 0.6110521189   1.1422121041
s1
 1.0974624709
 0.2664438290
-0.9444999217
 0.1213861373
 1.4802374544
-0.5174377874
 0.2264876610
 0.0346436243
-0.3646442541
-1.1183316836
w2
-0.3595615592  -0.6338876626  -0.2165041119  -0.1448004727  -2.4090747238   0.4493272611  -0.4356843397   0.7165090373  -0.2909621299  -1.0741454995
 0.2492653111   0.0011400785   0.6614462201  -0.5117275581   0.1586753097  -1.9238888240  -1.8361999716  -0.3616726836  -0.4733379589   0.0243233681
 0.3007792647  -1.8344402813  -1.1976716562  -1.1705456252   0.9891881169   0.5681192869  -0.2542373994  -0.6086103238  -2.0714133461  -0.3403530854
-0.6683098588   0.4435314950  -1.2855530081  -0.8512600476  -0.1504971798  -1.2787391208   0.7086510495   0.9635322224  -0.9087981326  -0.8250253679
 1.8818883235  -0.2223319620   0.2827288476  -2.2307322333  -0.1116955266  -0.6407254849   0.1414437593  -1.6607085493   1.8030017830  -0.1287187480
 0.1868270649  -0.6158861876   0.1414467689  -0.6544815308  -0.6475697787   0.4888791379   0.4009082059   0.6779327382  -1.1800965700  -0.6165316968
-1.6328822177  -1.3108588552   1.0477540333  -1.2435295324  -1.1135956721   0.0057462196  -1.3442153056   0.2757155889   0.2142624341  -0.9475006121
-0.8528164107  -0.8410667157  -0.8749369394   0.7437156152   0.4244810608  -0.2771976241   1.0921198539   0.0642954444  -0.5936769190  -0.3942416163
 0.4914764818  -2.1081377361  -1.1475985541  -0.0103871821  -0.5274456685  -0.4983327876  -1.2607723153  -0.2854621514  -0.2352074375  -1.4763981262
-1.3926391702   0.4441414781   0.7860691159  -0.2478335698  -1.3779854009   0.2457857985  -1.3223737418  -2.0083090648  -1.4206433262  -0.5330811413
s2
-0.1528334506
-0.5975056874
-0.4649335264
-1.1320605042
-2.5978862566
-1.6184052929
-0.0752854911
-2.0438709399
-0.7271471740
 1.0933568583
w3
-0.6081916699  0.4868371923  -0.2939815740  0.5821215963  0.1070994560  -0.4039500707  -0.8162867759  -0.0801384157  -0.8838059534  -0.2090822634
s3
0.2486309325

