layers: 6
str: {2,10,10,10,10,1}
w1
 0.6618553600   0.3432462363
-3.1717698792   1.9121569891
 0.8804180814  -0.7505705241
-1.9645337393   0.8811187452
 1.4737798699  -0.6863977314
 1.2265335225  -1.1760482824
-1.9922874968   1.0359511047
 0.6598606572  -0.5662244492
-3.1500137512   0.0998857047
 0.5205149633  -0.2580519689
s1
 1.2902256676
-0.4133946212
 0.0046480751
-2.3499462087
 2.0238008826
 1.0754796017
-1.9810138211
 0.7798360645
-0.8816510914
-1.0946900066
w2
 0.2501993040   1.4673699042   0.1805227093  -1.0006694973  -0.5506819256  -0.0788972793  -0.6053584339   1.3482992138   1.0872906984  -0.1067861412
-0.7656417167   0.5452720445  -1.1551053787   1.2763392216  -1.6530797217   0.1115196728   2.1721612544  -0.4287295067   0.0694560178   1.1044448734
 1.4226155102  -4.1066369277  -0.0645890754  -1.6760788079  -1.8672056933   0.6502348754  -0.6747268933   1.5911729976   0.3958032885   0.4842442459
 0.0121504615  -0.5435339537  -0.9189336108   0.5275332848   2.0073236290   1.0987115050  -1.4567867284  -0.5820059981  -1.1307432276  -0.8188243509
 0.7495687981   0.8041123050  -2.3490568425  -0.6963431755  -0.3773151251   0.5973643552   0.3246277706   1.6282007187   1.0126183778   0.1542975509
 0.5839644344   2.7143310061  -1.7342761011   2.0058095183  -1.5562305143   1.4810062711  -0.3481269139   0.3416839683   0.3565831283  -0.2143508259
 0.3058147211   0.8036641022  -1.5134953116   0.2068654593  -1.1269700639  -0.7086194303  -0.9990548351  -2.5018836033  -0.9041976374  -0.5281994322
-1.3937570338   0.9794721094   0.4180865815   0.0860068092   0.1353908791   0.5741254321  -0.9880659729   0.0756117191  -0.3799502909   0.2477614790
 0.3811417565   0.0400491835   0.2606325867  -1.3173293669  -0.0027637120  -0.1313754465  -1.8841932774  -1.0603575253   1.4924719078   0.0877369178
 0.6024087672  -1.8708008371   1.5322157463  -3.3758864280   2.7907280870   2.3938769516  -2.2077569572   1.2129931851  -1.6968436658   1.1550615101
s2
 1.0128008770
 0.7759157428
 1.0988176968
-1.0385911773
-2.3565448275
-1.1517659887
 1.2733035896
-1.2309429858
 0.1907311809
 3.1954102900
w3
-1.0905647430   0.1666002450  -0.2310550006   0.5463911881  -0.0371644296   1.8353600008  -0.1499935292   1.7112577073  -0.2813573805   0.5593330903
-2.6043926837   0.1725590698   1.5170211250  -0.2885888119  -0.7084476821  -0.1809890073   1.8954424138   0.2218961718  -0.4835445949   4.4374769806
-0.4011706838   1.8707688529  -1.2455729608   1.7179381106  -0.6203178553  -0.1299249902   0.9379254735  -1.1693330800  -0.9640292945   0.6308416925
-0.1950385872  -1.1283985324   2.0661154704   2.0682599888  -0.2553196712  -2.5331534352  -0.9394151847  -0.7938124271  -0.2510563812   0.6468796671
-1.1688492558   0.6385615982  -0.1969664651   1.5362971313  -0.6732163533   0.3879902362  -1.7781416078   0.1239253176   0.8597584959  -0.6089394466
-0.6675009543   1.5496647292  -3.3519639121   0.3614812162   0.1684776794   1.1602903040   1.7424070373   0.7514854498   0.7119063598   1.1076541635
-0.4061013003   0.2518207421   0.7764743455   1.9081363502  -0.8039824029  -0.8111144260  -0.5081931470   0.9345194879  -0.8272787347  -0.3551264260
-0.1719630494  -0.6612754222   1.2405221344   1.4274786330   0.0900488553  -0.6395605050  -0.4023160384   1.3117506752   0.2018455481  -1.2272200212
 0.1025469811  -2.5176768795   0.9676596861  -0.3788044815  -0.0842764989  -1.2572632493  -1.1967916525   1.2746407630   2.2262685824   4.8518962629
-2.8611287408   1.1341292003  -0.4339495929   1.3827066198  -0.1652533674  -1.9770584931  -1.2756331245  -0.0087741400   0.0433270723  -1.1863415960
s3
 1.4156631753
 0.5964734903
 1.3050620242
-0.6621655332
-2.3167817203
-0.6377309668
 0.5937346937
-0.7060307007
-0.1030771300
 1.6654783359
w4
-0.8809201446  -1.0665052358  -1.1280240117   0.2496504155  -1.2378305429  -0.9153527411  -0.0351440557  -0.8012721141  -2.7853035270   1.3978027372
-2.5535916049  -2.0670207642  -0.0848309162  -1.1642898134  -0.3041578826   0.0501547508   0.2486919332  -2.1363268306  -0.7261576460   0.3409353739
-0.8977973327  -1.6549764086  -1.3201614155  -0.1787159479   0.0563514350   0.3719704634  -1.0961023988   0.8506070119  -1.6680196780   1.1313131698
 0.4940988896  -0.1498070720  -1.3844733340  -0.9044087736  -0.6618052528   0.4270898923  -1.5178126574  -0.3172829149   0.2455218405  -0.0545958100
-1.5604800319   1.8254161266  -0.4781497780  -2.8805179911   0.4918119356   3.0703932888  -0.6581619449  -1.9592560154   2.0440013518  -0.1890958267
-1.0532869939   0.0370044207  -0.1426479547  -0.2615801906  -0.0114512002  -0.9396381392   0.8369084804   0.9994686877  -2.7897827325  -0.1378499016
 1.1365275451  -3.4624423362  -1.1858957820  -0.3740258925   0.8695258304  -0.6378460950  -0.8061006360   0.2124060433  -1.2491548979   0.9022425182
-1.6679647698   0.0930622413   0.6724957037  -0.6150509131  -0.0436924155  -1.7144321460  -0.8537149837   1.7590922649   0.0032785424   1.3691534748
-1.2319034646  -1.6813376771  -1.9158942238   0.5198943110  -0.3529966806   0.4195800012  -0.2762430595   0.2769078390  -1.0813377657  -0.1401167140
-1.9488467461  -0.5781533702  -2.4853701702  -0.4672241122   0.3246451254   1.1053784627   0.1443288656  -0.3115550093  -1.4536670674   1.4465014534
s4
 0.8013800842
 0.2458582997
 0.1887816987
-1.5831430504
-2.8670903388
-1.2141954320
-0.5123112996
-2.0581887138
 0.1229839740
 0.6647364018
w5
-0.7793705209  -0.3972533182  -0.7267373205  0.5641984733  1.6172187300  -1.0196744359  -0.7841263900  0.0766608924  -1.0815941997  -0.6471933408
s5
-0.2473425052

