layers: 6
str: {2,10,10,10,10,1}
w1
 3.3538175486   2.7914981790
-0.7810513752   4.2243501783
 1.7683696940  -3.0040944053
-4.7773072451   1.3990995768
-4.5983983951   3.3932809171
 1.2235581415  -2.7210997670
-4.2135879166   2.1416959095
-4.3268915126  -2.8818552728
-6.6887649018  -7.2066625817
 4.2419981359  -0.6961235687
s1
  3.9276941107
 -4.1510657004
 -4.5658715984
  4.8332592185
  0.6739160407
  2.4123860838
 -7.0135671775
  4.8858866882
 -0.4049284232
-10.4859718754
w2
-2.9973717916   1.3256970926  -0.2486917063   1.2719348407   1.5892827315   1.7162330703   0.1410990831  -3.1467250303   0.9190758446  -4.2366274185
-4.6173921828  -0.5902475661  -0.5927066847   1.8099006870  -0.6782197768  -1.6148247654   4.5895608880   3.0452443241  -4.2656811014  -2.6524627152
-3.9872096996  -0.7921799899   0.1575394385   0.9543110623   1.2508982542  -0.3969773789   1.0561680586   1.2968971657  -1.0249856607  -2.2043756037
 1.6123260663  -2.2281043459  -1.3523770027  -5.5609540523  -3.2617167806   0.1996058715  -1.4465258565  -4.5483537967   6.2877096009   3.3972450257
-1.1890409952   1.4189701295   2.4189153960  -0.7491046303  -1.6121834225   3.4449822560  -0.4571304002  -2.4901680028  -1.8008719434  -5.1820936665
-4.3180619640   0.0735666595  -2.8084421689   2.6582152742   3.6313884683  -3.3214003817   2.1470601337   3.6013928292  -2.6983057404  -1.5632155137
-1.0395003609  -1.2695709893   0.8590248023  -1.1289562122  -0.6699129804   0.8575510242  -0.6582332001  -1.8129070563  -1.9286597712  -1.8025524369
-0.0034274616  -1.5394619692  -1.0267331990   0.4774600339   0.8101956282   0.1115529257  -0.0150616969  -0.4782211680  -0.9171851954  -0.5649810057
-2.7786579493  -0.8781766939  -0.5973554404   0.4114502408   0.9687148156   2.1106229015  -1.7357604712  -0.5371859608  -0.8424650881  -1.9338647910
 1.6246718335   1.6308237676  -4.6737114752   1.1992957030   0.4121596911  -2.0845657415  -1.5945328581   1.9813916469  -0.2990091188   2.7813223361
s2
 2.6300368381
 0.2396945489
 0.7120680994
-1.0667579891
-0.1387424793
-0.4437776802
 1.2756434772
-1.6832383422
-0.0764811768
 1.3759201349
w3
 1.5230489811  -0.5762261452   0.0233980555   0.1112648208   0.0295493318   0.4900221470  -0.3032747499   0.7939835864   1.4453351774   0.7164926344
 1.4245867827  -3.7561058854  -0.2983592467  -3.6694281151   0.6838944450  -3.4497003352   0.5097044455   0.7562306734  -0.3521398750   1.2348996696
-2.3879928555   2.2908568073  -2.5884665518   1.7783053463  -3.2254138451   2.8253857639  -1.1823824109   1.0150779125  -1.4243000049   2.3037579662
 0.0616533699  -0.8010266968  -0.9324917914  -2.8638486210  -0.0502810058  -0.8447241584   0.0810432826  -2.1163268729   0.0894518708  -0.8282439753
-1.2931330414   2.9441078465   3.0023033059   2.6878821871  -1.0128487696   2.9608110049  -1.6198862628   1.0339781545   1.9850210936  -0.0071366892
-2.3222186673   2.3851637398   1.1983495018   3.7882177888  -2.1782934337   3.2162827777  -0.1245627010  -0.1504370998   0.2974089698  -0.1130501986
-1.1498716413   1.3759532699   1.3128638816  -2.7877423428  -2.3485342259  -0.2822448251  -2.5860255667  -0.0798589697   0.1944041953   3.8105273357
 0.7790502830  -2.4609822867  -2.6880251516  -0.9362893835  -0.7266675926  -2.2265388116  -1.7007669714  -0.8595994136   0.0033314350   4.2224653958
 1.1102428013   2.0898712021   2.8640238026  -6.4653927796  -0.4916268939  -0.6137235269  -0.0342129167  -0.7314482864   1.6100330019   1.8081591764
-3.5862260802   3.0784481641  -0.9224546604   1.5545626494  -2.6814994629   2.2497479361  -1.6097012588  -1.3592860648  -2.0632542553  -0.1445310442
s3
 1.4828180430
 1.4084399827
 0.8645915392
-1.4516304845
-3.7176616070
-1.9635333551
 1.1757196624
-0.8590028421
-0.8987662997
 1.3878407229
w4
-1.8680135225  -0.4186395562   0.6292376812   0.7440057295   0.2611266259   2.1829364343  -3.5947032533  -0.1325218853  -2.8900947113  -0.2386178279
-1.1597813059  -0.2071800514   0.8745765631   1.2418414301  -0.1582955187  -0.9301802994  -1.9709750255   2.1230400989  -2.2591385331  -3.0243011211
-2.4527844863   1.5973501228   1.9014109875   0.2942460862  -3.1722680973   0.5100580520  -1.3239196647  -1.1757049499  -1.4379520985  -0.9065124048
-1.6176878252  -0.9995981526  -0.5136958823   2.1679420055  -0.4151334203  -1.1923476268  -0.3538304416   0.9946840379  -1.8719763284   0.0026502633
 0.0641013250  -1.3993482736  -0.0497629395  -0.8686285733   0.6814919191  -1.9089819850  -0.6496115070  -0.0220527605  -0.0220880968  -1.4595445065
-1.1436474095  -1.0648374610  -0.3532990932  -0.6705478152   0.1068939105   0.6206436878  -0.4185070891   1.1633420412   0.1177519579  -1.7493945766
-0.4791054240  -0.2449311500  -0.5477417934   0.4766803589  -0.2164972870  -1.4485466101  -2.5920727903  -0.6461740292  -1.3256942663  -1.7724546860
-2.5284729190   4.1038732510  -3.0050674176   1.8474051579  -4.7982657857  -5.0510177897   1.2997442983   1.1389228231   3.0270950338  -4.7272162549
-1.0142541968  -6.2936078439   1.8652005762   0.2367105737   3.4164562898   2.9046842733  -2.6911164635  -4.4880302727  -0.1396188433   4.2135911471
 0.6224058492   0.1914583668  -3.5351800379  -1.8802163932  -0.4219993151  -0.7725117363  -4.0592867387  -2.6671308715  -4.7399826686  -2.8532243961
s4
-0.4650358542
-0.3223422502
-0.0118519494
-1.9602458238
-2.3297793428
-2.4155861168
-0.6197286417
-2.8491765592
-2.0126217582
 1.2508100701
w5
-1.9358005615  -1.5671259698  -1.1882886157  0.6112437332  -0.1419131870  -0.1409033728  0.5615697150  -2.4363040335  -1.4277354521  3.3392923599
s5
1.0975700437

