layers: 6
str: {2,10,10,10,10,1}
w1
 5.7327760742  -2.4310879007
 5.1127770001   0.2794514070
-5.9752342117   3.1511158627
-3.6100596863  -4.2509984429
 3.7747898573   0.7478641604
 4.8282812171   0.2912654628
 8.2191906574   2.2204633303
 8.8056736506   2.4781107554
-6.5189776430  -1.5878502236
 0.3702009998  -1.5846545787
s1
  8.6320688875
-13.0230631182
  0.0543350023
 -1.3727932931
  7.4477058415
 -6.3979458259
  6.6493513426
 -6.8272528241
 -0.3291610516
 -1.1247593455
w2
-2.3071743013  -0.9342004619   0.4463212603   4.5555251121    3.7534935792  -1.0445235918   1.0161822423  -0.1578515807  -3.1250913579  -0.7297765080
 3.3234857391  -5.0984892876   0.4835019410  -4.8722917246  -10.8148706083  -4.7280063704  -1.0803961638   8.4280382135   3.6486466928   2.4677784452
-3.0503964425  -7.5939710774  -5.2925139342   2.6894239321   -3.4628988552  -6.1813943991   4.3542334762   3.9627267088   4.6174763766  -0.3632976040
 3.5582464020   0.8236440903  -1.9086260579  -0.3427401234    4.6878194116  -0.8619775337   2.9558159872   2.9835597568   0.1074698571   7.5990463693
 2.5156009823   4.1603599604  -1.0013017616  -0.5652897635    0.8192995269  -0.2403588811   1.2731800459  -1.0029244312   1.0843200007  -8.5825657563
-2.5357191187  -0.6212444380   3.0219452480  -2.9842517771    1.1877976175  -0.0509872012  -5.4014428387  -1.4176971325   4.5621510321  -0.8583928773
-3.6300783247  -7.1976028347  -7.3525224045  -5.4155836966    8.1411054677  -4.0821667777   6.5252208266   2.8210656253   4.8544788083  -4.0784833692
-4.9939978139   1.5644197004   5.6256441180  -2.6989025859   -4.5458084065   7.2310951150   8.2226053854  -4.6508451844  -4.9395781349   8.2770066115
-0.6452836762  -3.6872731927  -5.6527014799  -6.1804880835   -1.5807002529  -3.4890832148   3.4190282378   0.6443258017   1.9249551803   8.1116746294
 1.2716832671  -0.8264312686  -6.6001308359  -2.4789165400   -2.0480400924   0.5707150200   2.0011068486   2.9742380534  -4.0326049259  -1.3198235186
s2
-0.4651034051
 3.6289229460
 3.1416269463
-0.3646546593
-4.5278583979
-0.2307692450
-4.3903448072
-1.4772618812
-0.7534841155
 1.8689510063
w3
 1.1489706516  -7.1265199935   3.2518360651  -8.8095055642   2.0373725076   7.1035279510  -0.5391700343   2.7790637470   1.6836322237  -2.8984534893
-4.6695049900   2.8726446521   0.2368929691  -2.5076375848  -0.8302015415   2.0780907077   0.7876539040   7.3110381803  -1.7297677675  -4.7802045705
-1.7687466670  -8.4198407030  -0.0321829586   5.2057709077  -2.6143148733  -2.5388028128  -7.1843915575   0.6032316975  -2.1469537846  -2.0840725537
-0.6149525368   5.8246509628   1.9939441829  -7.6046263527  -3.4908762898  -3.7736484746   5.1952600628  -6.4602264775   4.6493700573  -3.1700873440
 0.7571122182  -0.4261644874  -1.6492764455  -0.7862050992   0.9944798963  -0.3545585712   5.2857215793   1.3923663236   1.5030929061  -3.4858022484
-0.2479818084  -2.3241865829  -7.6833767897   5.2449212356  -1.5633483740  -2.8304420332  -5.7392299464   4.7161151482   2.6210584973  -1.3749965537
 2.6752842487  -3.8921459724  -1.3450343255   2.0172143715   1.8703618368  -1.0535225386  -4.9631770907  -3.7254054668  -0.5339503202  -3.6877816953
 1.3482817184   2.7119698851   3.7613704325  -3.0647634596  -5.3745170264  -1.8895924568  -0.4143091233  -4.3720043591   3.5232350353   1.9869518662
 0.2322114663   0.6243187861   1.9931097932  -4.3833768132  -2.3594949061   2.9386309802  -4.6908155491   5.3086937607  -2.6297636732  -1.1852487666
 0.9364527531   4.4437218218   1.5675474136  -0.0993066952  -4.5817747585   1.9727253156  -0.7744118609   2.2475781735   2.9148058682  -5.3551043197
s3
 1.9875969396
-0.9725931410
-0.8381235641
-1.9406426729
-2.7809365829
-0.8917927590
 2.8248272121
-0.2835509089
 0.2589628117
 2.1864453308
w4
-3.9088349563  -7.7917383427  -4.8712288006   1.1694543928  -1.4235698957  -3.5121174150   5.8090638313   5.5605982798  -2.1764769068   0.1004606416
-1.4472112378  -0.2690591350  -2.1398728424  -2.2405736435   0.7041963937  -1.4971038281  -0.4533096775  -3.6075839282  -1.7204430796  -3.7239280827
 1.5564412546   2.9912315630  -1.3978019255  -2.1279045084   3.9058938846  -1.9220429135  -1.6890586445  -6.6900053567   0.2615128810  -0.9530393978
 1.8086516939   0.3746928542  -0.0796220725   0.8387908187   0.5437753822  -3.1949722372  -1.2710971520  -3.2579100815  -0.7638918858  -0.4288480238
-1.5318099317  -0.6381538018   0.7281718365  -1.9506212184  -1.2879905816  -0.5353549192  -0.0751083001  -0.7476384764   0.4915232782  -1.1193016890
-4.9965982162  -2.7520079730  -2.3885610680   3.9712150117  -0.3620496526  -3.2920181546   3.0882332016   2.9919018101  -2.6508337054   3.8765135005
 6.8166116853   0.6222510833  -3.0944133857  -7.4568312149  -1.7751470221  -5.4247992102   0.6234204660  -0.2847359300   6.1673220770  -3.9489455776
-5.4291626668  -3.7459858929   4.7251177741  -0.2386858576  -4.8914082704   3.6617867539  -4.0375946271  -0.4430209817   2.1315475814   1.1759388766
 0.5352611023  -2.6299382457   3.6266592291   0.1941218788   0.3768034183   3.9130955290   2.5957238755  -2.4705485118   1.2472282125  -2.8013150711
 0.1312876028  -1.2026423793  -2.3262997437  -1.3943279287  -0.0067574036   0.5204272071  -1.0349246122  -4.8286150482  -1.3695990888  -3.6514675492
s4
-1.3345938624
-0.2754640330
-1.2089872432
-1.8795309221
-2.4416403317
-8.1626417497
-4.9720953211
-5.0306984441
-4.6369630963
 0.8207249781
w5
-1.7849155982  -3.0167919564  -1.8573774645  -1.8595041432  1.0833580548  -2.4838409432  -2.2825518535  -4.1985368686  2.2545329094  -2.5741044310
s5
1.7556464633

