layers: 5
str: {2,10,10,10,1}
w1
 0.2191776079   3.7536929943
-0.3371635733   1.9548909124
 1.4531862338  -6.8396429640
 4.5432109086   1.1403443033
 5.6665489759  -1.0644499090
-5.9968566835  -0.5585122098
 3.9234875499  -2.2152225912
 5.8252758492   2.4197564796
 5.6971002811   0.6280297764
-4.6268322620   0.5695947238
s1
  7.2553093581
 -2.7146276183
 -2.9047939653
 -1.7839694484
  6.7753587176
  9.9913746447
 -2.0223684204
  5.7334518277
-14.8274212076
-10.6433452512
w2
 2.0209627406  -5.3453487362   3.3403778262  -11.8950639258   0.3358364492  -1.7867634227  -0.8415186151  -1.1901336465  -2.4858040243   1.9031975356
-4.6739463467   0.3556323020   2.5066059220  -12.0963741634   1.4614779454  -1.6362756242   5.5312589758  10.1006483962   4.2210043171  -6.4226992557
 4.9567653958   1.5161961320  -4.3788482590   -5.4102377297   5.8725176411  -0.4335601179  -3.1082938095   1.9055911432  -5.3166861066  -3.9556083163
 1.6087627758   7.2142377311  -0.3048175709   -0.7022121048  -0.1260108627  -2.4635037134   3.8145509015  -9.1830563262   7.1517947971  -4.9601218056
 2.5726382814  -7.3763697120   3.2063629635    6.3841805209   5.2652069908   0.3119339371   0.7703179316  -1.8148183293   0.2342053469  -6.9268199481
-5.5746456832  -3.5576422787   2.2177713511    9.3838718440   2.9554223920  -2.3460469229  -2.2917072065   0.0920522091   3.3687250824  -1.7484580588
 2.8249282754  -4.6167155352   2.6572139068   -5.5071105705   5.8085987912   7.5380670277  -3.3616220162  -7.8110373955  -2.4659104194  -9.2686018744
-4.2991243114  -0.7483619467   2.9605209603   -3.7216624737  -4.7021264850   4.3140139835   3.6944513109  -1.5325904557   0.5528405997  -2.1591196701
-0.6225573512   5.2346070942   5.5180417161    1.1372841447   5.0249570620  -1.5804595527   1.0456339369   8.9427740185  -0.6647571602  -2.8319970126
 3.6893066159  -7.0649575353   1.1544150716    3.2020683944  -3.8760213454  -4.1516064673   2.2106647747   3.7287761628   1.2755856805  -6.0802270087
s2
-0.8580482170
-3.5906326449
 1.5769613021
 1.0691194615
-0.7875589182
-2.2265126766
 0.3674676367
-0.6790166597
-1.0630067845
-0.3436724377
w3
 1.5150913819  -1.4418208161  -2.3405750969  -0.1559888895  -3.3331206617    2.3161492899    2.9651879906  -1.2038940242  -4.9504541454  -1.7064832804
 1.1101005765  -0.1940204432  -2.2651254715  -2.1254996575   0.3282737571    1.4239566209   -0.3349290849   1.0527445541  -2.7772463588  -1.6970320126
-6.2642179335   7.4519061975  -5.7562820908  -1.4680742788   0.5241003940    4.4746013997   -0.9670708531   0.5926179658  -2.5113372646   4.4213551505
-1.4349931409  -6.4654439131  -6.7827456147   0.6917559232   5.2217801738   -3.8757853268    7.5461271601  -5.9250217542   1.8793045982  -6.2797490397
-3.7354665453   1.8986073309  -2.4873244826  -1.6779464376  -0.2274820242    0.7230955346    3.8606336535   1.6624802161  -0.5509881009   0.0852996879
 0.3977972873  -1.0872585960   0.3496744316  -1.1147209715  -3.5818433992   -2.1033723371   -0.1850460008  -0.4886930657  -1.0793005383  -0.9413000899
-1.0062064548   0.8056049254  -8.1712013137   0.5924177580   0.2802996564    0.2906289204   -0.3041933016  -1.4894481290   0.3310257205   0.7353601809
-0.2607084183  -7.3334798169  -2.6054980137   5.4636594642   4.0759088891  -12.0792541501    4.1567703971  -2.5139594081  10.0295568501  -3.2446330192
 0.2872114577   1.4392827478  -2.4240755485   1.7190549361  -3.4468174861   -0.4823046355    3.5297501508  -1.8928475186  -1.8436505426  -3.0306066688
 7.5663279681  -4.2453581099   3.3525205296  -5.6767911710  -1.4780338293    3.7196894227  -10.1600537346  -0.6893605715  -6.0378555749  -2.3013720193
s3
-2.3746660193
-0.6254367686
-1.9186759161
-5.5283616053
-5.3141478681
-2.2967382277
 0.1705132378
-7.7279035452
-1.9990562887
 4.7918789891
w4
-2.7328715096  0.6642045347  2.8557848270  3.2072267647  3.2261917886  0.7082616190  -1.8272884165  2.1286441641  -2.1812071958  3.1442000120
s4
-1.8421346869

