layers: 6
str: {2,10,10,10,10,1}
w1
-1.0552718794   1.5679620257
-0.8215536229  -0.1179775573
-1.2635137204  -2.1686672942
 0.0457070164  -0.5732643142
 0.3208767132   0.3085165399
 0.3178763913   0.5014591581
-0.4946385217  -1.9736990106
-0.2071933537  -0.3910123899
-0.8087581993   2.4253129709
 0.5318830050  -1.6260470933
s1
 1.3983944496
-0.5137923711
-0.7348936420
-0.3666737653
 1.3818164448
-0.2944327083
-0.2494783209
-0.0333313551
-0.6798516428
-1.4569009508
w2
-0.8460247386   0.7731245983   1.0773315367   0.9461121134   0.6407464478   0.6790246451   1.1392437810   0.0529748682   0.4553212365   0.0722146714
-0.5301996042  -1.0818035259  -1.0877961680   0.3284323160  -2.8023312613   1.4667762028  -0.5540767681   0.1556929734  -0.9888212629   0.2550374789
-0.4909292905  -1.4073805485   0.0974103853   1.5800383105  -0.4099130842  -0.4848393237   0.2545274986  -0.6446825217  -0.0671345241  -0.7030203139
-0.2204130833   0.5461100991   1.7120098168   0.5823173539  -0.4169639862   0.7990027800   0.3709779373  -0.6362557630  -0.7384829233   0.4158798872
 1.8241169966   1.6942712936  -1.0038216648   0.3819063589  -0.6909923835  -0.9897412396   0.7938653852  -0.3811298981   0.3887301803   0.1183858057
-0.8643989256   2.4183649115  -0.3159060972   0.5276121666   1.2282367041  -0.6287176189  -0.5758673785  -0.6700647569   0.9786359930   0.4581747217
-1.0139573553   0.9177094879   1.5459632719  -0.3172342154   0.4420464784   0.4117766815   0.6702750008   0.6532196819  -2.2283016114   1.5996246635
-0.8205604083  -0.4438226634   0.2607784375   1.5830636751  -1.2336351157  -0.8443782274  -1.7753920003   0.8093542561  -1.0710839818   0.3709179924
-1.6340542711  -0.7272839660  -1.2305851492  -1.5939376952  -0.1660522892  -0.7234721173  -0.8756124809  -0.1711905276   0.4603269238   1.0517392198
-0.4390156069  -0.5645885796  -0.0174096211   0.3926717507   0.5053731102  -0.0861559178   0.6504536560   0.4904804481  -0.1323945093  -1.2719356823
s2
 1.0778433123
 0.7417634010
 1.0319438266
-0.9176551733
-2.2423933454
-0.7682164567
 0.7834531133
-1.2631229358
 0.2072007968
 2.0436302482
w3
 0.6674222450  -0.4124955095  -0.2061130357  -1.7995507408   1.2520083046  -0.0102787360  -1.8218724646   0.5758585096   1.2919295885   0.4953123212
 0.2227576700   0.0555610714  -2.2133148722  -0.4019169388   1.1623165875  -0.3793252745  -0.8293605736  -1.9834042372  -0.8431337915   0.1037969999
 1.3547073922  -0.7413142947   0.8507214205   0.6933363038  -0.8035637532   0.2474313703  -0.1993672583   0.0986055124  -1.5592974597   0.8716586874
 1.4668696936  -1.0944778967  -0.1468432291   0.7417834673  -2.9024396390   1.7847588025   0.5210533566   0.5170853525  -0.4402953571   0.1440965342
-0.0118478996  -0.8321928140   0.7400273929  -0.8892046664  -1.0279872331  -0.8393530104   0.1209713811   0.1257722331   1.8698532161   0.6397813869
-0.9353599994   0.3378219423   0.8200120482   2.3931259220  -0.5451980247  -0.2193713481   0.4395894114  -0.0431369780   1.2974395891  -0.6349133879
-0.6339985611  -0.2395416091  -0.2112774561  -0.3452214426  -0.9246253716   0.5609750682   0.6041222858   0.0654125279   1.7991146282   0.3123526883
-0.3193867825   1.3022548954   0.4344577289  -2.1150783498  -1.5591205095   0.1747966567  -1.0620886961  -0.2490689338  -2.0834676135   0.3146983819
 0.0913704483  -1.3333282627  -0.0492185005   1.5424971713  -1.2637049137   1.0130551301   0.3468819197  -1.0242354855   2.3186130359   1.6227102089
-1.3388561442  -0.7791247621   0.3428981621  -0.0183443262   0.0051077499   0.5000724577   1.3778501678  -1.0436170884   0.2935027450   2.3175514964
s3
 1.2773391654
 0.8640805341
 1.0592044768
-0.7164334209
-2.1621942657
-0.5469525055
 0.8343211701
-1.3379083258
 0.1084639020
 2.0344415653
w4
-0.6387792499   0.0110277095   0.0161163988  -0.6281581865  -1.3528025573  -1.8218761896  -0.5633996534   1.4976448433  -0.9415727949   0.2113101380
 0.1615898060  -0.4532300761   0.1346840031  -1.1583269238  -0.4412520930  -0.3587384918  -0.0613916767   0.3192399048  -1.6558898303  -0.6102115419
-1.4591184215  -0.2844880591  -0.2575105182  -0.6568332226   0.3528420750   0.3715987714  -0.2077961098   0.4296340304  -0.5575610555  -0.6271094017
 0.0170637887  -0.0989654866  -0.1485463686   0.0978865515   0.3241943426  -0.1223509614  -0.7280420707  -1.5152104600  -0.4404469787  -0.4791734786
-0.3884330322  -0.3547859605   0.1550384600  -0.4520843228  -0.1056632874   0.8915318454  -1.1152177267  -0.5372152135  -0.3431739429  -1.1695867800
-1.0978438039  -0.9547318899  -0.4854110852  -1.0917905498  -0.9170394719   0.7638545465   0.5501492633  -0.0133490415   0.1940600200   0.2839695916
 0.0971964785  -0.4858253257  -1.7079519130  -0.7965665247   1.0338051489  -3.1362345355   1.2506743436   0.0460488565  -0.4167452637  -0.0020418638
-1.1712184750  -0.7656266419   1.0477869119  -1.3812928847   1.7074213560   0.4049764353  -1.0238297467   0.0844214403   0.0496826466   0.5847351123
 0.6892077911  -0.2146712338  -0.2743649263   0.3377116294   0.4426101173  -1.7631715390  -0.6935183785  -0.1989226773  -0.0123302643  -1.0959167589
 0.6576745534   0.7460542489  -2.0763247982  -0.1789271989  -1.5639627621  -0.0066028913  -0.5221047181   0.0650672447  -1.4291917211  -0.1162478433
s4
 0.1284141878
 0.3273182061
 0.0576940987
-1.2993065857
-2.7876628540
-1.6836621788
 0.3209499017
-1.8615635693
-0.7730114671
 0.9375401600
w5
-0.3111072884  -0.2362833219  0.2692610694  -0.0579638326  -2.8328312776  0.2406572867  -0.0860098467  0.1173945051  -0.2459989159  -0.3223927969
s5
0.2164924865

