layers: 5
str: {2,10,10,10,1}
w1
 0.8723622017  -0.5523644340
 0.7459744062  -1.0177528231
-0.5273811606  -0.2922644007
 0.9876939629  -0.8018060299
 0.7646827779   1.1764099366
 1.2253340734   0.2832539471
-1.3179147557   0.3942412428
-0.2374167892  -0.3864290143
-2.4061409066   1.0976596826
-0.2023681667   1.7709610469
s1
 1.2652306775
-0.3691263193
-0.6766580680
-0.1403125839
 1.4967815147
-0.2659652972
-0.2051484291
-0.0864648092
-0.4735539692
-1.3755536453
w2
 0.4778726767   0.4052274077   0.2658764537  -1.5686470008  -0.0894676750  -0.2135843807   0.4705707887  -0.5771220725  -0.5165307723  -0.9776393310
-0.3876123879  -1.8626437882  -0.5680465237  -1.6333358884  -0.1738051095   0.2429624706   0.6891121356  -0.9127988829   1.7394743925  -0.8689957225
 0.5786225879   2.0091364906   0.1845281019   1.4675527463   0.0462581196   0.5871348167  -1.8112003368   0.6097853398   1.6169100088  -1.0349988857
 0.4083566987  -0.0908071851  -0.2141568741  -0.3439250797  -1.8568742994  -0.4969482116   0.9280435631   0.8753610646  -1.5164522812   0.3284286671
-0.1303364078   0.8216036889  -1.1962634392   1.4679306825  -1.0213045692   0.9795979268  -0.1717561661   0.5889708266   1.6004155586  -0.6267603883
 0.2426092618  -0.6495179143   0.2479981859  -0.9075167224   0.4059789432  -0.8803349072   0.3838825960  -1.0421878700  -1.7313994680   1.3772054072
-0.7424501410  -0.2017501523   0.1736166518   0.1452558367   0.8920016549  -0.5426634641   2.2927365233   0.3293707692   1.4237225870   0.1771916882
-0.3724022720  -0.2786616841  -0.0050366191  -1.9560343546  -0.2875232800  -0.2389471798   2.0993222131   0.3476259357   1.3163196873  -0.1000405564
 0.0840434246   0.5455721477   0.6926027490   1.3848892108   0.5852956080  -0.2310650221   0.4105853232  -0.9715676141   0.4306758950   0.8011291461
 0.0876725339   0.0696848976   0.1848644563   1.1399575051   2.4148496988   0.4103836275  -1.4887284511   0.6750278696  -1.9467674988   1.0279223597
s2
 1.0069086200
 0.4715879241
 0.9362861168
-1.5657745504
-1.9910608634
-0.7047435379
 0.7916442784
-1.0425813667
 0.3139327164
 2.0155431341
w3
-0.4016469325  -2.4982722739   0.1119596805   0.6510199194  -0.9418773685   0.9051413159   0.4156566576  -3.1101007293  -0.7916768391   0.4278396220
-0.2626978674   0.3555777116  -0.6021177876  -0.8116702018  -0.6553366065  -0.9135439907  -2.4104015712  -1.5537714934  -0.4427579190  -0.0362204897
 0.6893690062  -0.5444447568  -0.6325789825   1.1861656402   0.2371168878   0.2695921391  -0.3736686772  -0.1927123879   0.0698788371  -2.0493598052
-1.7483082449   1.0121150561  -0.2590634472   0.7358359950  -0.3727037122   1.3399852110  -0.1162249360   0.1092677650   0.0024311195   0.0607759866
 0.0109609936   0.3106280201   0.1822736333  -0.2552827358   0.8012760570  -0.2568807427  -0.7108312662   0.4116665860   0.1654022330   0.0309826421
-0.6104023139   1.0219653959  -1.4084242446   1.0899719475  -1.6167209567   0.1736683730  -0.3804207680  -1.0469377096  -0.4387491734   0.5202394567
-0.8801017019  -1.6650815002   0.3651834711  -1.6205896450   1.0396568046  -1.3635567007  -0.6718511476   1.1665252000  -0.7294403351  -1.8371180982
 0.3203507923  -0.0302383383  -0.3269673302   1.3860372176   0.9408966116  -1.5868223020   0.2017448971   0.6024392212  -0.5563928232  -0.4805319825
 0.3754963789  -0.1538662801  -0.3817026183   0.5129987730  -0.1735241097  -0.8939595844  -0.5941124871   0.7818807187  -0.3756312350  -0.8445203320
-0.1526369996   0.2680387517  -1.4922216944  -0.0042839812  -0.3276293262   0.1801474279   1.4608644009   0.2701199492  -2.5446851440  -0.1117736150
s3
 0.6625903914
 0.3273962014
 0.2788525164
-1.6164219452
-2.6017769868
-1.1464114611
 0.9003612428
-1.7357862906
-0.5521693472
 1.1226076956
w4
-0.8861176883  1.1977510305  0.1242940053  -0.2563738021  0.2797795862  -1.1988834295  0.5495527045  0.1852688145  -0.1073046754  -0.6156190892
s4
0.3584602043

