layers: 5
str: {2,10,10,10,1}
w1
-2.9340174775   1.3425387993
 1.1825473165  -0.8131735717
-4.4700107633   2.3328708134
-0.4327379211  -1.6925885804
-1.3082870633   1.5088873454
 0.4996675367  -1.5373638709
-1.3345389315  -0.5315081030
 0.2789133528  -0.0249662518
 1.3033295130   0.5823925496
-0.1520012944  -0.7929239835
s1
 3.8002224035
-1.1098291235
 0.1434797548
-0.0445647094
 1.0470097399
-0.3551084659
 0.0648761205
-0.3257872043
-0.6689108377
-1.8138243483
w2
 0.8348652363  -1.4713977774   1.0081433393   1.8918275751  -0.4346960081   0.8872524693   0.5998355359   0.5206519110   1.7704279555   0.4432134232
 0.6140407690   1.7481134266  -0.9180908016  -0.8529770147   1.3830178972  -1.3068887150  -0.0315486670  -0.0673592631  -0.6938890591  -1.5913936343
-2.6626202955   0.6101706627   5.2445854323  -1.1085233971   0.1034630820   0.7299016919   0.1632084876   0.1918586910  -1.1941841609  -0.5161194376
-0.2752873980  -0.6591373172  -1.2101901617   1.1976021576   1.0585070524  -1.4276127699   0.3554710460  -0.5968556800   0.0016279950  -0.8940224152
-0.7611984749   0.7675701925   1.9896422762  -0.7958587695   1.2837666400  -2.2737570181  -1.5691897338   1.3794078535   1.0609714651   0.1266475078
-0.4052928490  -0.5973347872  -0.3425607721  -0.5920814957   1.7109864587  -0.5183293503  -0.7608767680  -0.4656765459   1.9551404819   1.1800922262
 2.4447718760  -1.2901632329   0.5256805368   0.2310781038   1.1439726252  -1.1662894322  -0.2978575641   0.6204138939  -1.5906468206   0.3867842003
 0.5636304778   0.0710396632   0.2560161151  -1.5982997939   0.1861436581   0.8530009565   1.1037342667  -1.3556776179   0.0855314052  -0.8268041485
-1.4176562823   0.4104056073   0.7468135719   0.1114520535  -3.1140091901  -0.0302768939  -0.7956056973   0.0927086762   0.6193107930   1.0649292568
 1.1512833611   0.0171384195   0.1813003279  -1.3514976213   0.7119566084  -0.7390207566  -2.4450216083  -0.4386613464   0.7837379383  -0.1446024531
s2
 1.0597247540
 0.6397106482
 0.6356126370
-0.9118642787
-2.3493422476
-1.6501685200
 0.6155302119
-1.0661236562
 0.2577976442
 2.0206280336
w3
-1.3049338622  -1.0282800309  -0.0904250193  -0.0822430678   0.3567956152   0.0169441013  -0.1563625694  -0.1739665401  -0.5024560656  -1.2266467453
-0.7852653260  -0.6560408633  -0.1319152440  -0.7531210919  -0.5567872508  -0.9863653723  -1.6907188058  -0.5139081663  -0.2601032039  -0.9623086020
-2.1260811059  -1.1352301223  -0.1198483168  -0.3463052496  -1.6360382690   0.3429607468  -1.0975998505   0.1921804737   0.0726787997   0.8604897068
-0.6859418072  -0.4358035396  -0.3161801826  -0.7055000049   0.0716878846  -0.1818106701  -0.4692120974  -1.9447875660  -0.9115001594   1.1180570710
 0.6541061722   0.4460470005  -0.9287394985   1.3514231226   0.0310164435  -0.5317872135  -1.0689426038   0.5346429930   0.4136312925  -1.0073859719
-1.0815552730  -0.9621871047   0.0945902971  -0.4556574823  -1.1528363189   1.4301624962   0.7797631742   0.5385548248   0.7181255637  -0.0613402159
-0.0739348860   0.8325377345  -4.7202410453   1.1792883265  -0.5008695211  -0.1216435172   1.3516093597  -0.2869853884  -2.6650068462  -1.2725419849
-0.2594636852  -0.3317941950   1.3931456782  -1.5483552050  -1.9893197966   0.2928540534  -1.5356637379  -0.0271875385   0.0097786436  -0.5291471749
-0.8873458629  -0.4050372941   0.5867621303   1.1411602862   3.4015960116   1.8542521407  -1.9983651620  -0.8100945394  -0.3537941978  -0.5007891016
-1.3547962908   0.2570177372   1.0484162457  -0.0265067695  -0.3291427545  -1.1307738123  -1.0745700630  -1.6423798264  -1.9480160150  -1.6654513291
s3
 0.0565921375
 0.6749791713
 0.1385182954
-1.5549568455
-2.5601930048
-2.2978387151
 0.4531250409
-1.2991486507
-1.1944265016
 0.8542811744
w4
0.3669269116  0.5958560925  0.0559604662  -0.1726963152  0.0229663729  -0.0084641715  -1.7277019954  0.7451328766  1.0021738939  0.4508804285
s4
0.3805708920

