layers: 4
str: {2,10,10,1}
w1
 4.9758404952  -1.9707557050
-0.8980278381   1.8636038351
 3.1689255131  -1.4627204228
 4.9714203502  -2.6536071742
-0.5291572883   2.5636325693
 3.4239966552  -1.8796611522
 2.6503037725  -1.0220797651
-5.7571035816  -3.1191540456
 1.7268265404  -0.8294931876
 1.6880009294  -0.9279804245
s1
 6.6959426268
-4.2274441378
-4.8086297326
-1.6576991176
-0.1111929220
 1.2719315429
-4.4520652727
-0.8269640279
-4.1913411681
-4.1909569750
w2
 0.6612091846  -1.1907996880  -1.6515870347  -0.1322481090  -2.4454673359  -2.1107153032   0.3769747972  -0.0885255256   0.5705921211  -1.2451478285
-3.9929501053  -1.3259507123  -2.3671590934   1.1813845181   1.5915857670  -0.3524828905   0.1292271444  -3.3917621356   0.0929507123   0.0753978044
 2.7877690053  -1.4658803630  -1.8557095655  -3.4104044426  -2.1186884708  -0.4808074099  -3.4654880629  -3.8360568373   0.1170124082   0.1592802204
-2.4261569869  -0.1999049043  -0.6283190320   1.2674170934   1.2382603725  -0.8431379818  -0.3306448451  -1.9885032191  -0.4363510117   1.0054298095
-0.1041114059   0.3979962558  -1.5508099797   1.1602160959  -0.9430285393   0.9628543996  -0.8731539428   0.6201690146  -1.6762923508   0.4263667821
 0.1467984030  -0.8760322391  -3.7452865909   4.2848610144   0.8562594491   3.8438846371  -3.7627309168   0.3469095487  -2.6726962367  -2.3019701711
-1.1438903150  -1.0187405795  -0.5937200863  -0.0344162854  -0.0739521073  -1.0649667224  -0.4559887251  -0.1722244928   0.7083215748   1.0753651921
-2.6973757547  -1.2497500256   1.5519692198  -1.0364216231  -1.5597344451   0.6325234059   0.2927583290   0.4421847316  -0.4060589790   1.1285207426
-1.0684765218  -2.3725143335  -0.6127553854  -0.5611374830  -1.6406898277  -0.8412293368   0.5738942717  -2.3487756568   2.7968712889   3.7683809248
-4.4348793387  -3.4861725300  -1.0687582691   1.4931130600   0.6931512201  -3.7980390583  -0.5992309193  -2.0635935897  -0.5020340546   0.7434564075
s2
-0.9688088281
-0.1782436508
-0.9503854665
-1.7458633851
-3.7913976119
-3.6075827732
-1.8658420423
-2.4216483835
-1.8399660608
 2.4287948067
w3
0.4565725269  -2.2163513436  2.2234232541  -1.6584873295  -0.7499666319  -1.9754842399  -0.8221281293  0.8985325040  -2.2572196345  -2.4106937342
s3
0.9444465426

