layers: 3
str: {2,10,1}
w1
  4.4773967869  -2.1452337771
 -5.6114913246   2.1832375371
 10.0557121334   2.2366656894
  5.5959464442   1.3357067667
  5.0921528185  -2.7362304587
  5.7014210887  -2.6989222867
-10.7155513063  -2.6179437615
  3.9976054496  -2.3313150705
 -5.0648675909   3.3016286169
  9.2821193254   2.5515553474
s1
 -0.1002160958
 -8.7575867385
-17.3926825603
-17.9717719004
 -8.4639441079
-16.1838981777
-25.6634397349
-13.7301508513
-15.5828137817
-21.9084491632
w2
-2.2150937245  -2.7319362329  1.8458010059  3.5140916796  2.4608587070  -1.9053170775  1.2096373552  -1.1919527711  2.0475370579  -3.1539366837
s2
0.6177084205

