layers: 3
str: {2,10,1}
w1
 4.7476232914  -2.3567843402
-3.1873539246   1.7266812128
-0.3560119140   0.1844730186
 0.0508305668  -0.0954723304
 3.5702220293  -1.8259252662
 0.8393950468  -0.4946727979
-0.6271766588   0.3738376242
 0.9727957602  -0.5508232030
-1.2759538309   0.8567876932
-0.3697690751   0.2040418387
s1
 0.3768732274
-4.4182490678
-2.6513079121
-2.6658398846
-4.7347494184
-2.9140864848
-2.6740249046
-3.0945759516
-3.6291034274
-2.7477170956
w2
-2.9784517898  -2.9997687048  0.3714177466  -0.1398572953  2.6345506004  -0.8369828121  0.6490199692  -1.0015793663  1.7206742320  0.3770297935
s2
1.5386469337

