layers: 3
str: {2,10,1}
w1
 5.0635534416  -2.3366374918
 1.0025303379   0.0910343171
 1.5949824389  -0.5714047568
 0.1446649165   0.1996663505
-2.5696687135   1.3400910034
-2.5559721823   1.3302384933
-4.9596291888   2.8208695880
-1.3271740822   1.2933893057
 2.7980181823  -1.3962712561
-4.7846508622   2.3893204592
s1
-8.7490648487
-4.0772831736
-4.8778510604
-3.4581475892
-7.7214073547
-7.6798555412
-0.1841663732
-5.9512463799
-7.5105387029
-7.1582629723
w2
2.5790192473  -0.7022739881  -0.7115231625  -0.2682610237  1.4266779053  1.4049007560  2.0886173496  0.0117025885  -2.2173051046  -2.8561334632
s2
-1.3722332929

