layers: 3
str: {2,10,1}
w1
-0.9429691876   1.8871040452
-0.1256692496   0.0157900118
-0.0773318469   0.1184608784
 0.5298478624   0.5742473433
 1.3542027357  -0.8934002919
-1.4425115553   0.7058621697
-0.2743297985  -0.4582620576
 0.3107125959   0.2776176668
 4.1898002227  -2.2161080834
 0.1993005804   0.2683067066
s1
 0.0900600672
-1.7813936660
-1.7736063454
-1.9722706415
-0.9444309942
-1.4895222775
-1.6986154739
-1.7687675446
 0.3013707388
-2.1016628768
w2
-0.1557224461  -0.1568596161  -0.0875826036  0.4612658077  1.5558254580  -1.6447725366  0.3332345733  0.4706532612  -2.9621071860  0.3113918436
s2
1.1791350478

