layers: 3
str: {2,10,1}
w1
 5.8271094847  -2.2449145816
 3.1450551301  -1.8470289069
 3.1628160109  -1.8554597728
-2.0159801986   0.1180578800
-4.5362856116   2.2988957173
-0.2626185703  -0.5288908341
-5.1508752818   2.9548246504
-5.9636748112   2.8094133555
 4.2663517174   1.1682790047
-0.2491532123   0.3405354364
s1
 -9.3702712303
 -9.8209421422
 -9.8711872332
 -7.6553396284
-13.2340521490
 -3.5177602220
 -0.2869055685
 -9.4824029277
-10.6594794457
 -3.9102852905
w2
2.7367155608  -1.1298962482  -1.1526792137  0.4227967944  2.0853242162  1.0515044414  1.9886276375  -2.4027156285  -1.0294792652  -0.7942348631
s2
-0.9183803382

