layers: 4
str: {2,20,20,1}
w1
-0.3319950359   2.3091119673
 1.3675280154  -2.8209705970
 5.7258309170  -2.6388319931
-0.7076317914   3.2190807925
-2.3014033668   0.6488814714
 7.1966737225   1.6395404501
 1.5742281239  -3.4535808651
 2.1081936923   3.0458927032
 5.0445296597   1.8991923778
-4.6346087820  -2.3188393309
-3.7417511864  -1.2216050947
-5.8237871988  -0.7616894610
 4.5904496599  -2.4151115841
-4.6805808963  -1.9129128428
 8.9429663661   2.2196029316
-4.8089980756   1.8302428323
-0.6741761844  -2.9427634101
-4.2438935968  -0.5696111903
-2.6322448147  -0.4212665515
-3.5440129986  -0.1793900866
s1
  2.9278186491
 -4.8354510702
 -9.1843015538
 -6.1730068428
 -2.9680101753
 -0.7193526002
  1.2242626446
 -3.9304682480
-10.1016710513
 -8.4609524243
 -7.5049715874
 -7.0752826036
 -0.1349751136
 -4.6924195695
 -7.0278668493
 -8.8948602457
 -4.6651418274
  0.1887633223
 -6.5809347543
  7.0760252394
w2
-0.0290674335   0.1486847277  -1.0602309181   0.3829381484  -1.9025963625  -4.0245364547  -0.3356577983   0.1546696431  -3.0787203612  -1.8852852665  -1.8635552416  -1.6883936326   3.3858035550  -0.2235109517  -0.4606046842   0.1917497677   0.0888876349  -1.2569506823  -1.1892013107   1.0300183740
-2.1592505235   0.8317098724  -0.7503582631   0.1802188926  -1.2376885010  -0.9610899385  -1.4796887501   3.0208534547   6.0019936990   1.4562861466  -0.2395716126  -1.7109838535   1.1664860403   0.5187541715  -1.6335793469  -1.7116826994  -2.2212602315  -3.1378320410  -1.3830905283  -6.3928860048
-2.3368382644  -2.4284259293  -2.0837258514  -1.8269480425   1.2782140144  -0.0303438739  -1.0996173225  -3.3911421936  -4.2860840017  -2.1927139371   0.3659108612  -0.4926949736   1.3897437721  -1.0959910369   3.8243175011   1.0577672550  -0.7575880671  -2.3591848110   0.6952274912   2.7469623544
 0.6402375618  -4.6754489734   5.9892328727   5.2649038207  -1.4465161490   0.3813797505  -1.2376908802  -2.1731128746  -2.6204535744   6.2705697887   4.3686089024  -1.8095143846   0.9454276924  -0.4482098612  -0.1538766223   1.9743300970  -4.7000905572  -2.4643709030   1.3647434591  -5.2132297973
-0.6124909770   0.9530195890   1.1542429990  -0.3538896002  -0.0377396656  -1.1870803221  -0.8006302932  -0.7018033995   0.7937705237  -0.5191159420  -0.2753297864  -2.0284515377  -0.8779272901  -2.1303355916  -2.6559431566  -2.0452724243  -1.2535904559  -1.1706457008  -0.4711411599  -0.8032391544
-2.1281131751  -0.1456545275  -0.0353872474  -0.4976319497   0.1074529379   0.0388249902   0.7312016518  -0.6284941656  -1.2391247031   1.1222675874   0.7966372879  -1.5831003395   0.0068191170  -1.0898130473  -0.8152056881  -1.1557574725  -1.3147470450  -1.3360146314   1.8721361873  -1.3193108776
-0.8869105035   0.3908083927  -0.7839762767  -2.8516670424  -0.4262317756   2.4952426705  -1.9445186334  -0.9868378578  -2.3169352541  -1.5799672590  -3.1146815152  -1.7013110501  -6.7168392202   1.9888260721  -2.8854999772  -4.8528182929  -0.6643548484   1.3209122967   0.8890357756   1.2397949499
-1.2554859680  -0.2495028261  -2.8643344036   1.3800785881   0.6993667648  -5.1045491391  -0.8659482722  -0.3170924760   0.7106329575  -3.3110229627  -3.4029642367  -7.0220355700   2.2834267652  -3.0823352977  -1.0984290710   0.6073595220  -0.6190610522   1.6130127590   0.6208510452  -0.3902385394
 1.1854063648  -1.4803079401  -1.0042239726   1.0738034251  -0.0024632424  -0.2865405132   0.4653795255  -0.8601853473  -2.9654081914  -0.6567037972  -0.3034198348  -2.4161454727  -1.3658218766  -1.2765069258  -0.0397185386   1.1452513743  -0.6323017559  -1.4445479269  -0.9430683012   0.0335648037
-0.6112060678  -0.9494920167  -1.1809838764  -1.4013333965   0.9873180707  -0.6828049602  -1.1223484231  -1.8775075629   0.6833613327   0.3422831875  -2.3080594323  -2.4633598057  -1.4524684908   0.6663349588  -2.4295523661   2.9527882025  -1.1847834934  -1.2314682409  -0.8703416542   1.1160197059
 0.2761083873  -0.4150511934  -1.7489838130  -2.6889200427   0.9124069420   0.1149216126  -5.4473787247  -2.7020116345  -0.3234013802   1.4964707522   1.2410056434   2.2744147946   1.6769543510   2.9500736182  -1.9824763554   2.0140315655  -2.2247426175  -3.1201546834   1.4996732744  -1.4966164610
-6.0818249051   2.5944492108  -0.8626260970  -1.5941193334   1.6289507901   0.1679887732  -1.2284337564   0.3413391992   4.2137995459   0.1059814167   0.6377642555  -2.3073887979  -1.1974263632   0.2136453520   1.9302952931   6.6474245389   5.4410791046  -2.8446328455   4.0641685410  -3.0055063921
-1.6774269697   1.9486539886   0.8466399336   1.2243803290  -0.5559972626   3.5069612779   0.1279554298  -0.1748670865   0.1363099234  -0.1513675661   2.1185149724  -1.2039629046  -6.2390988471   1.4956174520  -4.3941164549  -3.2765656248   3.9176306116  -2.6402852447  -0.6557952871  -1.4073659155
 0.9005392420  -1.4950969423  -5.3778634614   0.6863817135  -0.5770897120  -1.1137029661  -3.2155087300  -2.3988079415  -3.9497981210  -0.5026305474  -1.3141182672  -0.3786831781   3.3054899732  -3.0075108109   5.2841009930  -0.0854451846  -2.0895747908  -1.4569863469  -0.6029178313  -1.6276331435
-2.0095846346  -0.7250634161   1.3529788321  -0.2582016589   0.0815129616   2.3400016177   3.0490158851  -0.5310993919  -1.0754438865  -2.1149772851  -2.1086524713  -0.3768558471  -4.4922829800   2.1322030794  -1.1238872283  -1.3492852717   0.2038538724   1.1868478592  -1.3666794547  -3.7618091943
-0.7455955958  -0.8967248839  -1.4480870416  -0.4239637026  -0.6865296213  -2.1677727024   0.2628711229   0.0650725518  -0.7043247609   0.2864746142   0.3365976213   0.1607420024   0.9372439319  -0.2906001517  -1.1929342101  -1.7786186150  -0.0015673418  -1.9768645138  -0.6228926625  -1.6057121418
-0.8946449952  -0.5741269800  -0.4630276710  -0.1243923974  -1.5731060438  -2.3077120448  -1.2598537355  -0.3738880131   0.4526463841  -0.8282098619  -0.5757457820  -1.0134189432  -0.7957166607  -1.3619718354  -0.4392026059  -0.9680323347  -0.9783491967  -0.6556707629   0.0088143649  -0.8928694403
 1.0957933497   0.7391075064  -1.6859393704  -1.1983345071  -2.7297566500  -2.7198860929  -1.9485461244  -2.2067740019   0.0117148650   4.0748328296   0.9211453600   3.9594267767   1.8136708363   1.4281785363  -0.2643901932  -4.0223882914  -2.4334297990  -1.5316362580  -4.8043284846  -0.7745514579
-1.0552081693  -0.9674925495  -0.9774831365  -1.1646654624  -0.1978558255  -1.2820909226  -0.4073162503  -1.6687311136  -0.5526095202  -0.1579661819  -0.2136516274   0.1701708078  -1.3234711492  -1.1535030137   1.1500841512  -0.4770891289  -1.2998223898  -1.6783340628  -0.3361971799   0.2239624543
 0.1837010761   0.3024143073   2.8014560617  -2.0981134529  -1.0336078757   3.6006229379   0.0934842973   0.1836162293  -1.0444648969  -2.3981065272  -2.6655909602   0.4267638108  -3.9084119527   2.8931391662  -4.1453586586  -2.6462699453  -0.2043387024   0.7162134195  -0.2878092914  -1.5557368669
s2
-1.9725179286
-1.0307267554
-1.3300533093
-1.6782691492
 0.5184707030
-0.7572945793
-1.6848922103
 0.1159516215
-1.2664478736
-0.4928789390
-1.4828488764
-2.5206441893
-2.0183051567
-2.1642658061
-0.6148388004
 0.2982345923
-0.6953779687
-1.5764088986
 0.3108828834
-1.7854115512
w3
-1.8643336119  -2.5993618697  -1.9945661017  3.1510869473  0.7316400006  0.7737713635  2.1834339325  -3.3528736076  -1.4744969340  -1.2974502199  -2.5064647132  -2.6354510541  3.5254918186  -2.2774770588  2.1238826545  -0.5140056394  -2.1590473216  -2.5417306893  -0.5332876686  2.8515558882
s3
0.9758659352

