layers: 4
str: {2,20,20,1}
w1
 3.9030623561  -1.7478901206
 0.8696821949  -2.3098584509
 2.5311877177  -1.4592333767
-0.3590873220   1.5324121390
-0.1759646749   1.6543770787
 9.0731435173   2.2953422273
 2.6394345778  -1.4484339047
 1.4608350244   2.1620275511
 2.0503876885   1.2662971964
-1.8315114623   0.2579905643
-3.0357207423  -0.9591163861
-3.2442739871  -0.9614050616
 4.9141403755  -2.9804446894
-3.1543618891  -1.6684441218
 4.6888643612   1.3176781420
-1.8263636033   0.5794869059
 0.0932431816  -1.9342624004
-1.5809711573  -0.0521099551
-1.6827157283   1.2573467345
-3.1988778018   1.5341107666
s1
 6.1755333923
-0.9430672982
-3.3833333744
-2.4924355561
 0.8453369479
-0.2761100903
-2.8917633315
-0.7602111099
-1.7023864770
-4.3443262512
-3.2336462721
-3.1785226631
-0.3172700596
-1.4811678948
-3.1689399049
-4.2351715278
-2.6161087390
 0.9438200968
-0.5190809965
 4.2740556876
w2
-0.2710943196  -0.2120702482   1.0465416727   0.3619642441  -1.3297088278  -4.1085653013   0.0021906076   0.4120253276  -2.2527068443  -1.3390882551  -2.6180850320  -1.6252645469   2.9208795459  -0.2379108105  -0.2905377137  -0.1757512688  -0.0511164941  -1.4929945350  -1.1699759751   1.0735562627
-1.9994209288   0.2030122757  -0.1389997914  -0.2489510428  -0.4496469145  -0.4273518140   0.5108550771   1.0472197477   0.4167084223   1.5182501451  -0.0820608721  -1.4835512974  -0.2931270710   0.7750604572  -1.2312693276  -1.6373820499  -0.7682887890  -2.7842732121  -1.0599788746  -0.9603030990
-3.5492781023  -2.2385955257  -0.8725891990  -1.9467803143   1.6955908180  -0.6792090053  -1.1250478971  -2.3863318773   0.3967492781  -2.8033375763   1.2595910384   0.4904828054   1.5782315425   0.2685903714   1.3764956596  -0.5030018273  -1.0757056569  -1.4428116659   0.5678721117  -0.0861506722
-1.9239880355  -0.5930062756   1.7091927741   1.6067563761  -0.1777441825   0.3524173041   0.0182615544  -1.6029843822   0.0480815224   2.3012231821   0.0874108845  -1.3904086325   0.1371177645  -0.5537767526  -1.0103991241   2.1765945571  -2.0483898407  -0.8473865454   0.7247129214  -1.7490625261
-0.6575634214   1.2055171657   0.8709764103  -0.4457384178   0.0436524990  -1.2584680715  -0.5086489334  -0.7333902328   1.2075895385  -0.5017689181  -0.2304040577  -1.8936188760  -0.7646630433  -2.0649676851  -2.5385735234  -1.9215398888  -1.0487206603  -1.0648239099  -0.4790267332  -0.8339850898
-1.9984555952  -0.0433018321  -0.3300604106  -0.5017563130   0.0874406202   0.0119884249   0.7469000869  -0.7806423735  -1.4086030165   1.1144120977   0.6716390234  -1.6394899650   0.2198391267  -1.1711701027  -0.7786867405  -1.0877896284  -1.3711524977  -1.2201257652   1.8127647678  -0.8333428039
 2.1012190140   0.6818195962  -0.8091630051  -1.6947179963  -0.7725251897   3.3685794534  -1.1483949021  -1.1920822039  -1.0745017089  -1.0065985740  -1.6256612356  -1.5068452309  -6.4627481468   1.2747001381  -0.8847312632  -2.8725816419  -0.7529927846  -0.0567610373   0.8721174464   1.6260406412
-1.9034669879  -0.8780607609  -0.7824631753   0.4662445745  -0.2940266177  -4.7419637594  -1.4788708493  -0.6543183057   0.9305386860  -1.5173580811  -2.0720936512  -3.7302101785   2.6756577749  -1.7988763250  -0.0995871346  -1.0347116750   0.2852920693   0.8013394092   0.3351959363   0.2155919138
 1.1469911321  -1.2881169914  -0.4198767522   1.0912065774   0.2024523457  -0.3218372890   0.3892387814  -0.8776178549  -1.9314478077  -0.0660167064   0.2942362930  -1.0168385105  -1.3536484031  -0.6259371115  -0.4881148350   2.0330657012  -0.5554543149  -1.0111960794  -0.3364996101  -0.3324798419
-0.5971656083  -0.8895871922  -1.1517009539  -1.1063300462   0.4730650737  -0.1594157206  -0.6156009359  -1.7265869571   0.8506233954   0.5288876592  -2.0436680528  -2.3583147777  -1.0214195010   0.6579103978  -2.3132553230   1.5625850998  -1.0691673166  -1.3644466819  -0.8753362741   1.3717876442
-1.8471704799  -0.3862862320  -1.7257259614  -1.2681877286   0.6554945974   0.4690387160  -2.2433032513  -2.0636737673  -0.0491795058   0.2494616996   0.5432547880   0.1599082423   1.2460385490   1.1251842454  -1.7874158700  -1.2199014672  -1.4145584154  -2.4508915582   0.6526804734  -0.6617036121
-3.8589644256   0.7234664025  -0.9581413602  -1.2996489087  -1.8200722856   0.4510798498  -0.9514933740  -0.1309568342   0.9806348383   0.5590242082   0.3675353894  -2.4352521344  -0.4161036674   0.9145881183   0.7636712758   1.2898018546   3.7905198955  -1.4040636339   0.2423661147  -0.8244832696
 0.7996407928   1.5838683883  -0.1217756714   1.4312279475  -0.6048254212   2.6157930055   0.5261822370  -0.1727970627  -0.4154856400  -0.5310712000  -0.0424610951  -1.2834668047  -4.1702101107   2.0541797236  -4.1155440297  -0.7581642817   2.1434843762  -1.7420589665  -1.1966756782  -0.8142179851
 1.5293626434  -1.2907841003  -3.0312026726  -0.7913467314  -0.1476001402  -1.6493509630  -0.3691033641  -1.5815035806  -0.4173527964  -0.2427251418  -1.9281506036  -0.6895686671   3.7344256818  -2.2798804362   1.5943892296  -0.9008719623  -2.2004495065   0.1322924007  -0.9215292776   1.5388807518
-1.0022706204  -0.0984960562   0.6900701857   1.0597858780   1.1950719313   1.6367656853   3.7951460320   0.4304803305   0.2897795822  -0.8202375880  -1.5957864020  -0.4475631467  -2.7751517790   1.3638814013  -1.7738860837  -0.4519253118  -2.3653466804   1.1050010114  -2.0978918899  -4.0132571183
-0.6973317114  -0.9440053822  -0.8642295170  -0.4781524433  -0.6017977568  -1.9477920260   0.5569124901   0.1489140380  -0.5821332284   0.1529181303   0.1233295630   0.1040440615   0.8878320700  -0.2138509483  -0.8552458863  -1.7453645986   0.0762266060  -1.9267515888  -0.4109406497  -1.4373905548
-0.5798862500  -0.4789124726  -0.0547760218   0.1788767797  -1.3345812202  -2.4713175759  -1.2311925403   0.1640375726   0.9275339838  -0.7449492883  -0.7662596272  -1.2389941388  -0.6778544263  -1.4985846197  -0.0637301176  -1.1287206996  -0.9237283575  -0.3986132059   0.1999363769  -0.2656255235
-0.5434510964   0.3436238128  -0.4235733731  -0.8438832981  -1.4283356129  -1.7511814168  -0.2162015284  -1.7234974859   0.4043071075   1.2431103679  -0.7121172705   0.2287115592   0.4881629878   0.3839907523   0.6843047211  -1.4863656336  -0.3733942979  -1.6865107982  -1.2855405324  -0.7083325608
-0.7879883324  -0.7844446208  -0.4684911869  -1.0913502123  -0.2794770825  -1.0865538676  -0.1373277412  -1.3186665679   0.1532318598  -0.1391630075  -0.1933922372   0.1838100059  -0.9087418088  -1.1643803248   1.5240051773  -0.6020927678  -1.2166498762  -1.5626216697  -0.3705718126   0.1644802997
 1.3842180970   0.6727586072   1.1708580992  -1.7062180436  -0.5784406367   3.2604274519  -0.1328204241  -0.1358394463  -0.9754394711  -1.1984297597  -1.5870242140  -0.1224717425  -3.6071549720   1.0600121392  -2.9068159398  -0.6469552576  -0.7028089795   0.6986405190   0.0254624388  -0.7378919413
s2
-1.3911307578
-0.1644701697
-0.3785010044
-0.3241733219
 0.5925389079
-0.7248752981
-1.4766969275
 1.0290096660
-0.9376759655
-0.1510374297
-0.4702946521
-0.7234045839
-2.0275945920
-1.5343276271
-0.7394539805
 0.6482018123
 0.0360590810
-0.6764333391
 0.7084502350
-2.0285579394
w3
-2.3888518695  0.2162024979  -1.9358013688  1.6189785291  0.3713178523  0.1270083103  1.3155630081  -3.1092408182  0.7854387324  -0.1817457825  -1.3622509206  -2.1997021894  2.2426326382  -1.0786096473  1.0831779836  -0.5777334281  -2.5184237540  -0.9643853530  -0.6468102641  2.0061513633
s3
-0.0375521592

