layers: 6
str: {2,20,20,20,20,1}
w1
 2.0610283725  -1.2708691677
 4.6844761305  -2.4675636700
 2.2975644501   0.0284466904
 5.6475542626   0.5371950220
-4.9718728009  -2.7944517803
-1.8360846338  -2.2621444999
 3.7320304231   2.1575394420
-1.8351956191   5.2644623344
 2.6259213996  -0.3227576311
 1.8224011452   1.1329784888
-5.1593457440   3.0496159546
-2.9055767855   0.1606275104
-0.2014127873  -4.8006749751
-3.4096002618   2.1834118875
 3.0264099981  -1.2662395205
-6.1987209275  -6.0281015520
-3.1048068570  -1.9517095821
-1.9283361528   1.1623688167
-2.5478454351  -0.7593713009
 2.7322706919   0.9458147892
s1
 6.1182847950
 0.8960276025
-4.6535954096
 2.6055848945
-0.6225626522
-2.6500380092
-5.9321047906
 0.5867226941
-6.0170046196
-6.2147041935
 1.2336743325
-6.4449696907
-0.0802962996
-4.2703526206
-3.2881591695
-0.1037400852
-5.0800305564
 4.8462255356
 0.3057247291
 7.6627492272
w2
-2.3109521061  -1.1735527647   0.2739869923  -0.5179336416   0.4985818589  -0.2075442616  -1.3800226601   0.7405831390  -0.3132742482  -1.0982885555  -0.9674662057   0.9626649232  -2.3262270652   2.0157938933  -0.7597778997  -1.7075879301   0.3996802727   1.8289128367   1.8027375322  -1.0530919978
 0.9241713802  -0.3298901589  -0.2216245337   1.7106246346  -0.1293859148  -1.5674005783  -1.8780458697  -3.5046124672   0.0184127252   1.0575145201   1.7655555554  -1.1404114268  -0.0047132699  -1.1610416292   0.6628373773   2.9980677052  -1.2610259542   0.2460978778  -0.6597521327   0.9929023525
-0.5032819192   1.6218080653   2.0344403758   2.0202364747   1.1353668196  -0.0823110255  -0.4243581398  -0.8704465981   1.5776786371   1.0778157918  -4.0425182491  -0.4011820069  -0.4467885357  -1.7497005238   2.2167264141   0.6381476752  -1.2561492545  -1.8945828888  -2.4121875074   0.0057039154
 0.8215988928   0.7915459005   0.5259105077   0.1587889470  -0.6900516927   1.2043691968  -0.2136175883  -0.0667544130   0.2907916296   0.5041258415  -0.3191247982   0.3775894187   1.7476717990   0.9766041037   1.1932735264   0.0992102624   1.6828850450  -0.4285821467   2.3960095049   0.6850104448
 1.9924278527  -3.4857667390   2.1691004086  -1.5688849079  -2.9930789178  -0.2433394601  -0.2024898788  -1.9647223827   3.0037258846   1.3494339120   3.6449676700  -0.4316986961   1.4993244653   0.0817399920  -1.0659791788   4.8093061062  -1.3360662314  -4.2881436291  -0.8190025998  -1.3521666081
-0.9236984026  -0.8625844175   1.5428125319   1.8984151495  -2.1505631502   0.5413318657   0.7562152569   2.7726005067   0.7625891939   1.9397920534  -0.9504414800  -2.6664276478  -1.1810122428   2.4472262844   0.4948800238   0.8045386778  -2.0843965511  -0.6061868966  -2.1352766150  -1.8438968617
-1.0782950065  -0.5050752566   0.0180974677  -1.2820866610  -0.9098013230  -0.2268336935   0.3825487534  -0.4891943828  -2.1987372245  -1.3627539926  -1.6319850138   0.1042133805  -1.5184640403   0.6825793385   1.2157041108  -1.2226188288   0.1899801058  -1.1813001214  -1.0242736389   0.8240194542
 2.2471550225  -1.9885593493   2.6942134649  -3.6488517880  -0.5512740472   0.0492578582   1.4267475055  -4.3632039391   1.9348734488   2.5769631865  -0.3538134157   0.6056221077  -2.6631965318   0.6004288973  -0.7232283213   4.2550070538   1.0193259559  -1.9638928584  -1.5203653307   1.6264352579
-1.6295095794   0.9578513240  -0.6108709922   0.7687460993   4.8153323000  -0.5936548771  -0.5013723076  -0.9105185231  -2.0587394767   2.1048346008   0.9984743992   0.8493291174  -0.2156960562  -3.5538228069  -1.9165474428  -0.2033396096  -2.6242796083   0.1780287071   1.2930228312  -2.1419765961
-2.8814172808   5.7526240301  -2.8282598416   0.8143737948   0.5549399122   0.7058186553   1.6839886578   3.7853294943  -3.6639210607  -3.5746529214  -4.5868945071   3.6557124409   1.3862027777  -1.0405410093  -1.7078270928  -4.8843800600   2.6650584413   2.4977255056   2.1110433216  -5.4130277025
-0.9930839812  -1.4157219756   0.8922613311  -0.9871877192   1.1020740877   0.4225821477  -2.8511892841   1.1980736237  -1.0259921657   0.8991550268  -0.9818631874   2.2468157967  -1.1566789762   3.8545697975   0.2537860524  -3.0520047071   1.1116068521   1.1084316797  -0.2557191585  -1.7505170033
-0.2400248632   0.7437434611   0.7876358547  -0.5017561750  -1.3774917453  -1.0580810676   1.8109291434  -1.2552001785   1.1746430484   0.3145263754  -1.8947625248   1.1352083048   1.6178898884   0.2978074905   3.8481364166   1.4147806190  -3.4537299242  -2.3549182182  -1.2176422564  -1.2906872181
 1.0321411313   1.0370774473   0.4999717659  -1.3117756382   1.6452949551  -1.5333308148   0.2539971378   2.7799472786   0.0486421313  -0.3755658375  -1.2565250235   1.7072199080   0.3319280614   0.8214636893  -1.8244759575   0.8792106385  -2.7694099205   0.7579633628   2.4971011710  -2.0760300119
-0.5590369848   2.1257561155   0.9860202091   1.4547299193   2.0827601979  -1.3808449106   4.6733327666  -0.4328669437   0.1913465721  -0.2457207633  -1.1652319655  -1.8575400753  -0.5044327952  -1.7722751739   0.7392260261   1.5518511928   2.2261806738  -1.8697496975  -1.2583141677   1.6082168770
 0.2279446621  -1.7205983557  -2.1024637725  -1.4429537838  -0.8308389835   0.5502431009  -0.1668073662  -1.3225600535   0.0690114525   0.1327126425  -0.1770618295  -2.1423631856   2.8172178495   0.9708949330  -0.7715843100  -0.3618006459   2.4401392027  -0.5461279384   1.2876261912  -0.1209164066
 1.1519940613   0.1770665410   0.2448357652   0.5557497689   0.2963108954  -1.1769092582   0.5804378124  -1.0465966028  -0.5050982352   0.3109478352   0.3004685029   1.5550185873  -1.0186907462  -0.0459940140   0.9134397648   1.3462293638  -1.2417372547  -0.1370102032  -0.1333719141  -2.2368570605
-0.4366034841   1.7296877412   0.8092444531   0.4175027483   3.7309572749   1.5323176143  -3.8013738559  -0.4088074210  -0.6038730702   0.2578947293   0.6773725909   0.2856914002   1.7353394367  -1.1691122806  -0.9860296312   3.9331198413   1.5226054309  -0.9247888517   1.3232275409  -2.0651020270
-1.1404691781   1.1006996901   1.6940997961  -0.5649669094  -1.3030165254  -2.9015480287  -6.6426664126   3.9149939106   0.7104218318   3.7276194421  -1.5898496077   0.8169373041   0.3937295703   1.3815671977  -0.1325999705  -1.4347936457  -0.5376099020   0.6765008275   1.0040858973   0.2151811710
 0.1260657732   1.4016645117  -0.4622318362  -0.6766602959   0.9431524936   0.3557576777   0.1145498402   2.2117381243  -0.8449083187   0.5776698770   0.6238534039  -0.7339360550  -0.8027651288  -0.0014020684   0.7118529571   1.5421325248  -0.3680722239   0.1656907688   0.1016230315   2.2531682731
-3.3593255906   0.3248810391  -0.2053576726  -1.9621341322  -1.0226260366   1.3504082513  -1.5419108801   1.7046473722  -0.4694187204  -2.1946406174  -1.0444134291   4.0334608096   3.0307962237   3.4805973412  -0.2835528261  -2.3743685525   1.1683041501   0.7054019732   2.5888818441  -1.8688325310
s2
-0.9788354136
 0.0510927909
-0.1553036391
 0.6114769538
 0.6015128190
-0.0377679991
-0.7832935402
 1.4352366718
-0.3757309550
 1.6739840057
-0.0592632015
-0.3751944093
-1.3662049948
-0.6205701209
-0.8996305408
 1.5303952968
 0.1075234508
 0.6917113275
 1.5910222847
-1.1093754577
w3
-1.4286833829   0.0717264941  -3.8550760078  -0.5245863387   3.2415319474  -0.7130811622   1.7359526200  -1.5287715127  -1.0885854878  -1.8233020237  -0.0335378752   1.1635818176   0.3440326758  -0.2170539143  -0.2779047307   0.1000954074   3.3901259433   1.6583583162   1.2659093455   0.0118848771
 0.7351459643  -0.0456719821  -0.3641846572   0.9469223178   1.4425971342  -2.4783781589  -1.0821738613   0.9441730193  -2.7197625153  -3.2203423720  -1.9156615181   2.1453365777  -2.1293813450   1.4942494453   0.3020300891  -3.2644978016   0.1314221239  -2.3660119307  -0.8355527229   0.2771056738
-1.2899305811  -1.4034253311  -0.3687308941   0.1822590816  -0.4340119079   1.1411779051  -1.8769848100  -0.3275416029  -1.4672558188  -0.2202816454   1.6042926372   1.8885147723  -2.5003306015  -0.7916267741   0.8971577692  -2.0326005751   0.7566646989  -1.4278111450  -2.5528319629   0.9808836123
-2.8020414716   2.2347635590  -0.9938524435  -0.6231292064   0.7624009335   1.5381759120  -0.4441936203   1.6901386225  -1.0976542888  -1.7818984473  -2.6009873507   1.3440098205  -3.5210404626   0.3769758586   2.1750029498   0.3850196815  -3.1685943203  -0.2278065969   2.1789164095  -0.5022783619
 0.6226038121  -2.9550310945  -0.1512114828  -1.3195977197  -1.6920425147  -0.4210479661   0.7110029219  -1.6856288622   2.3107295059   3.6583716915  -1.3448889185  -1.1077054578  -1.7482123451   0.9145286222  -1.8083041056  -0.5936349257   2.0622663446   1.1292474400   0.8727391883  -0.8349933708
-1.5833763991   1.4274249498  -2.2741219831  -0.9599203906   3.9035004379   2.5426950653  -0.3686940697   2.6833639089  -2.2870105724  -2.0053626249  -1.8695808195   1.0790305425  -0.3792524267  -3.7230498836  -0.4698389635   0.8417090501   0.8402674743   0.0054616854  -0.3786066537  -3.1770498723
-1.2419418030  -1.3926840651  -0.8305118330  -2.1685062485  -0.1919268416  -0.7776478754   0.9873757209  -0.6966810811  -0.0804819171  -0.4079574298  -1.6040074791  -1.7388107684   0.6394461898  -0.4828315820   0.6385595845  -0.1910853833   1.0841175483  -1.4258120571  -0.6492953345  -0.0285990285
-1.7359998260   1.3359264314   0.2283046613   0.5537855398   0.4910834980   0.8802889793  -0.3056428370   0.6657999816  -0.0650780104   0.0048425501   0.5436641761   0.5215299769  -0.2793145286   0.2790145741   0.3669650506  -0.2647935505   0.8164350455  -0.5927179363   2.0163154865  -0.1993558395
 2.1168304298  -0.9028740468  -0.4064696485   0.2725369234  -1.6758159126   1.9409477968   0.6274594690   1.6264939381  -2.5498085405  -2.0968169090   1.6324900095   3.9508485706  -0.6764925785   0.7050014172   0.5990103007  -0.5463306507   0.5169983410  -1.8987778726  -0.0401153580   0.2134019216
 0.0008278718  -1.6329126791  -0.6816027492   0.8219297847  -0.4568062906   3.0286195466   0.3469041472  -1.3051443713  -2.1350350585  -1.0755392467  -0.3893125478   0.3806986110   0.7598877118  -0.6044019230   0.0512530190  -0.7517142113   1.1874583658   2.9765958039  -0.4405622771   0.9526036491
 1.8044249390  -0.6810491958   2.1278960141  -1.8154721744   0.1377716127   2.4015557182  -0.4357594156  -0.1959786690  -0.1393326967   1.5247599747  -0.4277476027   1.3552029032   0.1052718313   3.3178331460  -0.6768768071   0.2587577173  -3.2656105590  -2.8123857372  -0.7609536859   0.6828603207
-0.6541545373   0.1035320031  -0.1797111211   0.2318142883   0.1455365095   1.2253698040   0.2117066152   1.7032070461   0.1944526628  -5.4889498754   0.5317105474   1.7702368227  -2.2256799451  -0.8620484924   1.7813271109  -0.3392559201   1.4159120765  -0.9511651078   1.5780162139   1.5682299923
 0.4315212841  -0.5263008511   0.3647903302   0.9790817440   1.2341230054   2.2572145201  -2.0705118924   0.7023211114  -0.8297765785   1.1326697020  -1.7116285501  -0.3036563837   0.2094145597   0.6952614290  -1.0527206867   1.6941189253  -0.5368616961  -4.4185451043  -1.9179378982  -0.1490312234
 1.1886562783  -3.3697105900   2.5147971756  -2.5006446213  -3.3005413547  -0.4425871867   1.5160146564  -3.4208440983  -1.2071792221   6.4019418358   2.1912102267  -1.6946859933   0.7712377736   0.9962442981   1.7367784349  -0.3598795090   1.2440758161   1.6464899285  -0.2608257471   3.9175504992
-1.6155114392  -0.6274461811   1.2885054959   0.5861476373  -0.9295998192   0.3141580528  -1.3623857381   0.6798191501   0.0333999349  -1.0245895155   0.9951484738   0.4443842580   0.0287021105   1.5260772385   1.1323788150  -0.7094236867   0.6479869637  -1.9069339695  -0.5677118983  -1.9523406514
-0.5478659658  -0.4937227166  -0.7137617403  -0.5838076639  -0.5048794518  -0.6342213083   0.7019510039  -0.3953048261  -0.8259037445   2.7863481685   0.1285180637   1.2400618372  -1.4504895835  -0.3430431563  -0.1120965722   0.2120821378   1.4759908888  -5.9459835386   1.8396776365  -0.5957669168
 0.8930140801  -2.0724766380   1.5668900148   1.5928552402   0.2508806343   1.6098476566   1.9341540774   2.1802454741  -2.4998836579  -1.6890494137   1.4261109116  -0.2023222319   0.1073533402  -1.0918430292  -1.9390730832   0.8418492449  -1.1711580742   1.4116724448   2.3738777821   1.5650394651
-0.7575631585   0.0643416180   0.6968063044   0.5314388233  -0.3567440553  -0.1216756533  -0.6435640246   3.5585191178  -4.1013945107   1.4153453871  -2.3244319468   1.0885143655  -0.4172301332   0.6738556945   0.7353821560  -0.0762703056  -0.4296113063   1.5539204386   0.2615878649   1.9128997518
-2.6465734076   0.7291234357  -2.2505874484   0.1251585446   4.7024463319   0.8993121444   0.5855934199   3.5574188891  -2.3995484744  -2.9650425399   2.1139173080   0.6374440847  -0.5971424650  -3.1643355201   2.7516111111   0.2488494823  -2.6762647726  -1.5387449665  -0.8426524755   2.1716637636
 1.4585850625   0.4420793419   0.7186018791  -0.5881731974   0.7147999664  -0.5238488625  -1.2511461754   1.5930078390  -0.5693375367   1.0049356143  -0.4172748181  -1.2034896036  -0.1986220235   0.3775282004  -0.7413603969   0.5243789940   0.4976216392  -0.5900216265  -1.9494870051   0.0251362639
s3
-1.3309434092
 0.5417078520
 0.1048377780
 1.1978349114
 1.4002860095
-0.5529030305
-0.6843623739
 2.0851494396
-0.2276676344
 0.7185437346
 0.6440431052
-0.2195052600
-2.0917690302
-1.2253056666
 0.4789081001
 1.5115455755
-0.2967684937
-0.0414736497
 2.1151418329
-1.0972422295
w4
 0.5710919653   0.5523345266   0.0661149622  -1.8658756199   0.2726843559  -0.8134901247  -0.2791185627   0.6331129511  -1.7343377959  -0.3250013048  -1.3461654229   0.2106579999  -0.3704326778   0.3899611862  -0.9877249174  -0.9592953225  -0.6892794563  -1.9558523833  -0.8388867148  -0.0442873788
-0.6452573519  -2.6753734315  -0.7017397554   0.0072945900   0.0853235402  -1.7218461199  -0.4501438982   0.0857163762   0.0654779590  -0.3633312923  -1.7120517195  -1.4454529166  -1.6636769148   0.1723404734  -1.3592214368  -1.4211897785   0.3260966797  -0.9726036409  -0.1303896704  -0.8624730483
 0.0278107763   1.5464226174  -0.6306678119  -1.0162109653  -1.6380554177  -0.2924247480   1.1902221783  -0.5917996176   1.0090086367  -1.1633682049  -0.5442758073  -0.6544878855   0.3024106202   1.7476373081  -2.3604215443  -1.0681126505  -1.1188364206  -0.1797776672   1.8418781717  -0.7967168831
-2.9852708756  -0.7424393067  -2.0422393974   2.1235031019   0.8079316761  -1.1861953339  -0.8362750928   0.1940259464  -2.9987991414  -2.6329430369   2.1673472212  -3.2587395014  -2.1365014851   0.5581419727  -1.0630430792  -2.4940892037   0.4648170081  -1.0343175218  -1.8621757029   1.1244619973
-1.2722651776   0.5584644379   0.5995877966  -3.0525978934  -3.3071394415  -1.8339109998  -0.5747737289  -1.9430975669   0.1776296400  -0.7239613943  -2.0686587386   1.2297820530  -0.4601202625   2.5110099725  -2.8515130896  -2.8895684390  -1.8523310853   1.5588766053   3.2208085784   1.9964068832
-0.7444707372   0.1852305731   0.7839619137   0.0154465057  -0.7699705604  -1.3166457998   0.3314285742  -0.4531965391  -1.7067538320   0.1024928786  -0.6037762758  -0.5154597640  -0.4197427025   0.6213239288  -0.7260173428   1.4155260238  -1.0413626520  -2.1971652073  -0.3785215738   0.2908971475
-1.3846458158   1.2105996911   1.1528659290   0.0138421818  -1.9587740794   0.5277035061   0.7675195763  -0.4447645889  -0.3039373712   0.3965684125  -0.3977247848  -0.6383624804   0.6467987610  -1.8883957110  -0.9976526391   0.0152357195  -1.0584497618  -0.8960656025  -0.7708168141   0.1606721113
-1.2169672641  -0.9779945951   1.0555062960  -1.6435903784  -0.0387677199  -1.5905817777  -1.2345092547  -0.6070243231  -0.5335875809  -0.6725841338   0.5418722118  -1.1012238922   0.5018999667   0.0482271034   1.1716777645  -1.1449099114  -2.0959039609  -1.3453165085  -0.0196132840  -0.3999936201
 1.1898744187  -3.4058082043   1.0303497057   1.8582943648  -1.7325843637   2.5492956959  -0.0166027599  -0.9503768918  -3.7125280880  -1.1374578615  -3.0196299173   0.6430904191  -0.8900508303  -3.7839328292  -1.3761880734  -1.8718758995  -1.5306809729  -0.3149036089   3.4358981173  -0.7193484934
-0.8168817364  -2.1687803184   1.1971072105  -2.2507802684  -0.0266841600  -0.9156406446  -0.1545238131  -0.0292518646  -0.8452513104  -1.8567767808  -0.4185374978   0.3729657098   0.0285969455   0.9136709043   0.4456841272   0.7000139891  -1.8492489279  -2.3774390960   0.2446096824   0.8517430699
-1.2680738876  -1.9257909275   0.2002074713   3.7803681909  -1.9720692192  -0.1329310429   0.1974017337   0.4142816010   0.2208064748  -0.9253684717  -1.2680839293   0.4328527900  -1.0644842961  -1.6367832548  -0.1665413526  -3.4073462267  -0.3341419271  -1.1883899186   0.2319230856  -0.9845253129
 1.2054083092  -1.6021089042   0.8860911462  -0.5092250272  -0.1926423934  -1.1714340968   0.7615154021   0.7631175733  -0.2997063907  -1.3573233136  -0.6090012631  -0.9508022248   0.0074825251   1.3211675807   0.8070013626  -0.7016413714  -1.2428404843  -2.5018026936   0.5578731073   1.1408202907
-0.2197955836  -0.0761151008   1.1415691342  -0.4708591440  -0.8900168635  -0.5974407852   0.4561737722  -1.4561470379   1.7417461253  -0.6485435260  -0.5258926201  -0.2430531775   0.3754495022   0.4286190040  -1.3235784455  -1.5348974156   0.6718245587  -0.3701476483  -0.0323673815   0.6887900350
-0.4237327371   3.4630303927  -0.7777576975  -0.9141998087   0.1746310273   3.7451870522   1.8586171747  -3.3606671003   0.0581803781  -2.0676319893   1.8700745404  -0.7027552778   1.1088515572   0.2664208954  -0.8727625369   0.3421285082  -0.4061660583  -1.5653572587   1.3883371418   0.5946563614
-3.9241664378  -1.2323064444   0.3565019053   1.4745519775   1.0966758572   0.3023530311   0.1289383019  -1.5892813543  -0.8184157772   0.2618128162   2.1730902548  -3.0167616382  -2.7422157649   0.8074833625  -0.6912555288  -2.8171219112   0.5169069121  -0.9890651026  -0.8201476171  -1.0665782639
-3.5346694211   2.6044872351  -0.1319434168   1.0681499688  -0.3483968611  -4.4301098248  -0.5081894137  -1.9491207693   1.1163065559  -2.9907152197   0.7892736271   0.8004117569  -0.3980038168  -4.0165818701  -0.8272553126   0.0364702425   0.3980342686  -0.1467448488  -3.6269540680  -0.5720235868
-1.0379378826  -0.0951705164   1.3453277899   1.5029606180   1.3596067255   0.3737966284   0.8936948717  -1.3126165381  -0.7892942363   0.6114906802  -2.2515281777  -1.7062906204  -2.1489312119  -2.4609283179  -0.2920494502  -1.7723925341   0.4428522280  -0.5052824938   1.0876521196  -1.3886030472
-0.7527656104   0.2390163221  -0.0195430940  -0.2959636626  -1.4706208541   0.9979387672  -1.3510693059   0.1775264611  -0.1760255930  -0.5933376967  -0.6890022709  -0.4290089700   0.2074588284  -0.4486437837  -0.8437840555  -0.2897929598   0.7164390714  -1.7682845119  -0.9973294576   0.2104435156
-2.2510125022  -1.6239736621  -0.2122068786  -0.7032288173   1.0636163018   0.5640934316  -0.5881502992  -1.4910797359   1.1305447109   0.3017357780  -2.1410586768  -2.9538944205  -1.5760029087   0.0396296757  -4.8105405973  -1.4210831438   0.3657250228   1.2340484784  -3.1107674915  -0.1257299799
-0.3712116142   0.0018558764   1.0114685171  -0.6740734454  -0.2183118153  -2.1898592291   1.9702575901  -1.2406194388   1.4861935517  -1.6086019696   1.6404187883   0.6736524625  -0.2032619240  -2.3613582751  -1.0277609141   1.2191965668   0.1994888134  -0.0307481465  -1.2661353308   0.7960282456
s4
-0.9206854716
-0.5139852837
-0.2787678212
-0.3609952422
-0.8063964699
-0.0666971858
-0.7031558992
 0.7591768361
-1.0088826135
 0.1497753566
-0.6763196246
-1.1202668867
-1.6658581833
-1.6472510968
-1.1258124647
 0.3201734603
-0.7087598982
-1.1101826376
 1.1273723269
-1.3067232471
w5
-0.9775225916  -0.1277083210  -1.2431557289  -2.1413729318  -2.8836340277  -2.0859027061  0.5614352236  -1.0289621846  2.3297736860  -1.9046839519  1.9050566363  -1.0575891140  -0.6015142562  -2.4172949195  -2.0698927750  2.9840727390  1.1987161605  0.2428434532  2.2252068873  1.3857019552
s5
0.0678249609

