layers: 5
str: {2,20,20,20,1}
w1
 3.2550642131  -3.0288271351
-3.3272617249   0.0010166925
 3.4102901062  -1.1977391183
 5.8562007203  -2.5419490843
-4.0478179249  -2.0611209707
-4.0982580696  -2.2477057973
 4.8084533085  -2.1011834160
-4.2862231433  -1.0643444597
-0.5024610161  -2.0838431849
-5.1705318815  -2.1414433931
 1.9322308173  -1.4400294508
 5.4273836275   0.4680392060
 5.2402474507   1.1922850691
-7.3265057778  -1.8181806525
-1.1240670212   3.3217300699
 2.3800418261   1.8045735113
 2.3438536962  -1.3631781535
 4.2062481906   0.7110770140
 1.1211758210  -1.9403462887
 4.2229998966   3.5529427140
s1
  2.5482681304
 -7.3241563585
 -8.5844049958
  2.4257491216
 10.7852451501
 -2.9254131132
 -1.7688634605
  5.5440335494
 -4.0174662005
 -9.4718966192
  4.8013777958
-15.0280888869
  2.6307475854
  0.4321280398
 -1.4098256659
 -4.2158455062
 -4.7714828369
 10.2777785460
 -2.2501397297
  0.3287951028
w2
-3.3212426393   1.5418237394   2.8129884855  -0.5069888300   2.4166923880   1.3921984801  -1.3285253582  -3.7869000968  -2.7863971246  -0.1769094189   1.2090095024   3.1173309082   0.6331695470  -0.1841947540   1.0850274498   4.2793703907   1.0313112712   0.0729612522  -1.8986791879  -1.7913102265
 0.3753816313  -0.8319438860   0.6489432606  -0.2196585430  -2.8680049706   0.2087131618  -3.7221816215  -2.3796223014  -0.1895915297  -1.4629028499  -0.2756517568   1.8886151471   1.3004517492   2.0927978515   2.7633707121   0.6877907294  -0.1233850882  -0.7571458693  -1.3063313902   0.7616937403
-0.2988068019   1.7098393135   0.3743991935   3.9375072876   0.3388065162  -0.6878285533   2.0913373500  -3.8151334044   0.7640083212   4.9356585911  -2.1439969747   0.9087212731   1.4911623447  -0.5149214641   0.2045135693   2.1695606846   0.5022911818  -5.0713730431  -1.0050538624   3.5408795839
 0.4619342970  -1.7586979628   2.0523010619  -2.5205298869   3.8429122106  -1.4012127959  -1.3531062371  -6.9611343484  -1.9343465900   1.5612183768  -1.1209394670   3.5608446880   0.5079144769  -1.3094464831  -2.8206229088   2.8738014741   2.1671340496  -0.9226416643   1.3664152195  -0.4993424765
-0.2743811659  -1.3865956508   0.8373159989   3.6200914849  -2.4710097291  -0.8894717930   3.1351363722  -5.3978472233  -1.6740569685   3.9852766504  -0.0913467034   0.5446794500  -0.2649267133   3.0689885571  -0.7330281867   2.9218363861   0.3033407858   0.5922037382   1.1667110267   0.8677588837
 0.6519051152  -0.0773871837  -0.0665566671   1.4009738988  -1.1221770586   1.8582353380   1.5725998512   0.8226500694   0.5403628636  -0.4253479408  -1.7458935757  -1.4151769763  -1.3778357225   5.0305416322   0.3692281071  -1.3129229308  -0.9570497552  -0.2198634062  -1.9351956769  -1.5412877836
 0.1968374853  -1.4699268647  -2.2376782031   1.9935336574  -1.4479089538  -2.6155155373   3.5921770205  -3.8519147837  -2.6483654479  -7.3887006413  -0.3845475870  -2.0076890846   0.4788797740   6.3171486453   0.4217951320   1.6812296103  -2.6574912178   1.9516389295  -3.3396835800   1.7246220105
-1.0454142579  -1.5162512611   1.5241168860  -2.0864926993  -3.6120878241   3.4409187217   0.7153115938  -4.8557548414  -2.0263330466   1.7218642068   3.0078999463   3.8134881470  -3.5141366335   2.1835409272   0.3702774469   2.7857639501  -0.7998905212   2.7741890284  -2.0010533216  -0.2139261826
 2.2964972936   3.2368006022  -2.8163395843   1.3635944894  -1.5865288071   0.5720421221   1.1563334993   0.2600836118  -0.6362384447  -2.5868009331  -0.4456304924  -2.2695174847  -0.2759050006   2.1132474517  -2.1677775657   0.5549628225  -2.8625776143  -2.4770445282   0.9479826494   1.3158663747
 0.0813707188  -1.4033001771  -0.4767504540  -1.0913855067  -2.0999059608  -0.5289045007  -0.1696842746  -0.6198034587   0.4212549022   0.2877310158  -1.4200263947  -0.8190705124  -0.8558232540   0.5822360772   0.6330287220   0.1303404029   0.5405471169  -0.2218654096  -0.5316352316  -1.2345528939
 3.9936620673  -2.3055741231   0.9821053312   0.5196570235  -0.6106689060   0.3414508186   1.7858894652   0.3519575159  -0.1909837993  -1.0031803041   4.7520105951   0.3424286878  -1.1410940032  -2.7530188781  -3.3051552019  -0.1417046509  -0.7281756558   3.2462538162   0.5421533852  -0.2868110246
 0.0593739198   0.9520231085  -1.2377377515  -0.3140786384   3.6638761255  -2.8096819295   1.0004542075   0.5241813249  -3.1541681683   0.0398202640  -3.1796954520  -1.2326159904   1.0846908204  -1.3642333972  -1.3296712500   0.4579430730  -0.6383970142   0.7333912250   1.4357351096   0.1543221206
-0.7430980719  -0.1452403406  -0.4278260995   0.0940081755  -1.5419598429  -0.1019921692  -1.3652844909  -0.1734496180  -2.0573515499  -0.3371567958  -0.5042266044  -0.6212407851  -0.0371597351   1.1583773244  -0.6983666271  -0.7865163760  -0.0908198086   0.6479429666  -1.8539337634  -1.3496288139
-1.5359030620  -4.1715895834   1.3594095215  -0.8182690804  -0.1047541853   1.4552002990  -0.0887485682  -2.6165348622  -0.5271490690   1.0996922063  -0.9116656454  -0.8052831488  -2.6812636572  -0.2726482027   0.1697354447   0.6949837554  -1.5962068954   6.6247956150  -0.4384939532  -2.5117473779
-1.3152024666  -0.0378097253   2.4175798128   0.3420164383   4.7933748371  -2.9272229851   0.5350352815  -6.3851456156   0.6027279419   0.4480328920  -1.8521549555   2.1961509961   0.0354527352  -0.3371456415  -1.1483366253   0.3382213039   1.6155491969   0.4430100664   1.0081099088  -0.1744561252
-0.3745149426  -2.2129820156   0.2656490173   1.7463738815   0.8066346977  -1.8204603986  -1.6342150886  -0.8984898605  -2.2488346033   6.1873341757  -2.1070018111  -0.4094772819   3.5924306606  -1.4824350290  -1.5871126629   0.4420825381  -0.1174542481   3.4448891631  -1.3915269620   2.5568363622
-0.8120921116   2.9623859819  -0.3187317866   0.0668873274  -1.4606015009   0.1127888842   0.6416810590   2.2222147088  -2.2175710525  -2.4337661514  -6.1120321202   0.3871006493  -2.8518376856  -0.9574161100   0.6212604567  -0.4434726468  -1.1512176257  -2.2735251933  -1.5704527421   1.7043526370
 1.2056730660  -1.5622414299   0.3049957040   0.4532075451  -4.3389510168  -1.2513819842   0.2790564765  -1.1591805259  -0.4358280733   2.5092887759  -0.4990554103  -1.9469352377  -0.8934770083   0.3939875704  -1.1907586594   0.3579271758  -1.8439096045   1.8270946821   2.6857965485   1.0848049203
 3.1947899119   0.6952175886   3.1049439868   1.6997121700   0.9041214449   3.1069678732  -1.0062145765   2.5144257362  -0.3113717774   0.4961060712  -2.8262141331   3.0678493356  -2.8732439171   1.1558255124  -3.4777766921  -0.6118418883   0.5299383212  -0.2567573707   1.0731566269  -3.3902498123
 5.5089484683  -3.6320291926   2.5559532070  -7.8775729677   4.0779824208   2.3618137090  -8.5373084139  -2.3432107267   0.5937631954  -2.2223783536   4.7783617842   3.3802337103   0.5545097948  -9.1558129780  -1.7781600057   2.9545729827   2.2703529095   4.6347654808   0.7972044100   1.2150963416
s2
-1.3504577900
 1.5212413367
 0.8799833236
-0.1776950292
 0.4182680428
-0.4776261761
-0.8010001311
 1.1528412346
 0.3541677610
 0.8053884507
 0.1532944857
-1.0431062291
-1.3282283943
-1.3152890013
-0.9484522118
 0.7841455084
 0.4035621591
 0.1312590906
 2.2231819037
-1.2791939377
w3
-2.5377557587  -0.0712445038   2.1637568662  -3.1000413434   2.4469093971  -0.6367604752   1.2263705909  -4.1772785335  -0.0995868585  -0.5284522571  -2.5917225687   2.5096525011   1.0273991004  -0.7294764407  -1.5819382247   0.6514431407  -1.1788841561  -1.9141251826  -3.7635835202  -0.8042245037
-1.8286533600   0.7212133721  -0.8279222295  -0.8729314369  -1.8361508207  -0.0243347883   1.1524018974  -1.9839374729   0.1547553567   0.3621567065  -0.0819809082   0.0833405683  -0.0964443178  -3.2223490887   0.7354933777  -3.0324886071   1.4073398975   0.0936648153   0.5804166310  -1.0741232944
-4.0328250956  -3.4847134750   1.5028222026  -5.1866587450   2.6233504749  -0.8574045577   3.4002970708  -1.6522126657   1.2282410924  -0.6136562635   0.1117167003  -3.7832504741   0.2661182435  -1.2216616999  -4.4344386312   3.7164100563  -2.9751110795   2.2373575181  -4.0723097027  -4.1517999345
-0.4338592191  -1.3133477097  -4.0625079854   0.1485983842  -1.2303665535   1.4014057569  -2.9768059325  -1.2898598407  -1.1516435822  -0.6114080235  -3.5557151428   0.0752680632   0.6028761178   0.2369377945   1.2179557275  -2.0513479074  -2.0757250788  -2.4450168190   0.2661397370  -0.8042936933
-2.2243600683  -1.1866751259  -4.1545285781   0.4757109734  -2.5733789563  -2.2519984175  -2.2640358577  -0.7380239098  -0.1387814249  -0.7061267353   1.6565885154  -0.7373147475  -0.6795501473  -0.3371976765  -0.5017094165  -2.0496591703  -1.0960739777  -0.0140911522  -2.1126298294   2.4776076904
 1.5122393675   0.6005406222  -0.5142601633   0.2626368661  -0.1025636612  -1.5677912397  -3.2207301491   1.1493167987  -2.5480574237   0.3518372328  -0.6744659699  -0.2418510500  -0.9985286555   1.4945625783   2.8405083256  -1.2165739723  -0.0746985635  -0.0975695548  -0.2107096729  -0.2956560934
 0.1357340704  -1.3055892911   0.1113790568  -0.3512581167  -1.6409263048  -0.3542896716  -0.7363816226   0.1390244326   0.6649012694   0.8927088310  -2.0452163483  -1.2982292582   0.7258379599   0.6640155977   1.8182585647  -1.6668010294   0.2970538086   0.0838555097  -1.4778287367  -0.8045945064
 0.6789016434  -0.2594430624  -1.4218973942  -0.4000028551  -2.2209393749   0.4235134028  -0.6605715480  -1.2688196950  -1.5899208054  -0.7696058840  -1.2751083655   0.0084894587  -0.6967959289  -1.1920837781   0.1824471235  -1.7119667967  -1.4105421605   0.2536374601  -2.2081079321  -2.1075485649
 0.3953343552  -0.4900117577  -1.3923631641   0.7945637624   0.5729074803   0.6904557766  -2.7279567142   0.5954438624  -1.5373190001   1.6457296318  -1.0971567172  -0.8940783037   0.3034599715   2.3168660010  -0.7814814459   2.2845108472  -1.6008080465   4.4332417305  -3.5449407048  -1.0037218520
 0.2128276738   1.2169582396  -0.8198082892   1.3841227322  -1.5026053048  -1.4873967839  -2.7506502225   0.6781732047  -3.1063644872  -0.6659996485  -1.0702051584  -0.5394562321   0.0832647932   2.1466385848   0.8198341353  -2.0058471975  -0.3124840407  -0.6490280193  -0.0017844461  -1.3270141591
-0.4587213237   0.9403033505   0.4749086198  -1.4674605864  -1.0616825629  -1.3154895967  -0.5835066239   0.1264964329  -2.4273308664   0.1295692176  -0.2002393736   0.8749549873  -0.2966272414  -1.2120971326   1.1626109640  -0.9985329772  -1.5375551595   0.7932037271  -1.1900543600  -2.1439217252
-2.0775048466  -0.9928198854  -1.0468532909   2.0770258325  -1.6395921519  -2.6753995325   0.8689389679  -2.1709629537   1.4526848440   0.5685020902   0.3447153448   1.9055153200  -1.4386431960   0.4032346245   2.1648953780  -1.6559660937   0.3783110613  -0.4430105158  -3.6651707219   1.2169536865
 1.2081882060   3.0269426376   1.9401355025   0.9907753070   0.3966856789  -0.8873157590  -1.2007613802   1.3879881999  -4.0978769710  -0.1133995769  -1.7193179626  -4.0223159577  -0.7377682615  -0.1822626469   0.9382196345  -2.3411486864  -0.7078916275  -1.5129463620  -1.5476693304   2.1065844385
 1.8786374116  -3.6640770465   0.1571516454  -0.6914759696  -2.2678219606   1.5151193704   4.4851086977  -4.9935405288   3.7423711223  -0.8253624375  -2.7475101988  -1.2659307887  -0.6818598811  -3.5718221866  -0.7295932833  -3.6791020675  -1.3021949037  -1.3964063807  -0.4244504305  -0.7121851827
-1.3082673824  -0.3663007673  -4.4692050660  -0.2352368700  -2.2528687925  -1.1232777300   1.4196685144   1.4475257230   0.5681903592  -0.4331904587   0.1262905206  -0.5160542232  -0.4418958856   1.7226882416   0.9862324268  -4.9740544185  -2.1030535511  -0.3824330238  -1.4347130611   1.7780100536
 0.6576183222  -0.7848247538  -1.7936363240  -1.3435264155  -2.6410413700  -2.4410052990  -6.1827394425  -1.4776833875   0.1130577212  -0.2702134446   1.7362850516  -1.4366687316  -1.3437483010  -4.4279325571  -4.0271918548  -0.6132120606  -0.0547988829  -0.5412139630   0.1938686030   0.6346183931
-2.9831235174  -1.8149107503  -2.1529474755   5.9481282877  -0.7208805581  -3.4729668592   0.1055879130  -5.4785345237   1.1685767205   0.2033036977   0.5771024213  -2.1670289364   1.2968167186   0.4049092145   2.1787378047  -1.6571198093   0.1119227140   0.7229157743  -2.3910458181   0.4368808970
 1.6363851483   1.0441875937  -2.6880342561  -0.2588106941  -0.8007167284   1.1243404941  -1.6658099082   1.2447933719  -1.5151489299  -0.6247439118  -0.6434073640   1.6151179478  -1.4284560134  -0.3399855489  -0.4565797157   0.3884141586  -2.1183367686  -1.2231752713  -4.7956613449  -3.5001994851
 1.7253944458  -1.4665513664  -2.8401969368   3.1847362450  -1.7346444466  -3.0739263767  -4.8375103447   0.7379053245  -4.1978750042  -0.8339923882  -1.4534967875  -2.2885461856  -0.0986630141   2.5307318235   6.0563292735   0.1357253405  -0.4372692316  -1.3447068459   1.0222330516   0.0273043634
 0.8291665178  -1.5592125824   2.1660922398   1.3148784007  -1.8986730061  -1.5535676158   0.6987730475  -2.5014186107  -1.2997888127  -0.1518354569  -2.9035828755   0.7313771449  -0.5098223302   0.4619957134   0.2319756306   1.8822762161   4.0535401999   0.4605274780   0.5299202716  -2.3190795064
s3
-1.3246390833
-0.8745503387
-3.7806183507
-0.0240041352
 0.8311321957
-1.3174239860
-1.2876683309
 1.0714102189
-1.5185736507
-0.5295546845
-0.3694874723
-0.7157468014
-3.1781662174
-1.1812317340
-1.5407632434
 1.7477776269
-1.3921340033
-0.5479009253
-0.6951401178
-2.7452231946
w4
-1.8405368095  -1.7972311849  -4.1915523216  -1.9506354654  3.2986589637  -1.4453538403  -0.2629837271  -0.7103308058  -2.2849902217  -0.9972313791  -0.5150211288  1.1624496566  3.6352171678  -3.8878489632  4.6339504934  3.1369296255  3.4076294245  -2.8268990276  -1.8221942761  3.7017452415
s4
0.0396517379

