layers: 6
str: {2,20,20,20,20,1}
w1
 2.3728423395  -1.2305815212
 1.0143595868  -1.7913769552
-1.7320404408   1.3680111053
 2.7136597154  -1.1109395125
-1.3014405625   0.8206887917
-1.4065665348  -2.8971466653
-0.6011056739   0.2320852045
 0.7627467316  -1.3116397731
-1.4743191850   0.4039977174
-1.1881230328   0.4221381915
 1.3938164921  -1.0787572786
 1.6746812310   1.2151187325
-1.4702561553   0.9958508936
 4.1983358177   0.8881373993
-1.2545682770  -0.4085610127
 1.1201892038   1.2040411150
 3.7448929051  -2.3090095543
-1.2976613195  -0.9721801388
 1.2399709157  -0.6497298519
 1.6836134315  -0.3637209361
s1
 2.5761245207
 0.8707059554
-0.0976392038
-4.2177683094
 1.1540117773
 2.0066367905
-0.4260793124
-0.4040421909
-1.4966893673
-2.1674015866
-0.3711728744
-0.9212647311
 0.5209779655
-0.3529511200
-1.0976143552
-0.2217498378
 0.5314993080
 0.9848955080
-0.7070386906
 3.6858021719
w2
-0.2716985830  -1.4848127718   1.6740028741  -0.2290949292   0.6366203375   1.0577836479  -1.1020729674   0.5222558507  -2.2189289527  -0.3405201708  -1.5577415776   1.4279306716   0.2408114120  -0.7792847055  -0.0907245280   0.6203745324   1.4861087866  -0.1827697410   1.9494890963   0.4787372449
 4.1027708608   1.2949028928  -2.0933630042  -0.4446388628  -0.4845745824   2.3715179186   0.3171958004   0.4558596250  -1.7324361497  -1.8215112184   0.2988729909  -0.4176376583  -1.3346080785   2.3603650505  -1.8065114270   0.3166600528   0.9427927299  -0.6471039623   2.1984757844   2.8795498619
-1.2694067587   0.3101517846   1.2659576153   0.6757603749  -1.0213817257  -1.0111920482   0.1314001217  -0.0665603667  -0.1625130997   1.6636625382  -0.4545559817   1.1381704883  -1.7049631862   0.9961408143  -0.0183570691   0.6102146765  -0.8678314110   0.2723929155  -1.1432355985  -2.2343406509
-0.1369515693  -0.1419101345   1.1295171506  -4.2932009701   0.7132056694   0.5009553113   1.1514162267  -0.3566976651  -0.7088413685   0.7896113819  -1.5367130616   0.0653725432   2.4535988217   0.0830635870  -0.7511029050   0.6268179564   0.9136906594  -0.3711276827  -2.0574967774   2.0859479937
-0.8732918990  -0.2976999332   2.8314943845  -1.0413492991  -0.1161301454   2.6335263162   0.2667259248  -2.0233812143   2.4680047160   0.7778529872  -1.4114966123   0.1067905092   1.3770590313  -2.3858456798  -0.1425413614   1.4917978101  -1.5921310299   0.5236368612  -1.5211501577  -0.9183014784
 1.2784547756  -1.0585571419  -0.1075556167  -0.5169843735  -0.3579266919   2.4556159843  -0.6505593861   1.3349511860   0.0529730824  -0.8222198691  -1.3258287173  -2.5416003715   0.7596959770   0.0515169419  -1.8750258069  -1.4476920045  -1.0878225290   0.5321251020  -1.1445630647   0.6757715727
-0.4010555175   0.5088098421  -0.3408580121   0.1751335547   0.1154530470   1.1552153041   1.2586701466   0.6229025101   2.4057155664   0.8220493800  -0.1991934604  -1.7074711078   0.8895908494  -2.5140975422   2.0994253985   1.2703474218   1.0534367503   0.7816325181  -1.2264061346  -2.1769251027
 0.5293000032   0.2901978625  -0.5057202092  -0.6647658609   0.3692367798  -0.0253902485  -0.2933489538  -0.1210562137  -1.4268035543   1.4365412931  -0.1651422416   2.5702027720   1.5033584618   1.6656844145   0.5691654403  -0.2831993749   0.0471684054   0.2848531938  -0.7371428634  -0.5142347507
 0.0471588444   1.1953288159   1.4211240442  -1.8979225720   1.2774862762  -1.1539072997   0.3632453275   0.7807976602   1.3713502389   0.9334823932  -0.8554829495   0.8105583115  -0.4890668495   0.0760657446   0.0952614546   0.3077038823  -1.7483913802   0.0474493016  -0.7790031859  -0.1133195973
-0.8911286490  -0.7423092234  -1.0164113928   1.6456644223   0.7048384029   0.7277226962  -0.0603500119  -0.1485185179  -1.7389525063  -1.2562201543  -0.1601622761  -0.6168431961  -0.8501972853  -0.2480734416  -1.1616118389   0.8330007514   3.3597371309   1.0733338801   0.1850366328  -2.8013738674
-0.7635784196   1.1819021110  -0.8251777364  -0.5194155740  -0.1013534682  -0.5003319438  -0.0644856259   1.9799832582  -0.4504061994   1.5631412115  -1.8016074274   1.6528096815  -0.2932976617  -0.8339811924  -2.3870899633   0.8017815402  -0.4728199296  -1.1516198197  -0.1812472312   0.1420680483
-0.1446262733  -1.3456262760   0.0881931696  -0.4650282167   1.4125309091   1.3952875765   0.6292078290  -0.9089900808   0.9461593972   0.1853552954   2.0439195383  -0.2524067216   0.8646084867   1.2069055226  -0.1909538935  -0.9896625662   0.4720047990   0.0306803598   1.7537996589  -0.0504372460
-0.1999828881  -0.4229454532  -0.5779543122   0.2173825854   0.8234521816   1.2626784115  -1.4224375497  -2.8409329221   0.2536367077   1.0149950455   0.3658531207  -0.0163946406  -0.6297367324   1.1417305076  -0.5573465345   0.1637926678   0.7684075956   0.3490843298   0.0537115696   1.8629013551
 0.9346847549  -0.9281214697   1.4684427002   0.6562624288  -0.7305763968  -1.1995921885   3.0980635612  -1.1935410780   0.2336346874  -0.5095194109  -0.8658001127   0.5229792065   2.0690023060   2.1018333600  -0.2097930634  -0.9077851496   0.1889004303   0.0113405920   1.2525616370   0.5969175543
-0.1256475824   0.1822065048   0.0722644317  -1.0393131633  -0.0523409578  -0.0459054720   0.0540908803  -1.7014442298  -2.6460050310  -1.5054673429  -0.1730170269   0.2876432748   0.3306389034  -0.9607468188  -0.0547565908   0.3453951673   3.2707973053   0.1036909374   0.0669658491  -0.1051397535
 0.8596234412   2.2817475215   1.7954056128  -2.5059372827   1.1305217275   1.5044344792   0.1502294316   0.4794260666   1.1830652435   0.5666355481  -0.2703409711   0.2948714348   0.3372734661  -0.7577459029   0.5455665791   0.4030951627  -1.1601355358  -0.9558198656  -1.7923516877  -1.6351909406
-1.7059494747  -1.6901692025   1.2882164626  -0.7727545766   0.2229527420  -2.4125164836   0.1263346082  -0.1080317085   1.0150810233   2.4203090870   0.7476637868  -1.2720030122  -0.3260896861  -1.5492235485   0.9098803801  -0.9963524539   0.7887953978  -0.7873561468  -1.3979177154  -3.3736188077
-0.0905887783  -1.4098598965   0.9487469401  -1.7607507584  -0.2213483577   2.1600341340  -0.1152461677   0.8136302205  -1.1028490254  -0.8014526446  -1.4391992390  -0.0072947227   1.0222994871  -0.2422829473   1.2129358184   0.0279580602  -1.3708663222   0.0322317388  -0.3554442970  -1.2809366119
-0.4757384363  -0.2441495226  -2.5663590736   1.2032518478  -1.4423185713   0.3872804572  -0.0477052134   0.9932439636  -1.3750542154  -1.3771307890   1.2096887408   0.2041912093   0.8032084912   0.9305552574  -0.0053046536  -0.8778200100  -1.5981915478  -0.8033206549   0.6962266168  -0.9670809377
 0.2317148295   1.1788771262  -1.0727487564   1.2714802824  -0.5152344887  -1.4509652660  -0.2751958676  -0.7497042492   2.1093656745  -0.3915364753   0.0117520122   0.8671512726  -1.0531914678   0.3116065122  -0.9932186276   0.6325502156   2.8945578838  -0.6823237772  -0.2545507276  -0.2863060638
s2
-1.1959155006
 0.6014229514
 0.6664091741
 0.8053606894
 0.9961772060
-0.1648743750
-0.3116861931
 2.0699670514
-0.0233999941
 0.7209662986
 0.1947719437
 0.4082734818
-1.3250959410
-0.6954408131
-0.1398454666
 1.9387243884
-0.8602883178
-0.3838865907
 1.2367085784
-1.2792171236
w3
-0.0181329705   0.4533572319   0.4567245508  -2.6092680645  -0.9939226466   1.0203171647  -1.6933505091  -0.0663707721  -0.4409134994   1.7349805926   1.2497949978  -0.6238123848   0.8576753922   0.6617678166  -0.5336954036  -1.9824300593  -1.1498322940   2.0035396829   1.0220926064   0.9294094462
 0.3936069904   0.0742842798  -0.3938234441   1.9754345234  -1.4110023467   1.9143631368  -0.4473945205  -1.4104383089   0.2155327064   1.1861331501  -0.8912401501  -0.8516883470   0.3154169410  -0.7227458847   0.4165950562  -1.4683060021   1.1296714985  -0.5335769001  -2.2582205134   0.9769311925
-0.9527061387  -0.8484275381   0.3393438400   1.6701856493  -1.0806321250  -1.7664475342  -1.3788267651  -1.4227191319  -2.3241959443  -0.6810155566  -0.4339402474   1.6749886155  -0.6682383199   0.2967430961   0.4097708854   0.4025989678   0.1852454454  -1.5090857161  -0.8289089621   0.9499593566
 0.7418722890   0.2646189803  -2.0981919005  -1.2469705921  -0.7360385881   0.2081009545   0.4197971773   2.4807514870  -0.3072863029  -0.4073101564   0.4664807819  -1.0024669278   1.1961441452   0.3164499404  -0.6765773845   0.6772701246  -1.9297872774  -0.8028560133  -1.3161819797  -0.4622941289
-0.1416913360  -2.2995058129  -0.6111510651  -2.1449090931   0.3613705262  -1.9332473311   2.4433465534   0.2235886946  -0.4421812755  -0.0006134509  -0.6688804620   1.0403017114  -0.4925277783  -1.5856660444   0.9174176191   0.8341277920   1.8453604779  -0.3336783173  -0.3071271699  -0.9523232168
 0.8811505723  -2.3546149441  -0.4312331663  -0.1112858522  -0.5041901114  -0.3691899031   1.1685780706  -1.4068629923  -1.7441161698   1.5379344391   1.1603902861   1.2960708901   1.8089373298   0.8537995994   0.7460360757  -0.5238635376   0.3032083275   1.6573542107   0.7295379969   1.2424804766
 0.0592877550  -0.2025027001   0.8931019732   3.2943535933  -0.6641658530  -0.4638725412  -0.1115978529  -1.8372622431   1.1031372057  -0.6214009546  -1.2090297706  -0.3464373086  -0.7077661613   0.6814121332   2.1854286116   1.1063804405   1.8707242419   0.5014816265  -1.4903190098   0.9802990934
-0.9564177766  -1.3715415915  -1.4072570007  -0.3651234453   0.7082948123  -0.3603623126   0.3119544553   0.8276908658  -1.5958996039   1.6537327569  -1.2800845869   1.0859935546  -0.8247071368  -1.4040178781   0.6097735971   1.0821622632  -0.7836074346  -0.1811411227   0.6075312529  -0.6456895998
 1.9056560689  -0.4386383417   0.9482518331  -0.2832045048   1.0773806715   0.0000405190  -1.4455198417   0.1902627649  -1.2101456371   0.4494764680   0.7606263304   0.0023218909   0.7413826318   0.4355327057   0.6618841031  -0.2869839955  -1.3074824878  -0.4433537813  -0.7207602746   1.1973800115
 0.1865896774  -3.7581800361  -0.3060131731  -0.5764207968  -2.5794974624  -0.6174479893   1.9001236168   1.5899565130  -2.0441862133   1.0782927916   0.5626733362   1.5011583009  -0.7159406276   0.9835239777   1.4315188742   0.1763752291   2.2652743942  -1.6583193797   0.5068296871   1.7675091858
 1.2007510488  -1.0817809534  -0.0282257833  -0.9551276077   2.1953082397  -1.1023560862   0.0882174462   1.3219598056   0.0352976741  -0.3518031031  -0.6217040798   0.7010446654  -0.3976332288   0.5238494570  -1.8684644684  -0.1255563625   0.1302481172  -2.1245067311   1.9371946245   0.5087138085
-0.1721153848  -0.0789523760   1.2193990764   0.4850991897  -0.7865007711  -1.1327199338  -0.1778088883   0.0191504768   0.6373494381  -0.4289240694  -0.3944842379   0.1272525650  -1.7299020703  -0.6309718706  -1.2451095223  -0.7994697536  -0.4011876322  -0.4783825252  -0.2970651476  -0.5348195962
-1.2315044096  -0.4347201163   2.1070666833  -0.8920126275   1.0393052557   0.3901174068  -0.3747733326  -0.3379254437  -0.2451314217   0.1384745723  -1.1786547160  -0.1948504192   1.0768263015  -1.5402008798   0.7603437970  -0.1685037893  -0.3192118235   0.5260781254  -0.0586524136  -1.7753783589
 1.0982772598   0.7539042440  -0.2065360196  -0.0111229010  -1.7671549822   1.9633195550  -1.2653416999   1.3982780756  -1.0152726876   0.0598893155  -0.0773039391  -1.3781562120  -0.2950251791  -1.1309173118   0.6994021356  -1.2082465409  -0.2808444125  -0.4210496170   0.7726114386   1.5347014359
 0.1017839839   3.3122690733  -1.2490851171   1.2761299282   2.9393895584  -0.0064032321   0.5249095087  -0.4397417037  -0.5612247075  -1.5311218951   0.6033865919  -1.4843285886   0.2119478842  -0.7206804539  -0.3534201912  -0.0483033198  -2.7252103760  -0.4428653863  -0.5507125203   0.3666081747
-0.5139728017   0.8637513288  -0.2878915145  -0.0223637551   0.1170244599  -0.0777871674   0.0920219228  -0.2408965883   0.8479625581  -0.3430996402   0.1027986989  -0.4132889658  -1.0257928070   3.0695815820   0.5478177358   0.5135806395   0.2276804528  -1.3158852200   1.3047689396  -0.0774669089
-0.4887740902  -1.8831382535  -0.4958634502   0.7370244540   0.0141688838   0.8521075024  -1.2481598972  -0.2575413477  -0.5659923379  -0.1752797441  -0.6690440185  -0.7294334861   0.2524279536  -0.8850037762  -0.6061159617   0.7135648190  -0.8106444750  -0.3446052672  -0.1030411052  -0.2936144918
 0.7915644926  -1.8567752118   0.2177078761  -0.0213462968   0.4400226260   0.0624131834   0.3995050157  -1.4736393732   0.7072660955   0.2782977921   2.9017176441  -0.8264752141  -1.3785082640  -1.1722131079   0.9601240767  -0.8091298564   0.7909061009   0.8092878366  -0.2032350153  -0.0471060333
-1.7521298178   0.4078439277   0.2006857668  -3.1156207648  -1.8818676383   1.6849978849  -2.0995982786   0.9198867387  -0.3367109235  -0.8318333772  -1.0809137578  -0.8240853667  -0.4136778747   0.9972186095   0.3374030451  -1.9763746670   1.2082281363  -1.4790822614   0.0158397545   1.5646692653
-1.4339257974   2.0786569564   1.2528897034   0.4590580962   0.6687943198  -0.7935843694   0.8909700234   0.1774491061  -0.1831102052  -1.2455874409  -0.1805161528  -0.4935523936   0.6212321988  -1.3660439293  -0.2860449805  -0.7088990051   1.0897484604  -0.7888837272   0.9313354736   0.2507596372
s3
-1.0624939468
-0.0053546224
 0.5178153485
 0.7570541007
 1.1741092417
 0.1469876840
-0.5774386283
 2.1419470180
-0.4393813721
 1.1071931111
 0.6862730411
-0.2141649535
-1.4835797264
-0.8924128200
-0.4881783758
 1.6705086161
 0.0108514914
-0.6722716476
 1.6392419083
-1.1409588027
w4
 3.3421814903  -0.4067820322  -0.4457977791   0.0296832269  -2.0061848936   0.0490490311  -2.9112373957   0.3261705441   0.7287611510  -1.2997104857  -0.9483233880   0.8955068377  -0.4677724385   1.7654352730  -2.0574756569   0.0147804051  -1.1218112167   1.0553460328   3.0637588145  -0.5511610528
-0.2283178307  -0.6045700474   0.0098462007   1.1157236517   0.2128552009  -1.3818499156  -0.3018521540  -2.0351423763   0.8565641497  -1.0709290361  -0.5891112286   0.2759920215   0.3859208657   0.4575867877  -0.7246760994  -0.8972754184  -0.1716700336  -0.6914008220   0.6781997419   0.6069792165
 0.2271819799  -2.3354576303   0.9912421919  -1.4260739981  -0.5621735587   0.7879405226   0.0141833886  -0.5710070403  -0.3018984500  -1.3147466307  -1.6372244219  -1.3875472200  -3.2303992687   0.2165706889   1.7082369161  -1.5450750999   0.7978156472   1.2480233064  -0.1586690732  -0.1751737420
-0.2764704148   2.0866981448   0.7545630089  -0.2749756571  -0.2739327508   0.3203578910   0.9137440410  -2.5205338729  -0.2387609423  -0.0597795896  -1.9547539998   0.3335573784  -1.8115785272   1.0814496733   0.0212154428  -1.4472377346   1.7932169675  -0.4369580385  -0.9777547129   0.1725569369
 1.3136289887  -0.1513628441   0.5749771651  -3.0152712034  -1.2294144709  -2.2921935148   0.0337502513   0.4921816618   0.6616880077   0.2034370493  -1.5308367897   0.4861698916   1.4443597567  -0.2662319701  -1.4150100735  -0.2947248951  -1.0044895416   0.1608847297   0.1652031755  -1.3367097580
 0.2327039233  -0.2552647591   1.4860895321   0.1543754054   0.8502759799   0.6866153847  -1.2144819734  -0.9932574229  -0.4762725165  -1.7690925703  -1.2476868138  -0.8012674854   2.0985291494   0.5740727189   1.1448009541  -1.3534127939   0.6770558406  -0.6354334033   0.2522389979  -0.9213928477
 1.2109195459   0.1958711624  -1.4754771362  -0.4893815122   0.7880173960  -2.0744232388  -1.0353520220  -0.0388405312  -2.2266587665  -0.8652372327   0.5987315562   0.1612437912  -1.0461036565   1.3755866395   1.3543283889  -0.9750306702   0.1245680524   0.6192933493  -0.4003767600   1.2584092420
-0.9815395452   0.1804017112  -0.4498408501  -0.8598745319  -1.1245766770   0.3218112586   0.3579278627  -1.9306447103  -1.7161204671   0.2167830486  -1.6151280496   0.1149202884  -0.1994134395  -0.9887918638  -0.4383053211  -0.5357929396   0.4119145465   1.2797913183   0.0379196103  -0.2075805215
-0.7544370884  -0.5539042944  -1.7449953578   0.9481419674   0.3778734799  -0.5848422310  -1.3126438575   0.3583683940  -1.4844755914  -1.0278078848  -0.9952150995  -0.0432908335  -0.5354744019   1.1023000510   0.4620664198  -1.2409445556  -0.7826057317   0.3991915022  -0.1752127901  -1.3418390937
-0.2661074033  -0.4725060369   0.9390109909   0.8473656728  -0.2913391095  -0.1061223654   1.4775264450  -1.4770737549  -1.1978496133  -1.6375737832  -1.8173387279  -0.9550245882   2.1507496683   0.2948528604  -2.0763034896  -0.2527665594   0.4839444163   0.5732947527  -0.3252226670   0.1848454064
 1.7183195738  -0.9645014374  -1.4998123437  -0.6203653121  -0.0700948662  -1.8253430022  -0.4488288835  -1.1317809330  -0.8091698527  -1.2897622187  -0.2421398483   1.5666457742   0.3702821772  -0.1552652766   0.9451632198  -0.2237204571  -0.3503796947   0.5539286287  -1.4618954608   0.3971974453
 1.2857527880   1.0070582308   1.4660259633  -1.5891833353  -0.7732017347   0.2807224416  -2.4057203436  -0.1285193077  -0.9404808213  -0.9667024096  -1.1476478307   0.3861179171  -1.0209637726  -1.2266533503  -0.3883079497  -0.7710661763   1.1815296730  -0.3461881884   0.1359376103  -0.9288647080
-0.3356784364  -0.1186015239  -0.0181653240   1.1244706020  -2.7784822384  -1.4859719729   0.7345209768  -0.3876665374   1.0769202563  -3.7661162123  -0.0753319530   0.6901417798  -0.6260151458  -3.3332465571   2.9514464022  -0.4492356367  -0.1858523612  -0.4084671149  -2.1502546792   0.9884298599
-1.0191554322  -0.4236287470  -1.9614313495  -1.6609941183   0.9633730686  -0.4677738230  -0.9429100915  -0.3270976328  -0.8826350840  -0.3168019645  -0.5194969066   0.0643820344   1.1042732059  -0.6061564090   1.6985849663  -0.8000838040  -0.1383252179  -1.7866728079  -0.6147378016   0.2898875147
 1.6662289195   1.0647724258   1.5087804312  -1.0293501086  -0.8155618784  -0.8782019370  -0.4440929257  -1.4753491447  -0.0396629910   0.2736831572  -0.7378046831   0.1574595451   0.7778549159   0.5160690672  -0.1790953911  -0.1427215221   2.1128899127   1.0321004842  -1.7881441935  -1.0488250124
-0.8535021508  -1.5640544822   0.1815247273  -2.4628646168  -1.4186165503  -0.6069632767  -0.2014675720  -1.5212460410   0.4514012837   0.2231669170  -3.0027846557   0.5704956696   1.1803609045  -0.7489053567   0.6408583364   0.6207439695   0.1859731521   0.6096149849   1.7888185667   1.4450172429
 0.2648000253   0.3429257447  -0.0566471844  -1.0587201283   0.2758280730  -1.7028147068   2.2052897374  -0.9533431291  -1.6167047166  -2.1178138975   0.1858233402   0.0495655983  -0.4744995877  -1.0712503198  -0.8257666050  -1.1342244915  -0.2509210087  -0.3762732504  -0.3201772216   0.3939826154
 0.0082562803   1.1189863433  -1.4853164340  -2.8996409148   1.6614416621   0.3722081408  -0.1769180995  -1.0077127351   0.6802631806   0.7460690925  -0.8396201439  -0.0403127959   0.7418238986   1.2765928724  -0.6840391280  -0.4753225931  -2.0305097042  -0.6128069945  -0.9761351100   0.0387169970
-1.9421650441   0.1033541464   0.3842222174  -2.4287374799   2.4324168293  -0.1113800575  -0.6439915809  -0.6541118328  -2.4116574138   1.9067699547  -0.4582520005   1.1145106136   0.1085569495   0.1227359182  -2.8107165438  -1.0006272312  -0.6234789429  -0.0804920416  -1.2821453106   1.0746950362
 0.2758700145   0.8750890104   0.2278187339  -0.7258548262  -0.9226014941  -0.4963616598  -0.0807000769  -0.5808710519   0.4327006604  -1.8103858975   0.2694670761  -0.3500432958   1.0051418062  -1.6026895181   1.7928969403  -0.6264432591  -0.6301670860   1.4581410309  -1.3999913372  -0.1033242911
s4
-1.4233365670
-0.7252347252
-0.1055735169
-0.2181507341
 0.7789766911
-0.5566217031
-1.5278894252
 1.4437343352
-0.5421639464
 0.1465883408
-0.2492973110
 0.0407679383
-1.5893374832
-0.9805458101
-0.9180562275
 1.3030681862
-0.7510023937
-1.2674744346
 0.6645883826
-2.0175440795
w5
1.1939969473  0.1764698213  0.8009277735  -0.6884595736  0.1671017791  0.2117878232  0.6828381619  0.1124507648  0.5133335950  0.0115444399  0.7152904515  0.4608865259  1.6373346068  1.0437903583  -0.3624194508  -0.0115287552  -0.2890894704  0.2015559795  1.6981423994  0.8315857445
s5
-1.1885489324

