layers: 4
str: {2,20,20,1}
w1
 1.7718049788  -0.6190201694
 1.3400653589  -1.3817259955
 1.0128384748  -0.7673230923
 0.3095513138   0.4371435190
-0.6166581532   0.7328557562
 2.3134064978   0.3279484413
 0.5488542069  -2.3992845710
 0.6022384715   0.9991986316
 0.3337025699   1.2935164867
 0.0075825903  -0.1661562094
-1.4225259655  -0.1559501152
-1.2964611773   0.0720470761
 3.5811944871  -1.8193243534
-1.4359947362  -1.2838175354
 1.5530344815   0.9857751310
-1.2668661142   0.1514642763
-0.8892852350  -1.4213286566
-1.1548302701   0.0935512597
-0.4685873285   1.2312819013
-0.6487938152   0.1332811638
s1
 1.4976025961
-0.4726692283
-0.7208821594
-0.3711726903
 1.0849060632
 0.0416082045
-0.3884774328
 0.4440308266
-1.1063662144
-1.6245980494
 0.3096205162
-0.5120276644
 0.1576845360
-0.4913817572
-0.3732085635
-0.4398757483
-0.7947784573
 1.6118256797
-0.0461200716
 0.6014986718
w2
-0.4447456771  -0.3617006233   1.2985425151   0.6108756342  -1.2563153610  -1.5773849959  -0.4203582020   0.8841121152  -1.9111859918  -0.9373254908  -0.6539376322   0.3506391493   1.3153194288   0.0502558207  -0.0433747797   0.5166247794   0.2412257428  -1.2288323344  -0.5266405573   0.8962322341
-1.6318216803   0.3513819220  -0.0528197048  -0.4478778807  -0.5399909937  -0.2785353368   0.5212477442   1.1290543381   0.5844244791   1.5560315724   0.0378256974  -1.4042246849   0.0736934453   0.8424421653  -0.9041265476  -1.5701719127  -0.1983787858  -2.5361450341  -0.7465809611  -0.3867236315
-2.4745234683  -1.5727341367  -0.8437294280  -1.4525729380   1.3192153375  -0.2375403392  -0.8809183422  -1.6204391566   0.4069658823  -1.8827645839   0.8792804473   0.1918542507   0.9267216045  -0.2257821638   0.8565984831   0.6289152402  -0.3446784361  -0.9657973965   0.4015572302   0.3124978682
-1.4165570846  -0.2120473634   1.7896610247   0.9126663716  -0.5509127374   0.5100588630   0.0189345489  -1.8852791103   0.1761777137   1.3642445152   0.1201014783  -1.4051655591   0.3696747447  -0.1685567683  -0.5328877996   0.9637804866  -1.4830591014  -0.7905467000   0.8817413117  -1.3990437570
-0.1445860092   1.5043385498   1.0871183138  -0.3385880595   0.1408106708  -1.2036773322  -0.5610185366  -0.5823742123   1.4708860772  -0.4228144541  -0.0565067309  -1.7119795264  -0.1276398031  -1.7199155134  -2.3281108700  -1.8872869440  -0.5467024595  -0.7445353264  -0.0372203145  -0.2984448753
-1.8578558873  -0.0537198620  -0.3217651024  -0.4520097627   0.2577697504   0.0840634313   0.7040324159  -0.7360259577  -1.2942132435   1.1051719714   0.7563071520  -1.5622076959   0.3935189914  -1.0110384044  -0.6279041968  -1.0618794026  -1.2598684252  -1.0883702438   2.0349579141  -0.6517623658
 0.4318672746   1.0303025365  -0.1496836842  -1.0898575548   0.0133778836   0.8379403278  -0.4969970326   0.4353991602  -0.0322945379   0.3348649680  -1.0296380491  -1.0104918510  -2.9858088364   0.4376602444   0.0880620259  -1.1753101191  -1.1030183870  -0.0859923151   0.9373292648   1.3932313947
-1.8930469913  -0.8034523772  -0.3700231590   1.2204386728   0.0388308193  -1.7877345669  -1.2270852973  -0.2221437098   1.1590579928  -0.6805595816  -0.2395552119  -1.5567307872   1.7812130633  -0.7093732841  -0.5754950379   0.1686964902  -0.0447831124   0.2987839625   0.0315134800  -0.5418548136
 1.3547121570  -1.2274732308  -0.3816668102   0.9693128892   0.2907210588  -0.3839833219   0.4045198810  -0.7938884976  -1.6692777319  -0.3617626803   0.1704858098  -1.2217100296  -0.9253041687  -0.7572857815  -0.0725307531   1.7393808194  -0.5072246942  -0.9515893545  -0.2184850762  -0.1861075471
-0.1186813698  -0.7398817705  -1.0230270276  -0.6929022480   0.9719934651   0.2034372288  -0.5043849358  -1.2802284917   1.0530794813   0.8300502152  -1.5998921443  -1.9706597624  -1.0876192600   0.9199008674  -2.1740116492   1.9273222586  -1.0270895008  -0.8716832425  -0.4571445075   1.8105409786
-0.5837181943   0.4362277055  -1.4943074093  -1.1786555801   0.4138688644   0.7024419501  -1.7865724979  -1.8892891265  -0.0378603476   0.7197435257   0.5133711527   0.1074909235   0.7572189869   1.0490890026  -1.8422761199  -0.7788499386  -0.9409422247  -1.9655520955   0.3081384571  -0.3379117395
-2.4133620288   0.0364369567  -1.0973907766  -0.4304230476  -0.3955277932   0.5887443011  -1.0632298506   0.4856412205   1.2392720899   0.1678956958   0.8644625433  -1.8851358254  -0.9938148803   1.6217199399   0.0744201185   1.2283711250   2.6919464520  -0.5557117085   0.4204935321  -0.2943427583
-0.2061631866   1.3456853179  -0.4438091330   1.4884551526  -0.5423589114   0.9261874193  -0.0854314318  -0.1166013368   0.0940199735  -0.0188896429   0.3715184877  -1.0419465136  -1.9634808084   1.7939238658  -2.8334047568  -0.5704523255   2.1964013878  -1.9027970707  -0.5042319886  -0.0652210259
 1.5237314015  -0.6617040808  -1.7641377979  -0.3327227741  -0.5422489262  -0.2641741905  -0.0244345522  -1.7555394410  -0.4257735246   0.0634363133  -0.4254925552   0.7131244015   1.3767064207  -1.6012451848   0.7708315434  -0.1797067609  -1.1693835750   0.4286156577  -0.0211871069   0.9026467575
-1.0190436973  -0.4590526732  -0.3586316503   0.0687636646   0.6644551692   0.6300236903   2.4458156362  -0.0242552098   0.1221489028  -0.7028836233  -1.2379152841  -0.3912421496  -1.9725430315   0.6329153132  -0.4343752276  -0.3105015212  -0.8134739601   1.1343690298  -1.0009846696  -1.7469735406
-0.3332272875  -0.7692079670  -0.6268878469  -0.1158129186  -0.2774762758  -1.2755863871   0.7528168496   0.6181968751  -0.2332624813   0.2321334399   0.3942767410   0.3629187781   0.8620482043  -0.1185810171  -0.5776728180  -1.6037442218   0.0192895118  -1.8053721527  -0.2770642738  -1.4840396974
-0.5532667532  -0.4087555255   0.0727394867   0.0319867110  -1.5763292818  -1.8177254127  -1.0349688013  -0.0870912217   0.8181525423  -0.8283014112  -0.4887094772  -0.9723621547  -0.8778721382  -1.3553949493  -0.1218787417  -1.1310593479  -0.9417613380  -0.6818375246  -0.1971766383  -0.7146597149
-0.3066614044   0.4636415252  -0.4645714407  -0.7003560520  -1.1104415614  -1.3947113146  -0.1694809411  -1.4258711539   0.5629020621   1.3928316692  -0.0830482227   0.8746122105  -0.1280843851   0.7278075491   0.6333895542  -1.1699764328  -0.6094901625  -1.2680723313  -1.0486063719  -0.3864189480
-0.3901611350  -0.7162785518  -0.2634443023  -0.8269629910  -0.0582200571  -0.6914814839  -0.1422018486  -1.1162383435   0.4762333501  -0.0627492014  -0.0728689075   0.2637521942  -0.8424220682  -0.9113063622   1.6009038548  -0.4476410581  -1.0445023420  -1.4819567336  -0.0484868962   0.1757317636
 0.9318094710   1.0144745003   1.0457563149  -1.6052314403  -0.4808560119   0.5716286344  -0.0582487505  -0.0091588321  -0.4802128306  -0.7577701873  -1.0888436465   0.1522515457  -1.4405653434   0.6918320035  -1.4342683386  -0.4539906222  -0.5376081493   0.4477385725   0.2940914333  -0.0472491150
s2
-1.0845776933
 0.2615369152
-0.1856751090
 0.0310500733
 1.1621147202
-0.4790102531
-0.6930587815
 0.9505595436
-0.6936821703
 0.4279480507
-0.1075295370
-0.2235418877
-1.6088501302
-0.8594944986
-0.4829611153
 1.0538894046
-0.2595895911
-0.3681184603
 1.0792839842
-1.5541282368
w3
-0.3682099302  -0.0432869169  -0.9466090830  0.2444145845  1.1037090136  0.6115580213  1.3811239675  -0.3268192297  0.3431775463  0.5091635788  -1.5771424600  0.6072799495  1.1035887773  -0.7129256982  0.7046071792  -0.3038284211  -2.3535085961  -1.0403107930  0.4284632958  0.7260228113
s3
-0.6172201955

