layers: 5
str: {2,20,20,20,1}
w1
-4.5467972389  -2.4487664562
-0.6797037641   2.5220331891
-6.3917064973  -1.0314322271
-1.2045942703   2.6481131388
 4.0676988103  -0.1143376366
 4.6504452908   0.6321715318
 2.7399616501   1.4348037350
-1.5918137787   2.9963528207
 2.6298932449  -0.8346069179
 6.4462680599   3.0615170503
-2.7800837430  -2.0787509554
-5.0693789528   2.7388673395
 6.4246226921   0.8188966574
-2.7538169503  -2.3251262134
-3.2013334630   1.8605705978
 3.8040391132  -0.2710539208
 0.1481749938   1.6695850489
 1.7526772378  -1.1711490551
 0.3166775238   1.5060153402
-4.0451944712  -3.8367234497
s1
 7.5471873117
-2.0180414067
-0.4118441366
 2.2986479224
 9.9167240228
-4.9771482706
 7.2698204976
 1.1713985352
-5.7606956966
 1.8734195303
 2.8525736033
 0.7946743690
 2.9683305085
-3.3077204929
-4.1397977825
-8.9429206702
-3.3800463375
 4.7403494624
 1.3700531458
 0.5101303642
w2
-1.6580669965  -1.1562606609   0.1392396963  -1.8209493014  -0.3221775811  -0.5076508736   0.4918335481  -0.8832346834   0.1066947555  -0.4632615858  -0.4397712145  -0.1531179692  -2.3531938871  -0.3236629799   0.0538198869  -0.0727298839   0.6682916060  -0.4894190691   0.8990016859   0.4742134730
 0.0431315133   1.1590788413  -2.5244769110  -0.4667029424  -0.5071185757   1.1013188348  -0.8479077417  -0.0126817063   0.7747705953   1.8382355746  -0.7221664221  -0.6518029472   1.4617187564  -1.4670840242  -1.6634309397   1.1585836207   0.6060900978   0.8839477507  -0.6374966301   0.6888160218
-3.0639788339   0.7652545688   0.5826981055  -1.3708438925  -2.8240205706   0.7864726527  -2.5660111374   0.9611063958   2.8356276153  -1.2578119950  -0.7856712310   2.8748352108  -0.2098881991   1.7525400699   0.6458136162   4.5599186020   1.9171579664   0.1775281803  -0.3781118127  -0.8366917016
 0.0156694964   0.9034386104  -4.6285791618  -0.8890445959  -1.7126751596  -0.2551815270  -3.7839352961   0.9431968116   0.9193126283   1.3119187430  -0.4592822150   2.3416475042   1.2875403979   3.9405734510   3.1027450891   2.8794849427   1.0663701685   0.6882528281  -0.7403304736   0.5395126361
-6.0000332466  -2.1928084770   2.1107288192   0.7651495807  -0.1882907390   2.0874783345   0.8328611049  -2.2483148400   2.9431402534   1.9177771135  -2.9485514988   5.4747834754  -1.6822879500  -2.5808556306   3.2526021143   2.5532445101  -2.5262191586   0.6892169816   0.3002184026  -1.7495847929
-0.9785972114   0.8906478916  -1.0621736254  -0.9600041420   1.3556592834  -0.4772640671  -2.3696594964   0.1426585305  -0.7383351162  -0.1378226905   1.2754868584   3.7764438409  -0.4907561675   2.1141806821   0.8190015474   0.2325221070   1.4281586167   0.4243956196  -0.9623285721  -3.0776108528
-0.0809406576  -3.5101334369   1.8716093578  -2.8795541826   4.8650112480   0.0404053116   1.0329907368  -2.8205563750   0.8535111070  -3.3766240551   0.4406412975   1.5117723900  -0.7168053710  -2.8459448818  -2.4203855930   0.1188426005  -1.8276193812   2.6889849502  -2.3208214099   2.4355548960
-0.0728346637  -0.6126482046   1.0612532830   1.4142518072  -5.0906801066  -2.9432444260   3.2885492982   0.9437190847  -0.7242054846   0.9434033664  -1.3436804992   1.1871540991  -4.8800313738   5.1420103581  -0.2071165882  -1.0196452776   0.8227681919  -2.8967705648   0.4009677903  -1.9155139617
-5.2313340549  -0.8039703567  -1.6110798472  -1.8090493486  -1.0903552091  -1.4081279834   0.5500928103  -2.0223878525   1.0681991346   0.3101066938  -1.3859453348   0.5347858093  -0.8627824599  -0.7715467386   1.4630025392   2.0777656406   0.2550357722   0.8698201268   0.1737507212   0.7132674205
 0.6456415821   3.0872686967  -0.0932398372  -0.3203381720  -4.2875148849  -0.7880854032  -1.8476931310   0.5584349044   0.5555112836  -3.1716003939   1.2555727670  -0.0794150229  -0.0192832497   1.4909212137  -1.0776211522  -0.5825056532   1.5525018710  -3.0333473980   1.5960880083  -5.0500043244
 1.2867793456   1.1243483391   0.3037336800   0.8640489050   0.0254003216  -0.5380398466   0.4792151937   0.0336037106  -1.5418484566   0.0105553245   0.3113976138  -1.4582726737   0.6984207753  -1.1905283605   0.6563053597  -2.7083495290   1.1965364012  -2.7826222880   1.0058382235  -1.6397653875
-1.5692831991  -1.1402132646  -2.4661621900  -3.4572047849  -2.6216327700   2.2517920011  -1.9308285366  -1.9669073840   1.5956216465   1.2729309428  -1.1545919174   3.5192561199   2.9434168336   2.4008155175   3.2025697121   1.6148873383   0.9112526111   0.6273146718  -1.7379759587   0.9110438639
-1.1542386976  -0.4822566525   3.8152372048  -1.0126270925   0.2513013305  -0.7338604910   0.3397487775   0.3518922091   0.9353512078  -0.3509730570   0.2046821412  -3.5851797616  -1.0045351081  -2.3294728888  -0.2549829376   1.6666683279  -0.8299996504  -0.4282758119  -0.9845881126   0.9093178423
 0.6110316411   0.3484726364   0.5412014286  -0.2230342302  -0.1018317965  -0.0604249323  -0.4851412642  -1.8870356030  -0.2941850742  -2.4511816603   0.5798480939   1.0790997116  -0.6209153564   0.4068362025  -0.8672284465  -1.1703949720   1.3596969281  -1.4693626914   0.9873392325  -3.6369411087
 0.7864938601   0.4198649244   0.0581319689  -0.3467279772   1.2576308822   2.4020430529   0.7139942452   0.1152969350  -0.4602967448  -0.2457574797   0.1188673144  -1.7532861657   0.1069975299   0.1675354007   0.9045477459   0.6470885817  -1.0936878855   1.4504976654   0.0879197225  -2.0851164005
 0.2816863568  -1.4004962449   0.4143607452   0.9640073995  -1.4345485471   2.2088487610   3.8974926264  -2.0933221978  -3.0438849414  -4.6825407979  -0.9388576234  -3.1343459924   2.8253572298  -2.0796881917  -0.7943879715  -1.0201359397   2.0107513504  -3.0469368901   3.6201221364  -1.8655988922
-0.0084139533   0.0474870413  -1.4371529831  -0.2171361227  -0.7352372711  -0.8299494419   0.7728799136  -2.1888551705   0.2980198638  -1.9322860968  -0.8137759548  -0.8167209431  -0.6130896779  -0.0598789209  -1.1185707771   1.0376251216  -1.6204170342  -1.6839046948   0.1142718374  -1.5745956326
-1.1256205586  -0.2290111709   1.0780835885   0.0437216897   1.3769780593   0.8577325887  -0.8165596027  -0.9149838403  -1.9988273114  -1.7780949261   0.2907634622   0.1220532525   0.8342153748  -0.1493969055  -2.3151282391  -3.6079785728  -1.8419992238   1.9724936398  -0.1139391637  -1.4906950780
 1.1378235171  -0.1505125316   2.2403193231  -0.7649840149  -4.2856296167  -0.1722342649  -6.1799233288  -0.1849177928   0.2797337421  -1.4663053569   1.0754170383   1.1331489937   0.0453664845   2.1431945867  -0.7798056513  -1.4667744354   0.7037808050  -1.2761261398  -0.8246184552  -0.1806928091
-3.4976192528  -1.3500797847  -0.5828755717  -1.2867345050   0.7865309038   5.5769793342   1.6264001076  -0.5237079592   1.1612319467   2.6709976090  -3.5338462415  -1.8622836302   1.2252703652  -1.2452689040  -3.5671976705   2.2511253935   1.1522920325   0.3589838821   0.9505688757  -1.7255876794
s2
-1.2837054552
 0.1902501073
 0.9025913843
 1.0136431162
 0.9246655164
-1.1762915931
-0.8250759644
 1.0144475048
-0.5965632306
 0.2820353486
-0.1598389771
 0.5205138559
-1.3275734618
-0.8313936300
-0.1278160785
 1.7997716301
-0.2722676787
-0.5506920438
 2.1470095500
-0.9277876985
w3
-0.5018965603   1.9898318458  -0.8514775549  -0.1161425428  -1.0695337494  -0.2393496945  -0.9081333390   0.3037830388  -0.3495352579   0.0765335183  -1.0991184262   0.3447741934   0.9411895721   1.7972131836  -1.8961448152  -0.7654567126   0.9591490954  -0.0368433647   1.5516318248  -1.6443552917
-1.6500607751  -0.8449266840  -0.3830108133  -3.9160359371  -1.6314810215  -1.0133568382   1.3615523958  -4.3579354318  -0.4721767840   0.0403710768  -0.9776181648  -4.1442826071   2.8491686462   1.3533376446  -0.7723216384   1.2703145799  -0.0281042634   2.2852988296   2.3044008127  -1.8709120223
-1.6035654697  -1.6642066680  -0.3515655086  -2.2969764866   0.5720255387  -1.5445823761  -0.3566937423  -0.9797006441   0.1119256572   1.8435165065  -0.8989163945  -0.1601866927  -1.8631685784   0.3608584964  -2.1711526527   1.2460793675  -0.5639099344   0.5980278957   0.4287597609  -2.1635260099
-2.4004936409  -1.5689069380   3.0874924709   0.3561627195  -1.8788201226  -0.4531337054  -1.1494971867   0.2772240680   3.4572505471  -0.8603088590  -3.3433691654   5.7589853220   1.0607704682  -0.5927327183  -2.4833772876  -3.3812166976  -0.8638117926  -1.7937042989  -1.7874180961   1.4810357235
 0.2341816431   1.3598988503  -2.0272007368   1.9019074784  -2.4564530699   2.1396853954  -1.0266618605  -5.0991014388   0.7543010881  -0.4540219309  -1.6638697632   1.1048579237   0.7392101320  -0.6832157129  -1.6313218793  -3.7848694597  -0.0285489473  -0.5731837399  -1.3240176779  -4.6339006031
-0.3688773266   1.1471588169   0.1147789811   0.4254286075  -1.4974145943  -1.4488692659   0.7603199059  -1.7103346608  -1.4591441773   0.3106168290  -2.1241450858   0.5892351897   0.8003106195   1.4367434226  -0.7636546264  -1.6782847399  -0.9962956505  -0.5440243949  -1.0043899898  -1.4019586224
-0.3204475532  -1.1078056849  -0.5856174054  -3.8304290626  -0.0872107661  -0.3784508849   0.1566257414   0.5561563151   1.4357953083   1.8607962168  -0.1092357598  -0.4812105481   0.8077000831  -0.6688838970  -0.0143886738  -1.3935117978  -0.1471142897  -0.4606204911   0.1442095462  -0.5006097787
 0.6769312484  -2.7208156887  -2.1306989269  -6.5449238988   0.9485402872  -3.8768184669   1.0369636130   2.0593588413  -1.1621970230  -3.1817475809  -2.7896611960   1.5950175750   0.2735169161   0.1807445993  -1.9240183556  -3.8382819837   0.5681161279  -0.0644893778  -3.3842190919  -0.4216757765
 0.1455615603   0.4804529411   0.1705874476  -1.3365050111  -0.9200151615  -0.0523428638  -1.6244234343  -1.0543415812  -0.1439179523   1.0680898720  -1.7824800549   1.0772699266  -0.6087282012   0.8169108520  -0.9121884869   0.1262621271   2.2679745213  -0.9148388089  -0.7927710439   0.3988095719
-0.5979227527   0.5289755962  -3.5362310192   0.3921544889  -4.8669112906  -1.9869559655  -3.1805630394  -1.5533742212  -3.0493815411  -1.3764393020   0.2857712378  -1.9908513662  -1.3148880198   1.0560664858  -1.9213673149  -0.0141999294   2.2669034185  -1.9488148854  -1.5247657651   7.2751505466
 0.4174438794  -0.0917042854  -2.1057532704  -3.6235771854   2.0254387240   0.7655653865   1.6382016570   0.8300057335  -1.2620971760   1.4547801056  -0.9721914339   1.3830814779  -0.0521950426   0.9029208796  -2.3154803010   1.3781384897   0.1121453998  -1.1618575079  -2.2095157760   0.4278116474
-0.2596767235  -1.0954792620   1.1878185576   2.5017532400   0.1207626546  -0.7688946762  -1.6123463244  -0.2685866462   0.3473159173   1.1790210704  -1.9312048262  -0.8492821022   0.3294609119  -1.3564867540  -2.3400043745  -0.3444187308   1.6429156441   0.9280717390   1.8515780577   0.1572821125
-1.7559103724   0.4088303282   0.3828501703  -1.3070029762  -0.2236110701   1.3256508881   1.6557296379  -1.0534992635  -2.7903604131   0.3025399865  -1.4436628604  -2.9907409135   0.0162224912  -0.3414408157  -1.1613824018  -1.1871082423   0.1389311950  -0.7093480691   0.4490296593  -0.0266231660
 0.0588518973  -1.8931219199   1.0777619376  -1.1076768692  -0.5812874107   1.5522233670  -0.5494969439  -0.4591953830  -0.6047875815   0.9556095700  -1.9955260109  -1.2688345072   0.9679038729  -0.7337698252  -0.3021292182  -0.0265241928  -0.3545741783  -0.4204269601  -0.8956894138   0.4560309468
-1.7476942523  -0.1533172370  -0.6436724126   1.0059717929   1.1234784059   0.1018411982  -1.8873842150   5.4079155740  -0.6951788085  -4.4315296337  -3.1261109736  -0.4058295738  -1.7498020096  -1.7040807101  -1.2787295642  -3.6580835282  -1.1601902711  -0.9224098646  -2.6256864250  -2.7117881306
 1.0848393680  -1.6393357970  -1.6052822319  -0.1016774445  -1.6488922346  -1.0293801039   1.0646949462  -0.3455569669  -1.1571846289   0.4815650539  -2.7890285699  -1.1094539577  -0.1410254736  -1.6165896172  -2.0717633720  -1.0425186329   0.9730542211  -0.1920481671  -0.0159156319  -1.2276186785
 2.0256148072  -2.1443732299  -1.8680928905   1.4830958844   3.1150279020   0.9650853913  -1.4978923404   0.0903183028   0.6870654989  -1.0214815439  -0.3759073942  -2.0663004442  -0.8339926142  -0.7757229418  -1.3956929736  -2.5661394874  -1.0094789206  -1.0921242894  -2.8376460798   0.0111876554
 1.4128801487  -1.4255961493  -1.1074524975  -1.0867760092  -1.2758066441  -2.2336221699  -1.2430164072  -1.0579057104   2.1567824045   1.9563695457   0.0343915625  -1.4772363014  -0.1597260712  -2.4438060885  -1.0622170581   2.0779267060  -0.5136051315  -2.5935656868  -1.0570051702   1.9378547094
 1.2489240816  -0.4004904791  -0.4719479632  -2.7954205654  -0.6783677094  -1.0747292811   0.2990634678  -0.4344620428   0.4999205704  -1.3130618059  -1.1629967228  -0.6088852005  -0.4383783511  -0.1935219352  -1.7147626537  -1.2753976589   0.7859004441  -1.0351336590   0.6836644089  -2.5369226532
-0.5641147648  -1.0507721393  -0.9362610558  -1.2174658679   1.9938499476  -0.1000249823  -3.1961361346   2.5949865883  -0.6734042219  -2.9488794289   0.1933049973  -2.2582749046   2.1107568161  -1.3948463176   0.5851939783  -2.2687144043  -0.0286162703  -2.0956628163  -2.0248052779  -0.2664541764
s3
-2.0530765297
-0.3258823692
-0.2416907924
-1.5063971180
-0.2379046291
-2.2075908136
-2.4309549897
 0.8672964645
-0.8735306353
-1.2818121018
-1.9689999260
-0.6828185466
-2.0927498407
-1.6573365867
-0.9141693974
-0.4170887161
-0.6871527554
-0.6115738844
-0.2356175847
-1.6968135182
w4
0.5658248723  -2.8714668036  -1.8544525340  -2.6586836548  3.9067599623  0.8163424664  0.3503700697  3.6726732692  -0.6253094493  -2.1411842690  2.1458613221  1.2845934777  -0.6358778655  -0.4911467967  -2.0906727467  -0.5599982798  -2.0119625880  -1.9903599529  0.4373117379  -1.4649015520
s4
0.7853521222

