layers: 6
str: {2,20,20,20,20,1}
w1
 2.1212706150   2.4117497204
-4.5821606932  -0.4061849877
-3.3547056603   1.7546246182
-4.1400625992   1.5549144736
-2.3283679084  -1.2119204881
-4.0708456481  -0.5012416866
-2.9741788607   1.2045047785
-0.4501999697   3.8839914763
-5.6732859213  -1.8668542737
 2.3453537345  -1.7905837578
 3.9160709707   0.7126475488
 2.7678616697   2.7594736313
-2.7542519381   0.3603610360
 4.4981066863   1.7779080792
-5.4149346756  -1.9841805087
 0.0269052293   2.3321830685
-6.7589724949  -1.6521499757
-4.1452696166  -0.5686250490
 1.5785197111  -2.1654623401
 3.5008594252   1.6940246056
s1
 3.7398587782
-4.9952682524
-4.9623939362
-0.6833010464
 6.0822294085
-8.2889634030
 2.6112028987
-0.4032591609
 2.5965301640
-7.1810689233
10.5907772050
-0.3364339612
 1.8312854697
-6.2300758146
 3.8583084314
-3.9681716692
-1.2688100121
11.3257729587
 0.5876684326
 5.5626378477
w2
-0.4726126099   1.2997008976   2.3747564704   0.4368249489  -3.4780865840   4.6376541930  -0.6006009688   2.0707602638  -0.2997931787  -2.9670049434  -7.8830437121  -2.2801080167  -0.1027869128   0.0667676736   1.2852945355   2.8536913860  -0.6106715152  -1.2474227328   1.5702988889  -1.7999073746
-2.1183191589   0.9542848552   2.0217850067   0.2246126015  -0.4297463264   0.3270015233   0.2469097948  -1.1919203624   2.6990553331   0.1097749693  -1.0531103415  -2.4595065312   1.5267469022  -1.8416390827   2.1064303193   0.3763008226   3.8437367367   0.1951819761  -1.5075831378  -0.8054791472
-0.2266350740   0.8607752655  -1.5949810251   2.1508224812   3.1913020025  -4.4681816265  -1.8314187778   0.2678622388  -0.8705890286   1.1847020060   5.0891217840  -2.8125387007   0.2735169546  -5.5280407530   2.3474394985  -2.5303857588  -5.7456953229   0.9826452472  -4.0659365158  -2.9947048851
-1.4268366611  -0.5548151321  -2.5933955009   0.0103051152   2.5932331266  -3.1877999179   0.5195345722  -1.5931743779  -0.0732635032   0.5989028819   1.8102345867  -1.6503428467   2.1649669826  -0.3782631312  -1.2102713670  -1.5565610905  -0.1165960065   1.3524618485   0.3767214236   1.9624390763
-0.1548936552   3.0127516693  -1.7919075633  -0.5876859862   0.4013026473   0.1234860050   0.1957455047  -1.9887809882   1.9896873999   0.8448416385  -0.9485658195  -1.2904270016   0.0474069673  -2.9268017483   1.6281504950  -1.0735353651  -1.6268501205   0.9245209121   0.5131096970   0.1190320819
-0.6435552404   0.8932742389   4.6614830303  -0.3950004938  -2.4355609544   1.4646328434  -1.9603266495   4.5981480246  -0.8008359076   1.1655490013  -0.3950243238   0.2384201410  -1.6454305757  -1.7630847813   1.0939882709   3.9509890466   0.2712242937  -3.7224447444   0.9843795491  -0.2157390168
 1.8443532525   2.0924713621   2.6732726946  -1.3356931324   0.0145071011  -2.7028947413   0.5543658639  -4.2900318383   0.7638513100  -0.3649204957   0.6424527202   1.4667199087  -0.5011218275   1.8705539156  -2.8271165611  -1.5261842686   2.2132796180  -0.2440962686   2.8483072447   2.6845637721
 2.0503863091  -0.6003108575  -3.3311646615  -2.0372349097  -1.5872798778  -1.9845583204  -0.5692360365   1.5265308984   1.2413881839   1.7121029171   1.2535696474   2.5488539753  -0.6313284991   0.4418852056   1.6284983806  -0.2613003000   0.4464555813  -0.7319659174   1.2359559324   2.4363939074
 4.2400266148  -3.3411798611   0.5636950097   2.1932798499  -0.2448927106  -2.6613158609   1.8619200096   1.1915650981  -1.8841944616  -0.4866371436   0.7613802582   3.4302185645   1.7767962037  -1.2072233144  -1.0570094043   2.5564110925  -1.0687138364   2.4928986994  -0.6915039095   1.1960577409
 0.4874831210  -1.6654361868   0.3474900920   2.9324963499  -1.4977351274   2.3925634136   1.3257043070  -0.3668166259   1.4268397584  -2.1423939940  -2.7794464657   0.0951785477   1.4540556545  -2.0125712965   1.4828185636   1.9123680257  -0.6124312269   0.4718121257  -3.0162093969   0.6455534652
 0.3551156031   0.3678224627  -2.9018986837  -3.1223787660  -1.3716215761  -3.0551123893  -4.0122972592  -1.3474250362   4.0307974297  -1.1057448648   0.6175004670  -0.2813768189  -1.7476990655  -3.9454711965   3.5054088507  -0.7061362888  -1.1755708225   1.1824106425   0.4726476628  -2.4655094491
-1.6854695571   0.9312028661   0.6578173047  -0.7061361521   0.1347703087   1.4166850374  -0.9547659488   3.3668017681   0.4860107799   0.7507441239   3.1392332130  -2.1004834004  -0.5250921950   0.8227138846  -0.0522402166   0.4378316189  -1.4338141883  -0.5516539431  -2.4107592281  -1.4759638999
 0.1663523373  -1.2644598096   0.8216101399   2.1523780718   2.3234780708  -0.7010083151   3.5427653483   4.7118793514  -1.7146054928  -4.8419780856  -2.1946197313   1.0132394282   2.7871906932  -2.8302813862   1.3097436643   0.2248799743   2.8029194503   5.9352936356  -1.1919743689  -1.3783655423
-1.9719527503   4.0399313196   2.9796445651  -0.7174276796   1.1045406975   3.3212755370  -0.9099314895  -0.4197695180   0.3408092319   1.1659533907  -0.5204807982   0.2607322343   1.7177228875  -1.1898597921  -0.7326300178   1.6764411313  -1.0737696682  -0.2391135257  -0.9391812669  -3.1992356909
-2.0882655453   1.5390416925   2.0583386610  -0.5430293583  -1.0230284714  -1.4029162227   1.1336113097  -2.1523931311  -1.7054440560   6.6682407947  -1.0647049229  -1.8408687087  -0.0834809148   0.8013263458  -1.1318972857   0.6814290670  -1.0315907626  -2.7785596640  -1.1693564320   2.1314288736
-1.3999157080   0.4973182943  -0.2098387316  -0.5337619277  -0.6900528440  -0.0360305493  -3.3182066155  -0.0368137185  -2.0655200449   0.3572868184   1.5893742661  -0.9663773839  -3.4887245908   1.0637943884   0.0379143434  -1.0376677030   0.3711960782  -2.2094485316   0.8385774699   2.6863578428
 2.3724889492  -1.9335269376  -0.3655694372  -0.8074352468  -7.3288259945  -2.1188473471   0.8083045234   1.1765580469   0.6590952742   2.7494334687   1.1141553686   2.3626429462  -1.5898935533   2.2246706705   0.0053920681  -0.3303843051  -2.0755272045  -3.1856559634  -0.3548251496  -0.5352539031
-0.0030027875   4.3045128715   0.0843849994   1.2010859881   0.3806458221   0.1072149181   1.2032795430  -0.1290114966   0.6149892913   3.4236772501  -0.6789839134  -2.7550040855   0.1292356778  -0.4811774829   0.1771529049  -1.5027516794   1.1837056826  -0.4336169286  -1.1934125094  -3.4304762351
 0.4194325091  -0.4340988380   1.6194154532   0.3476293163  -0.4044744068  -0.1662666301  -0.8492133628  -1.4197264592  -0.7497173832   0.0121233572  -0.3879844365   1.9118152262  -0.0299012799  -0.2149322141  -2.4991790376  -2.0792166839   1.1500608032   0.0511732093   0.7408098468   0.0146967303
-1.2922886910   3.4481762454  -1.5861738793   0.8734316353   3.2659915429  -0.6728141870   0.0239650049  -0.9450083705  -2.6164258872   0.6157872010   0.8710714725  -0.7847153701   0.2612934586  -2.1036005717  -2.1180361282  -2.0397995323   2.4423599318  -0.1365134318   1.5197935489  -1.7435774548
s2
-1.3976692140
 0.2607937424
-0.1647174428
 0.4769015740
 1.5834775883
 0.8843949540
-0.5776074490
 1.8616400230
-0.9641515036
-0.2003518492
-0.4512095902
 0.4265457345
-1.8920506069
-0.6371077472
-0.0710970449
 1.5497078913
 0.1220444464
 0.1462241631
 0.6295257931
-0.8601284284
w3
 1.5056845111   2.7555534725  -2.3341787205  -0.6483015716   1.1361408246  -0.2155727794   0.3113433075   0.1859058309  -1.8378783582  -0.8346416323  -0.5593380973  -0.9937185859   1.9616645967  -2.5298273705   0.9801315300   2.0083569528   1.1351460890   0.6615131372  -0.4150708383   1.0428677770
 2.4986389821   0.8198172511   0.2089111910   0.6007771403  -2.1662867508  -0.4949861576   0.4795798483  -0.2618611521  -1.7812691021   0.0932560624   1.0159973736   1.2319799106  -1.0424230766   1.8588396774  -1.3146809101  -0.2217406293  -0.7266570895  -0.4305123978   1.7279140107   0.6943164893
 2.9775307934  -0.3123525475   0.1220412691  -1.8573373039   0.2605131457   2.7248195058   0.3355048802   2.2836631619  -0.6814309522  -2.0661002843   1.9735954632  -1.0009738175  -4.7458680817   3.3572566143  -0.0228986274  -2.1548280381  -0.8045153425   2.5566981455   0.4839656283  -0.1322848245
-0.4620039659  -1.2790044451   2.0693250709   2.2044783329   0.1272088484  -1.6867650408  -1.2438276374  -0.3994267544  -3.0521302805   1.6182935992  -0.1589980874  -1.4305744694  -0.2623356336  -0.3684594390   2.3268149325  -1.9274355030  -1.9491802198   0.8487923279  -0.6369469513   1.6118685388
-2.0565084895   1.9906889184  -3.9739703222   3.3388879453  -2.8442252150  -2.4156939176  -0.3396433956   0.8619112765   1.9934737630  -0.4275431702  -2.2283318756  -2.8984876616   2.2339323986  -2.2652152731   0.8879685278  -1.3517318256  -0.0228297103  -1.6844393374   0.7868588148  -0.0580755568
-1.5904406892   1.3835407507  -0.0124914296  -0.5790496864   0.3367055673   0.2326536190  -0.9211097179  -0.7772013978  -1.0784031824   0.7130739926   1.3920003725   0.3764726091  -1.9998988989  -0.8696408941   2.2137317973  -0.8990331346   0.7254171462  -0.7856015618  -0.0333450693  -1.6306110192
-0.1084972644  -1.4497956592  -1.0904959460  -1.1463742800  -0.2983544064   0.6895256316  -0.4060045792  -0.5936366657   0.1350693786   0.4371934890  -0.0787625811  -0.0804375254  -1.8194775325   0.1656011382  -0.9941030782   0.0360884175  -2.1033201326  -0.8092561096   0.1872101832  -1.1870193882
 4.3754887998  -2.4740497769   0.8713311749  -1.2312281095  -1.3619183590   1.2604503216  -1.8554952850  -3.0045537108   1.0533700681   0.4128264544  -1.4785081838   2.1018772065   0.5644381246   2.8735750472   2.0060972205  -0.6930181727   5.1780507089  -0.0486347638  -1.3410819511   0.1845802253
-0.6432511590   0.1184338179   2.6369215079  -0.0651028359   0.0353922493   1.5189390357  -0.0965295750   1.8799080479   1.9181518321   0.4631640525   0.7767511335   0.0742025074  -0.2671702387  -2.7391083595  -0.8693915651  -0.5940338631   2.5654673852   1.9132344988   0.2603739610  -0.3990586761
-2.3757980872   0.1128325391   3.1804168905   1.6396175842  -0.3544309585  -0.1374010948  -0.6091235897   0.1029645760  -1.8146240041   0.8635112404   1.4040965927   1.7297510611  -1.1240665934  -0.9270737556   1.4535658215  -1.2893635603   2.1545754679   2.5704420664  -2.2901879677   0.7957377778
 0.8424767507  -0.7582547579  -0.1225171830  -2.8214868027   0.1529094204   0.1970583662  -2.1173596002  -1.2954706543   0.0103442431   0.8014392775   0.4700365142   1.0050321066   0.4372747236   1.5933906027   0.4963905104  -0.1629799209  -0.5969275082  -2.3916384038  -1.1318103901  -0.4911198978
-1.2235095659   1.6464326490  -2.2212341805  -1.6842833049  -2.3051546102   1.3186995337   0.7725667176  -0.1295371453   0.7150126023  -3.7914182643   2.7089651178  -1.5327733873   2.9268913820  -1.8819438096  -1.9146696990   3.4417399093  -3.7898407760  -3.0964089740   0.9496603168  -0.4544412083
 0.4868604332  -1.3387514531   1.2209737813  -0.8797961328   1.8120349958  -1.4544681491  -2.6669147832  -1.0039136836   0.9081702332   3.5142716645  -3.8155657844  -0.8161379784  -1.7003446053   0.9177975875   1.8090296650   0.7311414427   4.5057039586   2.9470708154   2.0301518941   1.0344274176
 1.6247358703  -2.2352474043   3.0058422445  -0.6946408037   0.3637473527   0.5417264791   0.8184808318  -0.2434826156  -3.2120234666  -2.4031839582  -3.2308690987   2.3273965010   3.1227449064  -0.4544858527   1.5008435537   1.8292376861  -1.9253294701   1.8060419113  -1.2063423156   4.7446717403
 0.1016723603  -2.4595390965   1.6301493011  -0.6332742302  -1.5420689919   1.6021468564  -2.8343051378  -0.1130452291  -2.2698742243  -0.1050244074   1.0493460152   1.1001879419   2.6311858013   0.8000416195   0.9432456260  -0.9867222988   3.8104261588   0.0979226309  -2.0895990826   0.1815148163
 2.0869291136   1.7865188286  -0.9809387855  -0.9997456415  -0.0937259556   5.8917341923  -2.1310730290  -2.2397840616  -2.6372196737  -2.1849202589   1.9962433845   3.1631386815  -1.2144208277  -2.0443823673  -1.2055547997   2.9706779327   0.9526292292  -2.7139338559  -0.0812135403   1.2487933667
 5.3536183100  -0.1228171401   1.7433203258  -1.8568082503   0.3793160079   3.1883828259  -3.0443142738  -2.0226581032   2.3458662083  -1.6204937068  -0.5449296135  -0.0308047940  -0.0957933170   1.8099202520   0.0110593098   0.1019295049  -0.0173940214  -0.7526523804  -0.6578740506  -0.4374176991
-1.5078649898  -1.0882493567   4.0372012013   1.4927504191   0.2755691172  -0.2285624536  -1.0445306797  -2.1801137235  -0.5732217734  -0.0029499640  -0.8982277402  -0.2869335038  -0.3365238117   0.8744513204   2.9221386260  -0.8155341870   1.8753031021  -1.7562340791   1.5113843365   0.3615571484
-0.4054782742  -3.4849921092   0.2709169020  -0.1683020340   0.2035963222  -3.9806661294   0.2798691903   0.0861190698   0.5940287622  -3.0423137488   4.7790950119   0.1117398009  -6.0352384971  -0.2586106814   0.2127746497   3.8393018010   4.2034702394  -0.2562748671   0.2405783833  -1.3859779868
 0.2662304055  -2.6279408146   2.9122935166   1.2803962781   0.7268040269  -3.2660241171  -2.0367529161   0.4789531256  -2.9281481343  -0.9473229635  -0.5337388402  -0.9771436841   1.4464247712   1.1606542906   0.5578528619  -0.9806392971  -1.0605288190  -1.0822238658  -0.0162793680  -0.6424753121
s3
-1.7221070190
 0.6917817955
 0.4008680122
 0.1801554613
 1.0241669925
-0.3545651579
-0.9325583856
 1.5215289861
-1.0045764270
 0.2505684838
-0.3093982622
-0.8319378902
-1.3480610333
-0.6070814677
 0.0029329797
 1.9342630354
-1.0063704415
-0.8590563487
 2.1565790557
-0.9965632946
w4
-2.9518495797   0.3440978681   1.1375823043  -1.1902894421  -1.7078361492   0.4175942432  -0.1587341213  -3.0944364062  -1.3332461767  -1.3746191161  -1.2535228912   1.7379052959  -0.5273652623  -1.3650113310  -0.4766127105   1.0002392810  -0.4991568093  -0.8500333539   3.6302071152   1.0411341029
 1.2240036408  -2.4642882213  -1.8328571020   0.5089393298   1.4555037920   1.0419770846   0.8959055428  -3.9990324946  -3.5832165502  -0.3922305425   1.1406227338  -2.7473312049   2.2695333169   2.6484642097  -3.2544381804  -2.5240501052  -3.1048498318  -0.9736119641  -1.3847875665  -3.2767317866
 0.2643277857  -1.8300909703  -1.3484827813   1.2075580134  -0.3474089113  -1.3012244696   0.6681350801  -1.8072424163  -2.0305742276  -0.0499166115   0.0045741418  -1.2711235416   1.3896840884   0.7040757190  -1.2168841876   0.3029864222  -2.1573323350  -1.8519915930  -2.2176252415   0.4854427652
-0.1486968571   0.1011786791   2.9742634322   1.2456065723  -2.9657327735   0.4628342556   0.3012318093  -3.2225424784  -0.9409719161   0.0600566966   0.6048533687  -1.9193753664  -2.1175830653  -0.4387581997   0.4928628846  -1.4516421586  -2.5366295197  -1.6838451456  -0.9717527557   0.9274085746
-0.4031408794  -3.3511320334   0.3273961128  -0.8245755570  -0.2343977096  -0.4956435528   0.4597891491  -1.2325023705  -0.5131831733  -2.4736028596  -1.3167680369  -0.0549597900  -1.1341090851   0.0549943487  -0.6582821379   1.0912519304   0.1977317564   1.4321523599  -0.7455426277   0.1698668827
-2.1296085130  -0.8757742187   4.4356373235  -4.0897925067  -1.4676185555  -0.0242109964   0.6253207534   1.7565672553   0.8734052635  -3.3571302262   0.6041386211  -1.8885650118  -0.0694443880  -2.2807252272  -1.4394122457   0.6512404354   2.1423548570  -3.1063582271  -1.6091652892  -0.6373897420
-2.1044778878  -2.0666245657   1.6112370148  -0.1809022837  -3.8000704922   0.0207699959   0.8103380568   2.8399493386  -0.0558826389  -1.3637377762  -1.6625039501  -2.5976083512   3.3783411047  -1.4885424811  -2.1253658210  -4.6344223425   3.6206237342   1.4563942123   2.2227190134  -2.0309898426
-0.4328387114  -1.4489240037  -0.6674327132  -2.4833923956  -3.7325748293  -1.2113392502  -0.2721639886  -2.5019308529  -0.5227755038  -1.4691791109   0.3481537227   3.1596588187  -3.2533583561  -3.1618856258  -2.1248453691  -0.5713508873   1.7107813314   0.3747963119   2.9607417222   0.0325255248
-1.6940972543  -1.5061514668   0.5196194468  -1.8625132101  -0.6584457220   1.8906424035  -0.3851668189   0.2708374616  -1.2775491442  -0.0755170810   0.8948158273   0.5019737157  -1.7271302762  -1.5847652760  -0.6386691800  -0.6485352204  -1.1477896877   0.5781821917  -2.4683496528   0.4001429780
-3.4370035073  -1.5951237988  -1.1462389855  -0.1119442802  -1.2059071512   0.0180518096   0.2981385793  -0.1250281458   0.0343373790  -2.4330696365   1.4895964835  -1.0279145396   0.3812555089  -0.5467122877  -1.2330158425  -0.5666049272  -0.8565977399  -2.2522232236   0.4902306545  -0.8428362047
 0.4601710534  -0.8522299470   0.2405372842  -2.9950666318  -1.2508692616   0.1706590400   0.1122633323  -0.6372781903   0.1911309492  -2.5136606783   0.3065286249   1.2646524411  -1.3597759517  -1.6081675395  -2.4532971807  -1.7562453914   0.7186779083  -1.6719466273   2.2350558303  -2.1888196505
 1.0865341304  -0.7343043274  -1.2360241121  -1.1208697722  -0.3529879765  -0.7320364257  -1.4706516377  -0.9637427826  -0.2818114351  -2.2348097950  -0.2176748157  -2.2215612488   0.7160631354  -1.7773321917   0.9461121451   0.0033888038  -0.1436695503   0.2366071737  -0.5740681337  -0.3860987375
 0.2069671142  -0.6377761120  -1.2315966824  -1.4352861205  -1.7693500784   0.1187926055   0.3479395303  -0.5560074117  -1.9392001319  -0.3315983028   0.1184027250  -0.7459985447  -0.3596676114  -0.1573694859   0.2098615568  -0.3383828828  -0.6450766469  -0.1122780512  -1.3277183335   2.1303048110
 0.4204557833  -0.1894748193  -1.4045829219   0.0816397607   2.0367141426   1.3561864352   0.5405055505  -2.9607580466  -1.4147450873  -0.8180387151  -0.4758962526   1.4636816191  -1.8248330105  -3.7481125395  -1.8388401054   0.4450772822   0.6251744889  -1.0394868899  -3.7605092819  -2.2288677337
-2.0786214545  -1.3920452517  -1.3980074503  -1.5996094832   1.7552259085  -0.5603171559   0.0542180484  -1.0091357646  -0.1802947326  -1.6141972510  -0.6796296429   1.8331641674  -1.4777629980  -0.0094020785   0.1144852768   2.9468284584   0.9986916344  -0.8678199192  -2.1976082126  -0.0191480787
-0.3492932769  -2.7323309117  -2.1280447736  -2.3608761375   0.5156776852   0.9336398765   0.0636219852  -0.3064744232  -2.2739096630  -2.4284533538   0.2932038737   3.5622708590  -4.1232889957   0.4008254092   0.7773191858   3.8144220557  -0.4282894136  -2.9228313409  -5.0914233266   0.6567358222
-0.6593547896  -1.4346394194  -1.7886531639   0.5263660874  -0.4679658566  -1.1959205742  -0.6386522330   0.1894753108  -1.3624875011  -1.4510847259  -1.1298931221   0.3786070486  -0.2915122543  -0.8680871643   1.4120239082  -0.9650061880   0.9587904588   0.1214573197  -1.0102728748  -0.3539398215
 0.8335662912  -0.6221235106  -1.6287160616  -1.4152320872  -0.3809625327  -0.4822440064   0.1883238116  -1.4035886271  -1.0775828494  -2.2061816299   1.2912896187   2.6809937661   0.2418135098  -0.1275811681  -0.3614388034  -1.0532530569   0.0284798786  -1.7396952088  -1.9100585586   0.2306646054
-2.3276363526   0.1383303597   1.4299762108  -1.6043130302  -2.9812321342   1.5452055495   0.0669204424  -1.9387684140  -1.8434311611  -1.3061901718   0.3201846713   1.1730694659  -1.6457327761  -2.8336039416  -2.0243206064   1.5318721495  -0.1648644861  -0.9995102909   3.1540911310  -2.8818471849
-3.6132642658  -2.7469834158  -2.5057775193   0.5330309143   1.0783973562   1.2198419260  -0.6837829641   2.0252732446  -1.3715270772   0.2358068111  -0.4494499337  -1.8739170069  -0.2663870851  -0.8640475919   1.8430772039  -3.6697605018  -2.2173048662   0.1869758178  -2.5386394612   2.9633567862
s4
-1.9796560752
-2.5721636702
-0.3342318458
-0.7054815916
 0.4387163807
-1.3354731026
-1.5977963156
-0.3334720893
-1.5289402731
-0.3786999349
-1.0450295385
-0.4995167932
-1.4842548815
-1.0144724118
-1.3826537975
-0.3095544642
-0.3485374393
-0.9043349642
 0.1883252832
-1.9508673590
w5
2.1233267363  4.4125706669  1.3673869000  -2.5475618265  -0.6965441353  3.1220985909  -2.9892351384  3.0381704544  3.2550947810  1.3204760362  1.8856453778  -0.1782597591  0.3047163974  -3.3213410316  -1.4304632793  -4.2027151813  0.3624042337  -0.9857250100  2.5830273340  4.5466614390
s5
0.0316653361

