layers: 6
str: {2,20,20,20,20,1}
w1
-1.5335353878   1.7226634006
-0.8812375242   0.1912890166
 0.4317927320  -0.4315709313
-0.1213647399   0.6448185215
-0.4105780023  -1.9471747611
 0.2318003379   2.1722467481
 1.4688928264   0.3344895416
-0.8456304209   0.4425783647
 1.4714631682  -0.1206818961
 1.2576652792  -0.9487526033
 0.1826185308   1.1170430506
 0.3131068915  -0.9637092342
-1.7418186407   1.0247367513
-0.7443435497  -0.2927060300
-0.6367912477  -0.2484038428
-2.5882537625   1.2431892760
-0.8392184865  -0.4868395712
-0.3360312020   1.0523166131
-0.4017902707  -0.4688892474
 0.6518231978   0.9719398210
s1
 1.4286926887
-0.4148190963
-0.6658615812
-0.3456419691
 1.3478485647
-0.2344861120
-0.1825234212
 0.0316296011
-0.8546246790
-1.8398098123
 0.7930371261
-0.9206673935
 0.1596446101
-0.3321598204
-0.6716830794
-0.0169730075
-0.8484604345
 1.2291122263
 0.2836624859
 0.5320401592
w2
-0.7322421203  -0.2918051938  -2.2991172559   0.8772450123   1.0342292417  -0.6869704864   0.1276462814  -0.2249062669   1.5972315250   0.5492379780  -0.0407319811   0.6799950966   1.2403600716  -1.4779731439   1.1180926629   0.3542296855  -2.1083140871   0.8469033933  -0.1773411880   0.9310097586
 0.9468564375   1.8730317903  -1.3397873912  -0.1808398506  -1.3009470095   0.6731978863   0.3118334838  -1.5827364566  -2.0617908112   1.0134893027  -2.1408836258   0.9685856914   1.1666216533   1.0719353413  -0.7348726120   0.1830296162  -1.3726664357  -2.0279130899  -0.5329850000   0.0379710735
 0.7231137298  -1.2561806863  -0.3650101264   0.4364053698   0.5258994622   1.1432451904   0.3023657367   0.5257901434   2.4947385749  -1.2263809265  -0.3832988519   1.1355905369   0.2966516631   1.5547056531   0.6446061693   1.1366290435  -0.9592280438   2.3837783535  -0.1763611565  -0.0984102866
 0.3804004759  -0.4998292902   0.6764659958  -0.5293633164   0.4825382442  -1.0070453253   1.8814674123   0.3609663183   0.8050240630   1.6647358384   0.1049470878  -0.1158113324   1.7756229830  -1.1693632749   0.5887127754   1.5559076982   0.7430466218   0.4296532907  -1.7058402743   0.6957091019
 1.8812984739   0.6899307618  -0.6554415845  -0.9242748816  -0.6428671917   0.8574266151  -1.5356830094  -0.2556068836   0.8147239544   1.8303255282  -1.7903227890   0.2050524536  -0.5732527742  -0.0568172552   0.8032597180   0.5992857174  -0.3737135662  -0.3715265485  -1.3543388978   0.4901620909
 0.4003127469   0.6590013678  -1.1221730842   1.3284161411  -0.6339628190  -0.8691635733  -1.1877514235  -0.0548396797   0.9669184504  -0.5331977170   2.2987755553   0.0977330110  -0.0751041058  -0.8484298920  -0.6753142626   1.8564280941   1.3320890190  -0.8937460618  -0.3267301814  -0.0499602901
 0.2991336365  -0.3098604701  -0.2386434783  -1.1950196228  -1.2482284192  -0.6778796796  -1.0364007769  -0.2221154395  -0.1495272339  -1.3197053569   1.2320153366  -0.6297140413   0.1330861815  -0.1428190274   0.0205092939  -0.5441622717   0.9568389596   2.8717122140  -0.2987417774   1.1907040954
-1.5216252451  -0.3865250721   0.1250995872  -0.3302669227  -0.3165051289   0.1180722548  -0.7251670967   0.5297139392   1.0848837563   0.4398803179   0.4314407859   0.7391092320  -1.4930557931  -0.1710749422  -0.8850132670   0.8561997019   0.3578919162   0.8495826711  -0.6498398349  -0.2713965277
-0.3986262428   0.5321779884  -0.4501228315   0.1026842475   0.5692050276  -2.3033556787   2.0536537198  -0.4892271521  -1.3345041000   0.7379253183   0.1164018688   0.2672096509  -1.2383560299   0.1603012432   0.1873436103   0.8656897689  -0.9195542692  -1.2874572083   1.1719917261  -0.8098265912
-1.4414643476   0.0218927976  -0.9671988644   0.4911925001  -0.7745357498  -0.2254171032  -1.5813182430   0.3616404541  -0.1272580124   0.7153610088  -0.7173306427   1.3466513773  -1.0296519275  -0.1139313625   1.1197075951   0.8112615954  -0.6516557031  -0.9624206075  -1.1379999486  -0.4593574998
-0.0848760045   1.1507519247  -2.2387019890  -1.3238327856  -1.0872132249  -0.9250847612  -0.2213287616   1.5845870975  -0.5703337820   0.1074609248  -0.8584813702   0.7718549834   0.9087329938   1.3271234602   1.2559431663   0.0123299975   1.0274991681   0.6347335776  -0.9021548745   0.9817674712
-1.4536997916   1.5424560274  -1.3956988456   0.0324584595   0.4311408374  -1.0705419000   1.2180404985  -2.5596203743   0.0065580234   0.8652272833  -0.6030798057   1.0741172807  -1.3192850865   0.2661335183   0.2306318681  -1.6476547018  -0.2551616686  -0.5769800906   0.0787957070  -1.1936087268
 0.2083306004   0.6374866947   0.3699735483   1.8834568499  -0.6750302764   0.0889815579   0.4979238914   0.2537155671  -0.5229039495   0.6586594744  -0.0237579312   1.3322329200   0.3283388087   1.7036416127  -0.9506013906  -0.2410005485  -1.0648057002  -0.0846255697   0.9345895242  -0.3095788045
 0.9759469675  -1.0362982392   0.4473939296  -0.2019359231   1.3935991575   0.0313233656   0.8013157973  -1.0853853098   0.4594308379   1.1331896150   0.5422707755  -0.6020940147   0.7172801038   1.8756315209   0.1870885260   1.7433391655  -0.7927524233   1.0929728263  -1.5525693849   0.7958015829
 3.6497944105  -0.7836798174   0.5795323438  -0.3498882645   1.2386149971  -2.0324769274   0.1064384400  -0.0249639511  -0.7565111674  -0.0589750845   0.2837066002  -0.2769912484   0.3358108983   0.1891332563  -0.4436559993   1.9442378491  -0.2612022238   1.1869529702  -1.1597020573  -0.1772572260
-0.4048008425  -0.0323743948   1.4830180007  -0.1804349688  -0.7303634991  -0.9925880066   0.1698126487  -0.1419289836   0.3412006196   3.5192318152  -0.5417118019  -1.9864417325   0.7871346550  -2.5489704929  -0.2888016257   1.7493131423  -1.0438720110  -1.2007585559  -0.8717611661  -0.0082461724
 0.3644099991   0.5851966583   0.5477048118  -0.5179585406   1.0119959620  -0.7125595479   1.6611506988  -0.3331555474  -0.5489083997  -0.3065403511   0.9183487112  -1.7338692743   1.5339229772  -0.8488798154   0.6577500001   2.5193920649  -0.8871465982  -1.7613121787  -0.2914784126  -1.7709516745
-0.8818638796  -0.9623882470  -1.9403655392   2.0077213372   1.3679778410  -0.8318988217   0.3817315441   0.7040749722   0.7766670369   0.3579920022  -0.8963498996  -0.3189611032  -0.3251080861   0.0372432388   0.6735689460   1.8349743327  -0.8955589230  -1.7792701732   0.9318298004  -0.6056568464
 0.4825867321  -0.3652159808   1.0514868752  -0.2350940072   0.9675685546   0.2072498005   1.0765969982   1.5223228451  -1.1580963912  -0.2536765604   0.4324765377   1.5716787082   1.5770619176   2.4463318857   0.1354717641  -0.0686579031  -0.2492413807   0.1711899831   0.1794948888  -1.7123421809
-0.7738673127   1.2789782017  -0.4274512827  -0.4186635559   0.0228016726   2.1121887729   0.4703878109  -1.9414533174  -1.9312536718  -0.3904458113  -0.4880495409   0.9547212950   0.6235432483  -0.4461675068  -0.1488006807  -0.3285715226  -0.6460976329  -1.4432654205  -0.6047750577   0.5229667361
s2
-0.9730059371
 0.5018134130
 0.5426001838
 0.6981848927
 1.0109894056
-0.0623719322
-0.6309340621
 2.0548899919
-0.3076269968
 0.9218711493
 0.3932476627
 0.1832704733
-1.3188255936
-0.7641595190
-0.1008297982
 1.6147545363
 0.0414338021
-0.1391033513
 1.6144819288
-1.1560504932
w3
 1.1620005234   0.2301309894  -0.3753544838   0.6797891168   1.2769275711  -0.6088719164  -0.8065957779  -0.3357539163  -1.0149755580   0.5599737880  -0.0482920659  -1.9569465202  -1.2815713424  -0.3689573134  -0.7568810524  -0.2685890289   0.7012298545  -1.4627057205  -0.8161771706   1.9977474727
 0.6992379845  -1.3874173949  -0.2301779892   1.4451696327   0.9322416226  -0.9015453220  -0.8465678272   0.7558306302   0.7788869717   1.4409322381  -0.6292324449  -0.1616152290  -2.4523330842   0.1035307612   0.3441051006   0.1546893022  -0.3964463031  -1.0777003307   0.1874965493   0.3945352697
-1.9947006658   1.1238850961   0.0969063753  -1.2204502512   0.2512551256  -0.8632188171   1.2285142514  -1.0350931097  -0.6083861699  -0.0312518965   0.6022831462  -0.7414767251   0.0954137734   0.7715635770  -0.5087938405   0.3491730927  -0.7076127395  -0.6721362124  -0.6598348180   0.5333199051
-0.0510535974  -0.7176623701  -0.8753907283  -1.9945090347   0.7919989885  -1.3858338278   0.0803867121  -1.8024860241  -1.0172751898  -0.2724764852  -1.1284027323  -0.0569358223  -0.9765895714   1.4408678846   0.7546484308   0.3750199835   0.1887461885  -0.8086095576   0.2611528320   0.7386765592
-1.5014424751   0.7835538755   1.1734819069  -0.1753133093   0.4330330179  -1.5643059504  -0.6484285451  -0.8608544020  -0.8880989845   0.5265685560   0.7659704200   0.0548837616   0.2201490587  -0.4130562668  -0.3789968440  -0.1584118192   1.3592466373   1.6944165010   2.1311622420  -0.1882121468
-1.8265612102  -0.7487056742  -0.4788608939  -0.2114805219  -0.6127131176   1.3392173908   0.5615654451   1.0895730984   1.6287007676   0.1799961540  -1.3110489695   2.0920286184  -0.6304262270   0.5374533979  -1.1789924886   1.4382593652  -0.9341966538   0.3498825125  -0.4509725938  -1.6419915133
-1.1641266100  -1.0206846154   0.2586155984   0.4066982384   2.0901700950   1.1306901626   0.3452368376  -0.0554328427   0.6396664934   0.2793071605   2.6421125787  -2.0370251693  -0.1765656739  -1.9654638549   0.7618919783  -0.7034407274   0.9286806087  -0.3469949852   0.0965024031   0.8782983738
 1.5305957462   0.7845026359  -1.3709747168  -0.6628916647  -1.2937268898  -0.6862867375   1.0849419975  -0.3755005708   0.1522224466  -0.7504276515  -0.1165927525  -0.6813412184   1.2229212362   0.0788350100   0.9392105054  -0.5348244504   0.4629919753   0.5719942795   0.9550982647   0.2244698281
-0.8678887837   0.4745834383   0.5785160379  -0.1715771155  -0.2655856791   0.0519071242   1.7325615443  -0.2763309126   0.8539709976  -0.1785545052  -1.3494027618   1.8865806271  -0.5748650850  -0.5179607972   1.4900818181  -1.0540077559  -2.6771749383   1.1615278371   0.8967590624  -0.3643087487
 0.8164569253  -0.8644214289  -0.8158635258  -0.3772887788   0.9492711646  -1.3706095543   0.8767812313   0.1994431302   1.5883755943   1.8086748994  -0.8637955869   0.4073481488  -0.8803251523   0.3682568350   0.6348309234  -1.3508601633  -2.4042928874  -0.2639258317  -0.9356712197   0.8768174966
-1.8243142144   0.4972213385   0.8325516473   1.1035110502  -0.7848788946   0.4559999608   1.0952349582   0.0930395891   0.6202224335   0.6739061324  -0.7816914538   0.0069167028  -0.7588713277  -0.5790713808   1.2265761116   1.2180505021   0.5678192479   0.5867553675   0.8687615918  -0.8178971060
-0.9333315057  -0.7979702181   0.4559575932   0.6969675524   0.3997316679  -0.4257518720  -0.6512192130  -0.4833139361   0.2951412216   0.8753402949   0.9212888629  -0.7972743450   1.2808344071   0.2395712366   0.4098869167   1.3236689464  -0.0246805425   0.6502486092   0.5727316511  -0.5896831626
-0.8964254163  -0.7084519768   0.3033152422  -0.1365311410   0.0783412501   2.6111491757  -0.2453815422   0.8289507915   1.0653556295   1.2734957621   0.4710551948   0.0755803257   0.9622532223  -0.1107822508   0.6317639511   0.2050715163  -2.0931660189   0.3720219076   1.5521432599  -2.6588975221
-1.4916984724   0.2256555991  -0.5428563223   0.8796873826  -1.2997131835  -0.5780193570  -0.3247685703  -1.1755166999  -2.3393945028   0.0708708154   2.5144494118  -0.3317821435   0.6103189981   0.3138422963   0.2417699218  -0.3399160236  -0.4131057877  -0.5029484264  -0.1468447731   0.8816582096
 0.1896149425   0.4772859758   0.5687058142  -1.2445638842  -1.2176750495   0.1114108204  -0.4017172971  -0.4300761273  -0.0329177635  -0.0061873709   0.5258670379  -0.5202151986   0.6353097795   1.2503256449   0.5440152706   1.5930164110   0.7767130694   0.4318275949   1.0440414119  -1.0678978796
 0.5576126781  -0.3198544599   0.5991504559   0.2005840185  -0.3397845949  -0.9629077794  -0.1980334900   0.4857136084  -0.4532326368  -0.1142064482  -0.7187996469   1.1359776928  -0.6636993787   0.1034862014   0.7521614748  -3.2224796753   0.0561781847  -1.8232346099  -1.2136945775  -0.5500828916
-0.4092442605   0.5669946747  -0.9618469817  -2.3743125185   0.6677669790   0.3733971559  -0.1983032520  -0.7125516645  -0.2691604300  -1.5488977197  -0.5503137202  -0.7669264256  -0.3343936322  -1.7382153282   0.2333770927   3.1753888250   1.1863692058   0.0832903974  -0.9179844858  -0.8874551409
-0.0360826475   0.1849269954   0.0803180149  -1.2599166944   1.3179056909  -1.6530936932  -0.7200771782   0.2596315052   0.5091357067  -0.9411561948  -0.2101587725  -0.0601284094  -0.3332948560  -0.2083670272   0.2076505271   0.6235789882  -2.5894076121  -0.4960349773   2.0430132956  -0.1371190463
 1.2647216003   0.6868647180   0.3699268344  -1.4365992451  -0.5283484098   0.3567895337   0.3455879815   0.6524906597   0.1264789447  -0.8554103922   0.3947629920   0.0015823717   0.1610266825  -0.9867716500   2.0392161178  -0.6130102858   0.2465172146   0.0290025935   2.0898174608  -1.0192373303
 0.2969385719   0.3507616028   0.5382770836  -0.9828518034   0.2498233761  -0.5115507298  -0.4675401951  -1.0602026371  -0.0352630937   0.4856967707   0.1730615135   0.1712249485   0.2757439081   0.0464425002  -1.1324937483  -0.7044472879   0.1084274002  -0.9561325491   0.2892681877  -0.9790994473
s3
-0.9563064218
 0.2759585844
 0.5716852284
 0.5963530091
 1.2028673925
-0.2300749952
-0.4981259815
 2.2494763839
-0.5094291394
 0.9125264434
 0.5439919889
 0.0493398329
-1.2905388546
-0.9129234795
-0.0771449029
 1.9368507847
-0.0261014755
-0.2551847207
 1.6051342401
-1.1736608740
w4
 1.6957675812  -1.3080588005   0.4350790297   0.1942807652   1.1163822085   1.0853362546   0.1761312192  -2.5532865743  -0.0207963976  -0.4495764083   0.5691804492  -0.0562039511  -0.3639423448   0.0532496617  -0.6536611200  -0.3985797294  -1.3277155251  -0.1385729257  -0.2543189553   0.1565904616
-0.3545265845   0.0050656078   0.8175108810   0.4810096298  -1.0852616947  -0.1795824723  -0.6490740799  -1.5085644483   0.9818041196   0.4456953950  -0.1223940269   0.5019568134  -0.6914750010  -0.0516406893   0.0501627463  -0.3510270693  -0.6810000079  -2.3206827009  -0.2529453119   0.0581172473
-0.7847438561   0.8139943426  -0.2160605761  -1.2573184102  -0.7019031285   0.7276692084  -2.1789765931  -0.6695973259   0.6944848539   0.3923357481  -0.4895425541  -1.6834690278   0.3514436822  -0.2224680272  -0.8147577736  -2.3432624317  -0.4898046627   1.3531485154  -0.2849712793   0.2924300810
 0.9646854318   1.0525093767  -1.1186220497   0.8470259428   0.0526394035   2.1303379305  -0.7121714593  -0.0624579186  -2.0760093458   0.2391960952  -2.2121605620   0.2625193154  -0.6492687592   0.7715720622  -0.7917269592   0.1997953997  -1.7794440951   0.9095001092  -1.1216097942  -0.1489187239
 0.3604698121  -0.2927248410  -1.5876192785  -0.3597711769  -1.5222699675  -0.2734106701  -0.0847542640  -1.1696047146  -0.4875591671   0.3503595171  -0.0602855067  -0.6534190296  -1.0639458518   0.7743557236  -0.0081852936   0.2476067046   0.4555742176   2.1622351041   0.1749107220   0.6889053417
-0.5443618440  -0.3135272045  -0.7275889088  -1.1355860472  -0.8393528641  -1.1356734274  -0.8080221081  -0.9670598390  -0.0621443194  -0.3116172296   1.4504776754  -1.6470742320  -0.0594457743   1.4474616430  -0.7874906748  -1.1618639181  -2.3454523721   1.2307632057   0.6706013653   1.3661216502
-0.7875239473  -0.0766901483  -0.5715908996  -0.0626182534   0.3659761869  -0.2861330426   0.8440065701  -1.0893150686  -2.6743356646  -0.8068449442   0.8558786582   0.7909246607   0.0738856326  -1.0956014241  -0.7346933078  -1.4308423069  -0.7283175665  -1.4107871830  -0.8145816892  -1.2450115792
-0.9063862129   0.2025481174  -1.4516706897   0.6194238422   0.4628642934   0.0594636124  -0.1338316857  -0.5006195677   0.9977128437  -0.4225531313  -2.2610695145  -1.1219163558  -0.2582771594  -0.9181569375  -0.1205191499  -1.0746032057   1.1538045292   0.2095859824  -0.2233030780  -1.6918205877
-0.9155712812   0.1263962963  -1.3050125817  -0.5840187747  -1.6277855869   0.5011275497  -0.4530075717  -0.5534356811   0.0865488637  -0.0576715045  -1.4399257341  -1.5380082890  -1.2010549830  -0.9899997821   0.1584783856  -0.9667492039  -0.3320877691   0.7065319256  -1.3456635209  -0.8462650493
 1.1376785906   1.4841970186   0.1767451257   0.5753231267  -1.5622305223   2.1783549918  -2.7622005471  -0.3026160070   0.1511106360  -1.0268214572  -0.8442800772   1.1761803637  -0.4248711744   0.0933898077   0.1458255195  -2.0227641660  -0.2946439381   1.8071122717  -0.6303694122  -1.2320964039
-0.4414317468   1.0552265638   1.7782162342   0.3647607761  -1.0828489702  -1.5924145814   0.0327148715   0.7417112126   1.9126031251  -0.6001721136   0.0577115696  -0.6222596559  -1.6738152920  -0.0584913018  -0.5607270698  -0.3106178354  -0.9635419970  -0.2274776870  -0.9677879835   0.8236249208
 1.2722779410   1.1314454635  -0.8757406787   1.3229772421  -0.6540343345  -1.1557168358  -1.2312631418   0.4792907395  -1.0599823521  -0.6505681133   0.5912748092  -0.9903478457  -1.0087496861   1.4173033057  -0.5315389723   0.3388774438   0.2217081144  -1.5623347395  -0.7253709466   1.9222377706
 0.1483738640   1.0625037185  -0.7347708448   0.3238565650   1.5218292994  -0.3098812749   0.7758183648  -2.0884832166   0.2243044509  -0.5985533499  -0.1065394266  -1.9016666520  -0.2105296119  -0.0093022212   0.1755532900  -0.1215356762  -0.5576949195  -0.3833873776  -1.8927975763   0.8839466585
-0.9453933487  -2.0875106012  -0.1931656419  -0.6270746835  -0.2236033296  -1.3318761806   0.2519926548  -0.1529539628  -0.9395789684  -0.2606914378  -2.3464652269  -0.9590925160  -0.6873627802   0.6546318060   0.7951314251   1.1737901631  -0.7155220497  -0.1670714651  -1.4009946695  -0.9919314237
 1.1038317555  -0.2158535099   1.0568269437  -1.7033223065   0.0128484507   1.5836992805  -0.5216004055   0.1349057236   0.1955905437   0.9611144624  -0.5556413529  -0.0074227453  -0.8556371698  -0.3020792874  -0.6073854307  -0.5077337724  -0.2606470888   0.1007520352  -0.6908040317  -0.2501844889
 1.5601269618  -1.5741236948   0.2013004354  -1.0454244886  -0.2461161124  -1.0095943509  -0.6431019383  -0.9238805058  -0.7872833984  -0.5215890031   0.3810663295  -1.2539242568   0.0133597023   0.2833244015  -0.7098747857  -0.1911887037  -0.9378189427   0.6299281217   0.0384961405   1.6582944046
 0.0480594699  -0.8029587898   0.2250136974   3.1948232415  -0.5699274947  -0.3461034783  -0.5120193432  -1.5334953295   1.1028454737   0.1587836760  -0.5446959112   0.1576687294  -0.4418997000  -0.2662728839  -0.6929559236   0.4878636554  -0.0209428665   0.3276149934   0.2913451342   1.1612366160
-0.6766537317   0.5121362804   0.9400753074   0.2263760383  -0.1938443255   0.9228042921   0.8676536068  -1.3100883912  -0.1095449222  -1.1045911367  -0.3946816846  -0.2830250010  -0.3182236149   0.4962514131  -1.8635051392  -0.2490922794   0.0668379624   0.6828869555   0.4103710068  -0.3821045355
-1.3765299530  -1.9099177828  -0.0424790580   1.1665892882  -1.4887589156  -0.2271438665   0.7201298754   1.6540112448   0.9314802154   0.5318208292  -2.7313772577  -0.2030154252  -0.2916304249   0.5949398257   0.1121574806   1.1873510138   0.7301020359   0.1655641940  -1.3784504812   1.6028405206
 2.1149545212   0.5333667622  -0.5728979088   2.5199493348  -0.7851142809  -0.8021677249   0.3283358898   0.6271639300  -0.3993689035   1.6153498259  -2.9650338308  -1.4635954596  -0.1671357458  -1.4710571834  -0.0819845666   0.6725603087   0.3483054965   0.9161741928   0.3249366546   0.6181967049
s4
-1.3299778155
-0.0234421949
 0.3804264361
 0.3619370381
 0.6938326485
-0.4644199407
-0.7210617484
 1.1743975303
-0.2958958397
 0.5056327818
 0.1224930226
-0.3028921732
-1.8138372456
-0.6998128916
-0.7658783371
 1.3749722543
-0.2100564774
-0.6925343279
 0.9036640447
-1.2493915101
w5
-0.2720634227  -0.0549037476  -0.1915691851  -0.0929805946  -0.1449549600  -0.0097959422  0.9151373865  0.0263316650  0.1487789916  0.6950866580  -0.4514458940  -0.0993850952  -1.5468554850  -1.2443018992  0.0372367505  0.3130102964  -0.0293508328  -0.0896510323  -0.0824516276  0.5204610184
s5
0.0374248761

