layers: 5
str: {2,20,20,20,1}
w1
-0.8676362556   0.9578024791
-2.0046379332   0.5516751534
 3.4721706104  -2.0160734087
 1.1456791714  -0.6645826677
 1.9435612889  -1.3838041945
 1.0973765560  -0.0963337386
 0.3996182181   0.1611335079
-2.0321890845   1.2693762638
 1.1150893645  -0.7524895446
 1.9022621071  -0.9929134604
-1.0865163315  -1.6461799611
 0.4810907898  -1.5115103670
-1.1851395559   0.9840322765
 0.5111991626   1.8923211570
 1.6464921144  -0.7168454800
-0.3170111113  -0.0534296161
 2.0039783877   0.3372202639
 1.9513136664  -1.1155120407
-1.9864050331   0.9901925975
 1.0920094768   0.9346633618
s1
 1.3953324097
-0.7515140950
-0.5720796780
-0.6487748357
 1.9326987209
-0.5645828453
-0.4555632835
-0.6480656152
-1.0746729479
-1.9514425930
 0.9077804846
-0.4543284852
 0.0544926021
-0.8371486402
-1.6109593402
-0.1599482201
-1.0263921460
 2.0826986319
 2.1224704781
 1.5307206980
w2
-1.0810273625   0.1796080892  -1.4270006049   0.3743010840   1.0396355885  -0.0741812210   0.6313098956  -0.2492473899   2.1061477204   0.4586107582  -0.1035065228  -0.2729968272  -1.2573772132  -0.7784746464   0.3445897676   3.0317470692   0.9898289339   0.4219563958  -0.4390645559  -1.9616698931
 0.9109385120   0.3700461393   0.1737828799   0.4678423318  -0.0360046686  -0.0149723166   0.5364559357   0.3864343602   0.6433298889   0.4990483343   2.2400455646   0.2290881196   0.1910688603   0.6658118145   0.8355481405  -0.2276261173   0.8920184666  -0.0141178863  -1.0521163387  -0.3712685211
 0.6386629475  -0.3749601646   1.3042905188   0.4987062967   1.4623145115  -0.5385416530  -1.1210283184  -2.3751480997   1.6355618025   0.7891146041  -1.4424304432   0.3116644104  -1.7845930542   0.1595012862   1.9095355380   0.0188807887  -0.8220804742   1.3015523978  -1.7160257315   1.3567032153
-0.4023299241  -0.7791065795   1.7395063521   2.6338397359   0.0673036610  -0.2956392705  -1.1081273033  -0.1506098812  -0.6629498354   1.9213370409  -0.1766496436  -0.2936794834   0.7270974620   0.3816857083  -0.4274622812  -1.2445412027   0.3796464421  -0.3112545978  -1.3847221979   1.0816276940
-0.2870600552   1.1711971984   0.9083865735   2.4531158925   0.7973879977   0.7225255791   0.0244599495  -0.3423384095   1.6466212516  -0.6831210781  -0.0353794975  -1.2162731543  -0.1929375264   0.5972280423   0.3706166890   0.6387441073  -1.2505261339   0.0058954457   1.5849942309  -0.2657246807
 0.8647092621   0.2108546469  -0.0436899871   0.5558751776  -0.6895466529   0.1470122104  -1.0390813847  -0.4328715024  -0.2741574723   1.3229505318   0.8163435262   0.2004171653   0.7734318280  -0.9002067169   0.8155599247   1.3548529447  -0.5214592968  -0.4725626972   0.1393363904   0.7591195799
-0.2500942126   0.6631747026  -1.1811109179   0.8533097640   1.5213599798   0.1225978109  -0.3301444997  -0.9326054422   0.0726339289   0.2242809806   1.2508062162  -0.3323894883   0.2423301786   1.9581829386   0.8985081483  -0.2498786025  -0.4376499755  -0.8302998776  -0.4156695525   0.6795349932
-0.5483270298  -0.0737041144  -0.7032597524  -0.6590749581  -2.4778007053  -0.5750763570  -0.4356618248   1.1903536631  -0.7921129249  -1.7856909232   0.5029318331   0.8134160496   0.0171432315   1.5449173118   0.3559000250  -0.1001589501   0.3605140324  -1.4752818976  -0.4177855826  -0.4771253541
 0.2122418802   0.1039313478  -0.4778724812   0.0526780710  -0.6119855634  -0.2616026854  -0.0618033689   1.7867586814  -0.9761147832   0.2348219850  -1.5299887341   0.7231773543  -0.3549425490   0.6038107282   1.6147225316  -0.6934381926   0.7803669780   0.5509418522  -0.9489511532  -2.3821655946
-0.6017399089   0.5091741475   0.1238334237  -0.4457431645  -0.6555884300  -0.8953486794   1.5020848899   0.8644510729   0.6872548945  -1.6028434557  -0.9790718971  -1.7665845598   2.0746953045   0.2755872524  -0.4097029285   1.4938421780  -0.7821241906  -2.0254331450  -1.4793951443  -1.6626528041
-0.3354135556  -1.3249845779  -0.1607340857   2.4273109370   0.9548815585   1.6979088316   1.8971669944  -0.8355790877   0.9721967401   1.8140185375  -0.9157649817   2.1698874883  -0.7180006787   0.4587690662   0.0210031437   0.2268643650  -1.3280097800   2.4215291743  -0.0239691758   1.8819361605
 1.1266958819  -0.7026477724   1.4213720588  -1.1766284070  -1.7307760815  -0.0210349352   0.0550089696   2.8491454469  -0.3774051319   0.1195956275  -0.6466110085  -0.1996902895  -0.0172442203   0.0040342525   1.6392703667  -0.4060527917   0.9969574463   0.6797874204   0.0695900953   0.5682364631
 0.9524983027  -0.6963990856   1.8472529915  -0.5103389491  -2.4198366285   1.3850805220   0.7820246759   0.9993541449  -1.7645890863  -0.7876799980   0.2691550471   1.0681630239  -0.2188767992  -1.7301853822   1.7859609006   0.4298995918   0.7506758808  -0.5908159400  -0.4966001480  -1.3422609537
-0.4085808967  -0.4613558099  -1.5623511384   0.3542199871   0.9697569053   0.4181091517  -0.4339269561  -0.5559089924   0.9356646808  -0.6445753417  -1.0101824648   0.1403438389   1.0588774180  -0.0923207339  -1.5104313959  -0.1815178362   0.3769740872  -0.7796483483  -0.6320184137   0.1896455054
 0.6308866864   0.3961499257  -1.2359481406   1.0661133541  -0.0943716344   1.2906505622  -1.0225809606   2.0125061161  -0.4681921287   0.5527268706  -0.3789085790  -1.0530674060   0.9489673788   1.3267308828   0.9589060952   0.3215536293   2.5481504884  -0.0742130720   0.0436351620   0.6559154592
-0.3419073453  -1.0730999845   0.6934444521   0.6563925407  -0.9677297520  -0.6188667174  -0.2814619636  -1.9845682171   1.3918050319   0.1301257828  -0.8734597220   1.6849345094  -0.8248572732   0.9046345870  -1.1145437527  -0.0645028155  -0.1481096655   1.7214786209   0.0155926362  -0.2722713073
 1.4578683887   0.0527771849  -0.2662072422  -1.5396757937   0.6456909113  -0.7999674370   0.1129096670   0.0718256714  -1.1838081308  -2.2435472481  -0.0457410082  -0.5680846085   0.4828006789  -1.5333598974  -1.4402769482   0.8487462527  -0.7138722118   1.3785990159   5.2141678124   1.1137494648
-1.3663806629   0.1537300592   0.7445502766  -0.6007956618  -0.6225585660  -1.3939621769  -1.7388052124  -1.0111018214  -1.0577068652   0.7273251241   0.0869259733  -1.2260482775   1.0003025616  -1.2970094278  -0.4508596139  -0.3813433263   0.1816964837  -1.2831460564  -0.6509970786   0.8306718420
 0.5782620562   0.5232060625   1.5866940713  -1.3149590787  -1.8232706312   0.4117966833   0.1233207020   1.2927170526  -0.1696217237   0.8621070503  -0.4825322823  -0.6610316286  -1.4057823130   1.5233161329   0.1563426949  -0.5793413976  -1.2555116430  -0.8894562462   0.1574930190  -2.4624013308
-0.3379715331  -0.5693070685   0.4550900815  -2.5753053616   0.2056674113  -0.6192310443  -0.6274342943  -0.3234551887  -0.9603421786  -0.5842883541  -1.3461477205   0.5848382463  -0.2401635688  -0.2846845758   0.4914888103  -1.9223165615  -0.8103226067  -0.6969013265  -0.6121339187   0.6880220938
s2
-1.1601820122
 0.4794755306
-0.0533111033
 0.3599278587
 1.3789559418
 0.5379516627
-0.8437276865
 2.1333369140
-0.4965309906
 0.6526292998
 0.2585610962
-0.0959062742
-1.3091351324
-1.0027460318
-0.2514412567
 1.5139528183
 0.3960953473
-0.2335134460
 1.4988048708
-1.0931192793
w3
 0.8155978099  -2.1318098476   0.0864951831  -0.3526092892  -0.8346021093   0.3402006753  -0.3602441723  -0.7534148949  -1.2429005441   0.1074154517   1.0843963515  -0.7964158682   0.8573190213   0.4446867733  -0.9288542302   0.9633569449  -1.5914010898  -0.1014572683  -0.2046432661  -0.6059972034
-1.0736903653   0.2972063332   1.0452264628  -0.7927533565  -1.2835977523  -1.5555653647  -0.4477205109  -0.1441747028  -0.1317113240   0.4470987561  -0.0117425320  -0.5917371821   0.6327420461  -0.6063430115  -0.9893913524  -1.5929387174   0.0999788681   1.3269550865   2.0294037215  -0.0798311223
 0.7188162941  -2.5953426595  -0.4476461944   0.0482233922  -1.1014069070   0.0954387430  -0.2235738951  -0.7995784454   0.6917205319  -0.4505106753   0.1617069132  -1.6081111999   0.7338910071  -0.5951793496   0.4414932075   0.9274562850   0.5343960438  -0.4977996336  -0.3843155278   0.6355207355
-0.7354534116  -1.1245342009  -0.0924340203  -1.3454199838  -0.0765191618  -0.4421093353  -0.5838441539  -0.7921571564  -1.8707806260   1.2561995514  -0.7308623295  -0.0211267897   0.4145887343  -0.2249277366  -1.5280353145   0.3859620826   1.1178180747  -0.3439268189   0.5016250387  -0.6829218079
 1.2340017693  -1.3115973081   0.7312968429   0.1048741470  -1.9595380510  -1.6960830333   0.0137933308  -1.1845683391   0.5777146293   0.1836296176   0.1094350224  -0.7959553711  -0.2790813867   0.9889451715   0.2758780522   0.5815349758   0.3410259157  -0.9486930286  -1.7482455230   0.4720347746
 0.1998756423   0.1771982758  -1.0944034018  -0.9161884397  -0.2705728497  -1.7834153317  -0.6940213401   1.0423160148  -0.1882714321  -0.9942239383   0.2401456016  -0.0078061660  -0.2453413463   1.2049643909   0.2097307902  -0.4804777094   0.5751444128   1.4007530562  -1.4294504451  -1.2451464586
-1.2645598908  -0.8667272946  -3.1054299845  -0.8150322403   0.8777692372   2.1193099106  -0.8214389080   1.9249991225   0.8287374657   1.4341933872  -3.1977154977   1.5872806769   1.8181877099   0.7446161593  -1.6916464372  -1.9608831148  -1.1582211043  -1.3423749842   1.5406288010  -0.0431358073
 1.5826455685  -1.3097609595   0.6651299205  -1.1496078845  -0.6327593826  -0.6486274977   0.1257760106  -0.5980240584   0.6812186563  -0.2657774234  -2.1810909424  -1.5481560643  -0.7411015716   1.7757230099  -1.2529611089   0.4313249285   0.7081313170  -1.0918941273   0.9454451424   1.0882813571
-0.5787340107   0.5637431795   3.0249157862   1.3099476699  -4.8055254651  -2.3823653100  -1.2272628920  -1.3968448381   0.6895454249   0.5701864241   0.3604167266   0.3416736487  -0.6829771593  -0.4106809103  -0.3171821507   0.8306643590   4.1319338751   0.3079193487  -1.5559283795   0.6494636884
 0.3755362728  -1.6157302482  -0.3126972582  -0.3250555718  -1.0323290533   0.9686000269   0.3124289376  -2.2320902737  -0.4293942299  -1.5276545822   0.9898341318  -0.0831161994   0.6384137843   0.8092793457  -2.1547857258  -1.4054609530  -0.4406064245  -2.0955967425   0.0147976796  -2.1487815574
 0.9557345380   0.8327765550   0.4132134158   0.0463024934  -0.4860805368  -1.6756624037  -0.9677202492  -1.5068403594  -2.0839438052   0.4193615662   0.5762488784  -1.2565641148   0.9566385763   0.2588070043  -0.6685308591  -0.0248851690  -1.5539839824  -0.7832642903  -1.7532106627  -0.5071122393
-2.2997065348   0.4258567337   0.9383718894  -1.0547270736  -0.6910532197  -1.7635087650   0.5227414178  -0.2025285153   0.7280772226  -0.6438782012  -0.8315257165  -0.9187508491   0.4407028393  -1.2816972243  -0.1981552305  -0.1460904049   0.2392780507  -0.0294606499  -0.6854300246  -0.2074853087
-1.2329469253  -1.3421343470   3.0097385057  -0.1231320539  -0.1482894489  -0.0640128923   0.2804129406  -2.4394285859  -1.2239868811  -2.3509551490  -0.1208476128   0.1220852463  -0.4091228165  -0.1370268867  -2.6126510573   0.4334991303   2.9951024794  -0.4483430918  -0.1841282150   1.3317556372
-0.4056161141   0.0456521342  -1.1462633493  -0.0880058423   0.3489519882  -0.3080497726  -0.2874448596  -1.3762614318   0.2435852452   0.2233800194  -1.1477737296   2.1377402983   1.2090713235   1.1238836342  -2.2523104281  -0.3155491503  -0.7039582908   1.9270776060  -2.0169211153   0.6420023880
 1.0228527712  -0.1758172117   0.0757773250   0.5036516946  -0.1806861033   0.0288320519  -2.4086831696  -1.6316982322   0.3296941003   2.1124441297   0.9085673028  -1.2746901959  -0.6934942240   2.7967226974  -0.6759965764   0.2128802175  -2.3429239856  -0.2026266007   0.8624998427  -0.9412419384
-0.7971066189  -1.2771332993  -0.3185354161  -0.1699730977  -0.0930188113  -1.3030926193   1.0062249691   0.9533663194   1.7444536877   0.6885843158   0.2096807826  -1.2358985037  -0.8710382422  -0.3115845450  -1.6735706334   0.5973404854   0.4114203882  -1.1843950778  -1.8111765307  -0.2593011821
-0.5448594108   0.4113548907  -0.9735359481  -1.3426249538  -0.1424526900  -0.5742253999  -1.6746298393  -0.6656394457   0.5033613136  -0.3442793002   1.4607425138  -1.0368203728  -2.9918137285  -0.8884057690   1.2609071616  -0.8868104469   0.1018302553  -0.4488481570   0.0478826907   0.3639109339
-0.0797387890   0.1946105863  -1.5604245760  -0.7047686748  -1.3978257791   0.0800439675   0.3526232884  -0.1043063387   0.4969958164   0.6227685896  -0.2714569783  -0.9940321416  -0.3724426572   0.5113830777   0.2113784647   0.4561870638  -0.2879679179  -0.4821707866   0.0833253041   0.8109091249
-1.4074623283  -1.1782007942  -2.0148062115  -0.9868681162  -2.3453520910  -1.8334419323  -0.7070262130   0.2074839453  -0.0917308636   0.8398497738   1.0293496808   0.0355648175   1.7874694471   0.6032684426  -0.3206528612  -0.9294573133  -0.5720208773  -1.4725168853   0.0144888253   0.0417035816
 0.6505456673  -1.3803855633  -0.1262752627   2.4023189822   0.1767867947  -1.4134491770  -0.2592402542  -0.2810174620   2.0438139213  -0.4244236200   0.1427735746  -1.7034553848   1.7698831976   1.6652015490  -0.8884566641  -0.9931103680   0.7857560371  -0.2671567304  -0.1576178519   0.8831585130
s3
-1.5378068522
 0.1565610462
 0.2415919332
 0.1838986604
 0.5321723477
-0.4268496406
-1.2008478404
 1.5815257562
-0.9131358292
 0.8606281415
-0.1343237723
-0.3057042658
-1.7480744815
-0.7167221269
-0.7044515514
 0.6662896307
-0.2855927669
-0.4523708660
 1.0584997330
-1.2813414618
w4
0.6441471937  0.3414306704  -0.1698056554  0.1404063613  -0.4370898914  1.0773907826  -1.1977807848  0.1590335043  -1.0586577554  -0.0645625045  -0.1068941747  0.2561048349  -0.9842705105  -0.0143623311  0.0070484421  0.2628155139  0.9049619932  0.6690564222  -1.6337460249  -0.1635878830
s4
0.9277638273

