layers: 5
str: {2,20,20,20,1}
w1
-1.2853397482  -0.4063013873
 0.5560819544   1.2872389527
-0.6701557510  -1.3189002921
 0.5394963423   1.2059794840
-1.5466436765  -0.3963943221
 0.5222223195  -0.2356988415
 0.4593729162   2.0025009386
 1.7414354683  -1.6026736275
-0.9513009700   1.9377289099
 0.2924739048   0.2532991034
-0.4581284838   0.0398089325
 1.0295539550   0.2455121662
-0.7908047057   0.4910883049
-0.8923080700   1.2438800871
 1.1712772849  -0.8274777810
 1.6191649129  -0.1131284813
-1.3282674399   0.9819705956
-1.2814711227  -0.2226070586
-1.2362703565   2.4454679270
 1.4000038552   2.5241738480
s1
 1.4549067821
-0.6518140913
-0.4834015520
-0.3330058473
 1.3348558750
-0.6169522554
-0.2579299363
 0.0454541466
-0.7197104636
-1.4478855036
 1.0745022258
-1.3003650355
 0.3452089417
-0.4336727185
-0.5526222323
-0.3767655800
-0.6160371738
 1.1665045212
 0.0741801612
 0.5798313520
w2
-0.3597300365   0.8804284290  -0.7502454280  -1.4365492290   0.3412536517  -2.2115759506   0.4307400589   0.7579195308  -0.2592365896  -1.4027324247   1.1495457933  -1.8771789294  -0.1648898497   1.2559580817  -0.7544865526  -1.1284861399   0.5403853505   0.3813379438   0.5987107074  -0.4473655303
 0.9777463864   1.1093959106   0.9349172527  -0.6237409232   1.1513614474  -0.1344932340  -1.6410613674   0.2352232288   0.2914902192  -0.1013753370  -1.8599874375  -3.8781952651  -0.9979244089  -0.2152428640  -0.9272511076  -0.1425160089  -0.8569779487   2.1167082294  -2.3830541317  -0.4926661201
 0.9456156320  -0.3926074463   0.1097076266  -0.0667253863  -0.2902714046   1.2942595544   0.6527640214   0.0739378900   0.7441424756  -0.0726010958   0.4079581150   0.6879594286  -0.5695327630   0.4742085554   1.0104866443   1.1498336886   0.6722631328   0.0649520796   0.3917214864  -0.8861522681
 0.8121714027  -0.4811445088  -1.6980332889   2.4536638503   0.0850718364   0.8391885355   0.1251857467   0.4625553598   0.3591023809   0.8528677929  -0.0719668028  -0.5904358182  -0.4303528691  -1.0361079513  -0.8225297118   0.0086174052  -0.0832095492  -0.6556295139  -1.4183982652  -0.4475049669
-0.9435728565   0.6043932110  -1.6942922023   0.8449565428   0.1228370331  -0.7176815200   0.0418360597   0.5517461772  -2.7034702686   0.6217493682   0.6779120619  -0.8286939595   0.2811236299  -0.0376154041   0.2118630207  -0.3691478039  -1.3137409156  -0.9790217494   0.6347901980   0.5047126190
-0.5209900251   0.1755465793   0.7219492029   0.4782553266  -0.4482692941  -1.2031221351  -0.0410063677   1.4699705237  -1.8924005836  -0.8628254545  -1.1218161208  -0.0188463135  -0.4433244374  -1.0800482323   0.1940622507  -1.0319770879  -0.7728357970   0.9525473097  -1.4582888677  -1.3164421140
 1.0813881069   0.1309546139   0.7609389411  -0.6747346877  -0.5933778419   0.5911360877  -1.4614403363  -1.3137939491   1.8986294895   0.1139825780  -1.0211383279  -1.9971521771   0.6408344394  -1.5563510347  -0.0923238352   1.5329365788  -0.0218122735  -0.6546890104  -2.3693081822   0.2551015992
-0.5847636313  -0.6792476990  -0.6800353218   1.1381374433   1.2909763583   1.5688225504  -2.7517489144  -0.7579952041   0.8580481366   0.6126336861  -0.6041499786   0.2166704612   2.0846488305   2.3051023493  -0.3158426673  -1.0254971761   0.1407840411   2.3166743948  -0.7447792617  -1.1825023370
-0.6932298095   1.0012118186   1.3592253242   0.0476078175  -0.0441534855  -0.5950904084  -1.1399536288   1.6339048998   1.3569295775   1.9949365023   1.7357251515   0.2656316855   0.2287407390  -0.7302164744   0.1658091954   0.7468304055  -0.0997362251  -2.4363410106  -1.8795660335   0.2257792373
-1.5553093217   0.5971090276  -0.6648815180  -0.4241048791   0.4159753377   0.5041532365  -0.9016992713   1.8234373679  -1.1923758906  -1.1096047298  -0.8956954147   1.3058221737  -1.8548160063  -0.6210534040   0.5853758909  -1.0646271608  -0.1996265024   2.2759635896   0.0656092707  -0.4519232966
-1.3409013702  -0.1494134682  -0.9058062280   1.0402582292  -1.4350122979  -1.2777298429   0.2018052627   1.0098943330   1.9752815131  -0.1547291415  -0.6123123783  -0.0037098920   0.4869404529  -1.5027332365   1.2277592020   0.7823012068  -1.9664208593  -0.3151118752  -0.7300109231   1.3685111248
-1.2846256463   1.3142759565  -0.1583511017  -2.6868511543   1.6514419417   0.9472994460   0.6003265701   0.6304094647   0.1865775064   1.0006571321  -0.8211337620   0.7211952443  -1.3555382271  -0.3511791477   0.7667341353  -1.7186475196   0.1578579439  -1.3446763290   1.3436243469  -0.1431622317
-0.2070466181  -0.7078200462   1.1177314318   1.0319199264   0.1578297731  -0.1703463526  -1.1661789644   0.8841149637   1.1622364081  -0.8221474257  -0.2698583610  -1.5908841571   1.1029540617  -0.8561989975  -0.2639402616   0.2385465301  -0.1092401829   0.1662417936   1.3685080450   0.6636681380
-2.3469624818  -1.1579315625   0.4172927267   1.5384326058   1.5192608150  -3.0177818520  -0.6775281291  -0.9017140070   0.1882984774   0.4494844793   0.4463666593  -0.0664843094   1.1332788130   1.1185678252  -1.5055187038  -0.2201239107  -0.1579795286   1.1774308190  -0.4914647155   2.8045441894
-0.5005301308  -0.0893910795   1.6852104459  -0.4418553720  -1.1781114435  -1.0294337837   1.2756604336   0.5148807103  -0.8813562563  -0.6830428226   2.2669460349   1.5496028180  -0.0200731599  -0.5380001345   0.6628940852  -0.4790232749   0.1362969764  -0.5184643748   1.2225169618  -0.3806379322
 0.5501011756   1.1959081878   1.1170101806   0.8059070395   0.9265933677   2.2536870632   0.4491772227  -0.0497242332  -0.3094941511  -0.9398805313  -0.7826025500   0.5649282106   0.5773630591   0.2694458744   1.3949241475  -0.5937408590   0.9331375582  -1.0500446063   0.8134257683   1.7853603598
 1.5877075977  -1.3900638332   1.4245887173  -1.1895201732  -1.6091545425   1.5884836426   0.1130526465   0.9423700262  -1.3097539389  -0.3689980999   0.8160310278  -2.2515979463   0.6240998152  -0.1002684537   0.2649678203   0.0510429639   1.1293574407   1.6043589304   1.3872445709   0.5796660412
 1.9060958145  -0.5074579139   0.6422460567   0.0840706924  -1.1401084493  -0.5752346050  -0.5993539552  -0.1705501144   1.4645998738   0.0318535423   0.8468552433  -3.0182097624   0.3635385309   0.4896910043  -0.1067622869   0.5026555657   2.0911549726  -0.6974965170  -1.3159350983  -0.3019130001
-0.1432906851   1.1811735561   1.0608495574   0.0961534022   1.0148908353  -0.1023416412   1.1990626181  -1.3028434979  -0.1087465819   2.3023403778   0.7951953547  -0.6595559591   0.5421526189   0.4740191367   1.4526833945  -0.1820801275  -1.2783178538   0.2197242012   0.3267734829  -0.5854135600
-0.7687076967   0.6998003757   1.1149753410  -0.3716272014  -1.0497310869  -0.4504036365  -1.8069330055   1.3628838460  -0.9525715844  -0.8895328761  -0.1237427176   0.5063168675  -1.0894184489  -0.9308154192  -0.0283909457  -0.8720707897  -0.1013119619  -1.6768252508  -0.1167997428  -0.8885806726
s2
-0.8871017678
 0.6252663746
 0.5317984639
 0.6069749461
 1.0259405490
-0.0360405869
-0.9540475541
 2.0904585166
 0.1304291119
 0.8556345117
 0.2538641382
-0.0560194726
-1.4292662573
-0.4147828264
-0.0867126558
 1.6367409157
 0.1039785253
 0.4626427634
 1.5603967601
-1.1075854666
w3
 0.4829925425  -1.1662563011   0.2267960291  -1.3412097368   2.1340511637  -0.4663144861  -1.4302638365   0.3538770022   0.6624475268  -0.1208764474   1.3543694454  -0.2298821293   0.1768955390   0.8200745689  -2.0574923747  -0.3722068805   0.9533840479  -0.7204354939  -1.4408988963   1.2149493567
-1.1566771104  -1.9186656449   0.5731204046   0.7895419943   0.8841986478   0.9981925271   0.7282843776  -0.4849456419   0.2798476813  -0.5281148628   1.9187034574  -0.0447586542   0.0217200386  -0.0356089827   0.2212424405  -0.4860370475  -0.3669231309  -2.2489883990  -0.6156101011  -0.1361449459
-0.5996932779   0.7460960275   0.4501011235  -0.0832243021   1.4929381348  -0.1438100999   1.0242240601  -0.6025705949  -1.3863685688  -1.3313475234  -0.7698310065  -1.0374171143   0.6088103005   0.2462215687   0.2395357326  -1.9179233174  -0.7897925128   0.1055022631  -0.4799106840  -0.3868185159
-1.6461439067   0.5887975216  -0.9064015224   0.4911913127   1.3520935106   0.9133984648  -1.7708591615  -1.0497074309  -2.8458774548   0.2419034975  -0.8446678950   1.2505881126  -0.2556106560  -1.4305678865  -0.6317664425  -1.3383818924   0.9742908946  -1.9825825697  -0.0804120661  -0.1107020720
-0.9978502615  -1.4368124612   2.4155887085  -0.2069069191  -0.6452961043  -0.6749674553   0.5367669755  -0.0597517155  -0.7423092908   0.6829430570   0.0751778150  -1.5719530913   0.1534282185  -0.3333425665   0.5065246140  -1.1751114446  -2.0704282110  -0.9677862359  -1.1751122105   0.4393635077
 0.7785613805   0.3986542018  -0.5780602143   0.0178804226   2.1064496880  -1.1366290437   0.5446001174  -0.5781330069  -1.5823497790  -0.7776708318  -1.4798844214  -0.4680325641  -0.0736603773   0.1991359560  -0.8920596403  -0.7356646709  -0.4186128627  -2.0191584407   1.5645756821   1.8334870729
-0.9417620374   0.2246922542  -0.5018439972  -1.5452709959  -0.0357485954   0.1427047022   0.0561644210  -0.8584821800  -0.1978896260  -1.6846572283  -0.3886364717  -0.3840869436  -0.6769197509  -1.3095164043  -0.0352647345   0.4388792052  -1.6977930851   0.9118933278  -1.3340563673   0.9833561237
 0.4021357301   2.2934915058   1.1464637330   0.2848391791  -0.3372143201  -1.0556089007  -1.8507359233  -1.9061893535  -1.1923809279  -1.1203587677  -0.3240405854   0.0139802147  -0.4922775322   1.8436279136  -2.3017914399   0.5545403518  -0.6858579657   0.0869720606   0.0076332602  -0.2775876792
 0.5835581252  -0.5817257470  -0.9126181563  -0.9146010757  -0.3953735372   0.1616010196  -1.7539679820  -0.0304989150  -0.9390877842  -0.2577845941  -0.9507230163   1.0419855330  -1.0327229360  -0.4242776012  -0.9032561950  -0.2446224237   1.1727714638   0.1834441577   0.2596271117   0.5151979345
 1.2366338260  -0.1679734304  -0.9893807182  -0.1365275692  -0.8706755323  -1.7494141652   0.3266578731   0.5000153451  -2.6387218796   0.1457874492  -0.4687956196   0.8115733418   0.3005858185  -0.0193421784   0.2141834448  -0.1635409125   0.0215249839   0.3340339666  -1.1195752216   0.3295601347
 0.6792512578  -0.8328497694  -0.7659062247  -1.2110879036  -0.9308645231  -0.1636831674   0.8231376278  -1.5149745793  -0.2779299013   0.3425417169   0.9527561691  -0.1517060032   0.4922669041  -2.7546547457  -0.4693696838  -0.7440888847   1.5054957105  -0.2355276275   1.4085729545  -0.4293138498
-0.2180265366  -0.4423079684  -0.5026488059   0.4760419620  -0.8450032681  -0.3083890537  -0.7323772308   0.8787965126  -0.9885784680  -0.3595084691   0.0164638328  -1.1756723209  -0.5527795800  -1.3170939768  -0.7776714939  -0.8812190600  -2.0446945376   0.9280259937   1.7495767157  -1.8174665685
 2.6769260314  -1.0188938523   0.4271040345   1.3878274367  -1.2905265636  -0.0386292570  -1.0270470994  -1.2960693883  -0.2670498284   1.0716659118  -0.5697748847  -0.4170334019  -1.0073275892  -1.6374895071  -0.8899159230  -0.5857796100  -0.1722621544   1.1849382515  -0.6908890239  -0.1712137498
-0.5350046409   1.1481400546  -1.8936212521   1.8224774109  -1.9622340938   0.4968152867  -0.2636328708   0.1561331067   0.9795552524  -0.8154040940  -0.9731791169  -1.5747715846   0.4921395809  -1.6502087811  -0.7314590830  -3.4902757527   0.1368254548   0.8301727120   0.1080098838  -0.1403763880
-0.1896966233   2.1233012307  -0.6523982422  -0.2285759569  -0.6116983643  -0.5947062334   1.4945428009   0.5842381628   0.2415540308  -0.2441246273  -1.5061093627   0.8000950065  -0.4046230363  -0.1909479750  -1.2875227352  -0.9823599473  -0.1830860388  -1.2890819690   0.3173049819   0.3654629469
-0.6963170400  -1.7193700886   1.3791432562   0.5839272507   1.0698725603  -0.9929627142   0.1063585801  -1.2174562816   0.1578397773  -0.4080127252  -1.8818276647  -0.0179894733  -1.9816559824  -2.1473247492   0.8964828281   0.2258097749  -2.8715700447  -2.5523712912  -0.2786723648  -0.6110127057
 1.5230700139  -0.3068142440   0.3778659088  -0.9948431674   0.5513548429   1.1804572413  -0.2015634998  -0.3059281474  -1.3244561189  -0.8653961759  -0.1999415652  -0.9581520520   0.9203558556   0.4006820642   0.9411760644   0.2402076474  -1.9865984018  -0.5994944214  -1.1284363588  -0.6713506321
 0.4063690881  -1.3150426803  -0.4781605766  -2.7757969967  -0.6500411207  -1.1735980335   0.3733695223  -0.9877818791   0.5062997531  -0.5638743210   0.6896423162  -0.9186640916   0.2764475893   0.6897604887  -0.9440317783  -0.2353631265  -0.7914093284  -2.2344354646   2.0967625370   0.3757936211
-0.7858449500   0.3272603040  -1.3581496243   1.1592083079   0.3600090321   0.9132575713   1.1454964127  -1.5112918179   0.7454350948   0.5268382817   0.6590794231  -0.4336005006  -1.2419928891  -1.1077436342   0.4011124885  -0.7961798288  -0.1304528564  -0.9539830082  -0.4662205802   0.3984291617
 0.2845279758  -0.3276349651  -1.0946004917  -0.7567742181   0.5751674157   1.6432317347   2.0429410080   0.1890069810  -0.9103898332   0.4841222877  -0.1001799324   1.4742087747   0.3162783012  -0.9488845538  -0.4326499192  -0.7415131238  -0.6427023564   0.6976267936   1.0959385911   0.2715397535
s3
-1.0568492678
-0.1875743671
 0.2954289762
 0.5169879810
 0.6629388050
-0.3389746328
-0.6636732309
 1.7883366474
-0.5921804392
-0.0090409457
-0.1218628830
-0.2378473077
-1.5415396127
-0.6913990846
-0.3999701344
 1.4405597404
-0.3282253595
-0.5683557259
 0.7189717989
-1.5119719430
w4
-0.6440699499  -0.5672469811  -0.2273447231  -1.2613477131  0.1962231798  0.1268553433  0.0242912531  0.6239504087  -0.2463847532  -0.3474945273  0.4057916589  0.0325954262  -1.1737084789  0.6618418604  0.3455414584  0.9479022479  -0.4067635976  -1.9794444318  0.5963086101  0.2526632579
s4
-0.0752459818

