layers: 4
str: {2,20,20,1}
w1
 7.3022039599   1.7953141658
 4.1490337626   1.9308543061
 7.6212068268   1.9203295307
-3.2741898803  -0.2616611372
 3.5573733398   1.0479307141
 6.8013785692   1.8933972787
-1.4520582619   1.4698983054
-5.2927636221   1.7942780110
 8.6015334396   1.9406648792
 3.9112620931  -2.0232777191
-0.5361658627  -1.8028963408
 2.3844657714  -1.8379970256
 3.3696361495  -1.1061844029
-6.1414490362  -1.7943197128
 6.9761103496   2.3799655574
-2.8965050880   2.9740767565
 5.4231623274   0.2799566356
 2.6006176575   2.2042610901
-4.1089957176   1.9681057158
 2.2814843355  -1.6191601187
s1
  6.0001505925
-11.2467261518
 -0.4594541325
 -7.3195206503
 10.2196115229
-11.1939687105
 -5.9077695722
 -6.4905335956
 -6.3695450253
 -6.2692075746
 -2.6060138569
 -7.0052166407
  1.8445726953
 -9.8405223274
 -5.3625900645
 -2.0176990608
-13.5937105522
  1.9464515561
 -0.2352634885
  4.5354778518
w2
-0.8954288103   3.4163341956  -0.1310936490   1.3751342488  -2.2697523193  -2.1698440785   4.1711539301  -2.2512056540   0.7284095812  -1.9518351421  -1.6659107466  -0.1601271352  -2.2968474033   2.8024718162  -1.9244124403   0.8350029677  -0.7782949081   3.2530278002   0.0435555427  -7.5186087465
 3.6564328156   0.1118631633  -3.1638418173   2.6663969419  -2.7955156173  -1.2113782045   1.3972068735   2.6458064121  -3.3423607715  -1.7353243094  -1.5579122835   1.1286811774  -1.7634863462   2.7901670263  -0.4130793811   1.6051560137  -0.6674248612  -2.2422501787  -1.2421495443  -2.7023450063
-0.4305952088   0.6318812083   0.5576630222  -1.4848328615  -0.4011300510  -0.1799817049  -2.5128351372  -1.1941957363  -0.7059174859   0.2518076218  -0.0851795814  -2.2803703506  -0.5525054834  -1.7552546946  -1.2818036596  -0.3823408417   0.0663956782   0.8670178062   0.2230536787  -2.5390488354
 0.5389223040   1.3945109049  -0.0213460009  -0.9942956292  -0.9818389038  -0.9153361737  -0.4663633824   0.7091134066  -0.6073595906  -3.1162932546  -1.4730868469   1.2260393530   1.4643576217   0.3474268159  -1.3074644463  -2.9415188726  -0.0697705264   0.4852857377  -3.4204780349  -0.8890979847
 1.1891304166  -1.0052546441  -0.9677925835  -2.9791180132  -0.2648604628  -0.3510308575  -1.7351566050   0.7120920935  -1.8573359179  -1.9501025655  -0.3756238625   0.9977709447   0.1062752351   1.0574569979   0.0772854144  -0.1040539387  -0.2438184597  -2.0452294767  -0.4417055051  -2.2298402727
-1.5359688025   0.9846428469  -2.2123824189  -0.7896177471  -0.7919767194  -0.7485579667  -0.1876738326   0.2879054673  -1.0459159724   0.5544667031   0.4982296706  -0.8044685882  -1.0290263330  -1.3213090670  -0.6088546231  -0.1466573968  -0.4488774121  -0.9013771799  -0.7712980435  -1.6155981338
-0.0829746023  -0.3030294691  -0.5487475913  -1.6859459385  -0.5708210253  -1.7118749161   1.4992451163  -1.8419951848   0.7825830338  -0.3704062923   2.4122040511   3.0775518764  -1.0504570988  -0.9048016689   3.3991799551  -0.0169953930  -0.9407247332  -1.6053110286  -0.5472747297  -2.7531495137
-1.5523919037  -1.4350066659  -0.7903915036   2.9348950044  -8.2473712122  -2.8613305384  -1.1005150133  -0.8903550047  -0.8172012217   1.1724246472   2.3164116096  -0.0055314141  -2.7245078259   7.1417764458  -0.4206070423   1.0903650324  -0.4831333129  -2.4362645591  -0.1436175409  -2.5503553559
-0.6608256192  -1.8559447570  -0.6509359984  -1.4635661990  -2.7104170524   5.3765539468  -0.5440713463   0.7083156917   0.6303903477  -0.3340524688  -4.0875697863   5.7307219522  -1.0591963544  -0.1736588494   2.0383936570  -1.2425054521   5.0459166310  -6.7964039284  -0.2768629038  -2.6134553184
 4.0340223028   1.7256820436   1.1114076725  -1.3708848500  -1.4436657405  -7.8695844120  -0.0079034660  -2.6343819147   6.3583435619  -6.6871400949   1.3378410192  -2.1741079275  -0.3317937720   2.4864273988   2.5088034078  -1.7948718367  -3.9078680742  -4.5314173825  -4.0850762249  -0.8675067896
 4.9189579308  -0.0015058281  -6.1835916629  -3.4438668071   2.5578522534  -0.5257176127  -2.7748091323  -0.2566513014  -3.2935073918  -1.0117358757  -0.5710020020  -2.1061151159  -1.5130908483   5.6358946530  -2.5250255842  -0.8020443483  -2.3787593894   0.3848009456  -3.3923632260  -2.2631487504
-0.1362019990  -0.8787282789  -1.0167794154  -0.5570204114  -1.6080297242   0.0598320406  -0.4881434143   1.4538621213  -0.7580864852  -0.6617925836  -0.1340564918  -0.8296803754  -0.8324330466  -0.1515452018  -0.2677033643   0.1314293132  -0.6977485128  -0.2805733307  -0.3826080018  -0.3131730855
-5.6038319863   1.3440707134   4.5891471764  -1.5812226248  -0.0010151962   3.1632675180  -1.3901755507  -3.6588507933  -2.5779133461  -2.0027085410  -1.2474099168   0.5216089238   0.1805809001  -4.0225518450  -2.0979459825   1.1932511767  -1.4293303302  -0.4300071814   3.5605148204   1.7381842778
-0.4501511986   2.8351820385   1.1350434813  -1.2029042614  -2.4791007011  -0.5157498356  -1.5661196727  -0.8974887039  -0.0137677892   0.9239562589  -0.7448489363  -2.7877424854  -2.5377688371  -0.5151655829  -1.4799719839   0.2848769498   6.5628183479   0.2766117352  -1.2513668247  -1.2479491161
 0.8616226432  -3.5259168744   3.5211187443   0.2994372304  -1.4243994515   3.8273477822   0.6466120338  -1.2006994947  -3.2408572481   5.2266498354  -4.2378748203   0.3195323981  -1.1344720461  -1.2736769700  -1.5635542036   0.7878481357  -7.4311587648  -2.0765473104  -1.8333731064  -0.2243605815
 1.0376654453   5.9710504624  -2.3800216124   0.0051346382  -0.8202161639   2.3298093295  -1.1217182076  -1.2457350130  -0.5223227678  -1.6446517676  -2.6599979294   2.1595936365  -2.9412822541  -1.3568541763   0.6963790288  -1.7828809982   0.1600315668   0.7127998878  -2.2791476913  -0.7785703780
-0.9070684284  -1.8624504208  -0.0393907112   0.0633836272  -0.9892452517   0.4353490397   0.3927800527  -0.2438611999   0.9119054387  -0.8084951952  -1.2649780424  -0.7816323453  -1.5320156822   0.8333710892  -1.2500983093  -0.0850621585   0.1832603780  -1.2958987761  -0.8786972917   0.2019342345
 0.6569571484   7.5710168052   0.5608748956   0.1136251751  -1.2210157621  -6.7357701898  -0.5119799986   0.3050463763   4.9866692721  -4.8052694499   2.8001805469  -0.5047319479  -0.8619192730  -1.5233528833   3.3260093600  -0.8403460249  -4.0614212393  -2.6963259010  -4.6604638258  -2.5100784552
-0.9283936651   0.4724562333  -0.8447117236   3.0155757796  -6.6430744001   0.1145328148  -1.3003929690  -0.1977076697   0.5285410556  -1.0404031129   1.0080354262  -0.7818490701  -0.7566278100  -1.4245461446  -0.3068590600   1.1660848967   1.1541650684  -1.8277931694  -1.7066443616  -0.6275104683
 1.1071284766  -2.7457001455  -0.6828525016   0.8009268276  -0.9155942769  -2.0800372364  -1.0547618860   1.7365259418   0.0456468827   1.8191825417  -0.7284704012  -0.9142459837  -1.3004532958  -0.2950479480  -1.4689061770   0.4301422377  -1.3865775181   1.4660905875  -0.5200806997  -1.0952825971
s2
-2.1042753716
-1.0023644370
-0.8736956154
-0.4711826752
 0.2720164436
-1.3401868658
-1.7243826939
-0.8212878804
-2.1008816517
-0.2860606789
-2.6185002606
-1.5009038473
-3.2477485563
-2.1295681170
-2.2137485312
 0.4403247529
-1.1659585002
-1.4706157772
 0.0212239528
-2.8606552215
w3
2.5880578210  -2.9614524172  0.3853864425  -1.6436988932  -1.4021410725  -0.2039949407  -2.6610315152  3.0463906063  -4.2562380302  -0.9874100873  -3.5215954614  -0.9112210019  4.0655529393  4.2998198898  5.3547450838  -1.5615897662  -0.5530250015  -5.0966294624  -3.9771554152  -1.2567657497
s3
0.4387440816

