layers: 4
str: {2,20,20,1}
w1
 0.9127761254   0.2300702975
-2.1490721552  -0.5220676602
 0.9286519590   1.1802914709
 1.8496341613  -1.2698131575
 0.7027019017  -0.3726561900
 2.6912515983   0.3962476860
 0.6170492089  -0.1497024645
 2.0091357702  -1.0475546589
-0.7469512162   1.0453596091
 1.9684365955  -0.5160217524
-1.3015084566   0.7046558402
 0.3019321429  -1.2564708694
 0.2596369025   2.0841641932
-0.0422116191   1.4121931069
-2.2883950539   2.0484636421
 0.6665763010  -0.0864431104
 1.7193651177  -1.7616350957
 3.3292723938   0.0264103500
-1.9187993073  -0.5071518033
 2.9739634756  -1.4346556187
s1
 2.1886643479
-0.3523304036
-0.7759912724
-0.9797544007
 0.6673103354
 0.4653897190
-0.2745028245
 0.5664011444
 0.5263279337
-2.5026744031
 0.6150504328
-1.5627756519
 0.2904213925
 0.1236766950
-2.5746320946
-0.9608973379
 0.2546025557
 1.5254382340
 0.5677833915
 0.0993209054
w2
 1.0744821507   0.1657130806  -1.5053018765  -0.2184605242  -0.0444202293   0.6765872611  -2.5995736432  -0.4996858603  -0.6144019858  -0.8272795329  -0.6483677121  -0.0349325288  -1.0297440037   0.4304458424  -0.0297448664   1.9696052816  -0.5321231207  -0.0804597103  -0.8777990115  -0.4245739469
-0.8445773923  -1.2631328382   0.1057807086   2.6380745360   1.6073491468   0.8602933368   0.0129408327  -1.3585158630  -3.5565577083   3.3865562714  -1.3449293275   0.9666673868  -0.2593376900  -0.8772504875  -0.3212482273  -0.0833316971  -0.0712761889  -0.4920990440  -2.2026194912  -0.9837674297
 0.0793759788  -0.0014269455   1.4244208940  -0.9639946607  -1.9290067680  -1.3812913823   1.1634618663  -1.3951491051  -3.2035247237  -0.6312053402  -0.6463482939  -1.2369398622  -1.1782992885   1.7773553529   2.1176353608  -0.3324606641  -1.4826812245  -1.1612108038  -0.5349815947  -0.3858714546
-1.1195459540   1.7502080082  -1.0957260260  -0.9272718614  -0.1311621171  -0.9687929340  -0.4802006519  -1.6457993183  -1.1779205110  -0.3248434830  -0.8211248459  -0.7418850597  -0.1795267198  -0.7162803900   0.3742629255  -0.9536412999  -0.5118751939  -0.4667548617  -0.7150820474  -1.0768190322
-0.9032780564   0.9869652933  -1.2056165941  -0.6519635865   0.9960700116  -1.6019363839   0.4604817839  -1.3131556617  -1.1577626966   0.1280109804   1.2310982802  -1.3732409363  -0.2077946391   0.4667439521  -4.1432984380   1.8604988130   0.2027132757  -1.3141388775   1.2141002048  -2.1127903509
-2.0154702576  -0.7173804309  -1.2499051633   0.8163186696   1.1871617344   0.8629007205  -1.0416902794  -0.1470427148  -1.7092173605  -0.4997708904  -0.7653261310   0.8885490995  -0.6367349169  -0.1974544180   0.9463531359  -0.3401728127  -1.5497121318  -0.0558820135  -0.0481372310   0.7669158910
-1.0237087359  -0.2274079086  -1.2669890468  -2.0665709375   0.3271745757  -0.5554491142   0.1262238953  -1.9962572037  -0.6547517146  -0.6572990482   0.4304539506   1.5524731796  -0.5847827131  -1.8941983967   1.3215736922  -0.6053449453  -1.5673278228   0.1118817606   0.6860085137  -0.9333512697
-0.5284817705  -0.3568813743  -0.4586755802   1.0456726212  -0.4547576865  -0.0414404172  -0.8399520101  -0.6954496375  -1.3103306726   0.0948680584  -0.2932633829  -2.4786612528  -1.6089081829   0.4352973271  -1.0298451675  -0.3930265020   1.7037520960  -0.6879683641  -1.0504466995  -1.0662400068
-0.4690959270  -1.2420029184   2.1600885023  -0.1753183273  -2.3441374199   0.4691258005  -1.2883099451   1.0906912747  -0.9947955094  -0.9399886313   0.5301541930   0.6311294913  -0.5277823822  -0.0895056339   0.7299152303  -1.0865167518  -0.8556211234  -0.8186949675  -0.3766330419   0.3137780371
-0.7941720728  -0.3806418062   0.4737268094  -2.0407057587  -0.6964269842   1.4755080358   0.3311428984  -1.4711946829  -0.4334936907   1.7834179670   0.1368851223   0.8119861562  -1.0227647759  -2.4869200737   0.4057271832   1.1992234909  -0.3489063244   0.2001391739  -2.2680485305   0.4869618781
-1.7695449234  -1.5462068953  -0.3272367127  -2.5640583843  -1.4997313040   1.6917581291  -2.3080577498  -1.0100025639  -0.6288831374  -1.5708071489   1.4561502244   0.0432579686   0.9227833021   0.9655312693   1.2288008562   0.6824124299  -1.5138038455   2.1793800122  -1.4259518085  -1.2544317397
-1.4968803339   1.1267879291   2.2021374780  -0.5584819937  -0.8664729714  -2.1464767292   0.3182964283   0.6235741824  -0.3404262143  -0.2337485913  -2.2030375903  -1.1890993329  -2.1392552708   0.3273131196   1.3374013104  -0.5556078790  -1.0900123407   0.6711775351  -1.0322067220  -2.1747100692
-0.0877617520  -2.1879541397  -2.0421005307   0.6113449706  -0.7015692722  -2.6428943927   0.6312171814  -0.4715337100  -0.7400200063   1.5369788060   1.6610935503   1.1282032297   0.6537093462  -0.2060088280  -0.4414137963   1.1989842468  -0.5474382324   0.3402142158  -1.7872686681   0.0291489437
 0.0457069389   1.2715927287  -1.1457401433   0.1359440568  -1.5165183318   0.3936518129  -0.3187252523  -0.5759575901   0.1616655149   0.2504418907  -0.2796985317  -0.6959563080  -0.9134325617  -0.7161760894  -0.7622271969   0.1214129873   0.6274890876  -0.7674725126  -0.9436547872   0.4114458881
-1.5296539757  -0.6908229974  -0.6599970100  -0.8301029892   1.5661274125   0.9666845587   1.5804227205   0.1861865323  -0.3065570468  -1.3757257135  -1.2844532095  -1.3198921514   0.5309320677   1.0684154621  -0.9253878645   1.7120938356   0.4004606228  -0.9508065623  -0.1038645439  -2.8538128074
-1.1559505988  -0.1693551627   1.3481406046   0.3323451999  -0.0708237391  -0.1176220189  -1.3536050459  -0.4729701442  -0.5552393944  -0.0446432093   0.6679076982  -1.1461971382  -1.6178832494   0.2405595876   0.3623013157  -2.7761275432  -1.1190823648  -0.9217169125  -1.2356373719   0.1621962793
 0.7069026571  -0.7459989121   0.0082951995   0.5347979578  -0.8420195226   1.3984861056  -0.4471169713  -0.2782488637  -1.7175263381  -0.9360631867  -0.3920062167   1.5390284812   0.0164005204  -1.6544842891   0.9327396281  -0.2483588409  -1.2857393496  -0.0870836233   0.2001251100  -2.1971495365
 0.0042925265  -1.7644521339  -1.1563817518  -1.3663097439   0.7456889123  -2.0012550123  -1.6307284113  -0.2679516045  -0.1933184750   0.9958224220   0.2237866249   1.0141623439  -1.1252090752  -0.4964544736  -0.3272292021  -0.9617700331   0.8660265716  -0.8496163346   0.3327228116   0.0388950951
-2.7682676535  -0.1232493049   0.1289401273   0.3968861619   0.0585778787  -0.3520144584   0.1893845359  -0.8265284323  -0.3901825394  -0.3970971324   0.4780537671   0.5622005456  -0.2068536552  -2.4409943155  -0.2804235953  -0.8694897337  -0.7759025992  -0.1555045725  -0.5706730242   1.4571840091
 0.5792888304   0.1781863187   1.6252632649  -0.6298979147  -1.0338856048   0.2815136824  -1.6566666628  -0.7864500361  -0.8390639548  -0.1482409889   0.6221532227   0.3963247900   0.2781674979  -0.7549686135  -0.6751150214  -0.7427051449   0.7534747910  -0.9063574317  -0.0911207243  -0.6036352695
s2
-1.1932020195
-0.3983225094
 0.4089858438
 0.4664341747
 0.5909596610
-0.6807249735
-1.2314681196
 1.0113360904
-0.6069516960
-0.2290749124
-0.3537351676
-0.2286066486
-1.9007735697
-1.0950537374
-0.6381877303
 0.9553379671
-0.4085488500
-0.3737626922
 0.8407030354
-1.2639755489
w3
0.4414561946  1.4924279259  -0.4351442639  -0.2888831109  1.9050320392  -0.1437586291  -1.5794748377  0.0427958277  -0.0718961082  -1.1170194841  1.7813155466  -0.7765181936  -2.5095177443  0.0700013270  0.5583821284  0.0436991610  0.2925060973  0.3668615204  -0.6640455001  0.4155445616
s3
-0.5864363415

