layers: 5
str: {2,20,20,20,1}
w1
-0.7840911924  -3.0623244668
 0.6017959266  -0.4753452731
-6.3853649199  -2.0008734490
-2.2682729606   1.1385621243
 0.8928020101  -1.2077123682
 2.6210987036  -1.5255699373
-0.5799963338   0.5812268995
 1.5214704040   0.7597324119
 0.6716703824  -0.6008218310
 4.9151161588   2.6647878294
-1.7761221730  -1.7420783145
-3.7278276382   1.9398401127
 4.1363095015  -2.6955065964
-0.8591524725  -2.2658739643
-4.6464192893  -1.2915359573
 1.6108433654  -0.6094483601
 2.2978624540  -1.2463966375
-1.4309597792   1.1452123877
-0.6612602164   0.2723582913
-0.5357736973  -2.3497955469
s1
 1.9898266450
-1.1632378484
-0.5482984734
 2.4020105735
 0.8335154430
 0.6113386009
-1.3613129014
 0.9735866311
-1.3074715951
-0.4080542416
 0.2057536371
-5.8297138871
-0.3723861392
-1.3700064615
-3.1956495671
-2.1439172003
-2.5251768569
-0.1212112856
 0.7110167698
 1.4811623342
w2
-1.6248269368  -0.9807414482   2.1274739958  -1.4348067049  -0.3172708940  -0.4420440311   0.9722212223  -0.9766768489   0.1676854853  -0.2360108724  -0.0475931640   0.8598359518  -2.2141900118   0.0925022316   2.4253848447   0.0280466435   0.8410509420   0.0906225000   1.0550649929   0.8011049779
 0.8746283149   1.4265084449  -3.3670464703  -0.6891003804   0.7219603461   1.5795792985  -0.8198059740   0.4772780585   1.3732644110   2.0685509048  -0.0293084808  -2.8614349669   0.5109432327   0.1527689162  -1.6406665668   1.9236801893   1.3460530194   0.5121375916  -0.5882367047   2.5986627779
-2.1967962769   0.0049199310   0.5415747545  -0.5466865176  -0.5728136163   0.2768683185  -0.3359182039   1.1162692565   0.5339508187  -1.4002660330  -0.5937541549  -0.4800065774   0.9149969109   0.3989905258  -0.5254484298   1.2759101870   0.6651920384   0.8841532371   0.8233732094  -0.9679971914
 0.3376403875   0.1825291502  -4.3907636437   0.1291634755  -0.2363134325  -0.3683327137  -0.9233759332   0.7007294727  -1.0109144944   1.4731933157  -1.4164276863   3.4248887479   0.9436182020   1.3598438038   1.6479404062   0.7344045361   1.4646478641   1.4567133653  -0.0720185031  -1.0394336048
 0.1005923154  -1.1812580832   0.8543251792   0.4057479789  -0.5046242264   0.2241639743  -0.3714235619  -2.2660958099   0.3218575795   0.2821157481   0.0902039124   1.7297047822  -1.3129507389  -1.9140543966  -0.0397305749   0.0179404877  -1.7127337173   0.3413341299   0.8707762111   0.0935283751
-0.9627877303   0.9468552084   0.2984451399  -2.1324762755   1.2340708156   0.0801093385  -0.8054465596  -0.2672012150   0.4551549471  -1.8875667507   1.3997467514   1.4772381126  -1.1054437263   1.6180866604   1.0763783634   1.8040179371   1.8903527602  -0.0005680529  -0.3827581636  -1.3820033100
 0.7201911890  -1.7946765474   1.4658901184  -0.6192387071   1.4623384067  -0.3714104520   0.6613615901  -2.3438333164  -0.6564225806  -1.6568452765   0.6476475493   1.0411614738   0.7214825945  -0.7610790607  -1.6307544268  -0.6293164313  -1.1196723682   0.7699651680  -0.7966282533   2.1890602664
 2.3168845031  -1.1266625343  -0.4528411607   1.4010049765  -1.8182465494  -2.5236037386   0.7438679771   0.7717051142  -0.6613701951  -0.1908232499   0.3273542859   1.1689243907  -4.0524148050   1.6090771828   0.5700714131  -1.1186239495  -0.6662634065  -0.0403091806   0.6956993596   1.0152586981
-2.6385025566  -0.3656189383  -1.0610304812  -1.6355927785  -1.0929112668  -1.5704033770   1.0796856173  -1.4493340768  -0.3974067032   0.2699266060  -0.4550737071   0.3054663140  -0.6675407737  -0.8822193478   1.6976894419   0.0725547823   0.0969640830   1.0478809811   0.0513896966   1.2673614472
 0.7717902487   1.2611468794  -0.4971442370  -0.9621153529  -0.8582751207  -0.2654543942  -1.1799174910   0.5490725059   0.8106545524  -2.9499909380   1.5233129969  -0.0179084956   0.5329042346  -0.1464932434  -1.2997417612  -0.2755700576  -0.3241813319   0.1874533179  -0.2188458262  -1.9841384907
 0.0151374793  -0.3286423514   0.7138957464  -0.2516476574   1.5146140325   0.8356130502   0.9116926250  -0.6401413838   0.4301562296  -0.3249408039   0.1789222827  -1.4535019863   0.9780461614   0.8248528045   1.5956074716  -1.0579547019   0.7836185958  -1.3648916677   0.5083265633  -0.7618074015
-1.6281747575   0.4177759316  -2.6449867545  -4.0171046987  -0.1118624758   0.2073759402  -0.9553220713  -1.4092288097   1.2459231550  -0.5584028630  -1.0455585911   0.9219286057   1.1064593260   0.9532976412   0.7801973165   2.1230932677   2.5050527827  -0.8441839492  -2.3255621372   0.1539712782
-0.5337803716  -0.4703795412   4.1289731937  -0.7177162625   0.1137444069  -0.6738691932   0.0811257287   1.1741450394   0.6614283878  -0.4630922258   0.5261337365  -4.0755866608  -1.2294341418  -1.9433669699   0.2324586196   1.3346606767  -1.2028755110  -0.6252226053  -0.5683676188   1.3792120780
-0.4801065688  -0.2822750603   0.4963327345  -0.1508547213  -0.0692299018   0.2118510687   0.2702784137  -1.8173650387  -0.3957819533  -1.2340187348  -0.1078665390   1.4393660206  -0.2699337576  -0.0171069329  -0.2387798171  -1.1513767699   0.9356201931   0.0561064316   0.4428997357  -3.2375019084
 0.6628220573   0.1445733597   1.3312046115  -0.9695673278   0.2600240889   1.9603929716   0.2953197781  -0.4948602460  -0.4289302706  -2.9894339074   0.7259999311  -1.4231447751  -0.0738079367   0.9598290298   2.7202952691   0.6383424523  -1.2363258654   0.3831847829   0.1790560544  -1.7710200870
-0.8932891072  -1.7792287901  -0.1005197317  -0.3371799541  -0.7913634838   1.3649952408   2.1864820865  -1.9109508144  -1.6020039638  -2.6523081939  -1.1352678313  -2.2970691596   2.6151866321  -0.7927466174   0.7140743347   0.0906829360   1.8366768111  -1.8739121588   2.6539429345  -0.0206686852
 0.1150403193   0.1220800710  -1.4361138365  -0.2522697746  -0.4026158671  -0.4751231440   0.9587662143  -2.1529981046   0.6493269027  -1.7554733435  -0.6902631696  -0.8307573733  -0.2682139433   0.0835523257  -1.1409345455   1.3704013362  -1.4822290392  -1.4873406236   0.1689308216  -1.4136183828
-0.7124804332   0.2163283589   0.7637428618   1.0039207014  -0.4458362325   1.3409620495   0.2026994610  -0.3834747479  -0.9451299620   0.4689928393  -0.1662344462   1.6532426623   2.2132601581  -0.3565681448  -2.1796060492  -2.0445865329  -1.4038991903   2.1297740210   0.1544837335  -1.4884393778
 0.6889451845  -0.7422137804   1.0439650839  -0.5143810087  -1.8236226932   0.5417597333  -1.3370970725  -0.7476156702  -0.2742286101  -0.6026593373  -0.1044157818   1.5770835213   1.5888721622  -0.8715019009  -1.1865154650  -1.7121795583   0.4715142946  -0.7367195740  -0.1637994568   0.2807381796
-1.7230321231  -0.3478291031   1.1756175115  -1.0954952231   0.4530673080   2.3558056628   0.7128558027   0.4773133871   0.4439284071  -0.4257885409  -0.5789634012  -1.4112618829   0.7107343030  -0.1657458431  -2.4376215803   0.9777026448   1.1934859808  -0.5160196477   0.9603532731  -0.1918851315
s2
-0.6775540027
 1.2851328842
 1.0107268493
 1.4001772884
 0.6373203447
-0.5014827132
-1.3350659564
 2.2367279733
-0.2882008573
 0.4259253945
 0.6867530400
-0.6848275950
-1.3949524005
-0.8842471763
-0.5500356482
 1.7623422266
 0.0461986750
-0.1437096015
 1.3981404731
-0.8800458744
w3
-0.5528590221   2.0065535145  -1.3599391585  -0.7774775346  -0.7391995647  -0.5992565469  -1.1778941559   1.7377598153  -0.3933070004  -0.1738692548  -1.2859363608  -0.0129618455   0.8613660926   1.6874946948  -1.7783450554  -0.9153796573   0.9555538984  -0.3107910334   0.7834551376  -2.0714165278
-2.8696476036   2.5612625604   1.0060199408  -4.5516517395  -1.2823444110  -3.2806726385   0.5474457628  -3.8872996687  -0.2725678387  -0.3699130215   0.0507605428  -4.1016530738   2.3739676210   0.9750461309  -0.3789685386   1.2001661927  -0.0660309352   1.4978401935   0.6692613761   0.5415840069
-1.7179002380  -2.1473142599  -0.7470589458  -1.8257039151   1.4123399933   0.0054147824   0.3685382634  -0.5638632584  -0.1663439877   1.6540128603  -0.5444853003   0.4469219986  -2.1163797353   0.4649289411  -1.9071670967  -0.1497982283  -0.5739627338   0.4314896775   0.6391693152  -2.1325359854
-2.5211296661  -0.4048640963  -0.6365982448  -0.3407988081  -1.0535969961  -1.6197116492   0.9754386438  -0.2598929524   1.5587239088  -0.9155631145  -1.0271611099   1.3815382450   1.2058557706  -0.5525572430  -0.7494099864  -1.8706762449  -0.9471290890  -0.5217935266  -1.6133368612   0.0278193596
 0.1745371516  -0.6490283748  -0.5945247463  -0.0224805211  -0.1558970233   2.1619382705  -1.2910227824  -2.1045201050   0.9554201443   0.0116714048  -0.2866703533   0.7803193475   0.6787828050  -0.2819955531  -1.1167944030  -2.2351132673  -0.0505073965  -0.3515823913  -1.9179330924  -1.1732774590
-0.3746221949   0.5422826093   0.2729461672   0.4469139416  -1.4330451996  -1.0071936971   1.1368547668  -1.1164249269  -1.3354125974   0.3901082780  -1.7588764052   0.3534782431   0.7211795147   1.5601857749   0.1946697015  -1.8190719114  -1.0003246069  -0.7125407262  -1.0449587144   0.2534610493
 0.0065382282  -1.2230932533  -0.7413636525  -3.7709232873   0.1717146547  -0.6818419441   0.2757629095   1.0613858880   1.4000031689   1.9997081344   0.1418036042  -0.3599581933   1.2706913681  -0.7521920522   0.5853785663  -1.2983675812  -0.1497342268  -0.5593616159   0.2968866154  -0.9910423044
 0.4898656586  -2.2510200427  -1.0445112644  -2.2181275465   1.5959475244  -1.9317103364  -0.2250079151  -0.1705399714  -1.1719260223  -2.3987590363  -1.6128937777   2.1398855115  -0.8352176781   0.6371121002  -1.4221278020  -2.0715741961   0.5645225115   1.2124732821  -0.6567851332   0.1281178905
 0.0212384972  -0.0196433906   0.2290319894  -1.3430410501  -0.9277183366   0.2708237123  -1.0699033373  -1.3497839504  -0.2241702295   2.1936387140  -1.9835712291   1.5435268977  -0.9917943351   0.8827548765   0.3483674189   1.7088054795   2.3271165039  -1.4621456266  -0.2973120992   0.4167366984
-0.4065331707  -0.1989319460  -1.1532148318  -1.0752601602  -2.4324540167   0.2680559030  -2.2254177718  -0.5197597003  -1.2422592565  -1.2442718475   0.7465865411  -0.4082621854  -0.2466751215   1.2977115681  -1.5428366330  -2.0797351383   2.3299298747  -1.4177838573  -1.5327906705   2.3682783155
 0.7025230533  -0.0815642031  -0.8567722642  -2.5142920892  -0.0540280049  -0.0939652775   1.0938619231   1.2630728827  -0.3824186381   1.1964723087  -1.5330296244   0.4994153592   0.8764695933   0.1303754620  -1.7362584229   0.4001367682   0.1138232769  -1.7951558289  -2.0048761405  -0.4877987291
 0.0782543399  -2.0605245977   0.5727101032   1.1402302634   0.1504376921  -1.0190392341  -1.3419919308   0.0398429648   0.2388685245   0.7940577634  -2.2372709817  -0.9441553543   0.4289999894  -1.3930107406  -2.3437341116  -1.0826804307   1.6371488733   1.0745528037   0.2390461944  -0.2822629576
-1.9167174953   0.7386896777   0.7141327618  -1.5486583980  -0.1449928128   1.4079582766   2.0538290711  -1.0053167546  -2.7877028400   0.5377616127  -1.1732368842  -3.0864526941   0.1572272637  -0.2972642200  -0.6018520629  -0.6659157704   0.1351417427  -0.2853399568   0.9513216073   0.3809306604
 0.0050516919  -1.8713879035   1.1983923908  -0.9757040664  -0.4983486882   1.7179557096  -0.5667023640  -0.2098143818  -0.6293035675   1.3070064362  -1.7788830224  -1.2583100418   1.0019011421  -0.5189421638  -0.0813736160   0.0184286672  -0.3580638477  -0.5086289863  -0.6443387959   0.3719731850
-2.5018601986   2.8580189805  -1.0352678391  -0.0932146938   0.1912686041  -0.4833045740  -1.7395189206   2.9437050626  -1.0135911980  -1.5808898152  -1.6633127541  -0.8996691295  -1.7134314098  -0.9846075508  -2.4564678249  -1.6976104656  -1.1501002167  -1.0095919340  -0.6679711336  -3.5027467876
 1.1674355639  -3.3675998944  -2.5212129192   1.2137978239  -0.7627551427   0.2699571357   2.3894927755   0.0880366513  -1.5538057952   0.6852164893  -2.3354474946  -0.8819541324  -1.7179388626  -1.9615155303  -1.2416289223  -1.2886520236   0.9496546640   0.3760492695   1.1957413333  -1.4305939050
 1.8746856971  -2.2159453828  -0.4975950129   1.2715561878   1.1295374778  -0.0123018281  -1.1092635770  -0.6990620619   0.3033786303   0.7928842976  -0.5644678567  -1.1845264672  -0.8008220494  -0.8314980296  -2.7415342867  -2.2081303956  -1.0148791730  -0.9921599022  -0.7262655769   0.0606560688
 1.3539194229  -1.4904051265  -0.0548893034  -0.1414526378   0.0013989999  -1.1246039685  -0.7556521698  -1.3131741942   1.9802880624   1.6307234651  -0.0163132836  -1.1598834837  -0.1996608430  -2.3078783203  -0.7362680217   0.5164191542  -0.5149032811  -2.2256596060  -0.8575333576   1.1088252686
 1.0571951638  -0.0641236340  -0.3925624641  -2.2868673654  -0.7449440857  -1.0231548781  -0.1242318378  -0.1358648454   0.4617196545  -0.9293185993  -0.9185298123  -0.7877154035  -0.4475214543  -0.0973769128  -0.8571953846  -0.3476268086   0.7846957370  -0.8495803172   1.0146557392  -2.4276483048
 0.0994996641  -0.5150528511  -1.3358891678  -2.3845682243   0.6288139600  -0.4005624137  -0.9860812197   1.2471056341  -0.8241289303  -1.1724134314   0.2397312593  -2.1410946263   3.2161422948  -0.7769847829   0.3865450579  -1.7099509374  -0.0347259739  -1.2487234772  -0.6521144187  -1.2270938602
s3
-1.9124533481
 0.6739555694
 0.0561695004
 0.2751150552
 0.4691422720
-1.4140873093
-1.9850376870
 1.4293178339
-1.3087582453
-0.2996108843
-1.0147782376
-0.7224930913
-1.5932148766
-1.4133678792
-1.0398268501
 0.7693847289
-0.5475112612
-0.5537489632
 0.4727289589
-1.8294354979
w4
0.6228859411  -1.8042908103  -2.0054935270  -0.8117464574  -1.3262547142  -0.2758531897  0.9731770877  -1.0861398248  1.4602255843  -0.8152035639  0.6315149208  -1.2307002526  -1.1211010084  -0.2044889639  1.9850430379  -1.0159984116  -1.9183694943  0.0935857751  0.1481721649  1.2420252296
s4
0.4334013848

