layers: 6
str: {2,20,20,20,20,1}
w1
-0.9432055808   1.9878793377
-0.7420486621   0.2433614821
-0.0579801398  -0.3892210002
-0.6196174328   0.7207632550
-0.3467423023  -1.9544947259
 0.3554923896   2.1667279666
 1.3249423675   0.4058909014
-0.5069263719   0.1736668594
 1.5592683206  -0.3196712242
 0.8634739245  -1.0305290811
 0.3191439729   0.9734119399
 0.6869743475  -0.8493322756
-1.3552610525   0.9911958692
-0.2520676630  -0.1612174611
-0.3367340756  -0.4280925781
-2.0640755229   0.7216621718
-0.5764895544  -0.4832728255
-0.0149709402   1.1237445214
-0.5938109655  -0.3172738048
 0.6279088063   1.0261833322
s1
 1.3654672344
-0.4820326737
-0.6606097058
-0.2953870513
 1.3853320231
-0.2650654474
-0.1616773605
 0.1172632884
-0.7666464524
-1.5003012156
 0.8458844661
-1.0596220124
 0.2819344759
-0.4339575190
-0.5833892619
-0.1402736168
-0.9488344514
 1.1250288471
 0.1873165322
 0.5221317975
w2
-0.6700426618  -0.2500534078  -2.2750464619   0.9189793580   1.1261609509  -0.6694214500   0.1724396130  -0.1786422899   1.6790318778   0.5907457460   0.0066539576   0.6940644685   1.2417172624  -1.4286045044   1.1664389330   0.3154315240  -2.0643588174   0.9200522780  -0.1185838197   0.9558780868
 0.9748513630   1.8829402560  -1.3333033905  -0.1566638893  -1.3080035001   0.7122735882   0.3320991181  -1.5664228762  -2.0609702282   1.0100360024  -2.1043710786   0.9765466010   1.1976563005   1.0753364276  -0.7368141315   0.2240313144  -1.3758837947  -1.9968503201  -0.5248315912   0.0773377023
 0.7203081600  -1.2616223084  -0.3703320908   0.4337167602   0.5152184899   1.1437207167   0.3027226486   0.5205283231   2.4950629706  -1.2294013095  -0.3845354194   1.1299631641   0.2925048203   1.5478722680   0.6379633208   1.1328679175  -0.9664453307   2.3812823301  -0.1851014104  -0.0990671150
 0.3801350555  -0.5005164491   0.6813843640  -0.5287221644   0.4907210233  -1.0052378728   1.8910244373   0.3617902102   0.8150072575   1.6725434804   0.1103158409  -0.1098753880   1.7725024879  -1.1675544608   0.5906544162   1.5497060383   0.7433787086   0.4338926726  -1.7023207640   0.7017623091
 1.7684640886   0.6490664098  -0.6407661713  -0.9594339921  -0.6115236909   0.8506919678  -1.4436714058  -0.3084458611   0.9776521745   1.9744504172  -1.7655949967   0.2624081896  -0.7111404580  -0.0717561292   0.7831982613   0.4459818017  -0.4034038997  -0.3683515410  -1.3743595477   0.5197064669
 0.3822139829   0.6617615948  -1.0852491108   1.3280464581  -0.5696334155  -0.8895129134  -1.1560250097  -0.0555437765   1.0127811121  -0.4843118006   2.2978768043   0.1378024800  -0.1116785866  -0.8313521701  -0.6559071455   1.7971763739   1.3504605043  -0.8975896593  -0.2928585932  -0.0486466202
 0.2104213881  -0.3623583750  -0.2565537971  -1.2330664191  -1.3500626292  -0.6735232068  -1.0599171293  -0.2764353087  -0.1932587979  -1.3098522763   1.2026146122  -0.6288377649   0.1322078677  -0.1978056702  -0.0331378377  -0.4724241344   0.9042189917   2.8091695521  -0.3658257109   1.1821379670
-1.4636793938  -0.3152861307   0.1564559173  -0.3080047272  -0.1847314715   0.0696437025  -0.7555771255   0.5897909776   1.0912906393   0.4459233224   0.4183922598   0.7459702074  -1.4574066395  -0.0971953070  -0.8033996149   0.8665753122   0.4471798762   0.8792195876  -0.5648024296  -0.3119459437
-0.3115314443   0.6186279357  -0.4486356802   0.1481765670   0.6124152902  -2.3165831070   1.9680422689  -0.4099931168  -1.4228528822   0.6777467007   0.0904280245   0.2347860030  -1.1316994692   0.2226300222   0.2553089202   0.9714349023  -0.8372550613  -1.2699539747   1.2412926404  -0.8625686026
-1.4432665775   0.0277383077  -0.9419472370   0.5021819932  -0.7252490395  -0.2216597435  -1.5443353074   0.3726448287  -0.0823717944   0.7571323113  -0.6971277073   1.3743916284  -1.0368448950  -0.0944575456   1.1390526818   0.7964996809  -0.6363719816  -0.9420591994  -1.1060320130  -0.4423199799
-0.2718684597   1.0851633430  -2.1243630473  -1.3617807405  -0.9600214792  -0.8980886371   0.0207105594   1.5167953481  -0.2600196153   0.4120602618  -0.7703723273   0.9692688923   0.7356244911   1.3283658863   1.2470996047  -0.1572645727   0.9971871782   0.6534167894  -0.8665926503   1.1081580433
-1.4735856042   1.5085277965  -1.5379184881  -0.0222913858   0.1852036053  -1.1204449025   0.9997434472  -2.6184222721  -0.2411653122   0.6469040322  -0.7361275986   0.8991035223  -1.3142766818   0.1723943048   0.1422497283  -1.6286280647  -0.3215525859  -0.6938944057  -0.0721415289  -1.3313084203
 0.1267887170   0.5949035090   0.3787418950   1.8549513131  -0.6869925039   0.0781637218   0.5348761259   0.1976622361  -0.4523381114   0.7235438746  -0.0274195221   1.3533298279   0.2222409204   1.6722403616  -0.9845529809  -0.3575934063  -1.0991539753  -0.1097318799   0.9061746032  -0.3061035524
 1.0224481638  -0.9903708431   0.4689434246  -0.1727957417   1.4498395667   0.0394356883   0.7816924986  -1.0399211542   0.4307128939   1.1181681575   0.5583736410  -0.5896545698   0.7608400345   1.9219295465   0.2301608359   1.7784731368  -0.7431662069   1.1271714002  -1.4958721555   0.8031779891
 3.5344985754  -0.8474562946   0.5699500782  -0.3827106956   1.1647158197  -2.0053011504   0.1698309755  -0.0925411014  -0.6511392262   0.0360787067   0.2980526817  -0.2822109986   0.2571430597   0.1317250871  -0.4910811239   1.9122777029  -0.3157964626   1.1707247510  -1.2271434055  -0.1575018360
-0.1442670529   0.1053796304   1.4455143738  -0.0975361657  -0.6286694009  -1.0387303120  -0.0466008698  -0.0160355433   0.1397453033   3.2351677470  -0.5792736765  -2.1195299267   0.8061696670  -2.4265940567  -0.1624367915   1.5987795196  -0.8913276254  -1.1230943556  -0.7386902066  -0.1199420522
 0.2297516193   0.5519158188   0.7436992896  -0.5326861876   1.3200240947  -0.6977470390   1.9803551251  -0.3653228869  -0.1470993243   0.0569763438   1.0588931427  -1.4678848588   1.3268922511  -0.7867468490   0.7103511039   2.2426322203  -0.8683501234  -1.6800864445  -0.1677830318  -1.5919764704
-0.8539006843  -0.9230439611  -1.9348597109   2.0197700737   1.4079100942  -0.8442536688   0.3441232265   0.7342246160   0.7424134675   0.3382892596  -0.9017862164  -0.3156422483  -0.3005179479   0.0749951198   0.7072748144   1.8530417512  -0.8553228807  -1.7669870036   0.9704981553  -0.6228248337
 0.4879967627  -0.3656097196   1.0441120380  -0.2373524116   0.9595926578   0.2015979244   1.0653996945   1.5223784899  -1.1699295199  -0.2672026304   0.4238335149   1.5647327083   1.5792585587   2.4444837324   0.1339660847  -0.0685205414  -0.2502117431   0.1646661599   0.1756378158  -1.7219296308
-0.7657915010   1.2794852781  -0.4208401495  -0.4027641914   0.0215238317   2.1436166356   0.4998091633  -1.9352763631  -1.8995836883  -0.3724113120  -0.4547216174   0.9608631356   0.6219852205  -0.4477456763  -0.1524707672  -0.3324814587  -0.6528570990  -1.4143284098  -0.6019450638   0.5573103936
s2
-0.8899948480
 0.5351952943
 0.5324864073
 0.7075518940
 1.0230185864
-0.0198081014
-0.7034074146
 2.1185746670
-0.2816227663
 0.9712943918
 0.5470515266
-0.0951417896
-1.3436410764
-0.7033346616
-0.1502791528
 1.6411574341
 0.3439751730
-0.1143790022
 1.6029173645
-1.1300735427
w3
 1.1629242398   0.2304746100  -0.3668541088   0.6876201528   1.2815683518  -0.5921962371  -0.7887484150  -0.3360352464  -1.0161479379   0.5578645943  -0.0403890296  -1.9626953331  -1.2780392426  -0.3608806527  -0.7244778825  -0.2873190449   0.7051098604  -1.4632206019  -0.8057928400   1.9975839155
 0.7438354857  -1.3894030462  -0.0778242001   1.5894768959   0.9882302012  -0.7722180808  -0.7811470976   0.8436711505   0.8220567522   1.4551873854  -0.4982987867  -0.1976468241  -2.3567776655   0.2376244738   0.5605922780   0.1064613571  -0.2917791090  -0.9903269454   0.3490041300   0.3929895905
-1.9870029034   1.1303687674   0.0978258013  -1.2188164759   0.2507378584  -0.8499040854   1.2364969909  -1.0357419409  -0.6097226002  -0.0295454041   0.6120362185  -0.7464189929   0.0977671598   0.7739825366  -0.5035128731   0.3645312748  -0.6870238959  -0.6777535896  -0.6590548303   0.5366467751
-0.0262045364  -0.7165026452  -0.8476050372  -1.9673709300   0.8101136449  -1.3576844909   0.1101763853  -1.7810712066  -1.0214346756  -0.2730716396  -1.1212774424  -0.0599214263  -0.9554734949   1.4681229411   0.7880430195   0.3775641837   0.1937430593  -0.8126199333   0.2877417954   0.7401257978
-1.4622655122   0.7826923768   1.2049474871  -0.1424003313   0.4603371706  -1.5931397036  -0.6677107492  -0.8021154275  -0.8683861818   0.5358049427   0.7607266570   0.0802382591   0.2216545417  -0.3818034251  -0.4210107360  -0.0799000617   1.3305701599   1.6985365132   2.1576095070  -0.1835428356
-1.9851067099  -0.7212902337  -0.4860482738  -0.2286532859  -0.6420138866   1.4485276528   0.5821142988   0.9903792710   1.6515666628   0.1863152459  -1.1965793494   1.9997523628  -0.6465804792   0.5121577444  -0.9838788522   1.2562941705  -0.8269664858   0.4169727971  -0.4350223747  -1.6461719868
-1.0319764447  -1.0389596072   0.1989006786   0.3640804135   2.1271111495   0.9066759776   0.2137033499   0.0344048997   0.6940956475   0.3111099209   2.4963662834  -1.8644207664  -0.2187870273  -2.0043568598   0.4141542014  -0.4484577135   0.7978983460  -0.3813242293   0.0127682756   0.8850776693
 1.5128099782   0.7920021617  -1.3751220346  -0.6657161907  -1.2947622897  -0.6771587435   1.0641132888  -0.3822883742   0.1674264641  -0.7341242844  -0.0938472167  -0.6856562407   1.2262952099   0.0736208543   0.9278033021  -0.5129466418   0.5077455493   0.6027533131   0.9507527422   0.2232661162
-0.9186816219   0.5233753111   0.4467524706  -0.2927156194  -0.3096624639   0.1575348914   1.7343266943  -0.4305000791   0.7719088223  -0.1903299398  -1.3053535967   1.7779189065  -0.6470896908  -0.6203728190   1.4493597765  -1.0388725831  -2.5127045486   1.0969734713   0.7588858664  -0.3571467519
 0.8344847434  -0.8694491202  -0.8349552933  -0.3915752646   0.9347517120  -1.3989692825   0.8471139776   0.1996791834   1.5875186384   1.8078498951  -0.8955706952   0.4290080491  -0.8946428440   0.3562811123   0.5634327941  -1.3037554224  -2.4186512938  -0.2578777025  -0.9620093396   0.8737864662
-1.8246294382   0.4944049441   0.8286038091   1.1007489209  -0.7794116552   0.4238216008   1.0657351033   0.1043157758   0.6392689025   0.6824353778  -0.7820160973   0.0258342966  -0.7711609562  -0.5833206876   1.1901349168   1.2496419284   0.5598266611   0.5975050757   0.8649723786  -0.8175681318
-0.9742162931  -0.8007755438   0.4339846667   0.6732871476   0.3860150166  -0.4333519930  -0.6576762547  -0.5119410178   0.2927278458   0.8723779251   0.9098299224  -0.8059186503   1.2677636479   0.2151000182   0.4209230699   1.2791712124  -0.0371014034   0.6524752138   0.5530213003  -0.5926935427
-0.9508345522  -0.7097754148   0.2779931682  -0.1619695297   0.0621904988   2.5898305071  -0.2859172858   0.8050874702   1.0830754524   1.2804434626   0.4706594190   0.0811650391   0.9397751087  -0.1389039197   0.6049173864   0.2015104006  -2.0919672109   0.4004403022   1.5286584953  -2.6631245052
-1.4184125149   0.2322587768  -0.5075834352   0.9172385311  -1.2887004410  -0.5364430235  -0.2799090857  -1.1138804351  -2.3323770521   0.0794442461   2.5096992553  -0.3457997909   0.6270348928   0.3533618307   0.2866572835  -0.2883334558  -0.3794579115  -0.5464440413  -0.1129055026   0.8912359988
 0.1630957232   0.4787951247   0.5407932051  -1.2718686954  -1.2291482201   0.1076153536  -0.4126539246  -0.4546298159  -0.0388552668  -0.0066783086   0.5204098897  -0.5304689986   0.6167916496   1.2237484401   0.5304094624   1.5895655387   0.7810002827   0.4257383781   1.0161895064  -1.0687866078
 0.5123063821  -0.3077986601   0.4074472168   0.0262152250  -0.4057765011  -1.0441383663  -0.3060338123   0.3439519032  -0.4943350915  -0.1265660649  -0.8166055408   1.1467220850  -0.8026587581  -0.0549526522   0.4963386743  -3.0839716695   0.0741703359  -1.8834404618  -1.4181396474  -0.5468028168
-0.4051659935   0.5684037911  -0.9531249579  -2.3656265875   0.6723042128   0.3814546569  -0.1940439308  -0.7067989530  -0.2667705873  -1.5476999770  -0.5434300296  -0.7670964505  -0.3292038540  -1.7297962333   0.2410327248   3.1806550441   1.1940220826   0.0878978616  -0.9093276540  -0.8870455153
-0.1894024175   0.1954714644  -0.0333034299  -1.3792226128   1.2504519246  -1.6033673555  -0.6993256125   0.0917299330   0.4353573339  -0.9713361680  -0.1979358048  -0.1718686856  -0.4070199618  -0.3218546483   0.2662891905   0.4339390366  -2.5740448861  -0.5355366585   1.9402161009  -0.1455348412
 1.2703118148   0.6872894472   0.3789904753  -1.4274361894  -0.5223206013   0.3600618949   0.3464614079   0.6612869722   0.1317780069  -0.8515367090   0.4002271269   0.0053958791   0.1660391742  -0.9784085730   2.0415056907  -0.6060151812   0.2505504248   0.0361065277   2.0986009782  -1.0192145677
 0.3413634022   0.3516181328   0.5504295305  -0.9682946655   0.2588356314  -0.5031634385  -0.4537404717  -1.0387629080  -0.0424096455   0.4809033052   0.1657851711   0.1745263754   0.2821530294   0.0651456068  -1.1396158184  -0.6691069592   0.1130697494  -0.9716690060   0.2970485100  -0.9764879809
s3
-0.9477341707
 0.4332666077
 0.5723648464
 0.6241437846
 1.2344936741
-0.2302968509
-0.5629718347
 2.2455259619
-0.6492610890
 0.8909773372
 0.5403041958
 0.0279510071
-1.3149178822
-0.8783398530
-0.1052544747
 1.7383712659
-0.0173049779
-0.3687423826
 1.6142548135
-1.1634659511
w4
 1.7055716727  -1.2703044615   0.4389608899   0.2074446788   1.1371567514   1.0642239737   0.1935483925  -2.4846790386   0.0063779743  -0.4117328768   0.6150641195  -0.0001544606  -0.3086291432   0.0386294831  -0.5958222575  -0.3900433839  -1.3287402855  -0.0891193438  -0.1831441428   0.1605043551
-0.3521167963   0.0359875172   0.8194250487   0.4886552009  -1.0928889092  -0.2480934475  -0.6405870151  -1.4446298921   1.0731606537   0.4764938886  -0.1033560357   0.5345330391  -0.6793765165  -0.0578405657   0.0868007806  -0.3422396650  -0.6819806575  -2.3390361234  -0.2119331896   0.0608571268
-0.7820067238   0.8655239391  -0.2144048776  -1.2539834103  -0.6611552616   0.7214613557  -2.1763140282  -0.6016461874   0.7322467776   0.4083658487  -0.4440245978  -1.6305772034   0.4005196971  -0.2236969420  -0.7602792285  -2.3319575477  -0.4904418802   1.3625796020  -0.2268128355   0.2946300897
 0.9676129060   1.0642269589  -1.1190309824   0.8525384828   0.0256254827   2.0942511957  -0.7559153210  -0.0325022248  -2.0411895384   0.2640884648  -2.2243965793   0.2612997926  -0.6512593215   0.7498882644  -0.7900253378   0.2110267498  -1.7818066888   0.9196810017  -1.1137250129  -0.1482095784
 0.3617865006  -0.2694671568  -1.5859859463  -0.3569935459  -1.5103512183  -0.2889555338  -0.0537600117  -1.1122901434  -0.4317586568   0.3675992649  -0.0315645209  -0.6136370996  -1.0360973250   0.7871727518   0.0316394002   0.2453872549   0.4555430918   2.1642169780   0.2183784320   0.6915417094
-0.5444740413  -0.2932457814  -0.7267607932  -1.1330160076  -0.8412627854  -1.1512494631  -0.7810271116  -0.9253781441  -0.0036511181  -0.2923046673   1.4687273412  -1.6219660636  -0.0394365579   1.4573115604  -0.7634290461  -1.1553395258  -2.3462715454   1.2369215063   0.6996669271   1.3679620751
-0.8095716004  -0.0449236195  -0.5601523387  -0.0626064819   0.2297130945  -0.1953874342   0.6208665703  -1.2425452088  -2.5163793297  -0.6738280442   0.7134016912   0.6501970708  -0.0425770902  -1.0496401688  -0.9158552259  -1.3451123364  -0.7361352977  -1.3056794959  -0.9623139420  -1.2411188522
-0.9076911391   0.2301570817  -1.4499319350   0.6230050408   0.4652530727   0.0338714371  -0.0702877074  -0.4388364462   1.0757286004  -0.3859870733  -2.2144897875  -1.0750807917  -0.1952092300  -0.9159255142  -0.0784447882  -1.0237430980   1.1487318857   0.2179455080  -0.1694652670  -1.6900289651
-0.9155955995   0.1262987689  -1.3050122195  -0.5840226308  -1.6280353276   0.5011306715  -0.4529649952  -0.5535924310   0.0866754556  -0.0576100034  -1.4400583961  -1.5381951373  -1.2011513614  -0.9900035839   0.1582680465  -0.9666181599  -0.3320890229   0.7065281447  -1.3458437094  -0.8462783251
 1.1223379863   1.5992923469   0.2027333661   0.5881973013  -1.2575916221   2.0811226308  -2.0633867947   0.0367385594   0.3243606805  -1.0593760879  -0.4860578054   1.4982820645  -0.0736711691   0.2281874955   0.4522276468  -1.8497902480  -0.2871313420   1.7114763559  -0.2907026427  -1.2336182279
-0.4328482367   0.9782695243   1.7785805927   0.3681391789  -1.0769167915  -1.7084908646   0.0102239153   0.7335464056   1.7591971275  -0.6477405347   0.0378733234  -0.6413612682  -1.6774589797  -0.0894044414  -0.5554813406  -0.3799857251  -0.9620283639  -0.2687622993  -0.9875570662   0.8211688265
 1.2762381935   1.1619202967  -0.8753459129   1.3293957687  -0.6618296020  -1.1798014310  -1.2547810628   0.5102367204  -1.0213669568  -0.6329942232   0.5996110463  -0.9728076407  -0.9996539265   1.3973256307  -0.5144412533   0.3416034020   0.2193754204  -1.5495559093  -0.6998717855   1.9247716599
 0.1550990041   1.0429119917  -0.7330839559   0.3321393930   1.4976868080  -0.3411638045   0.7536665960  -2.0806954737   0.2208356073  -0.5928909227  -0.1171355544  -1.9050582354  -0.2188063686  -0.0140354448   0.1766911894  -0.1377119063  -0.5592272764  -0.3588388405  -1.8875813316   0.8848291307
-0.9445777136  -2.0828884417  -0.1922696650  -0.6266957128  -0.2107348773  -1.3320020502   0.2658220778  -0.1393954836  -0.9391773523  -0.2629479553  -2.3329247956  -0.9458152040  -0.6751081048   0.6546516796   0.8093968908   1.1754977151  -0.7152447083  -0.1683754244  -1.3871461369  -0.9916295143
 1.1018163258  -0.1784059135   1.0614913150  -1.6949078923   0.0078358699   1.4926188316  -0.4663927715   0.2038562993   0.4138944883   0.9907630155  -0.5258154840   0.0241610883  -0.8600885563  -0.2842078231  -0.5733751017  -0.4795170654  -0.2635252821   0.0716161554  -0.6502781292  -0.2472209253
 1.5569008691  -1.5583526464   0.2033565109  -1.0435007708  -0.2559956151  -1.0209384218  -0.6425354539  -0.9078219301  -0.7249968709  -0.4928528600   0.3863428926  -1.2488106454   0.0245452755   0.2934150331  -0.7105060811  -0.1613798752  -0.9403690308   0.6412932372   0.0467769387   1.6592499988
 0.0478462490  -0.7689504240   0.2267892486   3.1954506338  -0.5461165831  -0.3399076546  -0.4839219913  -1.4836239104   1.1494700150   0.1755014723  -0.5031979844   0.1993976731  -0.3955552905  -0.2596067022  -0.6532137306   0.5013367829  -0.0207906185   0.3354565958   0.3353727776   1.1620205856
-0.6742382705   0.5411672971   0.9435082748   0.2332012665  -0.1864190479   0.8731272436   0.9277346628  -1.2407016404  -0.0273176302  -1.0772074802  -0.3679443030  -0.2370918671  -0.3030717757   0.5043123171  -1.8192531403  -0.2452004793   0.0668369354   0.6657588506   0.4642879889  -0.3771460547
-1.3719055811  -1.8751306346  -0.0312035754   1.1733385719  -1.3857494391  -0.3090189209   0.8724899105   1.8143670303   1.0176711529   0.5381273733  -2.6097695898  -0.0752278580  -0.1850426833   0.6201503940   0.2513907313   1.1965630058   0.7316350903   0.1217488585  -1.2428679819   1.6071685716
 2.1165490102   0.5839273453  -0.5677294870   2.5238023981  -0.7541381960  -0.7972685944   0.3869392844   0.6946476938  -0.3370862041   1.6479226724  -2.9020932450  -1.4085356938  -0.0951480723  -1.4673648808  -0.0327063642   0.7233822349   0.3480350498   0.9326602403   0.3888026282   0.6189684765
s4
-1.2594247545
 0.0172687476
 0.4384679432
 0.3682421839
 0.7376946169
-0.4354309497
-0.8673288261
 1.2277461854
-0.2960808616
 0.8350223971
 0.1024732822
-0.2774312129
-1.8097031782
-0.6859033842
-0.7263626900
 1.3826751662
-0.1657250679
-0.6381919414
 1.0394698632
-1.1858929995
w5
-0.2024480756  0.0243881931  -0.3392400567  -0.1996158942  -0.0096909130  -0.0519489791  0.5182286316  0.0346319629  0.1475006389  0.5968601514  -0.1586744972  -0.2540200793  -1.5511905290  -1.2554115552  0.0128083580  0.0413240647  0.1005010609  0.1918243648  0.1866298640  0.6308324151
s5
-0.3334100314

