layers: 3
str: {2,20,1}
w1
 1.6971447710  -1.8233043598
 0.2982937729  -0.2989190715
 0.9573736257  -0.7425619238
-0.1323827442   0.2270870038
-0.5348233556   0.2701318937
-0.7572993569   0.4314592301
-0.3018387572   0.1230054585
-0.6947238819   0.3941916622
-0.3097845071   0.1408062694
-0.0767333132  -0.1619910435
 5.0237255543  -2.6352459841
-3.3855689904   1.7932393660
-0.1061150632   0.2391105106
 2.7123543343  -1.6019377165
 3.5837054638  -1.2875183785
-0.4445067429   0.2152349224
-0.1892102042   0.0535388175
-0.5148243498   0.2199220479
-0.4981871234   0.2643219404
-0.8428965759   0.6189654812
s1
-1.9634615738
-2.7874284352
-2.9904643553
-2.7179569909
-2.4755574641
-2.7181030960
-2.5346097339
-2.6727642773
-2.6147797787
-2.8126052682
-0.0139791393
-4.8310811207
-2.6812115293
-3.7985587198
-4.0300822762
-2.5669509760
-2.6155163414
-2.4507961402
-2.5673876437
-2.7533043988
w2
0.7342568006  -0.3947788639  -1.0544918060  0.2737597413  0.6055654165  0.7713786726  0.3602283307  0.7272165388  0.4018971444  0.0091306887  -3.4004236122  -2.8942896221  0.1762298313  0.8690018237  1.8152857887  0.5182657796  0.2013432722  0.5684301383  0.5353664961  0.9932152721
s2
0.9582277568

