layers: 3
str: {2,20,1}
w1
-6.0082776848   2.8122778765
-0.4448489568  -0.2940263790
-0.4372792333  -0.3007124703
 1.9285100597  -2.5623145688
-1.4343362847   1.2630606504
 5.8641891169  -2.1850368057
-0.0802007704   0.1281915798
-0.0343089167   0.0830308352
-0.0331449760   0.0979463121
-0.4287647986  -0.3167419784
-0.0208525491   0.0892802054
-0.0827223797   0.1311023602
 4.2501251673   1.1738443411
-0.0794781033   0.1309664198
 4.5625514102  -2.7865867666
-4.3830267280   2.2944069154
-0.0428648551   0.1051041499
-0.0843333627   0.1338348184
-2.8823385273   1.4378290623
-5.0693884421   2.9206071141
s1
 -9.5374205606
 -3.9525021239
 -3.8720010810
 -7.3971581933
 -7.9551534977
 -9.3556316554
 -3.9555063001
 -4.0689596283
 -3.9048334145
 -3.8494868029
 -3.9008747656
 -3.9370105428
-10.6207306114
 -3.9113192482
-14.4882569450
-13.0190361435
 -3.9124286116
 -3.9079372396
 -9.1530081937
 -0.2572115475
w2
-2.4375741127  0.8055693659  0.7585610663  0.4080209073  -1.2098138972  2.5499378034  -0.5567124461  -0.5794840653  -0.2508746658  0.6519484329  -0.2198814866  -0.5347803646  -0.9679450531  -0.4346854721  -2.3490458662  2.0398730922  -0.2769294560  -0.4857907459  0.4269061170  2.0181877350
s2
-0.9176477899

