layers: 3
str: {2,20,1}
w1
-0.3644131920  -0.1166280316
 1.4796230796  -0.7249976473
 0.6939735501  -1.5090530677
-1.0059142863  -1.2527130755
 0.8261029342  -0.6992599725
 0.1863599756  -0.1041157141
 1.0382116528  -0.4404127708
-0.8373620629  -1.4754666122
-0.0021262091   0.0002647883
-0.5543832509   0.3477633150
-3.5928353889   1.7924828382
-0.2793333901   0.1614456692
-0.4829138898  -0.2353842443
-0.2110480900   0.0497147626
 0.0886383950  -0.2840624097
 1.5484692659  -0.7863892410
-0.3383890518   0.1620806289
-0.8314228346  -1.1976164251
-1.1458424052   0.5348560796
-0.4449994505  -0.5046681798
s1
-1.2248107960
-1.8061850333
-1.9177212965
-2.0896444241
-1.0724100683
-1.7225846535
-1.6341098357
-1.5471734297
-1.8292854954
-2.1080485364
-0.3059962045
-2.2549332145
-1.4801406583
-1.6875077792
-1.9516541798
-1.1367323953
-1.8567871191
-1.2232532900
-1.2642177969
-1.3741092790
w2
-0.1558536253  1.0064264492  -0.5813840812  0.8177176071  0.5167093742  0.0376170778  0.5935630282  0.0882909572  -0.2306260339  -0.6000997929  2.3481495120  -0.8438097331  -0.2712774145  -0.2790205518  -0.0000640634  0.0680174456  -0.4374514957  0.2708207082  -0.8707408627  -0.0988638817
s2
-0.7606538407

