layers: 3
str: {2,20,1}
w1
 9.8783357347   2.1520829140
 0.2662483107  -0.0737625620
 3.4356971831  -1.7985414082
 0.2715027427  -0.0748011103
 1.7333750240  -0.9551131507
 0.2633681672  -0.0746079533
 0.2642956579  -0.0740561999
 0.2642474417  -0.0739997580
 1.7612719516  -2.5550477946
 5.6642780198  -2.3771846489
 0.2692595490  -0.0731831320
-4.9279734966   2.9003390964
 4.3747581748  -1.3092688543
 0.2588289294  -0.0755606078
 0.2565765492  -0.0773519822
-4.7576613999   2.1542946768
 0.1844699953  -0.0959398297
 0.3570864627  -0.0874808839
 0.2620444185  -0.0743997241
 0.2711267810  -0.0730303285
s1
-0.4921493013
-3.4262989866
-9.5701411985
-3.4564215440
-5.6975182905
-3.4087917472
-3.4163824415
-3.4163777462
-5.2502588333
-9.0722289343
-3.4439021664
-6.0497305858
-3.6079607837
-3.3857416463
-3.3784758648
-1.0444588015
-3.3605000872
-3.7194786304
-3.4044714995
-3.4525156487
w2
1.1629198889  -0.6078431724  -2.9910444494  -0.5937313220  -0.7818055523  -0.5902432147  -0.6033748407  -0.6047643290  1.1711812336  3.2173410251  -0.6204972904  -1.9586935166  -2.0103263909  -0.5767692196  -0.5484603637  2.7822482257  -0.3181411026  -0.6277892458  -0.5982820278  -0.6227364296
s2
-1.0611142955

