layers: 3
str: {2,20,1}
w1
 5.9248229193  -2.2800221333
-0.5974221250  -0.1132601722
-0.5896923411  -0.1164649864
-0.5941563029  -0.1145260977
-0.5953441947  -0.1140541349
-0.5921109877  -0.1153748900
-0.5903098281  -0.1161729847
-0.5919154382  -0.1154560463
 5.2679233816  -3.4147208272
-0.5899667148  -0.1164168290
-0.5927825355  -0.1150846579
-0.5902810821  -0.1161956983
-0.5902143047  -0.1162091197
-5.8415584550   3.0929422455
 5.0298384769  -2.8250726724
-0.5945185861  -0.1143804221
10.6144945803   2.7057859376
-0.5968198829  -0.1134873552
-0.5906898223  -0.1159933987
-6.0155224041   2.5790825090
s1
 -9.1405331332
 -4.6753224522
 -4.6292465782
 -4.6581559379
 -4.6647061791
 -4.6459311894
 -4.6338587985
 -4.6447657579
-16.4575084664
 -4.6291116833
 -4.6502526913
 -4.6333988192
 -4.6333870639
-17.0927024712
 -0.1655344114
 -4.6601997207
-25.3956871568
 -4.6723232843
 -4.6367010980
 -9.4727955325
w2
2.9152925187  0.7187282252  0.6940009255  0.7105941528  0.7138584578  0.7040241913  0.6969183317  0.7033996320  -2.3026876272  0.6930840043  0.7064914005  0.6965342908  0.6967119037  1.7282629788  -1.9386298282  0.7116358553  -1.4542124057  0.7173939999  0.6987167109  -2.3992492379
s2
0.4933287489

