layers: 6
str: {2,30,30,30,30,1}
w1
-1.7682722252   0.9271716242
-0.5544763088   0.1202204294
 1.4194703147  -1.3252771759
-1.2653401724  -0.2293301721
 0.2419180342   1.9051505142
-1.8990947602   0.1449380404
 1.1634908306  -1.0354505541
 1.4441652838  -1.1608315386
-2.3413255344   1.8816251462
-0.6494167496  -1.9785046786
-0.5677515579  -0.4445303622
 0.7364126104   0.0493942206
 0.8878668116   1.5145863036
 0.5714498413   1.0907202774
-2.1047679570  -0.5524812805
-2.4533626372   1.6160197650
-0.5262776958  -0.2427518002
-1.8869769141  -0.6779733850
-2.5805993745  -0.1948838546
 2.8829472208   0.7437369673
 2.6074221109  -1.6041713040
 1.5588073660  -0.5537693336
-0.0063351478  -1.2401608403
-0.8172514651  -2.4675615112
-0.1059908857   1.2176292392
-0.6976046086   1.6438373191
-1.1943138401   0.9818834599
 2.9233435373   0.3596850523
-1.8331368997   0.9036265531
-0.8657693554   0.6025395270
s1
 2.1669269467
-0.6434497021
-0.6796248643
-0.9910513919
 1.6485326100
-0.2611966320
-0.1654267197
 0.6456660482
-0.9629761132
-1.6413461891
 0.0728155042
-1.1755711337
-0.0568842864
-0.3320286074
-0.7994691038
-0.8977591858
-0.3411445814
 0.8259438773
 0.4442287944
 0.8527631337
 0.0775172441
-0.5207621295
-0.1585863319
 0.7317184003
 1.0268146548
 0.8037743348
-0.7164938243
-0.5004860547
-2.2334675725
 0.0804500825
w2
-1.0789764990   0.0476552015  -0.0702879510  -0.3637400674  -0.3663570154  -0.2685661643   0.1436918742   1.2938422054  -0.2948534207   0.0961600805   1.9349491431  -0.3250065625  -0.3684424445   0.4974127869   0.8051087018   1.4316559043  -0.4527532661  -1.7522310778  -1.7938504941   0.7778428745  -0.6979595443   1.4112306958  -0.0742044983  -0.9780802285  -0.3966258840   1.2559238024  -1.0700414690   1.6832606663   0.3878171875  -0.1618008461
-1.7210603411  -0.1504403372   0.9156905202   0.6277617606   0.6224382975   0.1331740724   1.6614393118   1.0455543899  -0.1686395915  -0.5007489195   0.7017769907   1.4570455535   1.5356241123  -1.4139190317   0.7570595024   0.5590405940  -0.8632139677  -1.1120333310   0.3604336542  -1.3922907683  -1.5296328703  -0.7289352809   0.5277336632  -1.0895636365  -0.9863112130  -1.2690864064  -0.2829774164   0.7712917149  -0.2839842721   0.9414356426
 0.7086439506  -0.9324586530  -2.0725118667  -0.3625802013   1.0735637800   0.6190654152  -1.2598040011   0.3802656068   1.0393611914   0.6507530202   0.3197819059   0.5083027474   0.7984585951  -0.3315022795  -2.3052881906  -0.6016145881   0.7233665917  -1.2779959159  -0.0273839298  -0.3028251018  -1.0733886410  -0.2904568213  -0.1835745654   0.3675600116  -0.9804135225  -1.0671435031  -0.0169142903   1.6772293080   0.0480678888   1.1904620218
-1.1230836799  -0.6117063784   1.4100618346   1.5229080181   0.4388268852  -0.7881383002  -0.2418286996   0.7260363543  -0.5932293193  -0.7906450357   2.0402091434  -0.1304658422  -1.3946466319  -0.3717764744   0.9180575783   0.8115726143  -0.2387917894   1.1159501023   0.5275824109   0.0660542838  -0.6514346737  -0.2640661514  -0.2824283616   0.8823582784  -0.7825965509   0.4620030793  -0.0969444326   1.8009953681   0.0689618411  -0.6258115270
 0.1428216139  -2.2612261306   0.5041269515   1.0153438611   1.4180084903  -1.2895036835  -1.5624434979   0.0440177495  -0.6167398422   0.3874411842   1.9229786761  -1.1650568620  -1.7126344980  -1.0632118746  -1.4574322214  -0.1035078594   0.6403478041   0.8892676581  -0.9416040753  -0.7640421473  -0.2024006732   0.2334303082  -1.5351496343   0.6932041352  -1.2815417542  -1.5215947803  -0.0165291768  -1.1720419900   0.4607547158  -0.1741102146
 2.2164364485  -1.1968078412   0.1323739208  -0.5397576785   2.4795233310  -0.7700133640   0.5190458983   1.6849528109  -0.4309991173  -0.1174440686  -0.5425375232   1.9009701466  -1.4323374405   0.0618190733  -1.6233853582  -0.8494368668  -0.0078528694   0.1181955794   0.7728319116   1.8460565682   1.1244070176   2.0098855442   1.4434246231   1.5136696252   0.7367692885  -0.1575161728  -1.6188024352   1.7060110538  -1.3766998346  -2.0588673668
-0.6748374539  -0.1244203203   0.5285323435   1.1687030721   0.5390045222   1.2111575344   0.6298372631   0.3357467194  -0.1696572786  -0.2017324999  -0.3454289076   0.1233304939   1.7181482071   1.7172457260   0.9614558490  -0.4053878001  -0.1470443983  -0.4087363959  -1.3142779440   0.2873207499   0.2408412796   0.6863607782  -0.7887897161   1.1773734726  -0.4329538713   0.6303039320  -1.6181356967   0.9281047823  -0.7049730847  -1.3261969695
-1.4230436196   1.0277736162  -0.5341631285  -0.3188571061   0.0127253479  -0.4184938134  -0.1862451466   0.0771285903  -0.5480806217   0.7113742310   1.2904289097  -0.8204309753   1.8194115256  -0.1442295831   0.1941809317  -1.2814058151  -0.5754015908  -1.1911377920   1.2025704538  -0.4059353845  -1.7424966192   0.6536667340   0.1462899484  -1.1869293285   0.8698134610   0.6963794566  -2.0282113408  -0.2677451398   0.9252174373   0.1298806182
 0.3941423599  -0.5511983944   0.8545033457   1.5574217094  -0.3152005831  -0.2900278153  -0.7419357866  -0.3274674329   0.9333967157   0.0452676696  -1.6989264582  -1.3529012911   0.0562946862  -0.5550746088  -0.6854940286   0.3607456532  -0.3365431052  -0.4118081053   0.0745606487  -0.4229645386  -0.4656724365   0.0044845335  -1.1015899344  -0.5891377416  -0.1732443976   0.1553742968  -2.2104945342   0.7535419720   0.1315842937   0.6352435376
 1.4078318567   0.4788864245   0.0412604422   0.1375792207  -0.2637517500   0.9110010787  -0.4373277210  -0.4580379648   0.7917422403   0.7598819659  -1.2955282537  -0.2906321784  -2.0689922833   1.4415814241   0.4872224408   0.0579786354   0.7623064503  -0.1816307440  -0.8044899615  -0.5650637401   0.3220620613  -0.2050608478   1.0392937446  -0.4329634627   0.3720209435   1.2385847005  -1.7245265062  -0.4099510130  -0.0111358572  -0.5883453815
-0.1272326864   0.5584060120  -0.7397003460   1.4000073938   0.7994177664   0.9062483632  -0.5180143289  -1.1374181162  -0.0017173657  -0.1960767633   1.7648776258  -0.4679633472   0.0380983050   0.4300102734   0.8455377638   1.2944496947  -1.4037027560  -1.2160325766  -0.5411229239  -0.6167995359  -0.2952668358   1.3713263416  -1.7778566215  -1.5010759695  -0.1805937903   0.5450626273   0.2927909133  -0.2795295639   1.1264925522  -1.1989884513
 1.2338844794   0.6297619211   2.0537408220  -0.7363576232  -1.1228498440   0.7894020324  -0.5342504951   1.8090745116  -1.8765504094  -0.8163185980  -2.1694470972  -0.3476464055  -1.0086875013  -0.3860742065  -2.4520289206   0.2538397843  -0.7071828621   0.9932746065   1.1695886514  -0.1495727327   1.6438605247  -0.6436468206  -1.7737312045  -0.3310278648   0.9382432913   1.3230479752  -0.5940139640  -0.1240736992  -1.9550088190  -0.3697936595
 1.4525400181  -0.8670139904   0.1424285468   0.5239161649   1.0327588446  -0.5849596675  -0.0520934341  -1.0981319260   0.3058292262   1.3596880163  -0.5992322376  -1.4674455115  -0.6203142368  -1.7686010835  -0.5134823817   1.2965909558   0.7576655947   0.9913050248   0.2448748694  -1.6289618869  -1.7694230938  -1.6589022528   0.7701514052  -0.6924874741  -0.1421448524  -0.6822768945   1.8100211753  -1.5624320567   0.3163707991   0.8355324604
 0.5153500648   1.3542470041  -1.2873152919  -1.3559309393  -0.0746530351   2.7760141675  -0.3372529749  -1.1730677525   2.1821594625  -1.9448005938  -1.3450987885   1.0813742875  -0.6639887736  -0.6960431719  -2.2389471669   2.8615426351   2.3698650685  -0.2002394934   3.0575119886   0.0120189318  -1.5198962846  -1.4331036813  -1.5963420503  -0.4568688985  -1.0489219182  -0.3833598244  -0.7123651791  -0.7519258146   0.9704905838  -0.3523311239
 1.2321263231   0.1388811277  -1.2019603797  -0.3935005128   0.3696714577  -0.8631189590  -0.1137088907   0.6211453835   0.1233377971   0.6209515984   0.4575955923  -0.7576148975   0.1911706320  -0.2978477294   1.5534692595  -0.2079484864  -1.5256994166  -0.7612882248  -0.0999148498   0.1773040171   0.6776206163  -1.0297144605   0.8574110767  -0.0880321389   0.8676050057  -0.1883076596   2.3396512200  -0.8053918160   0.2678970020   0.3310687237
 1.3867141303   0.3198298207  -1.1674702867   0.6397891504   2.5497227495   1.0070053415   0.9298794695   0.5821710876  -0.5955098445   0.7621886125  -1.2493359471  -0.9076770423  -1.1220594183  -0.2564142248  -1.9207806107  -1.0307313635   0.4307229974  -0.3339037632   1.0299829211  -0.8235455215   2.0337061179   0.4452191546   1.0215219838   1.2750185043   0.7521942109   1.2296334926  -0.5388928862   0.2304617801   0.9716792484  -0.6695135812
 0.0859012974  -1.4181903193   0.7625875760  -0.4155031774  -2.2164123158  -0.3353688704  -1.3617446909  -0.7912221728   1.7524794128   1.9138918712  -0.7207518676   0.7899327620  -0.2146763043  -1.0308435624   0.3475527582   1.0679830875  -1.7339835944  -0.1015347413   0.8434596937   0.9345582329   0.3101961899  -0.5991273180   0.1287531786  -0.4017218459  -1.5792018747   1.1097510082   1.6318611828   0.3931628602   0.2967663481  -0.9930850494
-0.2042723768   0.3057403388   0.3854219120   1.2345497149  -0.2289255096   0.7778394443  -0.0949281911   0.4218973760   0.0097098313  -0.0342764065   0.1364975320  -0.3284996703   0.6234378315  -0.7519641790  -0.3228168903  -0.2357829699   0.8455543761   2.4280753564   1.1058705940  -1.2857437063  -2.3247513316   1.0177944799  -0.1038111654   0.7353854115  -2.0242848278  -1.5279567331   1.4336600208  -1.8663393275   1.3444620814   0.7983626048
 1.3929216938   0.8527540128   0.3069089910  -0.9002720025   0.2441362306  -0.8085031667  -1.6473729989  -1.9760430271   0.3499916493   1.0596424419  -0.7189557866  -0.9845806969   1.2074130908   0.7939613001  -1.1856382209  -0.4092922089   0.9499996553  -1.0021118773  -1.2226125591  -0.3156592581   0.0316152616  -0.3032101993   1.0727921777   0.2101248089   0.3870597800   1.1921730085   0.5899235585   0.0586081191  -1.5652053137  -0.1707568295
 0.4811356752   1.9443987624   3.5554386101  -1.8833868715   1.4923461099   0.3206294911  -0.6023644681   0.1426506954  -1.2513228707   1.4316445955   0.0931110591  -2.0611624654  -0.0550734755   1.8845067348  -1.0049321144  -1.8659766620  -0.2070339066  -1.9902639180  -3.2196830454  -0.4485035640   1.9330116655   1.1063497049   0.6534747104   1.5017642250  -0.6121519986  -0.8412710876  -1.9714860452   0.7896749524   0.0141192061  -1.8682812052
 0.7944560551  -0.9091507108  -1.4067975030   0.3805221610  -0.7561501344  -1.0955236816  -0.3098538542  -0.5569594696   1.4685919024   1.2117176988   0.4204354380   0.1231907663   0.8040802350  -0.1129488968  -1.6701210390   0.5559965852   1.7685857650  -1.4547755894  -1.0245053417   2.5197409312   0.3836503030  -0.4513938940   0.8506629091  -0.7029809666  -1.5245901946   0.7401419879  -0.7793515323   0.7073788958   0.7387405542  -0.0811640008
 0.3287061198  -0.0260611285   0.0858937642  -0.2140262424   2.0107539868   0.0352068593   1.0218109494  -0.5074294976   1.8785143994   0.5368079249  -0.2991137722   0.1485932913  -0.3714982847   0.4725255604  -0.4705357417   0.2672593798   1.8568580224  -0.3810139392   1.0195477858  -0.2427936849   0.7877992995  -0.0132363570  -0.1127383242  -2.3215807262  -0.3060530120   1.5214453763  -1.0286712062  -1.0880880872   2.2407865071  -0.1601599974
-1.9292709470   0.9171458192   0.0834617998   0.7206929450  -0.4866054707  -2.4219308378   0.1567885956   0.3095781397  -0.2268509850   1.1373780191   0.5239430324   0.8640874468  -0.2018896533  -1.1449938065  -4.1862260709   0.0701743864   0.4833756808  -1.1357074605  -1.7266520441  -0.0444772123  -0.1304609076   0.8940500061  -0.6066789728   0.1330391850  -0.0831660046  -1.4897822114  -0.4200228713   0.7335831434  -0.3343567463  -2.5083794203
 0.0197719041   2.8495574156   1.0880294911   1.5266641803  -1.2716638380   0.8614220476  -0.0482916579   0.5543559491   0.3339686574  -0.2546214697   1.0348473989  -1.3155890367   0.5368920412  -0.7277889271   0.9873518817   1.1025183817   0.0030661904   0.5030414090  -1.9789183991   0.3871058833  -0.6445491307   1.3659010148  -0.3079946162   0.0628410065   0.1109543562  -0.7915270481   1.8381418236   1.8290621162   0.1031984754  -0.1069125515
 0.5797842766  -0.5913533732  -0.5072257278  -0.8044217600  -1.3299322413  -0.3680855465  -0.3475038364  -2.0777762879   0.3611723042   1.9366979640  -1.1112088652  -0.2732075364   0.1020485830  -0.0691552839  -0.6259768293   1.1048957609  -1.2720459503   0.7001664810  -2.4360512791   1.4235699439   0.3694722912   1.7436089125  -0.3053547123   1.2281828993   1.4618735119  -0.0373734676   1.1841391748   1.8129812744   0.5406852104   0.2107733451
-1.0320687081   0.1133743272   1.0809357020  -0.1819121992   1.2806456367  -1.4712208938  -1.4012429699  -0.0259536647  -0.1225013504   0.5384994613  -0.2883262754  -2.0451491335   0.1245406007   0.6177007706   0.2678451096  -2.0451609494  -1.0358834830   0.8212743190   1.5388775878  -1.7092800506   2.6107492556   0.6284996204  -0.2501222785   0.6687440722  -0.0615351778   0.5911760943   0.7147261003  -0.7564988845   0.0550678204   0.0448471517
 1.1928624603  -0.3148928376   0.0835530810  -0.7385483406  -0.6151980008   0.2311874524   0.1646653975   1.8814017237  -0.1346298832  -1.4923829808   0.5516412522   0.0264574309  -0.5601505884  -1.8510979515   0.5714121373   1.4173280087  -0.1909415276  -1.3836041167  -0.2491957392  -1.4075484806  -0.6280672914   0.3127221527  -2.2768445879  -1.5248002746   0.0607072973  -1.0806712491   0.5433955726  -0.6638506665  -0.7123969924  -1.5299779263
 1.6413069636   0.8349681187  -1.5050120025   1.4425391154   0.1429711522   2.7434290038   0.1337253864  -0.1635071672  -1.0770261074   0.3489546144  -0.5517305477  -0.4714499277  -0.9735351757  -0.7664380735   0.3802576886  -0.5871790301   0.2014618533  -2.7036243141  -0.2461711502   0.2886272769   0.2346640929  -0.9874085891   0.7955605682  -0.0781208964  -0.1715349167  -2.4829738436  -1.1637450258  -0.7726139609   0.4087599730  -0.1825637546
-0.3637639514  -0.1414324823   0.0885639685   0.1136237830   0.6710970218   0.6297424288   1.5138635187   0.9109883605  -1.2422204693  -1.9241817375  -1.3648981178  -0.3063224861  -1.6379921883  -0.3594868095   1.6768318882   0.4099730748  -0.8116661849   0.3420581064  -0.7910320665   0.2833067306   0.6725627933   0.3278354609   1.2902946259  -2.4128663806  -2.3404176108   0.2249425004   0.0891557302   1.0364332875  -1.0758343373  -0.5023407829
-2.5465271833  -0.6070462330  -1.0124675462  -0.8208572833  -0.2327068888  -0.9983286861   0.7949786374  -0.2616303073  -0.2361595308   0.4295487181  -0.6718815654  -0.1402446114   0.9764121499  -0.1408061022  -0.9275104701   1.1973279902   0.0099140599   0.4573145595  -1.9606005619  -1.1580765703   0.6605847839   0.9378435384  -0.4276188154  -0.5422306161  -0.8406831875   1.6557352692   0.3018837318  -1.4395945528  -3.7770717289  -0.3243299456
s2
-1.3712610628
 1.4609219526
 0.4573354749
 0.5599990362
-2.1729289387
 0.4270052091
 1.1656092757
-1.0226645411
-0.3806131010
 0.7119984244
-0.4698917710
-0.0566884815
-0.5595929899
 2.1959125107
-0.0519522291
 0.7304956752
 0.2391357579
-0.6595272754
-0.6181927105
-0.0008937307
 0.4666759763
 1.2105087465
 0.8250796204
-0.7734302803
 0.2339838391
-0.5860047182
-1.3335123769
-0.8608902873
-0.9464378233
 1.3938240641
w3
-0.6372776359  -1.2904743154   1.1719752142  -0.1579358316   0.8602509822   0.9334371955  -0.0197170659   0.5085251893   0.3701676158   1.6098232658   0.3638303921   1.5131926748   1.5556842851  -1.2238538740   0.3604579773   1.7333043302  -0.7954721357   1.7767763700  -0.1171105549   1.5560978140  -2.0038860204  -0.5296886482  -0.6896880631  -0.7472034417  -0.4842322173   0.9783548870  -0.2886836705   0.8770295492   0.0548613680  -0.9885482824
-1.3373342239  -0.3913326325   1.0703428824   0.9682687266  -0.7629439681   1.0955140876   1.8548318954  -0.2805278593   0.2496983760  -0.8820349098   1.3623615116   1.6924520458   1.9068320002   0.0871508924   0.8417443209  -1.7646130558   1.4017321568   0.1980755854  -0.2772807470  -1.1140858739  -0.0866274036  -1.1638987593   0.8923391663   0.2309836270   0.5465622638   0.6522935076  -0.1671227112  -2.3999069235   1.1346259106   0.9146378625
 1.2170060089  -1.1488222659   0.8132789963   2.1124230955  -0.4255105822  -0.1379079163   0.3378471146  -0.6042122599  -0.6074502743   1.5397458956  -0.4197628673  -0.0056017941  -1.9862315884   1.1809230019   0.6996452493   0.7011098358  -0.3721761962   0.5084356060  -0.7066356402   0.8749704525  -0.9545493619   1.5948025505  -1.6153322470  -0.7747224474   0.3884486020  -0.4738433536   0.9265042539  -0.0660587386   0.3799968629  -1.0234622660
 1.0412926043   0.1874600060  -0.8992965548   2.0303272078  -1.1403717739   1.1915304822   0.9201113913  -0.3055887610  -0.6428299934  -1.6667517079   0.1520919480   0.0594033288   0.1313339834   1.9903120818   0.0958596111  -1.1573979020   0.4445432441  -1.3685789299  -1.7014139193  -2.5171260136   0.4863731465   0.4183009030   1.1448613915  -0.3346296630  -2.0011108833   0.8062134286  -0.6849810413   1.2741224463  -0.1061349904   0.8734588036
 0.8447866929  -0.3469094970   0.9146104036   0.2758254583  -0.5700150800  -0.2893829266  -0.4795899822   1.5606801378   0.1342724698   0.3465738134  -0.2023793934  -0.2269485176  -0.6930842216   0.2394548692  -0.0340720294  -0.7405915120   0.0505708710  -0.0417308934   1.0602074723  -1.0042030009   0.3371902668  -0.0309529066   1.0427659441  -1.0853117952  -0.8506280295  -0.6960342980   1.5644179435   0.1430518202   1.1542656882   1.0947318038
-1.1300373551  -0.3631125363  -0.7657062367  -0.4082914160  -0.6825220715  -0.1283615911   0.8688008612   0.7808889732  -2.8294057987  -0.3200490552   1.6991401216  -1.0491085963   1.2050538037   0.0757445773  -0.4168306659   0.1197902301   1.1694236202  -1.3625171836   1.0728667392  -1.0017708327  -0.4390330514  -1.0442778556   0.5676186875  -0.9440077388   1.8378057524  -1.2774699369   0.5002776626  -1.3536784874   1.1907583364   1.1643081524
 0.5264983690  -0.1292662321  -0.9777594182   0.3907636613   0.9735043518  -0.4364438325   1.9038296688   2.2033715286  -0.0527205541   0.7769179712  -1.3817137609   1.0367599458  -0.3050479385   1.1586046374  -0.6292200308   0.9676273082  -0.8957095308   0.7964169200  -1.1452078468   2.4647269161  -1.8380010666  -1.4748252345  -1.1157550772  -0.6743997716  -0.7947479027   1.0534960739   1.2285531056  -0.9669793355  -0.7417052521  -1.4686031916
 0.9079031000  -0.0303399838   0.1825024571  -0.3681124367  -0.7252725652   0.7316288751  -0.1832647182  -2.4546218600  -1.5279010057  -0.2965268291  -0.2290898982  -0.9096037223   2.7724989433  -0.2157183243   0.0771869104   0.2339892538   0.7468095224   0.2535931967   1.3110409934  -1.0684272657  -1.1359194270  -1.0715942398   2.5267082965   0.0132082299   1.5368495664  -0.8978247626   0.3898024086   1.3431332378  -0.1201945811  -0.4189380385
-1.7204081913   1.3227706279  -0.7451257120  -0.3132318671  -1.5949277321   1.0059098835  -0.8720667539   1.9615712183   1.9561431559   1.2137458890  -0.5015872970   0.5694442071   1.7641001696  -0.4886148610   0.5919697445  -0.3923169252   0.2052053054  -0.3837457624  -1.1144067021   0.6114331606  -0.6933789803  -0.8463402546   1.2934956372   1.8107952926   0.0467570758  -0.0494051314   1.0554412816  -1.7190611808   1.3591649654  -0.2461557609
 1.5296607586  -1.3248366756  -0.2708083970   1.2981859397  -0.7760092596   0.6613953396  -0.8843154496  -1.3292671527   0.1363892440  -1.8010838446   0.2253645902  -0.9871341177   0.8711659942  -0.1588724022  -2.3505534209   0.4681889329  -0.5583308372  -1.2593619209   0.3931962673  -0.6650076096   1.1017618112   0.7745308811   0.7152462941  -0.3182277793   0.4289098386  -0.5200041538   0.4059000872  -1.2935133066   0.0901575950  -0.4106397358
 0.5919151845   1.2650696142  -0.0759538427   0.4306339836  -2.3223184651  -2.3800706217   0.3553012906   0.0398941422   0.1391751748  -0.8562518202   0.7480857035   0.9306853348   0.3690327416  -1.6760212170   0.6087692317  -0.4705998154  -1.7700337453   1.4836517574   0.1020600706   0.4733779833   0.0408784306   0.2814389062  -0.2343226849  -0.2798853561   1.6584632625  -1.1495618470   0.5292716393   0.1015961034   0.5991599122  -0.1627095142
 0.9537941103  -1.2590467983   0.3684939140   0.5254087788  -0.2516800537   0.4034123352  -0.6701888227  -0.5462917670   0.4681792541   0.2334675699  -0.0571164586   0.4179797662  -0.0984915868   1.0163481818   2.0177193209  -2.3155117122  -1.1134984256  -1.3506015974   1.5569865689   0.1372914544   1.7443186521  -0.5121188512  -0.7397185135  -0.3463601539   0.0567544807   0.3289393336   0.8469007756  -0.2013523952  -0.8668850750   0.8456646150
-0.9670225026   0.6851314158  -0.1795793889   1.1906826890   0.9834085709   2.0060039268  -1.9485297444  -0.6045785597   1.1843999747   0.7156762018  -0.8329418387   0.4376650586  -0.8820884644   1.5502630646  -1.2109435554   0.4223597063  -0.6434218890   0.3209724571  -0.7410270282  -0.1802455105   0.2190045965  -1.0733512905   1.5693358695  -0.1847547161  -0.0216043180   0.3993132382  -0.3021590314  -0.0914697562  -0.3368347220   0.6771458238
-0.2305330083  -0.9963587807   0.2373292901  -0.1562786323  -0.6904960848  -1.2077408042   1.7486580462  -0.7633177873   0.4230598414  -0.5467804253   1.3612641474   1.0228629441  -1.2680317580  -0.5916314121  -0.5154044678  -0.5114389131   0.1872458161  -1.3453503671  -0.2485878630   0.1011556660   0.7982163206  -0.4772552793  -0.4259263901  -0.8570077653  -0.3492969728   2.3224334070  -0.1486368472  -0.8313125560   0.1610704297   0.4412125331
-1.1562215122   0.3586412083   0.3229497782  -0.1614132406   0.1086027468   1.4223689336   1.7080097411  -0.7763493040  -1.1302009817  -0.7445872936  -3.0081946947  -1.0325389208   0.8753498308  -0.0680505028  -0.1320403122  -0.3914563347  -1.1045679992   1.2381129584   0.9084121780   0.1653521240  -1.7154701536   0.0392017239  -1.3255386123   0.9909506841  -1.0614161607   0.6196027685  -1.8888372798   0.2159344783  -0.6979164486  -0.0711636831
 0.5465531620   0.5123366736  -0.6404870471  -0.3963690704   1.1712117114  -0.3044460340  -1.8105438915   1.0956053089   0.4363596712  -0.6713379250   0.8794753620  -1.1025440078  -2.0252862210   2.6637142085   1.5237148528   0.7837338043   1.2097031242   1.1508538703  -0.7753873773  -3.3772119883  -0.8861656323   0.3644064466   1.2334211939   1.3076378844  -0.3036829369  -1.4397197148  -1.0897710007   1.0822608984   0.2346639353  -0.5418558849
 0.6945458694  -0.8946040734   2.5699631687   0.2701446517   0.9300073034   1.8518196961  -2.2513064694  -1.1768631736   2.6899103701  -1.9024212400   1.3670738700  -1.0346857865  -0.0017237218   0.0173196891  -1.6527343899  -0.3135684259  -2.0805777756   0.4725717573  -0.3441417861   0.5588054050   1.1948685579   0.3385707280  -1.9380930531  -0.7888817569  -2.8061590830   0.1098025586   0.1167224559  -0.5995454190   0.3352011307  -0.4886287093
-0.6754228206  -0.8460026766   1.2276903042  -0.9788013586   0.6610962704  -0.4296768515  -2.1464617443  -2.2460088383   0.8372063544   0.1069912964   1.8709499951   0.0786862673  -0.9518898618  -3.5100614302   0.0679119533   0.0561455608   1.9218254635   1.4929665197   0.1985948949   0.8925340146   1.0572138155   0.4423198136   0.3061072779   1.4758177169   0.5907186503   1.4524235189   0.2635066637   0.6326061220   0.2346353797  -0.5328800219
 2.5290368285   1.2795196927  -0.7381861258  -0.4772784560   0.6891257408  -0.4510417898  -0.8103793368   2.2663544405  -1.0698778685  -0.5134178680   0.2994893028  -1.6643738680  -1.2065361294  -0.5350646443   0.3207500827   0.8683033745  -1.0708943593  -1.5321209209  -0.4049771058  -0.3608751637  -0.9105126317   0.6890621176  -0.7961158166   0.4315159694   0.3772234608  -0.6170446983  -1.6252048423  -1.3104872892   0.3960216157  -0.2442761999
 0.3480006492   0.5064560572   2.0963553134   0.2442420304  -0.2724240698   0.3585715705  -0.7766812251  -0.0660877159   0.0454825467   0.5625607998  -0.3529976681  -1.8995582369   0.4241990056  -0.9170436571  -1.7337294585   0.6652334421   1.4487548166   1.8656639455   0.1357010072  -0.4585251511  -0.2053726424  -0.5725823763   0.1784456068   1.9658809504   1.6879973720   1.3502467511  -0.6097741188  -0.5933642332  -0.5352041197  -0.5405088797
-1.3324650324  -0.0156095111  -0.1750688591  -0.2495498159   0.2598664412  -2.3134371309   0.1129373446   0.7807047627  -1.3352270212  -2.1353052989   0.6439358503   1.0552960044  -0.4449268939  -1.3347177872   1.1986106837   1.2827361723  -1.3642321802   0.8231440117  -0.5169012284  -0.0253953381   0.2783816020   3.1068560801  -3.0173232411   0.3969949690  -0.2260626126   0.7290531074  -2.2089104440   0.1562676864   0.0282639366   1.3314909879
-0.2218201175   0.3729039292  -0.4644880915  -0.0726903102  -0.5520867161  -0.8791238403  -0.8586875245  -0.9023086426   0.5292714082   0.5130458786  -0.0620478324  -0.0194317862  -0.6224316674   0.2383471523  -0.5301186951  -0.2147829644  -0.4095322944   0.3738461470  -2.0079679496   0.7739094223   0.6156470067  -0.0285147620   1.2357218382   0.1245440159  -0.7821956188  -0.0628619532  -0.6262548966  -0.1025609397  -0.2148460184   1.7650570822
-0.0304151343  -1.1507244363  -1.6810969971   1.4671752053   3.3586390564   0.6038906846   0.4468205830   0.4475517552  -0.0133422529  -1.3154589191   1.8398469638  -0.3435679411   0.4650967482  -0.8159318300  -1.8257128262   0.4684163456  -0.2937267305  -0.8945174550  -1.3945161040  -0.4584395393  -0.0501047085  -1.6380385729   1.5547723632   0.6123980481  -0.0680836685  -0.1722632781   1.1784599647  -0.6839140340   0.5152093790   1.2087815052
 1.0531521164  -0.1418504423   0.9220916467  -0.7035056189  -0.8606625195   1.0472200908  -1.3299846149   0.2065307588  -0.3744446332   1.5806940589   0.0846343415  -0.0127310961   1.0117668361  -1.9924486443   0.5413994698   1.5695503687  -0.4074296048  -0.2605827368  -0.2693885183   0.3057988374   2.2131546731   1.5799669664   0.9359122714  -1.1609978167  -0.2315986792   1.4788333616   0.3636811751   0.6056202027   1.8729186067   0.5073938276
 0.1483390414  -0.3708076615   1.5191719688  -0.8273697223   1.1633231809   1.9919004368   0.3975735000   0.9359224869   0.8159540268  -2.1191749347  -2.4802245630   0.5317171606  -1.8687053747  -0.1924939121   0.3369618415   0.7262693569  -0.4203305578  -0.7012693809   1.3053474326   0.8613091773   0.3289736323  -0.3300077552   1.0485177887   0.9571481723  -0.7994499924   0.2313334879   0.6051214711  -1.1022837472   0.0320905087   0.6080478974
-1.5071288012  -0.9216974374  -0.1881288787   1.0238443168  -1.2689926094  -2.9459374570  -1.5282670351  -1.5401476421  -1.3159294806   1.2104887950  -1.3598928435  -1.8887050925  -0.0109762893  -0.6895607871   0.9184989778   1.6170453087   0.0787682559   0.4815763894  -2.1705195211  -0.6437439107  -1.0531676078   2.3207186231   0.0000877770   1.7958882518  -0.7515347543   0.3234858192  -1.5119474699   0.5195726304  -0.1290783806  -0.9322649787
 1.0984280218   0.7462787630   0.3514992600  -0.4303606516   0.7245758525  -0.6718822642   0.1490921093  -1.5777009854   0.2762342917   0.3719205407   1.7206039032   0.8503420559  -0.0632853741   1.0273707612   0.6548751253   1.0758953532   0.4850421886   0.6258555813   0.4803859215   0.2426710528  -1.4322747834   1.0185054634   0.2691445246   2.2166935073  -0.4895087178  -0.2287717223  -0.5117883226  -0.3789810328  -1.0015858035   0.6714246725
-0.0670468633   0.9186599668   0.8490199586   0.1737068605   0.1389913800   1.3954898360  -0.3281501192   0.8915755255  -0.0011632784  -0.6152892771   0.4077906550  -0.1861684034   0.0261028677   0.1936537756   0.7497324305   0.1078786559  -0.6493575680   0.5980713113  -0.1784060075   0.2429769162   1.6676707351   0.8996494034  -0.8227869057   0.1332779814   2.2698904211  -1.6284033348  -0.2689892118   1.2506647328   0.1896113353   0.8147158931
-1.2001619744  -0.1923687034   0.6950758860   0.7628023339   0.4768312460   0.7424398003   1.4402106741  -1.2897264706   1.1254856727  -1.5945219079   0.2796085016   1.6631058402   1.6756431292   2.2795904948   1.4947269135   0.7730384749  -0.5108603740  -0.3132111000   0.0193623808   0.8095976209   1.0188877968   0.7229328793   1.3963050874   0.2606504262  -1.7318740216   0.9579996221  -0.0528662711  -1.6557912415  -1.4665983655   0.5196731836
 0.5423927414  -0.9214012988   0.0477247441   0.7708291462  -0.7026826588  -1.4927253093   1.4587554066   1.4562714471  -2.3322860277   0.9744612174  -0.9208580426   0.2268863400   0.5163319661  -3.4405547359   1.0600136552  -0.5263544632   1.1389400000   0.1679033699  -1.2353930199   1.9888197779  -1.8974670208   1.4843112637  -0.5861857254   0.6369843092  -2.0294024150   1.2453069319  -0.0110951289  -1.6595175168  -0.7255799286   0.4977001888
s3
-1.5544773243
 1.6316729347
 0.7639612275
 0.7263182599
-2.5373189007
-0.2542868394
 1.2138846211
-0.8206979509
-0.0136040448
 1.0352423396
-0.3236063648
-0.4864456536
-0.7147279476
 2.4603998112
 0.1731157263
 0.6401630680
 0.4602291264
-0.5290847889
-0.6295193565
 0.1714098061
 0.5931208838
 1.0460218695
 0.7187321886
-1.0509391266
 0.5501960328
-0.1966250074
-1.0789357870
-0.7659150428
-0.5818764863
 1.5921039793
w4
 0.8026399845  -0.5983254740  -0.0054868961  -1.0579711321  -1.1383138212   0.3639953070  -0.3112638226  -0.5476624557  -1.8918874676  -1.4875602904  -0.7389993431  -1.1299432003   0.7911526063   1.5669550803   2.3470701293  -1.3429943508  -0.4426719249   0.7633810185  -0.6997724814   0.4229473261   0.3853041107  -0.1393009016  -0.9959292947   0.8947693329   0.1373976841  -0.4926811664   0.0708157099   0.2936568106  -1.0366374051  -1.2122965063
-1.4470826825  -0.1145313760   0.8666496996   1.4174235687   1.3695977359   2.1674020826  -1.9783077484  -0.4331168385   0.0185618726   0.9618776507  -2.2965632086   1.4570175476   0.1034294700   0.5642906409  -0.7558899172   2.2172850705   0.3697728713  -1.1673444671  -0.7788116635  -1.5750088325  -0.7548339939  -0.2900977554  -1.4760666219   0.1410820923   1.3722817752  -2.2798312095  -2.3245514208   0.1180128877  -0.1307921484  -2.9546989095
 0.1001280295   0.5761928190  -0.3440394142   0.1939670284  -1.0198214154  -1.8351054337   0.6532111005   0.6528431724   0.7982489548   0.1548740021  -1.3338526548  -1.2009950000   0.4010863174  -1.0296074859   1.3076664013   1.2867510125   0.7542583378  -1.6822210424  -0.5115109159  -1.2688311204  -0.7252350348  -0.4007126901   1.2925408267   1.6980616720  -1.2729794742  -0.1979531408  -1.4070142049  -0.1625037881  -1.3398592658  -0.1781636261
-2.1842097167  -1.7592918497  -0.0512547672   0.5950464057   0.3858568048  -1.1948995890  -0.4820688536   0.3263431920  -2.6080054550   0.4811877278  -1.2596775695  -0.1247110346   0.2623318340  -0.9737542353   0.2934091392   0.5422076797  -0.0882730585  -0.1586247520  -1.4186022407  -0.6900232995  -0.5484805515   0.5390203271   1.8040265709   1.6357554825   0.7989441782   0.3811502905  -0.4939652031   0.7658389658  -0.2840293790   0.4099025436
 0.3139620913  -2.0184214427  -0.4537656448  -0.3185341252  -1.7349351874   0.6406087798   0.0434287327  -2.1810411657  -0.8949665272   0.6355882719  -1.5402879132  -0.6589315522  -1.7024852081   1.1989713312  -0.4968550177   0.2952954109   0.2249935266   0.0912734028  -0.3803737089  -0.6362072516   1.2378881529  -0.2078268944   0.4334760053   0.1213441001  -0.7792883131  -0.9554009599   0.0358026128   0.9118423763   1.5064246734  -0.2398277941
-0.4301981827  -0.6193661733  -1.2570330226  -0.0447024611   0.6619815989  -0.1984152773   0.0122765725  -0.7945267682   1.8679092814   1.4585551984   0.9934907231  -0.1743063936  -0.9385248608   0.9082827406   0.8332030792   1.0111661495  -0.7749099627   0.5076199235   0.8058620930  -0.6780977953  -1.0003107770  -0.9832793303  -0.2686425426  -0.9886255685  -0.4528548546  -1.2621241663  -0.5535894125  -1.7819796085   1.0400230861  -1.0213574973
 0.4461175808  -0.2585336437  -0.8711199591  -0.5641819143  -0.0148063179   0.5803696040  -0.2866048767  -0.8187757630   0.7434326617  -1.1704869866  -0.8646379624  -1.2765205261  -1.1248290275  -0.7254910969   0.3466479311   2.0035215217  -0.2357770506   0.3876772608  -0.1113715508  -1.1437534799   0.0999635292  -0.4783232157   0.3968849635   1.2197767118  -0.3429758235  -0.5700274288  -0.7513986999  -3.2265432430  -1.4025254575  -0.7715366121
-0.3143054516   0.1017873019  -0.2077234808  -1.4987469699  -0.0585590570   1.0760158894  -0.1354547032  -1.1060102704   1.3847585213  -1.2395869148   0.1868879653   2.1070566034  -0.3126542146   0.8043294398  -1.4362948644  -1.3296105374  -0.3401631488   0.2819738175  -0.2483499198   1.4427895261   0.6292947861  -2.1805338634  -1.1090888665  -0.4040155200  -1.4012780705   0.2394192642  -1.3097796300  -0.9626840064  -0.8756475938  -0.0709108484
 0.2862336687   0.6183509761  -0.3705356515  -1.4965368807  -1.0646319248   2.1061635425  -0.2266416280   0.4388101235   0.0963964078   1.8541895216  -0.4543731677  -1.2687380300  -0.3838911248   0.9898647580  -0.9444504287   0.5022073208  -0.0946824720   0.7506750843   0.1961356306  -0.0018592771   1.8973848525   0.6288294181  -0.1431541469  -0.1312803289  -3.4291768691  -1.0995082272  -1.7653607468  -1.4991261398  -0.5694607578  -1.9210385547
 0.3014788812  -0.0221937343  -0.0035180333   1.0688981554   0.6096857578  -0.7434495645  -0.7781444102   0.1958399674  -1.6415622791   0.7972866249  -1.1487303223   0.6816802551   1.4626445428  -0.3212252862   1.3244989826   1.6510193663  -0.6352659488  -0.7413428298  -1.3542586280   0.5154376291  -0.6200198952  -1.1600487295   0.8359697725  -1.3173926818   0.2170168689  -0.5963027842   1.0593731571  -0.4494461742  -1.4917129733  -2.2675327303
-0.3399065905  -0.4128723905   0.5656542634   0.0032759245   1.2669242067   1.6598882041  -0.9412973124   1.9582520190  -0.0437813630  -0.6791667190   0.6942100883   0.7140260070  -0.8650094409   0.0941790950  -2.1041359903  -0.8602102190   1.5211549273  -0.8102003049   1.9678489136  -0.4187780915   0.7858652738  -0.4683184556  -1.1709506687  -1.1497627134  -0.3967867585   0.8896152220  -0.4331120789  -1.0787872894   0.0048382989  -1.0277759619
-0.4337358904  -0.2934877773  -0.3534271302  -1.1464397639  -0.4417337990   0.5725702673   0.6073163621  -1.6329946286  -0.6279071299   0.6023993850   1.3198174483  -1.1465581442  -0.4183634173   0.4237685066  -0.1815192377   0.1543802930   0.8125771400  -0.4358791069  -0.9227839547  -0.9482948929  -0.9550294050   0.7671389947   0.1122957387   0.6583380138  -0.7540417331  -0.4236668354   1.3197107403   0.1105761087  -1.8077343578  -1.2653393788
-2.0234890719  -0.0335864397  -0.2996683887  -0.2208978722   0.9535518798  -1.5538111821   0.1593081820  -1.3226935246   0.1679749639  -0.1395476936  -0.6606012860  -0.6225145523  -0.4242699319  -0.9602064495  -0.3088080351  -1.5034570475  -0.2455795855   2.2557490825   0.1406961123   0.5927206733  -1.0400709232   0.2826178057   0.2188172526   0.2408321621  -0.4520951752  -0.1045923735   0.7039661543  -0.2561210309  -1.1953710265  -1.1057100369
 1.1994057868   1.1279182328  -0.3714587010   0.3849224153   0.4412220613   0.9056235528  -1.6467108372   1.0691788022   1.2844030856  -1.1553226974  -0.6003122507  -0.7201467005   1.6446455139  -1.0157319175   0.2362708068  -1.3147583071   0.5465397275  -0.5271865806   0.1400892377  -1.1403580621  -0.8377353568  -0.5142574120   0.8869159137  -1.2695439956   0.4512223659  -0.0636425654  -1.7174579159  -1.3248480456  -1.5285991004   0.0758145576
-0.7444028246   1.0233798400  -1.2850768331   0.9915484066   1.5121621748  -0.1510238199  -0.3802865327  -0.7460296837  -1.0715396287   1.5174375784   0.5068933490   0.6501477381  -1.0208386193  -0.8222252473  -1.2787487709  -0.4970092092  -2.0038167050   0.2385430538  -0.6885111133   2.0377319703  -1.1632845501   0.8080501398  -1.0831198094  -1.0202674710  -1.5843167298  -0.5433981540  -0.1227599849   0.5512309647  -0.7000646164  -1.1227505906
-0.5776871134  -0.0537430633   0.6178439325   1.2796511746  -0.1529164802  -0.1804226229   0.7918925230  -0.2459518961   1.6438707164   0.1533401319   0.3259614064  -1.2281558951   0.9084720544   0.1380643164  -1.7760730811  -1.0818866076   1.7835236413  -1.8633967584   2.2130610379  -1.4917216871  -2.5265265166   1.5841411933   1.7377256374   0.3659156234  -0.6538141771  -1.5698125974   0.3568300021  -0.5290687620  -1.2636308588   0.4777287043
 0.0018597878  -0.4016738097  -1.1475649128  -2.3823512987   2.1321685812  -1.8185117004   0.2269710182  -2.5522011975  -1.0775512822  -0.9110542411   0.1694624307   1.1950247488  -0.0454969764  -0.2799667540   2.1525710592  -0.7848905448   0.7601917678  -0.3884132516  -0.4505149503  -2.0736590008  -0.8950162012   0.1270831432  -0.4444193175   0.8567596864   0.8968955636   0.7871776295   1.2966979616   0.8222169904   0.1805778906   0.4811358203
-1.4103735204  -0.4240186039   1.1204430623  -1.1772415474   0.5339633402  -0.2178573334   0.1837213281  -0.2756962545  -1.8164572356  -0.6766527811   1.1516599979   0.5366138732  -0.1358668110  -0.5903967902  -1.0130730506  -0.3603752165  -0.7047613307  -0.4937610804  -0.5427171675   0.4233823667   0.9036160261  -0.3620989079   1.2653657330  -0.9345383783  -0.9087381257  -0.4232988274  -0.8769613431   0.4408845565  -0.4271942779  -0.7008541393
-2.7572992355  -1.0323901939   0.2157586483   1.7047046796  -1.7386837325  -0.4201749045  -0.8461909140   0.7746270575  -1.0542183935   1.3195675539  -0.3792100960   0.0660926847  -0.0198230503  -0.5989591336   0.3554453683  -0.9230327242   1.7689322249  -1.1629925759   1.5171870910  -1.1153289440  -2.0915258440  -0.9110821620  -0.8136126530   0.1138585014   1.4761952632  -0.6726788011   1.9915037733   1.0882129340   0.8270168171  -1.3197681953
-1.1019391177  -0.2901100230  -2.0141362672  -0.0397416339  -0.0875175251   0.9669531328  -0.5591042907  -0.8769294538  -0.8978330550  -0.4533528164  -0.9040868166   0.3773893713  -0.3222179434  -1.7489055007   0.4118451265  -1.1017391407   0.3426943303  -0.0166744451   0.6966716519   0.1639622219   0.6473310455   0.9273256783   1.1958580660  -1.0161441402   0.0425047854   0.6694645583   1.7265180426   0.7852915899  -0.7875671337   0.1255169593
-0.4324386490  -1.3967136395  -0.7075455164   0.7687099618   0.7771563005  -0.2207175785  -1.0714734141  -0.2623596439  -1.2807663855   0.1372533088   0.3501549593  -0.0668308321   0.1412048302   0.3743200143   2.2756170966   0.3609377977  -0.2435737320  -1.6432523027  -0.9890475888   0.1505282637  -1.3759269494   0.2984333966  -0.8458395705  -1.4689898517  -0.2329800163   1.4258495194   0.8018724175   0.2703724229  -0.5943344664   0.7603957876
-0.0125149199  -1.1513819439   0.3168749466   0.3627624904   1.2011765270  -1.0404190294   1.2339198501  -0.4380544645  -0.7867780984  -0.5098605788  -1.5108346577  -0.1448445428   0.5499271787  -1.8437490569   2.0206912422   1.0817567997   0.0146986800  -1.9795276368   0.3512035079   0.3526845062  -1.6780772792   0.5312708905  -1.0944175221  -1.9893997093  -1.8444385925   0.9189792708  -1.0869122029   0.2010975398   1.7178210843   0.9620835107
-0.0235146459   1.3804968199  -1.9799639935  -0.7001681864   0.2246866287  -0.4191613784   1.2084276785  -0.5174729958   0.5620056547  -1.0881576835  -2.0616111192   0.0536330603  -1.6173290346  -1.3055220108   0.4422253470   0.0882884315   0.0963641704   0.3007726761  -0.6069495063  -0.8326740212  -0.5711477709   0.4252525880  -1.2664994771  -1.8023185370   1.5922855219  -0.8261755219   0.0546604649  -1.2153604449   0.5381100328  -0.7726992769
 0.5929565271   0.1856299812  -0.2453291735   0.8608540930  -1.5692029541  -1.2207129371  -0.5000076215   0.3791453447  -0.4091529035  -1.0510427563  -1.2779698866  -1.1816640762   1.7539415923   1.0801471731  -0.3031471096  -1.0329809779   0.1247996973  -0.5239948012  -0.8410009487  -1.2388009631   1.8925502791   0.8710827217   0.0527751642   1.2833958984  -1.3997256215   0.0344258790   0.3455046587  -1.6080412573  -1.7638166307  -0.0734143708
 0.3323921194   1.2088463870  -1.5270463466  -1.2442282863  -0.1125111592  -0.7366374378   0.3221321933  -0.0250930091  -1.1313185294  -1.1447825665   0.0227312216  -0.1932106655  -1.5703778979  -0.2620107529   0.7346011737   1.0710307914  -1.1259179315   0.4714067778   0.2693333583  -0.6457894827  -0.6816230837   0.0013872791  -0.1056635857  -1.3083545694   0.0970209880  -0.1539540728  -0.8262955937  -0.5727730188  -1.7717116044   1.0771685034
-0.3513583395   2.8157841509  -1.1520088790  -0.2307514261   0.4749897658  -1.4861101351  -0.7927808722   0.1591676458  -0.8222680266   0.2318023346   0.3998140080  -1.2495959461  -2.6249388682   0.2966833504   0.0434464853   0.2624431460   0.0450565310   0.0010809086   0.0432936907  -1.6079587915   0.5343880420  -0.5313652693   0.0235814717  -2.1592226119   1.0450575640  -1.7276929738  -1.1875926855   0.5110184228   1.2724971775   0.1906162850
-0.3270391949  -1.3593969771  -0.1982824331  -1.1978065859   1.8551853430   1.3405097856  -0.4651708011  -2.0034552195  -1.3902902442  -0.7192721907   2.9979243820  -0.2542294519  -1.1932809660  -1.8396729928  -0.5930602838   0.1012971672   0.2831530760  -1.1365402994   1.3705905922   0.6791828920   0.1880710074   0.6911167262   1.0878276094   0.7127184894   0.4864045755  -1.2029274560  -0.0300052450   0.1676766312   0.2491258090  -1.3092817384
 0.4657922297   0.2079890206  -1.7649476394  -1.0757052614   1.0961299374   1.2329873775  -0.1984998552  -0.2744772070  -0.9243490362  -0.1238976412   1.8744850284   0.7139887698   0.4341126127   0.4718445529   2.3289616538  -0.3781019595  -0.1973009298  -0.3761637595  -0.6300175550  -0.0633548895  -0.8717381324  -0.0952434958  -0.5325408732   0.0984040906  -1.0193775103   0.4336365437   0.1635406059  -1.4060885975  -0.8657657205  -0.6554727078
-1.7087776338   0.1157827782   1.9230586868  -0.5993212252   0.0682479982  -0.5697632909  -0.4708413330   0.2671999519  -0.4333906162   0.3163002543  -0.0700487478   2.2380328880   0.7171758421  -0.2938640099  -0.7079601821  -0.7202946322   1.2841357529   0.4253845685   1.5191019210   0.1706022671   0.0672192436  -0.8832204656  -0.3796960593  -0.1816458603  -0.5564630757   0.3178316792  -0.0336477800  -4.0619185989   0.1030419874  -0.3338335120
-1.5573710088  -1.0570799868  -1.6597541974  -0.3271605968   0.3907055155  -0.9417172984   0.6407222780   1.6473500873  -1.7468339886  -0.3351300072  -1.4608027175  -0.4946251703   0.5163583998   1.0654963665  -1.3485919540  -0.4066563933  -0.1045960199   0.2397497785  -0.4639908424   1.6463125994   1.0904397369   0.9741833064  -1.5590879028  -0.8469123438   0.6661200660  -0.9478293826   0.0611006666  -2.1083890807  -0.4919787673   0.3482740088
s4
-1.4098799107
 1.4782893358
 0.1248436552
 0.2427074029
-2.1946651196
-0.4786342413
 1.1083939884
-1.0658763445
-0.3042274674
 0.4391083135
-0.6200356959
-0.5237153627
-0.7325266067
 1.6309625756
 0.0159934855
 0.3284971183
-0.2139341280
-0.8181828899
-1.0032403674
-0.0607424568
 0.0940608370
 1.1000787475
 0.6380612749
-1.3668642363
 0.3678013117
-0.7072616673
-1.7134636093
-1.1517505934
-0.7901630678
 0.9923196146
w5
-0.7918659059  2.2928770699  0.6171579253  -0.2922122990  -1.1717473891  0.3734589913  -0.1929356328  -1.4511994711  -1.1972813133  0.4538496958  -0.6499420874  0.2191780703  -0.1367071772  0.2347683160  -0.5026286052  0.9340752552  -0.7004637469  -0.0024549956  -1.4603486859  -0.3565605496  0.3958063231  0.9270587675  -0.1625193172  -0.3247979227  0.0976453130  -0.3113254303  0.1927591248  -0.0078168895  -0.3347790140  -0.2248908125
s5
-0.3041637840

