layers: 5
str: {2,30,30,30,1}
w1
 0.0379177320  -0.9458843875
 1.1719223725  -0.8614637918
 1.3758953501   0.7255914399
-1.1834742587  -0.0987700420
-0.3687619387  -0.4537854655
-0.1454123915   1.4530569984
-0.2068668915   1.6326537706
 0.1852288737  -1.9313149819
-0.2717340963   0.6389668816
 0.0058671894  -0.7106524386
 0.9146771478  -0.2132654127
 0.0401036272  -0.8061460225
-1.4483307910   1.1013628297
 2.4343695238   0.3419823914
-1.6592536973  -0.2938768373
-1.1011327546  -0.4490109957
 1.1024836622   0.7440601299
-1.6696684245  -0.2595477950
 0.7527135423  -0.0018109001
-0.8079800503   0.5505192230
-0.3737728412  -1.8144577709
-0.9590971445  -0.0494007997
-0.9585052765  -1.5064219825
 0.8025092258  -1.7054755607
-0.5315780874   0.6019216430
 0.1616801256  -2.3925808352
-1.5011545879  -0.3318882702
 1.5510269912  -0.0496578380
 0.0663497000  -0.8994845699
 0.8212948206  -0.3524711803
s1
 1.3406443894
-0.5328768099
-0.6538135740
-0.2854509460
 1.3486553626
-0.2708335467
-0.2033074344
 0.0218529428
-0.7600830021
-1.4102551553
 0.7404184793
-0.9871319390
 0.2062148340
-0.4274994638
-0.5779787190
-0.2407398970
-0.8173529397
 1.1961622643
 0.1794753025
 0.5854073686
-0.5750070705
 0.2663558545
-0.3937712713
 0.9158554052
 0.8299961087
 1.1046574924
 0.2891673187
-0.5791277075
-1.7149082062
-0.0344582556
w2
-0.7989888935   2.1147487338  -0.8846727479  -1.5326688369  -0.9066055829  -0.3852653017  -0.4616480663   0.3695276303   1.7963704728  -1.6357937035   0.9641759989  -1.0414142472   0.6461281295  -0.2582117304   1.4903304009   0.6226507753   0.3655186836   0.0348228911  -0.0087140696   1.4913095935   0.7947321719  -0.0052929773  -0.2054036425  -0.2425268257   0.2740148502   1.1380234735   0.0196094043  -0.3046337552  -0.4475591367   0.0800769355
 0.4917585284  -0.7201278531   1.4395236005   1.4229692726  -0.7614555525   0.9574273634  -1.2342576152  -1.3674430873   0.6400116501   0.5130809896  -0.8485844602  -0.4378149621   0.0125685749  -0.5369457112  -0.0855923414  -1.7266300517  -1.7433331832  -0.8037860312  -0.0342839089   0.9472293493   0.3852855737  -0.6235271795   0.7381518654  -0.0135535482  -0.9201316968  -0.7878213173  -1.6266943272   0.1749503247  -1.2508308842   0.0517796360
-0.5276642983  -0.2999304302   0.7898016856   0.8544261822  -0.3749675643  -0.0901831870   0.5023273567  -2.8453297712  -2.0202191836  -0.3143907109  -0.9846502423   0.5790322487  -1.9883618784   0.5627920542  -1.0642817757   0.7495295641  -0.1916043690  -0.2693743149   0.2665806782  -0.2233527969   0.8361128301   1.4618321722   0.2701088455  -1.4444816030  -1.1649319466  -1.6273355923  -0.5235601700   0.1244123266   0.8956324738   0.2336859083
 0.8568828760  -0.4692477886  -1.1213965285  -1.1438140461  -1.1172559442  -1.1474238875  -0.3028163900  -0.8616286445   0.0944398048  -0.6643397102   1.5568035670  -3.2279734185   1.0038300894   1.1688690891  -0.6268913830   0.1847296507   1.3066274143   0.7294632227   0.8300117858   0.7924144008   0.0148206368  -2.4234445382   0.1732613591  -1.0826682168  -0.3492767403   0.5706259413  -0.2857829738   0.2476536670  -0.9559065547   2.2589073365
-1.0273882201   2.2174254253  -0.6311531148   0.0552267327   0.1710236396  -0.3577240100  -0.5997115396   0.6757148114   0.5564049888   0.9407537904  -0.1057118279  -0.5363795891  -1.1015492674   1.5013324350  -0.1478582701   1.5923756857   1.3537913134   0.8847152914  -0.7475782590  -0.3733311130  -0.0133701518  -0.2276105780   0.7634379765  -0.6564638089   0.4934738922   0.6678203629   1.1440541024  -0.6701257329   1.0377137511  -0.5211741686
-0.9133921198   0.6353811556  -0.7409459249  -1.3115895151   0.7903971928   1.0353782037   0.3056871697   1.0357813541   0.2553308315  -1.6084362884   0.0857966643   0.5234997615  -0.8906405827   0.0431550673  -0.3596095556  -1.6491402898  -0.5868783901  -1.0911792210  -0.4249102460   0.5231655905  -0.5110267665  -0.2406463821   1.7580413179  -0.4603389180   1.0695186667  -1.3440487384   1.3476849672  -0.5433994541   1.3808049934  -0.2474756918
 0.7078259641  -1.1147189066  -1.1622450831  -0.4164744644   0.4813721365  -1.6021598058  -0.7511083968   0.5173927645  -1.5426320742   1.1455364482  -0.4719330668   1.3488090273  -0.6601960590   2.6966352850  -0.8596798366  -1.1372124697  -1.4375314920  -0.1396592297  -0.5080544508  -0.2780536750   0.7764705746  -0.4464178022   0.3023263358  -0.2302532115   0.8306400848   1.3174226270  -3.3371363075   0.2648455629  -1.2817655921   0.0235526709
-0.7480807801   1.1001945486  -0.5188812350  -0.3042463958  -0.1300163912   0.1298422909   0.7558424100  -0.8884951737   1.7194478243   0.3571575585  -0.0849659445   0.5599094790   1.9541816615   1.8274826955   0.5735697501  -0.2188247792  -0.6885473989   0.6630684845  -0.7895891148  -1.2738874484  -1.6424734612  -0.7199463630   0.1302156949   1.0080827872   0.0838804167  -0.3261173744  -0.2215601025   0.4172964977  -0.0611563684   0.3270188931
 0.5154189072  -0.4938570361   0.3992254793   0.9749907337   2.1617392297  -0.0347862734   0.9087692184   0.3336898982   0.2653411846  -0.1005165207  -0.5899305770  -0.0153215380   1.3483544889  -0.8857521493  -0.0141953732  -1.3634515810   0.0791656103  -0.8766528162   0.0624667126   0.8321749371   0.6123209230   0.5954710004   1.8026811873  -0.6818892872  -0.3488545862  -1.5872976025   1.2554582572   0.9330597930  -1.4606134747  -0.8017897526
 0.8399309413   0.6192655984  -0.4543665573  -1.8091317386  -1.6751020301   0.4805313740  -1.4674737816   0.1839575268  -0.4577724182   1.8485995496  -0.8069843189  -0.6405619871   0.0112328120  -0.8505435548   1.1693666423  -1.0664180893  -1.1038084549  -0.1398186233   1.9281653206   0.5504412857   0.5716831452   0.3428494832   0.8413954105  -0.1480918519  -0.1214250978  -1.5690110901   0.4666980451   0.5082017906  -1.5434922034  -0.8160117127
-0.4086733521  -0.3030864031  -0.5432674468   1.1263277857   0.6940499999  -0.8916594217   1.1047558776   2.2708344888   2.7077291841  -0.0308641696  -0.9048815954  -0.4086475668   0.4459996109   0.2324645131  -1.6280798128   0.2653196597   1.4202003095   0.5842491853   0.7510345936   1.5862163355  -0.8920418791  -1.3061052962   1.3293195370   0.1938670739   0.6922025119  -0.8992429315  -0.3461629009   2.0360699756   0.4507431416   0.5794445721
-0.3812532464   0.2378142681   0.4944140414   0.3782536048   2.0244166475  -1.7851753793  -1.0756267975  -1.2460048193  -1.7012877140  -0.3291490628  -0.3061093155   1.1734448908   2.4365016802  -1.2436612799   0.4057039029  -0.4644130258  -0.3004481215  -1.1408936188  -2.0654587902  -0.8117649839   1.2681391922   0.6245615217   0.2556261662  -1.0824797833   0.8097687604  -0.3710952539  -1.2537549811  -0.1207650743  -0.9267221695  -0.6772442950
-1.1636429953  -1.6763636491   1.6796610794   0.5277612868  -1.2570220910   0.6976874148  -0.4078853942   0.0584505903   1.0291270101  -0.6179743199  -0.2314710900  -1.5082245638   0.2570579709  -0.1186514078   1.9601675368  -0.7943397739   0.1723222012   0.5649827282   0.0000017261   0.0892892591  -1.1134702398  -1.5295562423  -0.6830911573  -1.9529357083   1.5155416856   0.5135037778  -0.5788392699  -0.8754089708  -1.5450727070   1.0797633537
-1.0132401370  -0.8702730094  -0.3680391268   0.3623833877   0.5281579675   0.7786095424  -0.8403910041  -0.4389118123   0.7613245968  -0.6193759501  -1.1822208549  -0.2260494920   0.5171334062  -0.4105466675   0.0666416757  -2.2446255494  -1.0326783456   0.4336706440   1.0153185823   0.1858676039  -0.4223816445   0.6078113887  -0.8493482464  -1.5685349114   0.8514554326  -1.0300627196   1.5695227130  -1.6384387239  -0.2143901118  -1.4322255494
-1.1634325582  -1.4714151407   0.7900497258  -0.3335378106   0.3096879394  -0.0133447672  -1.5083241553  -1.1428574499  -0.2168189144  -0.3113021943  -0.4173547559   0.0151166913  -0.3585817378  -0.1509750915  -0.5564969392   0.4194933754   0.6790438024   1.2694225675  -0.9413114151  -0.7497195615   1.5859430059   1.6048653690   0.9927068214  -1.4558769749  -1.6349500014  -0.5484064356   0.1704277199  -0.8392546608  -1.5373806594  -0.4628247987
 1.3571455726  -0.6314103162   1.0724538018   1.8427144660   0.9739955065   1.0326217133   0.7772038792   0.5482356946  -0.3842686264   0.5166323437  -0.8112113075  -0.3489818637   0.4690518485   0.3347419143  -1.1706169991  -1.2311360343   1.1700581275   0.2741451436  -0.6542943925   0.5144219506  -1.1260224815   0.1460309066   0.6732347377   0.1583197536   0.8596923415   0.0227497321  -0.9320381728  -0.1396450300   0.2983684211   0.5993203465
-1.9846304414   0.9365374121   1.1538712701  -0.4882243752   0.3677109322  -0.5642985516   0.8527129318   0.5977014075   0.4601543819  -0.1495207102  -1.1611645516  -1.6133342215   0.4946419714  -0.5715442940  -0.5377909388  -0.5722243573  -0.7657996223  -1.2059104235   0.6943087696   1.2479114606  -1.0477228943  -1.2776982858   0.5942619839   0.9758363078  -0.3042845280   0.5220537012  -0.7371396728   1.5432313079   0.1826904992   0.0489703480
 2.1283282080   2.2049705900  -0.6661029117   1.5001742050  -0.3585172696  -0.7320092688  -0.3412291151  -2.1755847485  -0.2310741315  -0.1218592712  -0.4032039614   1.1768276583  -0.7355634119   1.7495284471  -0.9764692584   0.0644570142  -2.1667995085   1.7370723841   0.4951462875  -0.1583394785   0.0224553004  -0.5570299587  -0.8479669948   1.2946599621  -1.7632122659  -0.6026402195  -0.0241409470  -1.4003533232   0.6789036901  -0.3284952036
 0.8702315968   0.1503518741   1.0085142192  -0.8390514370  -0.9909941924  -0.2275082467  -1.2269216469   0.0472840227   1.1640436221   0.5138611370  -0.9037517585  -0.7660299444   1.0349145770   1.6076282973  -0.3919313654   1.1884643755  -0.1166887122   0.1876384129  -0.6767578923   0.5366769343  -0.6085641503  -0.3078705124  -0.4180979676   1.5371000050  -1.7955238421  -0.0778085090  -0.6357243988  -1.1853322767  -0.2753441304  -0.2537103338
-0.1823595188   0.2094180346  -3.3592055862  -1.9581126695   0.9339785374  -1.4986426244  -1.0441490335   1.3780597572   0.2054760966   0.5642578610  -0.0354963545   0.3093724702  -1.3776649280  -0.4881266215  -0.2443142237   1.0392405984   1.3312463350  -1.2602173174  -0.7084836583  -0.2643937842  -0.5724819980   1.8014467290  -0.2757598980   1.0282432810   0.9791266291   0.4600767629   0.4588625121   0.4296950747   1.3096411169   0.7624215751
 0.5359425468   1.0352784875  -1.2272186240   0.8584496048  -0.1020100953   0.8429005242   0.1136890906   0.8291725670  -0.3653371595   1.1183934419   0.6637972209   0.9192939770   1.9737629183  -0.7147211569   1.4956126474   0.3364349783   0.1611998196   1.7678298908  -0.4900486385   0.3273549678   0.8279133345   2.0451413403   2.6690657335   0.7292182538  -0.7438299757   0.2101062593   0.9698699079   0.0165117071   0.0683145632   0.0413094170
-0.0054776623  -1.4910732862  -0.4918859944  -0.2607063865   1.4498626091  -0.8322451151  -0.8654266433   0.1394509388   0.6943349606   0.6327885760   0.2943172358  -0.7298544108   1.4602430470   2.3804208636   0.1648048924   0.8336423663   0.0797828544  -0.9275285711  -1.5719859586   0.0805289429  -1.0956305382  -0.4320684903   0.0131417322   1.4769777004   0.5169765770  -0.1950863210  -0.5680928620  -0.0109884014   0.8823853347   1.5475806166
-0.2195030697  -0.9523694384   0.7590141778   1.0287101550   0.6941630228  -2.1281532402   0.0038939236  -0.6255872650   1.1477871627   0.7644845478  -0.9993974266   1.0441458021  -1.5724791913  -0.5683719010  -0.3505554917   0.2403591763  -1.0692797229   0.0605956328  -1.1431763577   0.8592347385  -1.2024888771  -1.3046974093   0.1128345197  -1.0452639133   1.2987073297   0.2128381381  -1.2716655668  -0.7660678024  -1.1779953444  -0.7107847425
 0.2763712518  -1.2281974456  -0.0641197202  -0.7875840388   0.6523292869   0.1059563852   0.5749934383  -0.5922273091   0.6621513568  -0.1485362151  -0.0454679274   0.1787014461   0.2737726416  -1.6260827179  -1.7489644384  -0.6939916602  -1.1728261026   2.1276429437   0.9058379048   0.4080301120   0.2537335749  -1.2386592479   2.4506841214  -0.6463514996  -2.5975019801  -0.7551330860   0.2534285917  -1.1245204358   0.9678616927  -1.2210991921
-1.0347529463  -0.0326660208  -0.6668471377   1.7385955268  -0.0287181000   1.3460369860  -0.6134530793   1.7763204250   2.6028604917  -0.0922231998   1.5314907698  -1.1933998863   0.6213377059   0.9720700736  -1.7202522505   0.6198569862  -0.1975972447   0.1093890951   0.8205099889   1.6299062439  -0.8772802276  -0.3406055023  -1.1067803611   1.2788299003   0.3021474416  -1.3977656899   1.4444176043  -0.2205714654   0.2296374547   0.3871310053
-1.3403888699   1.1456339405   0.8173447489  -2.4385074081  -1.1252409133   0.3638866611   1.1351876287  -0.3505401635  -0.5041065135   0.1538995054   0.1230296435   1.6742399239   0.6624428575   0.8595795003  -1.3219617620   0.3784911747   0.5711402420  -0.5111224055  -0.0239046680  -0.7430388969  -0.0261311035   0.7391295957  -1.1288541647  -1.0216594829   0.1578585681  -0.4850703175  -0.1367675388   0.6529872101   0.0444921840   0.6347946422
-1.4286237470   0.6671122798  -0.4947740849  -0.7911879350   0.2561623986  -0.5008830423  -1.2849204633  -0.6197095161  -2.8357180057  -1.1453459356   0.2079385045  -0.7514308182   0.9635295157   0.4346878491  -0.7478378156  -0.6316242979  -1.3487599135   0.7930030490  -1.0094627707   0.3041247153   0.5285256761   0.5398838912   0.1487425384  -0.4642041218   0.7446933352   0.3777263800   0.8817750615   0.8110921727  -0.5160876104   0.3585468473
 0.7457505219   0.2293155855  -0.1369697440   0.0624955854   1.4813269518   1.0966424605  -2.5783670454  -0.9849284345  -1.1687652515  -0.6176155648   1.3375725012  -1.1589087990   0.5218909812  -1.0185654962  -0.9784859676   0.4397455870  -1.4662131486   0.7178427790   2.0564151149  -0.0435220205  -1.5470638453   1.2624174884  -0.4849470572  -0.0040316474  -0.0325303188   2.0723723740  -0.6553580813  -1.3419704340  -0.0952007205   1.4674125631
 1.4162815064   2.5807081680  -1.4689789431  -1.3920058203   0.2694052758  -0.4700072047  -0.5933363372   0.2148202360  -1.5403814465  -1.0303497067  -0.1888346270  -1.0629632912  -0.7358991020  -0.3392522181   1.0664543361  -1.9990107703  -0.5965515609  -1.4417804515  -0.1184802404   1.1845379598  -2.2549773060   0.8090251654   0.5769634236   1.2643276703   0.2625514418   0.1717636602   1.0063079044  -2.0402540311  -0.8931284229  -0.7695704110
 0.0360375809   1.9157080960   1.2635926717   1.7780285311  -1.9030648166   1.4973556535   0.3128947251  -0.4976196986  -1.5401211699   0.4798252742   0.3021503959  -0.4820527246   0.8316209491  -0.9506311007  -0.4312255011   0.1087517306  -2.2466378622  -0.0088597840  -0.9097904709  -1.4269247742  -1.1966810483  -1.3959326140   0.0609358065  -2.3980666372  -1.7462039209   1.5691714920  -2.3249728622  -0.3347572591  -1.9918358934   0.0129633244
s2
-1.3901589272
 1.6608894002
 0.7404365005
 0.7901899093
-2.1498121239
-0.1734533010
 1.2359861516
-1.1467681383
-0.2509002456
 0.9036824170
-0.1572364416
-0.2710743078
-0.6647701676
 2.4303848678
 0.0012324212
 0.7587476759
 0.6110298938
-0.5666483230
-0.7973295868
-0.0075945380
 0.4790006254
 1.0937736117
 0.9499635636
-0.9336575605
 0.6544821273
-0.5791416681
-1.3217504568
-0.9443079041
-0.8151550437
 1.3152359440
w3
 0.6408674661  -1.8758775452  -1.1770402653   0.5901298932  -0.4165299960  -0.5162858941   1.4434932110  -0.9065803485   0.5632908072  -0.2967333033   0.3846977674   0.3272398914   0.3196398565   2.0331751584   2.3784528704  -0.3692824070  -0.2673069184   1.3609132914  -1.6433912361   0.2831022330   0.9013817719  -1.6464023097   0.4308610288  -0.8458003794  -0.5021001978  -0.7489161317  -0.3972344000  -0.2197113680  -1.6624252793   1.4964472215
 0.5497744141   0.0213594238  -1.5592186684   2.2982424611   0.3580449257  -1.1462062969   0.8090391178  -1.1768897739  -0.6518021623   0.0187988785  -0.2801692699   2.0824831088   2.5822370319  -0.7692388599   0.3951966309   1.7301978587   1.4767818941  -0.1190027304   2.8041454143   1.2509852709   0.5890911016   0.0244721467   1.2727158088   1.5005600453  -0.1434407359   1.5242539465  -0.6669356999  -0.7124690178   0.4922539702   1.3475919607
 0.0557697670   0.6839654550  -1.0086263900   1.7878936099   0.3355489005  -1.5525347698   2.5260126760   1.6189965517   1.0402314307  -0.1767296925   0.2275417362  -0.5818620778   0.0047327070   1.3673999823  -1.9524833941  -0.3252094721   0.3524800429   0.9416109221  -0.0284845946   0.5183325076  -0.8884233262   2.0817276766  -0.4873602479  -0.9002241994   0.2647409515   0.2696493096  -1.1559512827  -0.8695970560  -0.0676139184  -0.5073174856
 0.9110994454   0.2334560834   0.9309177460   0.2566024326  -0.5617847253  -0.4658561237  -1.2352851667  -0.1543699309  -1.2604169996   1.1802069721   0.5808245122   0.9715377867   0.5924010860   1.9533404772  -0.9899892579  -0.0211120150   0.0057085186  -0.4232510641  -0.1853820099  -2.8609572633  -0.6540084797  -0.4801208277  -1.5485976538   0.1374089263  -0.0956369158   0.9350559261   0.6923177300  -0.0923014141   0.7995765848  -1.2122016381
 0.3068185094   0.0131176512  -0.3760485495  -0.5674727731  -0.4423229768   0.4083870515  -2.0232010532   1.0800414229   0.8728154553   0.9423892341  -0.4654444493   0.1768303348  -1.2816330421  -0.8934551416  -0.8241680725  -0.2099812911   0.4214786797   1.5084347903   0.5692535117   1.4062811004  -2.3662816901  -0.9727807135   0.3562741245  -0.0779955046   1.8004419907   0.1027341972  -1.3978956962  -0.3081195704  -1.0756591791   1.4610983023
 0.8992912978  -0.3391794809   1.5773808529   0.5145787848   0.4914228446  -0.4412090455  -1.1921785036   0.5658728393   1.4126169641  -1.0710509845  -1.9875315373   0.5435211845  -0.7450331551   0.8687745267   1.0353065222   0.5622181095   1.0109444407   0.5325898258  -0.0403870284   0.4819463928  -1.1132526389   1.1607823815  -0.9847055371   0.0315071435   0.6267537881   0.0381055895   1.2564470804   1.2519361222   0.5433184167  -0.2182234581
-0.9192605304  -0.2783264443   0.2020021927   1.2761343316  -0.4689534179   0.0432242407   0.6969516968   0.5042285072   1.7685649087   0.4292115064  -0.1133865064   1.1931637676  -1.1537355998  -0.6954223525   0.7343642012  -0.2607097871  -0.6635109827   0.2958078572  -2.1463392247   0.3248913646  -0.1748702086   2.6314184973   0.2702926360   0.2892410527   0.1470181395   1.8080597184  -2.1872490312   0.2032636000  -1.5764994364   1.4049563333
 0.8657032607   0.0982313575  -0.3006926388   0.3011054828   0.2925278345   0.2985943816   0.3038567641  -0.7119097589   1.6456593456   0.8479988252   1.3448214570   1.3927343861   1.2564621564  -1.1823992847   0.0005999972   0.0806260316  -0.1337118687  -0.8892112938   0.5583053678  -1.1600052672  -1.2469281494  -0.2718755055   1.1765551512   0.3925882001  -0.0481413150   0.2845404366   1.6626334271  -0.1207667720   1.2248891085  -2.0734707861
 1.2188838531  -1.1250228775  -1.0917078221   1.4722780138  -0.3526685822   1.4980114544  -0.2578048373   0.1771677488  -2.6378384006   0.5557120713  -1.1765456595  -0.4709824807  -0.0499489294   2.0085102357   0.2734559307  -1.9354340711   1.5020647837  -1.1605275165   0.0028880729  -0.5815376185  -0.8259070258   1.1662934258  -0.1508527483   0.5213294440  -0.0167745387  -0.0127777290  -0.3050547351   1.6950255109   0.4746075691   1.3683723517
 0.3968672322   1.7511733835   0.7300069311   2.7728436511  -1.4658824002  -0.6704648681  -2.2591702164   0.9297839491  -0.3777086689   1.7614046172  -0.2050835708  -0.3237782616   0.0693373103   0.1695654813  -0.1764487952  -1.8873963094  -0.0567586017  -0.3930082336  -0.7563803908   0.0360210901   0.5961866447  -0.1315731372  -1.3714852747   1.4325721597  -0.3516982836   0.0078474094  -0.3745006112  -1.8644595879   0.2346041061  -0.6734950041
-0.7660799113  -0.7561541862   2.0313933889  -0.6818981855  -0.3426297322  -0.6104823122   0.7370511423   0.7931525903   0.3523962359   0.5174804328  -0.0208978080  -0.4587129353  -1.1298415084   0.1442519834  -0.0918060099   0.9005155650   1.5080524711  -1.5090441072   1.5892254003  -0.4553439248  -0.6914234903   0.7745925275  -0.9252257201  -0.1309877021  -0.6999748562   1.2483088129  -0.8387868031  -0.6409707153  -1.0059647454  -0.5775505964
-0.5677415729  -1.5048767356   1.4325137497   1.1077226298  -0.0796991225   0.2449154936   2.0410973215  -0.0387334174  -0.2819793005  -0.7755178317   1.0685425619   0.0106841258  -0.7943104321  -0.5634062517  -2.8558511008  -1.0248875537  -0.6765957365   0.9779774169   0.4471930177   0.5156835832   0.9547844595   1.3992677889   1.5643541496  -0.0514375121  -0.4765642918   0.2495090247   0.4728939737  -0.6992024039   1.5122686467  -0.5893638813
 0.4483072967  -1.0638565876   0.0457235298   0.1275651090  -0.0783950202   0.6603488453  -0.2742170022   0.9189699464   0.3912945366   0.3957172853  -0.3352902126  -0.9008572629  -0.5477089131  -1.9504064681  -0.3276579239  -0.5874454105  -0.4008062792  -0.5218101977   0.8084106605   1.2550572884   0.1829594474  -0.9107042815  -0.8181834870  -0.8350109643   1.6676198372  -0.3094249061  -1.3152997542   1.6339736503  -1.1271025123  -1.0990911610
-1.1937419250   0.8237698209   0.0034169752  -1.2394927722  -0.3250035014  -0.3253778636  -0.4561150648  -1.2531077982   1.0343881304   1.4050918539  -0.4956074189  -0.3586156769   0.3179162047  -1.2562019464   0.6208914249   0.5022201254  -1.0813358052  -0.3001180248   1.0445731994  -0.6354118386  -3.1007243317  -1.1436618120   0.6019596734   1.7379378971  -0.3369503381   1.0314493115   0.9172639362   1.3181202938  -0.0181062931   0.2417596591
-0.5289101756  -0.1502885122  -1.1710472048  -0.9874629982  -0.1680637203   0.7165579761  -0.4786031662   0.1073813086  -0.5281262267  -1.0993919219  -0.2056933627  -0.3305729965   0.2077046194  -1.4360384914   0.0233502689   1.3104329991   0.0008983989  -0.2122820309   0.2982965718  -0.7047953042   0.0989314348  -1.1074274434  -0.5829657173   0.0294641604  -0.6005871493   1.3813891259  -0.0149877509  -0.4729045813   1.2535145270   2.8500935049
 1.1547638467   0.4317570142  -1.1608663967   0.6430530963  -0.4498940367   2.3780054929   2.0428558056  -0.1341529371   2.1005508952  -0.1312104952   0.0163308696   1.6168325783  -0.6370151922  -0.5738590296   0.1988200463  -0.5470339629   0.4548458343   0.5995487625  -0.2052929486   0.8364992570   0.3547839197  -0.2101363907  -0.0807625332   2.1877408614   0.9348334028  -2.9675554103   0.0288886980   1.5940615134  -0.1156441127   0.0136395678
 0.1242728471   0.1046774707  -1.0567792559  -0.2813719667  -0.6471889761  -0.8575674908  -0.8261766975  -0.9121235150  -0.1194741577   0.5072498448  -0.1312580066  -0.7574151338  -0.8534538327  -0.5218435340   0.2861283844  -0.0633527655   0.1951690391  -0.3790901117   0.6923913502   0.3840990104   0.0980746504   0.5093839602   0.0814374669  -1.1613671577   0.4465243100   0.7751358697  -2.3685788511  -0.8604172554   0.5732712848  -0.4080604243
 1.1805558980  -0.7533222813  -0.2051965200  -0.3663237371   0.9809237164   0.5747596714  -0.1248441057   0.0189322398   0.8649457778   1.3590381800  -0.5787700553   1.2362606340   0.2762043726   0.1757294138  -0.2142078791   0.3426506034  -1.8010861797   1.6876050047   0.6894852873   0.2569990659   0.7397816710   0.4869879387   0.7511910031  -1.3647864753   0.0479683374   1.7998924467  -2.3851254657   0.4896439400   1.8023099519  -0.2546082017
-0.3254173436  -0.0031429444  -0.9179010022  -0.0074834109   0.2916087876   0.2083174444   1.4033594623   0.5712381803  -0.3486277356  -0.3643768652   0.3916829635   0.6429135695  -0.9472623657   0.1853573678   0.8238840648  -1.5873656395   1.4459888814   1.8557173493   0.7112251509  -0.4073498132   0.0159319623   1.4755074493   1.1508698820   0.3884997429   0.5814059465   0.1585772346  -0.9753307246   0.5173846336   1.5249038684  -0.9565180414
-1.1181798381   2.6145813993  -1.4611281815  -0.3907817942   1.4038729537   0.4147694166  -0.3719482096  -0.5071451336  -0.3525375580  -0.8154686542  -0.4886764416  -0.3235276732   0.5246607171   0.4241840116  -0.0718101266  -0.7301735234  -0.6299376697   0.5771594735  -0.2608039512  -0.6241227065  -0.2264305400   0.8541376755  -0.7326427538   1.3423083070  -0.8787732706  -0.2994574677   0.6554698062   0.1571904541   1.0836914831   0.8762024629
-0.8746933584   0.0123474797   0.0882154470   1.5647022249   0.5912711680   0.7859921110  -0.3138276650   0.3955053774   0.1919582973   0.1715128915  -3.1376166850  -1.0479089150  -0.1107725681   0.6945528753   1.5392831533   0.2754144035  -0.0721452650   0.1339165466  -1.0593659796  -0.9676785621   1.7038736869   0.7587230232  -0.1018353662   0.4884460719   0.2641034752   0.1430915934  -2.4019551569  -1.1165255615  -1.0788198140  -0.6924718347
-1.5327367563   0.4714533876  -0.7619358333   0.0768465167   0.6970192234   0.2219671018   0.8803799846   0.9648721309  -1.0150314375  -1.9538362958   0.6066141163   0.1842027679  -0.0336311291   0.9606167895   1.1672541340   0.7107719034  -0.6620258747   0.6223151691   1.0499869786   0.7311234789  -0.5027000431  -2.3096948635  -0.8898030394  -0.0908870058  -1.6193534233   0.7445106006   0.0982018949   0.3159262366  -1.3003769117   0.7370949457
 0.9387864508  -2.2802060561   0.6790293475  -0.7269227111   0.6565726109  -0.8202343691   0.3013556856  -1.4008763473  -0.4264030058  -0.4681187138   1.8202394833   1.0368771641  -1.6790732081  -0.1940036565   0.3382484689   1.1669539762   0.8949196592   0.2688539661  -0.0469131417   0.2031826005   0.5052279775  -1.6810707215   0.4911680935   0.9719973375  -0.0686762346  -0.7885446308   1.2983097242   0.2484740697  -1.9385705986  -0.1337900849
 0.1569332542  -0.3109167874  -0.9142994558   0.5880131362  -1.6131233083  -0.5767469802   0.8588505947   1.0583632367   0.2781365301  -1.1924683125   0.5598289804  -0.1127283793  -0.5075193231   0.1296834373  -0.0446911148   0.6800981102   0.4168798056   0.8305951119  -1.7890466865   1.9781806694   1.3012552185  -0.0732209964   0.9623245611  -0.7572275710   0.5753338545   0.1654603594   0.1537778849   0.0656532869   0.8975683664  -1.0026057563
 0.3655646544   0.6314751546   0.4564736836   1.4687302915   1.0934872440   0.1859475414  -0.3613623881   2.4182570261   1.2354894627   0.1764492651   0.0151343299   3.0307488160  -1.4214545709  -0.7339137493   0.9597127334   1.5682044139  -1.2271660910   0.2000416792   1.3622171328   0.1863653002   0.6011815582   1.2313311730   1.1890702973  -0.2437947025   0.0418102331  -0.4925846850   1.5721921165  -0.1141293197   0.3575413849  -0.1086531873
-0.9702300393  -1.2544450934   0.8906177798   0.0930354851  -0.0326490454   0.2558277752   0.9724856396  -1.4564376884   1.0229695984  -0.9640240721  -0.4525212998  -0.2024391163  -0.5730449107  -0.8169660056  -0.6486045951   0.0432875971   0.0463375714   0.9175737096  -0.3518779546   0.4381471496   0.3054238405   1.6303583225   0.2500591966   1.3021998860   0.2476217516   0.5731404648   0.3261636921   0.8475700921   0.1882602321  -0.0444814968
 2.2597344486  -0.2826425559   1.4707283253   1.8153062397  -0.4788343854   0.1178724537   1.3553381785   1.1521796869   2.3046471845  -2.0756705986  -1.1913849091  -0.7526663278   0.3712788140   1.2366359857   0.5068236679   1.5024787090   0.4454164998  -0.5308912168  -0.5339244391  -1.0150033320   0.4416753501  -1.4058508753  -0.1806114194   0.4876638184  -0.2125886740  -0.9138788527   0.9353821071  -0.0412489823  -0.8013048555  -0.6103613231
-0.2347917835  -0.4330995838  -0.1973879966  -0.2159848766  -0.3559361894  -0.0353856965  -0.1287690680   0.5521322211   0.8480235482   0.4858201426   1.0511441427   0.0217508544   3.1265068460  -0.9661873918  -0.9976273422   0.8229552851   0.5028237854  -0.8475157722   0.9750855950   0.6436913496  -0.2163659260   0.2678018098  -0.9046542959  -0.4478456776  -0.4890269674   0.6210224309  -1.8682021270   0.7093616192   2.3914175001   1.0210613308
-0.5090683087  -0.6410453042  -1.7976083320  -0.2959030634   0.2048924442  -0.6406343967  -0.1026252799   2.3342655802   0.1297481350  -0.5294494405  -0.8104877050  -0.3550588421  -1.4665762548  -0.4780611350  -0.8458167716   0.1681937371   0.1370374877   0.1123906699   1.6354754867  -1.1745400318  -0.1768454765  -0.5681458946  -1.3602195745  -1.7355075881   1.2218354333  -0.0165567369  -2.2325023552   1.0025638462  -2.6177454492  -1.1126482148
 0.5106050109  -0.2661093855   1.6842361184  -0.1418547030   0.0466769272   0.6171150307   0.1177174070   0.8634289908  -2.3886521238  -1.3957134388   0.0255591718  -0.0852818855   0.9193106442  -1.0896862152   1.4187789318   0.9772300000   0.1799302687  -1.2659841753  -0.6472137040  -1.5149610324   0.2247785999  -0.8837413065  -0.6353640305   0.5089418803  -0.7525021802  -0.1889618997   1.6949776958   1.2734874102   1.4106982266  -0.4556628191
s3
-1.4135302802
 1.6405806244
 0.7246225832
 0.6908043976
-2.1799635780
-0.1397021704
 1.2529490210
-1.0138400063
-0.4215944147
 0.9828186706
-0.1419758276
-0.3742969513
-0.7619024302
 2.2520028948
-0.0379922020
 0.7697837143
 0.5875474780
-0.5941108706
-0.7176868624
 0.0130778918
 0.5398258361
 0.9577838635
 1.0380206726
-0.9689376950
 0.6534733222
-0.4557634951
-1.3568332829
-0.8274310982
-0.7701252726
 1.3652170260
w4
-0.0999649346  -0.0478608334  -1.2693862414  0.9102966910  0.1855805137  0.5224677815  -0.1447585544  -1.5551738391  0.6536212044  -1.3305979997  -0.6364881068  0.9081801444  0.0065677751  1.2744268045  0.2859030026  -0.3381253377  -0.3751412221  0.3090863472  -0.8430798814  -1.1755062335  -0.9297397594  0.4981466760  -1.0466418613  0.7404020496  -0.7859384930  -0.8820563834  -0.4710873102  -0.5326195042  -0.3667846767  -1.7535747678
s4
-1.8239365964

