layers: 5
str: {2,30,30,30,1}
w1
-3.0470768206   0.3528924696
 1.4016859531  -1.3861247236
-0.0131105449  -1.7899858030
 1.2065985070  -0.4241944589
-2.1626470541  -1.5964234926
 2.2492255483   1.1310265309
-2.1505741144   1.0941053309
-0.3087900271   2.5395869304
-1.5635727362   1.8290147000
-2.8512434139  -1.5203453272
-1.6452469794   0.1293006786
-4.0821557356  -1.2967143688
 2.4890004931  -1.1153055786
 2.0545904283  -0.1042662795
-2.5835381059  -1.1288773418
 5.0504020581   2.2712578679
 1.5058356051  -0.9746859628
-3.3535706682  -0.4324261967
-5.0358182887  -0.5422670931
 3.3142486149  -1.4292677909
 0.9009739517   0.1015061156
 3.9052910399  -1.9021510711
-3.5407239593  -0.7960749951
-2.4176668599  -0.6415722519
 2.9851783318   3.0903754192
 3.5205472071  -0.7505500446
-3.6034999038  -3.5890314389
-0.3155453874  -2.4138165252
-5.6699998687  -1.4396578426
-3.9368773554  -0.2797157029
s1
 5.0259401164
-3.5220363896
-0.5482633538
-2.2027446272
 4.9215407195
-2.7813228238
 0.6355680134
-3.0316846949
-4.9107997385
-6.1761774323
 2.7743053513
-9.0442185263
 1.7047329057
-3.7637091349
-1.0871628580
-0.6619053455
-1.1125412119
 8.3381090146
 0.1738047341
 3.9734507581
-0.7330773663
-0.3658825830
-1.8184074608
 2.9484459041
 2.9924604478
 7.3873310893
 1.2053251735
 2.5160583284
-4.7195663428
 0.0311837673
w2
-0.5699687146  -0.9639285139   0.9683970963   0.9440579024  -0.8847792161  -1.5473391799   1.4926233322  -0.3577969570  -0.1169452657  -0.6717301875  -0.0863602206   3.2587950212  -0.8656715693  -0.3704693379   0.4248715765   1.5091400842  -0.9741256039  -0.4855918444   0.6970089602  -1.9459108839   0.0136891467   0.2021280713   0.2060720774  -0.3628405805  -0.1818707618  -1.9767312656   1.2001055151   1.9082070480  -0.9356289973   1.2231509246
-0.2617241844   2.0489446260  -0.6548634454   1.0652017531   0.3521648177   1.8476016570  -2.2726765397   0.4716644362   1.2909539749  -0.1896543070  -1.2822114487   0.3171819181  -0.5010195342  -0.0134665789   0.3030410928  -0.8034774291   0.6898833953  -4.9722420343   2.2694119401  -1.7250393085   0.0728303471  -1.1600412140   1.9586461234   1.4162124233   1.8752304329  -2.1351231651   0.7754493702   0.3374128015   3.5540489721   1.9513581722
-0.3536307137   1.6894578573  -1.0297722565   1.2095273591  -1.7086903911  -0.0346531397   2.6291304285   0.8751232086   1.0743493061   3.3061777011  -0.1345990267   3.0884556702   0.6847241451  -0.5366694509  -0.1560792096   1.8733026533   1.0464485734  -1.1563794932  -1.0920133956  -0.6776171410  -0.9101043770   0.4394036043   0.4698118771  -0.5034947806  -0.1718540092   0.5009062489  -3.2345072817  -1.4182735800  -0.8024394191   2.2642640625
-2.4358858648  -1.1009476233  -1.4881707392   0.5114873574  -1.1007142049   0.3864863709   1.2258776655   1.4146392305   0.6071175444   0.9426649195  -1.4058660709  -0.0817355454  -0.1337667545   2.0668023986  -1.1643592411   0.7831734616  -1.2456037966  -4.4359704008  -3.2141769684   1.7908360088   0.8947660360  -1.2910269226  -0.9130952421  -0.5454456091  -1.4534568198   2.3378251784  -1.3211560611  -1.5894691140  -1.6331625091   0.4425416926
 0.3556501359   1.2977144778  -2.2338636535   1.9496897376  -2.6719643594   0.9611674444   0.2946227342  -0.6400710927   0.2122090866  -2.7625702929  -1.0374671922  -4.8287227486   0.6361774603   1.5720373987   1.2803836661  -1.2365330254   0.5667338502   0.7708615236   4.0281916685  -1.1151989953   2.7199762279  -1.2098671577   1.1538657352  -0.0746116046   0.7459104179   0.1597416305  -1.1795052622  -0.7686246792   2.7915070703   2.2725299466
-1.7175102303  -1.5690482262   1.7241200139   2.0878597789   1.4073646997  -0.4549512643   1.5677184007  -3.2050842240  -0.1052207497  -2.8596393661  -0.4004332912  -2.1323638341  -1.7095007062  -0.1892583247   0.3484301873   0.6844780359  -0.7255725222   0.1860826807  -0.2496042164  -0.8530951714   0.8311674064  -0.5055392605  -0.2047795244  -0.4539871231  -0.8192687925  -1.9060469631   2.4279480454   0.9813193628   1.3879118447  -1.0828255333
-0.2798214935  -0.9031632846  -0.2625605817  -0.0378905335  -1.0327684405   0.5054105300   1.0440320905   0.0366266051  -1.3973640280  -0.4846540756   1.4808781316   1.9829969800  -0.1225040153   1.1896605457  -2.2256145953  -1.8908312678  -0.5194103821   1.0131247008  -0.3146043167  -0.4365886402   0.7811489496   0.5478674753   1.7669578921   0.0614541803   0.2437963199   0.9675872672   1.1296124578   1.4461560297   1.7570251665  -0.4535311172
-1.3669544624   0.1459841497   2.3296433866   0.7264650214  -1.1734451271  -0.7769463621  -1.1556639148   0.7745382681   0.0477648426   0.4974261217   0.0028447706  -1.2592626358   0.2684597020   2.7803970177   0.1417798396   0.8944233663   0.0014772940  -3.3952219924   0.0749720061  -1.6084094876   1.5648567313   1.3905400578   0.2153658961  -2.3342645133  -1.6525027064  -0.6589705157   1.9998139303  -1.0254416166   0.4599206756  -1.8134970866
 0.1791860049  -2.4029556160   1.4825942188   0.6096233391   1.1190047466  -2.3748919049  -0.5598907755  -2.4832468843  -3.6442679577   0.3269305334   0.0777773195  -0.7913639988  -1.0200077833   1.1191118592   1.2937582132   0.1480110997  -0.4411935254  -0.2329144336   0.3792822897   2.0426304000   1.6658209696   0.2756072425   1.1108228857  -2.0273217280  -1.3804798895  -1.1069996966   0.9356961052   0.1028506146   1.3898503496  -1.0184917585
-1.9982974190   2.1320783394  -0.2731348718  -0.1342445200  -4.1966762682   2.2230088032  -2.8051921459   2.8620781321   0.6821478983  -0.6421620634  -1.3076196661   0.2063105554   0.9769247381   2.4170884364  -1.3260320536   0.6141800207   1.0464340159   0.3714477443  -2.9243150809  -0.4765995904   0.3290207748   2.3188420579  -2.1422604827  -1.1484077459   1.0290726469   1.6368996753  -0.5934187848  -0.3609263195  -0.3907782754  -0.3230115547
-0.1269322901   0.7182812817  -0.8764550270  -0.1070755340   0.7148510227  -3.9374404385  -1.0243296064  -1.0610176724   0.6741586536  -0.4734860179   0.4213361456   0.7903077232   1.2573655935   0.3776013738   1.6813212795  -1.5227304325   2.4504407063  -0.3433956496   1.3296223061   0.8969649028  -1.5151083030   1.7071000158   1.0354398151   2.0565926965  -1.9491913596  -1.4569884489   2.4503433403  -1.8403582008   3.0245630893  -1.7215928675
 3.7932415922  -1.0966084898  -1.5434680480  -1.0891110096  -1.0960641224   0.8981919356   2.9477316042   2.0311432144   1.1156032183   0.4888246912   0.1193045683   1.0554758809  -2.1269201892  -0.7939817034  -0.4878520534   3.9374191023  -1.7400937779   1.3307987016  -2.0968780188  -3.8042227370  -1.1402835083  -1.2987928861  -0.5484834431   1.2505072939  -1.1821940760  -4.3915680587  -0.4715566169  -0.2308888004  -1.0997345520  -0.7613192188
 1.1900028325  -0.2562876276   0.3761403916  -0.2992011038   0.0322394333   1.7865570940   0.3525797053   1.2314484250   2.8803768486   0.4550730850  -0.2803073122   1.2308034212  -0.1227261039  -0.3484833048  -2.0513850767   3.4508733189  -0.0222815051  -0.9198156374   0.6845427965  -0.3244206652  -0.2950354229  -1.9439796435  -1.0897667818  -1.0398642614  -2.6413116454  -0.1504520530  -0.8718535583  -1.0906712833   0.3196938448   1.1255943603
 2.1760457990  -0.1634582068  -0.2921359314  -0.2373169727   0.9602601014  -0.8090837463  -0.1398186257  -0.2846087229   0.6121865271   1.8486911255   1.9370257787   0.9748058280   0.7516110613  -1.7656599347  -0.7769673013   0.2438775838  -0.9279600619   1.8716370164   0.5072289045  -0.0602976924   0.4977005245  -0.9238990012   2.1128929971   0.0707740390  -0.4800679779   0.3288738106   1.7059792070   0.6029254393  -0.2438736780   1.1825146445
 0.3446150577  -1.0681755020   0.0335570229  -0.3090732030   0.0580339182  -1.2194467029  -1.6240585904   0.1723120601  -0.2664078700  -0.1008245666   1.3108164665   0.6601316098  -0.9978035239  -0.0418825968  -0.1349261107   0.4150520220  -0.7391210952  -1.7168897087  -1.1068450708  -0.9456867924   1.4672951193  -0.3149745850   0.5501206527  -0.8662931488  -1.3519675659   0.5329733343  -0.4871681605  -1.2979541624   0.5612941816  -0.1167490435
-2.7113635452   2.1058898522  -0.4501431257   1.5556664418   0.1862663230  -0.3705698016  -1.3243261406   0.3400010040   3.0158939166   1.9387948462  -0.3099424065   0.8295359027   0.6903389629  -0.1700420858  -0.5468286151  -2.0483692203   2.2622917733  -2.6164775541  -0.0517469285   0.9559544526  -0.3729364760  -0.9051804847   2.2797613771   1.0103690385  -1.5486225469  -0.2093902754  -2.9784200789  -1.5263108137   1.3973537975   1.3835449211
 3.3499719792  -2.4283792064  -0.7265564390   0.0557064138   0.3800083373  -2.9058749784   1.9115762053  -0.4341230829  -0.1122692195   0.7465252168   0.0988147387   0.9080430640  -0.0989841809  -0.0300715284   0.0163498947   0.0829577475  -2.1065827276   1.2101892639   2.1082500588  -1.6745329378  -0.4216238343  -0.1333295144  -0.6212221535   0.5593879898   1.4556169841   0.5988834545   2.9502083854  -0.4611590567  -0.5634810337   0.6418738360
-1.1890880420   1.4828086929  -0.5645190861   0.0981773435   0.4934022843   0.9365605701   0.3338227792  -1.6179663134   0.6711458652  -1.4308809501  -1.2890713048  -1.3589430004   0.5543757506   1.7396309885  -0.3131484303   0.8453594160  -0.2914901983  -3.0195993424   0.6559928894  -0.4912673662   1.8015222277   0.2778717980  -1.5699183195  -1.9939202864  -1.5985668286   0.0602756545  -1.4655622581   1.2452616374   1.0124726987   0.2661294960
 0.1787180046  -1.0378502575  -0.3799648154   1.7396296321  -0.0394780799  -0.2106314417  -0.3309003997   0.5964731261  -1.6000316537   0.1498006176  -0.7499317834   0.6000742720  -1.6239514226  -0.5858139352   0.1944622924  -1.6338992022  -0.4125264531  -1.1196316367  -0.6589010812   0.6817408972   0.0765235970  -0.6284335007  -1.8035750552   1.0160997473   0.5329405517  -0.3333531058   0.9414266345  -1.6606834203   0.2542589029  -0.3579976732
-1.6680584866   0.1504574366  -0.4726653879   0.1075975048  -0.0277984781   0.2893979650  -1.1363809437  -2.4483132359  -1.0638057851  -1.1482152969  -1.0709413071  -0.0700372331  -0.3948204500   0.7840376726   0.7243478686   1.5865067500  -0.2910154420  -1.1882071211  -1.3472817393  -1.7789404063  -0.0002891951   0.6974076454  -0.8358498703  -1.5821709310   0.1846893141   0.1272651610   0.5102798744   3.1874016321   0.0823000647  -0.3154221955
 1.3883788787  -1.3985779687   0.3714053820  -1.2312432729   0.9603977125  -1.3932761037   2.9543397023  -0.0379615233   1.3002815236   2.0356448794   1.6691674173   4.0560852295  -1.9882441313   1.4700447177  -0.6398953608   1.8770652846  -0.2131288772  -0.6519218335   1.2030449012  -1.6807559496  -1.2719722774  -0.8621488155  -0.6227046131  -0.6525551040  -3.7790052300  -3.4858077159  -2.6322381143  -0.9169335077   0.8041656180   0.4433358123
-1.0413525085  -0.6207430842   0.5508988242   0.3100212496  -1.4047447890   1.6257768175   0.2251566421   0.5825442372   1.4619613155  -1.0803767773   0.0305612503   0.2359910722   0.2613884042   0.1567366518   1.1656598080   1.6994918467   0.3635288471  -0.6852504161   0.7697732230   0.4980054536  -1.5050316009  -1.1336729034  -0.0684338795   0.7733016060   0.3845338506   0.8953997305  -0.5569052016  -0.1702581852   0.7693266473   1.0567435632
 0.3890002666  -0.7224592484   0.2259055494  -0.2670573141  -1.8289111379   0.8401247708   0.8122637513   2.5632962308   1.5003423390   0.3719575295   1.0559382045   1.4675243739  -1.5760321554   1.0992700317  -1.8234022306   1.5009654997  -0.6893216465  -0.5259807372   0.6579549550   1.3213902002  -0.2816024397  -1.9774995821  -1.0297394686  -1.3018806286   1.7974095547   0.3147731412   0.0439495632   0.7600998232  -0.2289713881  -0.2323790818
 0.3609457637   1.1617967449  -2.1956419562   0.0243794777  -0.6133702590   0.4048673329  -2.4424529271   0.9887811501   2.0040844190   0.0166353754   1.0938623667   2.9446465853   1.3053092022  -3.0942951747   0.4494015321  -2.1747347365   1.0717434550   1.0496089648  -1.4083342207   0.8609503655  -0.0168219574   3.6000659970   2.0683988687  -0.4958276650   0.7343238283  -0.3917830781  -2.8951721911  -1.8526346255   2.8673327558  -2.7652584562
 2.6793626655  -0.0439939859  -0.8272662247  -1.9824447882  -0.3116954295   0.0526359165   0.5192180537   0.4617147535   1.1211085103  -0.3567997751   0.8780574709  -1.5824097199   1.9538879313  -1.4267486383  -0.1759677284   0.1817743120  -0.8246076765   0.3991336033   2.2343046733  -0.6370233622  -0.4592824737   0.4328013927  -0.5149254589  -1.1629832450  -0.3475958892   0.3929115783   0.2877710190  -1.3942909967  -0.1674152872   0.1190890040
-1.5323567927   2.6419844552   0.3338699632   1.0355583908  -0.0693536297  -1.6403961963   0.7064974841  -0.3138786509  -0.7694608241  -0.1006812124  -0.5084144386  -0.8282629700   0.5587276894  -0.2421664586   0.0351230785  -2.7125280999   0.7147905702  -3.6152585204  -2.3474981146  -0.1865583431  -0.5269806765   1.8027043938  -2.3327278210   1.3308392325  -1.2802511387   0.0578101213   0.8914456558   2.0896586299  -0.2286030221  -0.7253586536
-1.6298015891   0.9471265261  -0.8005818418   1.1660953961   0.8470572563  -0.8564646839  -2.1170418437   1.2536319951   0.4413978199   1.5286750067  -1.3953792096   4.0883209704   0.3562593492   0.7249241495   0.3309886532  -1.6827789942   1.7427677009  -1.6713609062   1.4550423684   2.9241821376  -0.3513637065   0.1853258449  -0.2243670779   0.8748182161  -2.3532364190   0.5744354977   1.3684540955  -1.5894634786   0.2043179891   0.7727849903
-0.4230395476   0.0353386824  -0.1913466175   0.4447489385  -3.4410341511   2.1663845641  -1.6779118069   0.9326806836  -0.5170852033  -1.0740104238  -2.4964094310   0.2977671642   0.5454500448  -0.0920527750  -0.7130244247   1.6303158687  -1.3202995147   0.0171015677   1.1363481463  -0.2143604556   0.4897818922   0.9880114817   0.2521147142  -4.3861626289   0.3763256847  -0.0801638884  -1.9309251022  -0.5044181569   2.6063088774   2.5654370068
-0.8713457806   2.1187826623   0.2930454598  -0.5460671483  -1.6977039453  -0.0158847681   0.8946662036  -0.7145265629   0.4837725602   1.4836229631  -0.8301439834   3.3049990109   0.4715897300  -0.3610407921   1.4142245909  -2.8240871379   0.1904338897  -0.1835487746   1.0767158897  -0.4223673034  -0.6142004378  -2.4355196086   1.4504556518  -0.0627807122  -2.4841562164  -0.4554331581   0.3354688317   0.5251631320   3.4264288024   1.7160175098
-1.7038358392   1.9897202160  -2.6226066901   2.2496466448  -0.2981632225   2.1139177158  -0.3060259451   0.1652357445  -0.5155569961   1.8228592455  -0.5223221663  -0.2522540588   2.5269416838   0.9225184513  -1.6529475565   3.0383305182  -1.2586667359   1.1919103332  -2.5929455889  -1.0893731036   1.2810945661   1.1977528797  -1.8541038303   0.2046274528  -0.5232698150   1.9555580993   0.8164596759  -1.8475570437  -2.0236852617  -1.5557659364
s2
-1.6480800222
 1.7882923421
 1.0410062306
 0.4746357109
-1.9594740129
-0.0487755349
 1.6009869406
-1.1177482814
-0.8294037572
 2.0947877576
-0.7820500045
 0.4229352419
-0.4992743058
 2.3931531996
-0.4572875608
 0.8649854217
 0.1209129851
-1.0606373385
-1.1581995772
-0.4182953515
 0.5547741695
 1.2594170318
 1.0669402531
-0.8632472631
 0.2167705896
-0.2796035561
-1.5248572554
-0.2657996120
-0.9524103219
 1.7505538450
w3
 0.2817035012  -1.5076110624   0.2323358202  -1.3269888100   1.5297365649  -0.9572796648   0.3097712800   0.2280453567  -0.6582135373  -0.4678934069   0.7066962496  -0.6837394816  -0.1805503373  -2.0292530618   0.0382860546   0.0388291867   0.0089101070   0.4969677557  -0.1062116857  -0.7546043090   1.0814268843  -1.7863092125  -0.0579300403   2.7215403348  -2.3707612534  -0.9244239276   0.0920377527  -0.5183521954  -0.5838942276  -0.5357907113
-1.9226571223   1.6414625430  -4.4888337899  -0.3168505409   4.1448329610   0.1667573126  -0.5809148522  -0.1763720066   1.2323791441  -1.2487377905  -0.8842234850  -3.1508134719  -1.8652035181  -1.9859861145   0.4406698498  -0.9687581900  -0.8521791512   0.8446446867  -0.6392484007   0.4607825422  -2.5366272687  -1.3491618034  -2.0708535055  -0.6763699744  -1.5231729913  -0.3692697543  -0.4795689471   0.1750360124   1.9303455657  -0.9795383488
 0.1347343678  -0.4765672092  -0.0784311787   0.7775915337  -0.1349819524  -0.8521785729  -0.5360882525   0.0814283703   0.5250476255  -0.1019087790   0.0349852845   2.0396565193  -0.2275051463  -2.2349368777  -1.1099583847   0.0956159083  -2.0641799049  -0.1608746455  -1.2394283700  -0.7215773032  -0.3439148413  -1.5079053504  -1.2918976647   1.8944846502   0.9750546834  -0.2060541438   0.5171211693  -0.1479268405   0.4826780752  -0.2889284652
-0.3614729328  -2.2959701389   1.0665350055   0.1278246997  -2.0603023354  -1.5977867310  -0.8045069308  -0.6799267659   0.0056046521   0.6408698779  -1.1679099405  -0.3500763007   0.4104265080   0.2056510109   0.0467798806  -1.8508844473  -0.3953673641  -0.6850361534  -0.1137228585  -0.4768815571   0.5923265638  -1.1312557331  -2.1129142502   0.0136408685  -0.8951445088   0.8805878963   0.2733563361   0.7497776922   0.6468890974   0.0459707689
-3.0735636307  -2.4523668670   1.4545018855  -1.4552412489  -2.2137808655   0.2208366312   0.3218379101   0.7204865771  -1.0096321295  -0.7004202187  -0.1842656888  -0.2240871531  -0.3555184919  -0.4035456918   0.2823560674   1.3328567308  -1.0052736847   2.0155443986  -0.1737614803   2.2575322102  -1.1484913012   0.8781109086  -0.0209943580  -0.7606519941  -0.1055934237  -1.5871372151  -1.2785730183  -0.5611359851   1.2739201517  -1.1175700009
-0.3447055140  -2.1553227153  -0.3476200114   0.5776051753   0.2828611331   1.0770218391  -1.5110535438   0.2542859897   0.2913846369  -1.0147350261   1.1325405675  -1.4562361398  -1.2909314282   0.9895097231   0.8617072418   0.4878670037  -0.3402189520  -2.1538888655  -0.5165655983   2.1472587256  -0.3146307781  -0.0019021564  -2.0699754591  -2.2457004622  -1.0839507912  -0.6078228937   1.5218196029  -0.2377705029  -2.9255875404  -0.5679451990
-0.4265570017  -0.7551887468  -1.4641529588  -1.8250123006   0.9631343993   1.2640926545  -0.8317020136  -1.2102592724  -0.4778472165  -0.4497350533  -1.1873626095   0.6826698988  -0.0498246812  -1.3814001364   0.8638184780   1.2888868967   0.4113934266  -1.7550252575  -0.6045216865  -0.0667992167   0.0152898653  -0.0090077219  -1.5249434230   1.3932340032  -0.9303509169   1.1739487262  -2.2802497354   0.4914194493  -0.5627592059  -1.1946535529
-0.2820484942  -0.2063850786  -1.9309633318  -0.1405689107   1.4778661208   0.8409091388  -1.0742478901  -0.4001321794  -0.2025987640   1.8688254364  -0.3463847006  -0.9149560360  -0.6093257308  -1.1855612620   0.6695693355  -1.0774622844  -0.3251391762   0.9012118975   0.3158560800  -1.5643653514  -0.0071926322   0.5113004689  -0.1613777618   0.1766199296  -0.1351350082  -0.2023020485   0.6158915941  -0.2781633993  -1.0773828396  -0.6313093019
 0.0271249174  -2.1479435258  -0.0279102157   2.8754668445   0.2885616168   0.6549844765  -1.1073799604  -2.0734000476  -2.1091739654   2.4244659371  -0.0727495615  -5.6891132779   2.0758546272  -2.5941510337   0.6816908273  -2.2232972899   0.9702926695  -2.4873335872  -0.5407778081  -0.3974901173  -2.4673117221  -0.7085244407  -1.3628672149   1.8362453589   0.6795535806  -0.7825035592  -0.4840728553  -0.5768643373  -0.2649190993  -0.3812611533
-0.0117293738   1.4637287010   0.6167894443  -1.5682118732   1.4619736722  -1.7305633539  -0.1455096102   0.3195568161  -2.6774885067  -2.2088294643  -1.2072243411   0.4818915066  -1.6087774501  -0.0393569197  -0.3118756181  -0.1731517518  -2.3096529855   4.0386470914   0.1026586797   1.1937787412   0.7221423318  -0.7596945450   0.0911140436  -2.0298209507  -1.9926660537   2.3344366520  -0.3865474693   1.5876377430  -0.6508610784  -3.5953101866
-0.1129288063  -0.0478685637   0.4662765956   0.0512543379  -0.2652984230  -1.3510532099  -2.4553732058   2.4364800615  -0.2240070985   0.0110860773  -0.9380545964  -0.1285754341   0.0090454841  -0.0072577977  -1.1194645200  -0.1966415483   0.6459280989  -0.8208404206  -0.3372353941  -0.4424964780   0.4239441736  -0.3137249466   0.4925898441  -0.7232612361  -0.3379532758  -0.8562604402  -0.2568789723  -1.0323201370  -1.6322284615  -1.1019790559
-0.5994013027  -0.6307743700   0.9088282261  -2.2399579754  -1.8246143520  -0.2159940403  -0.6425196574  -0.4117703051   0.9056048088  -0.6716103389  -1.7780577442  -1.4354540064   0.0096740914  -1.2682392601  -1.2524111394  -1.0825415221   1.2660571176  -1.0521237106   1.2890128156   1.4287820695  -0.7130720892  -0.6956618420  -1.5200482682   2.0104777258   1.0123115757  -0.5728010180  -0.2970836962   1.0876966760  -0.7085529056   0.3405598269
-0.9556116720  -0.4233868724  -1.4546441013  -0.9353821476  -1.1352434897   1.7063142310  -1.4785573376   1.7600051845   1.1373040297   1.6463980198   1.7738109003   0.9436309513   1.4525733776  -0.7088186393   1.1784574130   0.9038701808  -2.9338646369   1.9768924787   0.7577496649   1.0243136614   0.4816770191  -0.7115739665  -0.8637847994  -2.4886871182  -2.4371077906   1.6229578694  -1.0553487592   0.5491337067  -0.9175213082   0.9720238980
 1.6477183983  -1.3124265951   1.1396187569   3.5918545404  -2.0590794662   1.9702001952  -1.0827009530  -0.7112098253  -3.2553633852  -4.4841276811  -1.5792475437   1.1599555701  -0.0849221313  -0.5824397749   0.7454157177  -2.0191383381  -1.6017469080   0.0512231330   1.0589177542   1.1686620707  -1.1250516554  -1.0586866976  -0.2428229937  -3.6070497771  -0.2763688023   1.4163712332  -0.7327597617  -2.4481389304  -1.2052620291   1.6901635304
-0.2714008425  -1.7784943895   0.2992180110   1.4201643221   1.2848900066  -1.2529335771  -2.1067840611   0.5784622711   0.5296462045  -1.5522046062  -0.6669631835  -1.5403429315  -0.4590811499   0.5887339285   0.6738211325   0.7176641567  -1.9995306370  -0.3319562964   1.3068792106  -0.5116670282  -0.6090575111  -1.2330000550  -0.0630447037   0.0565813203   2.9615145246   0.6347524234  -1.7459909481   1.1369984998  -1.0796143253  -0.6563984629
 0.8018517490  -0.5264007933  -2.7660541725  -1.2959966371   0.6581674971   3.4311897925  -1.9039166988  -0.4374063793   4.5261744837   0.2494785999  -0.6002928760   4.0385597896  -0.9869347076  -1.2239015635  -0.0610400108  -2.4478533111  -2.0601442720  -0.0018935210   1.2074466173  -0.6509097198   4.4558300863  -2.6112985667  -1.0225310031  -0.7732552511  -0.7540472379   0.8870388790  -2.5762953200   1.1395339855   2.1500888471  -0.7518579922
 0.6393594364  -0.7282522799  -1.2757998514  -1.0327147719  -1.6755410486  -0.8965844000  -2.4168580282  -1.8454204888   0.2103418062   2.2738284394   1.0561636432   0.4254597607  -3.2477452734  -1.2416512173  -0.7174584364  -1.0592237873   0.7184499063  -2.9425552991   0.7489442495  -1.9345755123   0.7752802922  -2.2285631310  -3.0813571583   0.7658048235  -0.4113199242   1.6829931087   1.0690549468   0.3424912175  -0.7962358474   1.4445508020
-0.2647013542   2.4480826747   1.7891492165  -0.4474448563   1.1452836201   0.6301603931  -1.5689136179  -0.7840637371  -1.6561890437  -0.0976132058  -2.7998105442  -0.4451596717   1.5193887145   1.3480121645   1.2616593707  -0.0501348866   0.6901409018  -1.1513320040  -1.6354596673  -0.9893995451   0.6976623805  -1.4902004337  -1.4783717519  -2.2242103424  -1.4861528251   0.2813837769  -1.5494388355   0.6930245091  -0.8043998299  -1.4714693213
-0.6363728127  -0.6707881625   0.4534100893   0.0274975590   0.9825883943  -0.7950004220  -1.5443207673   2.6985267583  -1.7027007722   0.3522715337  -1.1005237081   0.3383369753   0.7726199773  -2.2807548790  -1.1034929978   0.5356276288  -1.7278793932   0.9252265121   1.1092537016  -1.4647211626  -0.7104535297   0.9386387975  -0.0033688943   0.1578753190  -1.1082654849  -0.6226636726   0.1520250445  -0.1241616897   1.8722124944  -0.6792743489
-0.2285762328  -2.9457551343   0.2986026675   3.4462286560   0.6341859204  -0.6985328476  -0.9212517826  -1.6137889318  -0.6497827333  -0.1177943210   0.8490998354  -2.8593751233  -0.7115853119  -0.0187575962   0.9956773840  -2.0765225028  -1.7811910615   0.0100623864   0.3105735175  -0.5323763464   0.7504463991  -0.3963990945  -1.2482522947  -0.4674780704  -0.5185361050  -1.9445231970  -0.9619902133   3.2815324263   0.8367338676   0.3166847587
-0.5205389120  -1.4414641531  -0.3434457933   0.0230320235  -1.3540826560   0.0280262223   0.3446303897   0.3684649471   0.6416454239   0.2149139116   0.0414410983  -0.4833720810  -1.6596865200  -1.4558523721  -0.1253001257  -0.3434654457  -0.6140551421  -0.6142272207   0.2008042322   0.6388542533  -1.4197151180   0.6676376411  -1.5303944656  -1.5899515309   1.1865366127  -0.4965874249   0.8459347546  -0.1015053892  -2.4704394176  -1.7971404160
 1.2890341179  -0.6980422433   0.1672111607   1.1568627313  -2.3618762749  -1.7505361951  -0.1443301590   0.9880445836  -1.5913604245  -0.0547187558  -0.1774411972  -0.2862839700  -0.9659647056  -0.5836012594   0.8171540757  -0.3768827650  -0.1847620999   0.7666277856   0.1936617328   0.5970324413  -1.5931827130  -0.4581792323  -0.1207639860  -1.1144720642  -0.2903977912  -0.2031147354  -1.6574660163   0.1358825528   0.8317513151  -1.5902936817
 2.0441400956   0.4770656274  -0.0515344069   0.9375721414  -1.3878915259  -0.5317138991  -1.2849472483   0.0984270211  -1.0605289271  -2.6248937305  -2.5469522239   1.3130663727  -1.4022572870  -0.0011761625  -0.3051287897  -1.3428127547  -0.8807527399   0.1540297902  -1.8831498158   1.7136744436  -1.0568515633   0.9887073697  -2.4645489619  -2.0255217261  -1.0980601101   1.2503507199  -0.0511430349  -1.9465732830   0.9127042908   2.0018823569
-0.1800339015   0.1735083213   0.7897388090  -1.1589492640  -2.4977888135   0.2444972933  -1.6424622006  -0.6465320475  -0.7789651482   3.7715318766  -2.4467516464  -1.8881327707   0.3508645112  -0.5947099942   0.2437029893  -2.6267675374   2.1485098053  -3.4005166098   0.1158437768   0.1771139429  -2.2206597035  -1.5265134881   0.1490370306   1.5784437776  -0.5255948646  -0.6032743202  -1.5072831514  -6.1606802113  -0.6904282936   0.5197917043
-0.0755534830   1.0635903869  -1.0637426796  -0.3102001727   0.9394353940   3.2040485307   0.1552135517  -0.6504719420   1.3832555544  -0.9937808569  -1.2284721954  -1.2698639915  -1.5670706036  -3.0455524691   0.0215096948  -0.8487341585  -0.6282943756  -0.1433563346   0.1072616420  -0.6119040168  -2.1296835702   0.1315960696  -2.2607570826  -0.6967916237  -0.7432062620   0.1653691119  -1.5206210647  -0.0065219089   0.7039734769   1.2498396470
 1.2810141150  -1.6119599109   0.7291697505  -3.3464998493  -1.7955143912  -0.8870018428  -1.7372513449  -2.0695546468   1.0473661923   0.8610624329  -3.0716195236  -0.6279237989  -0.6589921327   0.1754445436   0.6097483583  -0.7079032084  -2.3500015517   0.1809580160   2.1700112082   3.0464218423   0.2179499614  -0.0344609036   0.1672726569   1.7178852458  -1.4474955398  -1.7840995621  -1.6288267953  -0.4189047834   0.7404573670  -0.7567752455
-0.3356417689  -1.4031189476   1.2039130446   0.5907351944  -0.3689238780   0.5775826648  -1.5427937265  -0.3437367691  -0.4262244356   1.0040250805   1.5518148481  -0.0767778128  -1.4505239776   1.0087936713  -0.2621267772  -0.4093675591  -1.6043710333   1.1993394160  -1.5188482170   1.4247730134  -0.0690399972  -1.3580340014  -1.7444367338   0.4325211194  -0.2085669272  -0.0655977156  -0.2061812583   0.5107397396  -0.8827360168  -0.9198188876
-1.1226631114  -1.1609421560   0.1067436911  -2.0029251612   1.0924042519   2.9553774805  -1.2048379671  -0.7494599764   0.6792814520  -0.9164593114   0.2799360524  -0.0481420458   0.5186052732  -1.5027319733  -0.0041551230  -0.4135369784  -0.2533489313  -0.2441755123   0.8857471252   0.5452602600   0.2912472112  -2.2066571445  -0.8238288665   0.3008624296  -0.7113789676  -0.4691767682   0.3734461564  -0.8269713640   0.5709616252  -0.0334187117
 0.7839048537   2.4087456988  -1.0782038886  -0.2040334754   5.2094419422   0.0899042878  -1.9000528677  -0.5970726616  -1.1580507941  -0.3183216843  -3.0968859929   4.0158083066  -2.1224925623   0.8367003036   0.3102705933  -1.9393079974  -0.2830554713  -0.8837716449   0.1777986554   1.0552461741   2.2646999142  -0.8008642999  -0.4121289738  -3.8912256965  -0.3878936440  -0.0819744883  -1.6771689618   1.7774302285  -1.0669350159  -2.7108274943
-1.8577200549   0.2550931298  -1.9407671605  -1.3743455519  -0.7955235724  -2.7941586504  -0.6530678691   0.2825366472   1.1833108302  -3.1062872076   0.9259458257  -2.3083471580  -2.2937780369  -0.4959442925   0.9077887899   1.3110875201   0.6918506580   0.8142674847   0.5400773121  -1.7707613782  -4.0049860001  -0.3911757396  -1.9197353875   2.5670606139   1.6070280034  -2.8253718827   2.7810636312   0.5344295875  -1.8411170248  -1.4263721930
s3
-1.7515416703
 0.1935458967
 0.2022187730
 0.0015196848
-2.7819239907
-0.6327353153
 0.6981532675
-1.5436223289
-1.0081841258
-0.6556758078
-0.1321025216
-1.0873867155
-1.4279659412
 1.4946807576
-0.5502437305
-0.2638757302
-1.0929044087
-0.8664429040
-1.1016330629
-0.9859974592
-0.2745821755
 0.3273129045
 0.4165547203
-1.5889212932
 0.1438117458
-1.6573461081
-1.7459078139
-0.7963672077
-1.8220000696
 1.0110376403
w4
-0.5148762519  2.3290413466  0.4597236004  -0.2513859713  0.6570423809  -1.8726388868  -0.0738773388  -0.0675015322  -2.3252544582  -2.3922399850  -0.7462193869  -0.7989849109  -1.5044433218  3.3423366129  -0.9639552585  -1.8269372035  3.1620017854  -2.6366742803  1.4587972291  -1.9626903600  -1.5828898890  -0.1215740663  1.1395767320  -2.8247267130  1.7608135265  2.4892632509  -0.2050858015  -0.4287467432  -1.4739612080  -2.2621422387
s4
1.0736717179

