layers: 4
str: {2,30,30,1}
w1
-2.1648940424  -2.1367651088
 1.1373394522  -2.0257195939
 4.0424182219   0.6407775840
 1.6041825777  -1.1810297973
-1.3597013739   0.6403846450
 7.5489321184   1.5898472492
-6.7536623078  -1.8528851888
-5.1078700400   1.8459014253
 6.2293463691   1.6494002887
-5.9312591588  -2.0546748677
-2.2186948948  -1.7721042699
 3.6390858789   1.2264356662
-0.6366470386   2.7556576343
-1.3201933610  -1.5740113891
 3.2099227529   0.1967429983
-0.6856876017   3.0176566886
 6.5218775674   1.6690912661
-0.1091827751   0.8317462042
 6.9365815642   1.6007800458
-4.4482938338   1.6886405699
 1.8923440629  -2.0519609535
 2.9549487498   1.7910976301
-0.8622449313   2.5333387303
 4.5505425495   4.7632541432
-5.4406022156   0.1997024093
 4.1461808780   3.5071272327
 2.7655163021  -0.2926567753
-2.9284490274   2.3391807497
-5.0302430801   1.7526376129
-4.0353226188   2.0832254351
s1
  1.2551184712
 -5.9643179701
 -9.2135552109
 -4.7792692874
 -2.9851258747
 -0.1705192550
-10.4362181363
 -4.5714651899
 -5.0706293182
-13.6043797961
 -3.7552828459
-10.1620909034
  0.0786320581
 -5.1493073808
 -8.1845862281
 -4.0303924329
-10.6170241641
 -2.0703243823
  5.7467763283
  7.7129507995
  0.1727049645
  0.3818132989
  3.7336476570
 -0.4857212263
  2.9674940096
 -0.1687458423
  5.6710936710
-10.5995624441
 -8.0413245792
  0.3477610304
w2
-1.0529839571   0.0542615006  -2.6023615654  -1.4712870998  -0.4585838746   1.4810950634  -1.0767786417  -1.2039922389  -0.7396392498  -0.1073018951  -1.2967626301  -0.8170921447  -0.7152665486  -0.3890147678  -1.6428886965   0.1092900950   2.0923460298  -1.3537677421   2.2673344598  -3.4783373709  -1.3415285292   0.4470824450  -0.5164266775  -0.1565838768   0.7053540226   0.0058874733  -0.6251333648  -0.4312662920   0.1826556345   2.2360177832
-1.3355809920  -1.4369020732   1.5123729964  -0.2785356300  -0.2581789682  -2.1013947416   4.3973168549  -1.4204780747  -1.9353909250  -6.8148299653   0.5668308252  -1.9497233033  -1.4032037385   1.5053061999  -0.6655782247  -2.8892726228   1.3034188057  -1.5528390917  -0.5130077871  -0.9355278457  -2.5515093441  -0.7292665407  -0.7220355932  -2.1611171836  -0.3036276196  -0.5755323977  -2.8948721822  -3.7236315491   5.5607990354  -0.5621957388
 0.0153322993   1.1092014409  -0.2612918869  -0.7491996267  -0.1582004026   2.4047574660  -1.2972998626   0.6067639012  -0.9867839246  -1.4493552702  -0.3222940871  -1.7753624853   0.3077750370  -1.6317991729   1.0099438158  -1.1761537052   1.2574458363   1.4209012010  -0.7104439177  -0.6115236214  -0.0702628426  -1.5871353847  -1.8457213892  -2.5723599715   0.1068383953  -0.6754474497  -1.6296714486  -0.7055807449  -1.6716475749  -0.8123963284
-1.6458491129  -1.1063824108  -1.5037450411  -0.8925282407   0.3511013568  -1.8404138317  -2.6272803541   0.3451181318   0.5761797675   0.3431455119  -0.2695396826  -2.5176571172  -2.1943546895  -2.3681203111  -3.1378562064  -1.7180280178   1.9724721739  -0.9641284472   0.4021530379  -5.2622014821   0.6676671895   0.2636616834  -0.9746535032   1.0038859538  -2.4660753839   1.6025787332  -1.0163556008  -0.1459919312   0.1976174302   0.5950498981
-1.4874133850   2.5615751711  -1.8347987311   2.1502293340   0.3871205478  -0.0191096629   2.8751354792   0.1877099518   2.4662045680  -3.7097235573  -3.1188547448  -0.6249037086  -0.5600211002   1.6485890858  -0.9732119876  -0.1134791338  -0.8554968425   0.0722806292  -1.9608231987  -2.1290030647   1.3975124958  -0.8698347380  -0.6514010355  -2.4057328173  -1.3439957119  -1.4148766682  -0.0255433219  -3.3202452629   6.5177528912   0.8440114211
-0.3125843320  -0.6596369166  -2.1259546339  -0.7428196118  -0.5641913772  -0.4067939269  -2.0349539967  -0.3970561279   0.2947530743  -0.7112285992  -0.7962597226  -2.7011192135   0.5299562201  -0.2088669736   0.1007005771   0.2879087185   3.1291440870  -0.3512786369  -1.5565074017   0.0978527518  -1.6166027649  -0.3178832030  -0.2614654126  -1.0914788532  -2.3762834542  -2.2873886828   1.1986786068   0.6610660838  -1.4635202899   2.3638102185
-1.2449490963   0.4158459792  -0.3803808133  -1.3139523119  -2.4719478276  -0.8466798343  -0.1273138975   4.2932808226   0.2217286542   3.5263826003  -0.6626600492  -0.2254309658  -2.1041531393   1.1681010796  -2.2157977545   0.4670228326   0.3667360053  -0.4161069087  -1.6910773517  -1.9347533861   2.1598244901  -1.3178147823  -3.1548721789  -1.4019992032  -1.7886358294   0.5740952595  -2.3722278256  -1.7288381582   0.9803279521   0.9329000669
-0.9015483897  -0.8272065949   0.3801752960  -0.2680358790  -2.9562806712  -1.7613336567  -1.2160933963  -0.5013626623  -0.0805755803   0.2908081462  -1.0470276930  -0.4985246814   1.1006178695  -0.1832347843  -3.1885455173  -1.4809819769  -0.1858691201  -0.2208949220  -0.6749442069   0.1001030335   0.1889758513   1.0183953349   0.2964070478   1.2735966870  -0.6938093574   0.0856553308  -0.9881158584   0.3060590102   0.6170223585  -0.1532162839
-0.0073858349   0.8481130716  -1.2690103869  -1.6054741232   0.5790922809  -1.1875935211   0.8866218541   0.1432732810   0.9294992618  -1.1441032990   0.8587289068  -0.8932358665  -0.7853774589  -1.6030134187   0.9527349763  -0.4888925351   1.3302883165  -0.3529771530  -1.6864542889  -0.6205740875  -0.2792759913   0.4892074136  -2.3536545284   0.9215911821   0.1256356268  -0.2266450833  -0.7540728457  -0.1679968326   0.2648905575  -0.6420292761
-1.0187930077   0.3737943297  -2.6531682171  -2.3976874676   0.0987797163   0.4431025481   1.1510802351  -1.2964182886  -1.2235585439   0.2845810569  -1.0982938173  -1.3748396754  -0.1716437592  -2.8906606473  -1.0330894328  -1.5971952181   1.8188578746  -0.3645350765  -0.9826576528  -3.7008980010   0.0565428952  -0.0604102703  -2.5016730614   2.1495185893   0.1035628338  -0.0999871461   0.2845354977   0.2877093740  -0.6993800266   1.4612832219
 0.4127113336  -1.3352442098  -1.2197940605  -3.0149104610  -0.2970164473  -2.2402501189   1.0696825514  -1.8767065668   1.6252375799  -0.3813517925   0.2036958420  -3.4581807149   0.4393217478  -2.0987679984  -2.0731421271  -2.7951173448  -3.7305137801  -1.2383747427   0.2540626098   3.8784994876  -2.1664587821   0.7556326061  -2.0781918515   1.8172448968  -1.2270588978   0.1834381639  -0.1079659631  -2.0097497422  -2.1150729966  -5.6716966816
-2.6504685626  -2.6196337565  -4.7988445434  -1.4489542907   0.0680500679  -0.5232267925   0.1231783293  -3.0053508621   3.3417997535  -0.9435685744   0.4468366413  -6.4273753145  -0.0504909418  -0.8423397598  -2.6679618998  -0.4966908584   5.7737940793  -0.4416267679  -2.6606712909   0.6734763046   0.1798589774  -0.6658255388   0.6115361348   0.8951395828  -2.9926555698   0.6780440771  -1.9514170443  -0.6951334004  -1.2544704178   2.3029433216
-1.9608511700   0.6626616087  -0.3332451926   0.4882989490   0.2429714398  -1.7580131587   3.6829410305   1.5323158665  -0.3525336845   0.4361307712   2.0325881956   0.0879793177  -1.2457442426   4.7025664305  -0.5362271730   0.4849888908  -1.3143019194  -1.3283662889  -0.5943733212  -0.4641378836   1.0470505205  -0.4261894502  -4.5927478055   0.3629473377  -2.0303598957   0.3990352319  -5.1916263672  -1.4747662680   5.7862434210  -4.7967659372
-1.0649303700  -0.8456652745  -0.7120444902   0.5434364704  -0.7423368979  -0.4389982427  -0.1226648643  -1.6257168940   3.1079151345   0.4460036250   0.1187684113   0.7251201765  -0.6260134014  -1.4394629145  -1.3280075107  -0.2215053008  -1.6101370732  -1.5010473308  -0.7184161993  -1.2472279463  -0.0940684840  -1.3969613515  -0.2502706955  -0.7469352719  -1.0034017871  -0.5779591328  -1.6736994990   0.0670635840  -1.2790531288  -0.2613500681
 1.1410764450  -2.4222659813   0.0825727138  -1.0738594990   1.6875911799   4.0823635267   2.1823380490  -1.0423094891  -4.9724922898   2.9675576895   1.6550341640  -0.4631460221   1.5933910839  -1.7749833248  -0.4022668613   0.2519554714  -4.7194550665   1.2284547671   1.9828712686  -2.5647587861  -2.6154504702  -0.8770625718   0.0973607950  -2.4214113570  -5.5921610328   0.8973783961  -0.7375689459   3.2110145758  -0.6714777985  -1.6820382875
-2.0789017284   0.4692173626  -0.6537575968  -1.7476173144  -0.6648316428  -1.1689904903  -0.8813582628  -1.3305261310   0.8162405451  -0.0787675885   0.0990962043  -0.7465153876  -0.4698554451  -0.1413797365  -1.5473986455  -2.0240057704   0.6349834989   0.0982738721  -0.4983942452  -4.1406907649   0.3455500953   1.2220342912   0.7952301374  -0.4542715997  -1.1049636309   1.0725082718  -1.2183009134   0.1480170959  -0.2830435339   0.0655974493
-1.5992318406  -2.3734674311  -1.2945912860  -2.3199165331  -0.4360165190  -6.8078459455  -4.3585579237   2.3968998537  -1.6761558726  -2.0689737140  -1.4785637856  -1.1792147522  -0.3833179087  -0.7803219506  -1.4905172459  -0.2543586905  -0.5918406984  -1.0939442943   4.0302245528  -1.3250616789   0.5844827743  -0.5828771342  -3.1432204983   2.2917953776   0.6553824715  -0.9569756020   0.7787327095  -1.7840364673   2.6707071907  -2.1156303728
-0.2741220555  -0.8775494730   0.4958449617  -1.4084965208   0.6019995045   2.4552726554  -1.9016794633  -1.4468302687  -4.5084750291  -0.1433060172  -2.5399226343  -0.8796405685  -0.3521833806  -1.8459215231  -0.6242018088   0.7066309339  -2.5193039905  -1.3002934376   0.5462691238  -0.9277577051  -0.7294974304  -0.9514074471   0.7397636925   2.1538467439   0.8386140586  -0.4616633538  -1.5600258383  -0.9179396801  -4.8500856976   1.1521954442
 0.3340737599  -0.5667303537   0.2287569551  -0.4825119959  -0.5984372872  -1.4032565568  -1.3372318747  -1.0288788532   0.6963954260  -1.6067041524   0.0551543932  -0.2393479141  -3.0814103996  -0.2023563845   1.2040400526  -0.2222779898   0.3448494986   0.3718151569  -0.3037275297   0.1967245909  -2.0419000107   1.2439110808  -1.8629871527   1.3266687294   0.8171961669   0.4381418045  -1.6857044883   1.2264085281   1.1376496640  -0.3217241701
-0.8971518096  -1.1602812874  -1.4169191616   0.3746717019  -0.4446231853   2.4000385370  -2.0609339330  -2.2226366163  -4.1566084271  -2.9984406713  -3.2771128669   0.0027347773  -1.1467734936  -1.6661939046  -0.6304216489   1.2588198935  -3.4711192057  -1.1084084230  -6.1769969914   1.5389791140  -1.2053737996  -0.1350500207  -1.3991091865   0.9717099378   2.1050840401   1.3259817334  -1.7102036062   1.2916117053  -3.6937792916   4.2328685381
-5.3818821372   2.1404436424   2.7861541002   1.0778331407  -1.6715170611  -0.7450545627  -1.4157871033  -1.7014644861   1.2296253013   0.2758938934   0.7063031712   2.1362937949  -3.7625921904  -1.4889366834   1.7550239088  -2.6666474753   0.2230163066  -1.1119420385  -0.1695868596  -1.0523705374  -0.4285990677  -2.4183484387  -1.8248263712  -0.1899120642  -0.7923817818  -0.9411142510   0.0658093961   0.3405018794   0.2570754911   0.1676899262
-0.7135302976   0.7702507040  -0.3641431495  -1.7747919083  -1.6454135567   0.8293356305   0.7580456889   0.0791381651  -0.9354891018   0.4441066044  -0.0932903928  -2.4246361953  -0.8658565324   0.4257080327  -1.5928231165   0.0999335790  -0.6152182139  -1.4423966762   0.1954936068  -0.0370357353  -0.8732528792  -0.6695361635  -1.7760496609   0.7929078142  -1.8648927729   0.1844129911  -0.4451249472  -0.0497720690   0.6100439598  -0.6367326892
-0.6557135997   0.8998177878   0.3851848175  -0.1629790390  -0.3015577842   1.0749720924   0.8845048688   1.0426165207  -2.6147418882  -1.2217958738  -1.3522598813   0.1356798458  -0.3639054800   0.3863798852  -0.1420638409   0.5471419411   0.2518244356   0.6586789549  -2.1608837070  -0.6622451690  -1.7321673072  -0.6579850742  -0.6144830633  -0.3928341567  -0.4800267086  -2.2853712806  -1.7179426353  -1.1365077957   0.5860183385  -0.8547184195
-2.0014709363   0.2785367769  -2.4023176025  -2.4568799111   0.5966071089   0.7608791860   0.1294093260  -1.9694589691   2.8667256440   0.2772151248  -0.7756413900  -0.4075747775   1.2871965755  -1.2297363659   0.3287060240   2.5630701662  -0.7481542474  -1.0427718877  -0.5016472388   1.2921332743  -3.2944777538  -0.8033751295   2.6014486334  -0.2336250215  -3.7147695063   1.2002499317  -0.6893474956  -0.5342770596  -2.3195988107  -6.1076960302
-2.6932579481  -0.5270291155   2.9867094185   1.5877933442  -0.0779488929  -3.4646776559   0.5387802442  -1.1282453224  -0.0498184697   0.2644996711   0.3229694301   4.9765655141   0.7494498253  -2.3806896185   5.1109273221   2.6790620084  -1.7697051873  -0.2898696620  -1.9133814241  -2.5340030585  -1.3113701610  -2.8078280744  -0.0158935436  -0.4260407387  -0.8549708511   0.0844906218  -0.3332149096  -1.7339087526  -0.2396746986  -0.8806590142
-0.7332877184   1.7420527911   1.0947542985  -1.3686253748  -0.7028889968  -1.8370310850   4.8109620164  -2.2825168239  -0.3590028010  -0.0547846520   0.4050504829  -0.4038538875  -0.6306551538  -1.3081469153   1.2290754783  -2.1216168756  -0.7914647583   0.7528359363  -0.8706693330  -1.5102596641  -1.4782416216  -0.1380033982  -0.6821153258  -1.5854460436  -0.2932456436  -0.3761930843   1.1812098071  -1.4345639261  -3.3626208863  -1.5570988367
-0.6220812571   0.4042021627   0.0030330936  -0.5056891709   0.7184776027   0.2893697425   2.9325339193  -0.3010214639  -0.2583907866  -3.9407282815  -0.6095416778  -1.4026672147  -2.1395001653   1.5916641037  -0.8693799921  -0.7866977879  -2.0564987348  -0.1564511441  -0.2484281214   0.1344504874  -2.2493048043  -1.0898985704   0.0657781101  -1.1920075860  -1.1391643701  -1.2366271454  -1.7425009894  -3.0517537655   3.0508093011   0.3690932925
-1.0965793371   0.9689531078  -0.1818802625   0.2095195108   0.1049791587  -0.4250985143   0.3762844171  -2.8612884774  -1.7122812653  -0.0444038782   0.4321405306  -0.5952078828  -1.8805088440  -0.4899270362   1.0217739661  -1.5323861700   0.6222281746   0.6495550875  -1.0720468386  -0.4139015772   1.0654117076  -0.0316025499  -0.6497801528   0.9545692004  -0.6698330037  -0.4207552827  -0.6932608177  -0.0208973491  -0.3143997762   1.1610702941
-3.1035339553   0.8045755282   0.2556551168  -0.7845711872   0.7833306819  -1.8488163492  -3.4905019736   2.2251863318   0.1067740043  -4.2680522651  -1.7431135998  -1.0963590974  -2.4673761978   1.6731963487   1.5089026180  -1.7346783779  -0.9822701036  -1.4227646009  -2.7888103889   2.4246463037   0.9352891341  -1.9110137990  -2.4413215197  -2.9576091829   1.4791134535  -1.7515599717  -0.2433609847  -0.4933365680  -5.5998122435   5.0471107349
-2.6419781192  -2.4246048774  -1.5104104667  -2.0442384087   0.2287841053  -3.9873288540  -3.3494174037  -1.7285613697  -2.0150262094  -0.9586600499  -3.6003797273  -0.2772521446   0.2316269039  -1.8925246102   1.2328209960   0.8924675535  -0.2819665546   1.1766255783   2.7502041711   0.5096911211   0.5707228028  -0.8285110235  -0.1983281289  -3.9251627349  -0.1685836044   0.4317211145   1.2394691666  -1.4684211616  -1.2255017820  -3.1286357593
s2
-2.3262359500
 0.3069831405
 0.7417262782
-0.8460052743
-3.0893806113
-0.2746959909
 0.1772382157
-2.2862672354
-1.4377518204
-0.0735353741
-1.7690891552
-1.4747505540
-1.8503183725
 1.3886674408
-0.6665818436
-0.3314430963
-1.6681109952
-2.5937416567
-2.0435443837
-1.6206610451
-1.3680217384
 0.2263661225
-0.1251221524
-2.3020860605
-0.3157802280
-0.9494504602
-1.9734943777
-1.2836057272
-2.1894599282
-0.3929109783
w3
0.8351721449  -3.2878702341  1.7967659652  2.4930703845  -3.4978673188  2.3281771349  3.1441722359  -0.1597420472  -0.2523406595  1.4781589801  -2.9072075635  2.2815494388  -3.3170813429  -0.6918647483  3.8690858907  1.1034093975  -5.1404103251  2.6868803151  -0.4182196099  4.1826963168  -3.0362694519  0.6573581526  -0.7390714344  -2.3104628856  3.2312906716  -2.6207699815  -1.9771779818  -0.4647531175  3.9735874210  -3.8275082837
s3
-0.2267164594

