layers: 4
str: {2,30,30,1}
w1
-0.5074425565   1.2749726338
-1.5716301633   1.2037533635
-1.1091818918   0.0437902923
 1.3779647658  -0.8782915612
-1.5474872202   0.6250252303
 1.4060351346   0.7153686724
 1.3597690258  -0.6507077036
 1.1442783897  -0.8549946760
 1.0401125539   0.0188142234
 1.5814190326  -1.1369122424
 0.1181624078   1.6040743189
 1.0063042344   3.0273605774
 1.3729082401   0.0996619854
 2.4251319404   0.3140082019
-0.6183352978  -1.8707340382
 2.7618422878   0.0978474787
-0.0205638762   0.9184307048
 0.2377952862  -1.5870848636
 0.2066669962   0.4764597798
 2.6431400504   1.9020160229
-0.8553423248   0.8981658342
-1.9099419100   1.5261973259
 0.4529570480   0.9212369812
-1.3229225337  -0.2352135653
-0.5739647595   2.5276698235
-0.0006408760   1.0725240203
-1.7470531197   0.6702452633
 1.4298274204   0.3485193295
-1.8804131884  -0.5769507942
 0.0891758157   1.7776645225
s1
 0.5814425694
-0.1960475724
-1.6746354651
 0.8747671560
 1.7888654729
 0.4029657253
 1.0922143253
-0.5502322193
-1.5781091757
-1.0461057636
 0.2839267780
-0.3769373665
 0.3453599321
-0.1961528264
-0.2445634676
-0.3400089001
-1.5343279950
 0.8325949041
 1.2383568410
 0.6471721163
-0.0273581115
-0.8103902247
-0.9860508481
 1.2984340473
 0.7622989369
 1.5692330179
 2.0977716317
-0.9189366372
-1.5576825915
-0.3728905250
w2
-0.8125199890   0.4172458399   1.1405341533  -0.4291603824  -1.2056195697  -1.6342727697  -0.8348024402  -1.6402715583  -0.0584936880  -0.1949928306  -0.7862714471   1.8323825382  -1.0320508738  -0.6259647534   0.6011462999  -0.5387949472   1.1540359224   1.3368869783  -0.7356908101  -0.1872478756  -0.3569146924   0.2530055987   0.6370260538  -0.6421366515  -0.5450816685  -1.0922699727  -0.5339569654  -1.0318018120   0.5311027757   0.0685930891
 0.8597954725  -0.4460616211  -0.6124757317  -2.4554512217   0.1645119612  -0.8596445339  -0.1200944988  -2.1014362169   1.0081358321  -0.0024439831  -0.6700326371   0.6747140855   0.3240412776  -1.6949582317  -1.4389637515   0.3872299082   0.5248162366   0.9667593734  -1.4721728688  -0.6192337876   0.3820088776  -1.7401530764   0.1669358045  -1.5059580881  -0.0042608258   1.6673933483  -0.3156936212   0.5030126238  -1.8236056057  -0.9977374252
-0.9194839007   0.1933704088  -0.5465602297   0.4829131374  -0.6929606464   0.7499979108  -2.0966927703  -1.3934567626   0.2212125982   0.7028626051   0.3896210519  -0.4476302665  -3.1326780776   0.0111872212  -1.1916640036  -1.0143745938   1.5580415343  -1.2732153547  -1.3100080882   1.0176419565   0.1377040204  -0.4909422157  -0.3974309020   1.6792869622   0.9018336891  -0.4191003544   0.7983299662   0.3925147949  -0.6120460529  -1.2432786717
 1.0908918207  -1.8502108824   0.8922564411   2.0699351494   0.5200941651  -1.3546583758  -1.2618966420   1.0132605030   0.9934391696  -0.1410813982   0.0016038056  -0.7056622586  -0.5145335220  -1.9681188763  -0.3609127784  -0.6032603720  -0.5189016371   0.3220803403  -1.2191577555  -1.5785524391   0.5520423945  -0.8883667035  -1.2352565369  -0.4045036458  -0.5482380592  -1.2421664418  -0.9197838657   0.9106944894   0.9988905769   0.0310936397
-0.2784399881   0.2321434831  -0.4414471143   0.1403698753   1.4073583218  -0.1664754481  -0.7164043173  -2.9856403162  -0.4590846161   0.1361985192  -1.0029889651  -0.1515198957  -0.4820099990   1.3883964853   1.2803740831  -1.7273582618  -0.0779295651  -0.4463935193  -2.1228544668  -0.8641765243  -0.8820792723   2.6815344644   0.1391597433  -0.2665684610   0.3341551053  -0.9057558977  -0.7854053634  -1.2148304329   1.1527408851  -0.6254702500
-0.0702129127  -0.2968201386   1.4930281375  -0.7934693259   0.4766946855  -0.3330342154  -0.1390043798  -1.0696134889   0.8595873896   1.1335949868   0.0090978882  -0.8963279035  -1.8931714104   0.0794602688   0.0976688065   3.2359239209   0.2460132069   0.0252430969  -0.3625967170  -0.6963527729  -1.7189476136   0.2387335094  -0.5501117386   0.1328648377   0.4025496645  -0.8999497050  -1.1878060001  -1.0718407185  -1.1537147400  -0.6296235851
 0.9179089649  -0.0350618468   0.1482047049  -0.9079003456  -1.5777167919  -0.1678014558  -0.5972713343  -0.2918164432   1.2974593294   1.0244072372   0.0712644741  -0.6771092141  -1.4711312635   0.3579437805  -1.2062385902   0.8973532125  -0.2490052447  -1.9741049612  -1.3114907298   0.1082753572   0.1035733529   0.5238312993   0.7058199667  -0.3589415961   1.1015513610  -0.1266665238  -1.8888493777   0.0620993324  -0.3353868961  -0.8053195681
-2.1085657072   0.0670523818  -0.4206773696  -1.0538763626  -0.9441141255  -1.7349384896  -1.2799780469   1.4609772344   0.1649601995   0.4407949173   0.2197897303  -1.3680168655  -0.9732744374   0.7376905617   0.1199015990  -0.3399336821   3.1371988682  -1.4151758063  -1.0435274864  -0.6712862657  -0.2076784534  -0.5297947310   0.5684599540   0.3432642686  -1.3229378432   0.2252342435   0.7990945795   0.4521239959  -0.2624351413  -0.9779076926
 0.5877859512  -0.6627436523   0.8705198531  -0.3217541073   0.4438350801  -1.1810483579  -0.6572302838   1.1732310640  -0.4066919403   0.0633109400  -0.6687199232  -0.3393512807   1.8802668438  -1.1724733103   0.2509759469   0.9482878089   1.2069743043  -1.6695736156  -1.8144073669   0.4024960327  -1.5189000292  -0.0051690500   0.8924720838   0.8024126082  -0.1674518960  -2.2535226632   0.0754284934   1.1392836626  -0.6247996049  -1.2568097082
-0.7586537474  -0.0000778756  -2.1328047030  -1.0082778360  -1.8629327678   0.5324795855   0.0382829670   0.5314955140  -0.2306415745  -0.7269970352  -0.9832483383  -1.2761601263  -0.5772943012   2.3369497897   0.9085187249   1.0881877655   0.6821322599  -0.3984973492  -1.5203105635  -2.4318359379  -0.3945343424  -1.3729496219  -1.1237686506  -0.0592053072  -1.0607907318  -0.7730559547   0.6756870309   0.4721010959  -0.3841612734   0.7038839305
 0.1083354782  -0.5743779363  -0.9063257875  -1.9032916506   1.9428033967  -1.2339804538  -0.3678801400   1.5949484165  -0.3847234786  -1.4861809688   0.6119047075   1.1036133777  -0.2314139921  -1.2766896225  -0.4433548193   0.0854662490  -1.2284880552   1.1815037437  -0.4981807836   0.1521004334   1.7251597089   1.0122353406  -0.8649426737  -1.2672733634   0.3068937163  -0.7815477808  -1.9667560454  -0.9951214311  -0.8046979211  -0.5488083018
-0.3645559850   0.9564755157  -0.0773478269  -1.6238107387   0.5731772850  -1.8145893070  -0.4568843791  -0.2789445360  -0.0690909434  -1.0601986179  -0.5468348178  -0.3257530712  -0.8520400518   1.1174063441  -1.1747224784  -0.7820090535   1.6719462903   2.2814738185  -1.0303356204  -1.6477438831   0.3909211729  -0.7974479084   1.4072394530  -0.4305550891  -0.1496227470   0.3839064440  -1.3833011394   0.7782103218   0.3587733159  -0.8424060619
-0.8941729592  -0.9716532094   0.4972066671   0.9601313371  -2.1298946991  -0.3616935083  -0.7145538143   1.0663030315   1.4718032843   1.1539885116   1.6680581121  -2.2368335941   1.7803857666   1.4469099338  -1.2468667812   0.5593762749  -0.5667451097   1.6022980861   0.2022437205   0.3180931046  -1.7917917142  -0.9927758084  -0.1306669835  -0.5271109585  -1.4547726364  -1.1546677065  -3.6737902880   0.8664958634  -1.1885278900   0.8802419436
-0.0250957547  -1.6688326559   0.8115433196  -3.3753986856  -1.9725114474  -0.2404058377   0.2320013703  -0.5075623452   0.6306442510   0.2151382213  -1.0524965963   0.9287000482  -0.3858650162  -1.1902419882  -1.9818431579  -0.6897992159  -0.4292312354  -1.2114629715   0.1509767031   0.0125897971   0.4879829351  -0.3553884497   1.4713913557  -0.3323004541  -0.7610680466   0.4713099796  -0.3241988779  -0.3225847251   1.8833066377   0.2408488669
-0.8719735584  -2.7429600759  -2.1330809096   1.5298728846  -0.5576315362   1.5246303056   0.6690324165   0.7757112599   0.8388829908   4.3097622142   0.6316610456   0.6942593810   0.9964801794   1.2576581707   1.3327077978   1.3487399794  -1.4505185086   0.5189456529  -0.3930477151   0.3493132282  -1.5469969810  -2.5619633801   0.6193440574  -0.7424754324  -0.6220792714  -1.2263589399  -0.6810659012   0.8566251542  -0.9055799856  -0.1835698891
 0.5037045816   0.3966512299  -1.7947655570   0.3986953895  -2.4429159831  -0.6181586697   1.5098811268   1.5292821178  -1.5739542593  -0.2078855220  -1.1541308533  -1.1866656977  -1.3245699092   0.2950451858  -0.4065306937  -2.0241906832   1.4710173328  -0.5303326416   0.2693400863  -0.2609234107   0.9789147828  -0.4387117900   2.1123287872  -0.5192776712  -2.1058443758   0.7443840026   0.4551578127  -1.3977520200  -1.2305639953   0.5214809995
-0.1902409022  -1.4656698812   1.3238755903  -1.4297631336  -0.7639996285   0.3676057598  -2.1362413403  -1.1366423322  -0.2424574828   0.5153659804   0.2871406894   0.3794972849   1.5823185160  -0.9719670733  -0.0280866424  -1.7742062615   0.4168936876  -0.5071753595  -2.6567091003  -3.0822646970  -1.4166731182   0.7328165858  -0.3827448147   1.9714463866   1.2149357653  -2.4067745888  -1.9415374644  -0.1223437304   0.6921835809  -0.2469500134
-0.1190528056  -0.3161883000   0.5061508978  -0.7447490704  -0.8976344168  -0.4512439593  -1.0388054803   0.2369925959  -0.6450000365   0.1113835079   0.3136679025  -0.6312090837  -0.8784371825  -0.7160691981   0.0116654304  -1.5267742542  -0.3129856719   0.8174211119  -0.7315892121  -0.8546231746  -0.3772037019  -0.7531635214   0.7933110883  -0.8197777506   0.2332034633  -0.7342092241   0.7769246102   1.9792431847   0.5229147468   1.1681003136
-0.5929198974  -0.3573463334  -0.2636395653   0.5840571696  -0.0622443404   0.0157218374  -1.1492926488  -0.5355847405  -0.5472081547   0.3797675665  -0.5850771665  -1.8976636593  -0.0044460464   0.5154797436   0.4754102728  -1.4921896783   1.8833849876  -2.1910484175   0.4453834849  -1.0767728031   0.7857941028   0.9805967323  -0.6091276383  -1.3901082475   0.3160153978  -0.6966457026   1.1076627061  -0.7285552572   0.6542615874  -0.4539868185
 0.5455640052   0.5979067518  -0.8508414321  -2.0614290271  -0.1302400045  -1.0108982589  -0.4090510379   0.8152938433   0.1217746276  -0.2552196420   1.5596126633  -0.8063767153   0.5531873665  -0.9070757584   0.7160275813  -1.4369700746   0.4310133150  -1.5405852555   0.8310147683   1.2087694928   0.5066099648   0.1209302741   0.4990136642  -1.4244383038  -0.9607343162   0.3533122262   0.1962935220  -0.4621102083  -1.2249714874  -2.0295261102
-0.1097210790  -1.5859245977  -0.1839816570  -1.6885927870  -0.0879933464   0.8474488759  -1.6623839851  -1.2349835962  -0.6114501638  -0.3672901372  -0.5753596808  -1.6776239942   0.2937538664  -0.6063408091   1.3843836987  -0.2753545973   0.2190879754  -0.0827514358   1.6034578965   1.4405113099  -1.0916967680   0.0221300165  -1.5104645778  -0.2902606840  -1.7157163525  -1.3159485938   0.5640729220   2.2566453254  -1.2455328905   0.9266137381
 0.9353234071   1.1494087376   0.5930576985  -2.3909121932  -0.7084256402  -0.6750392923  -1.9376760228  -0.7683430381  -0.1297076031  -1.0150099352   1.3923287234   0.2621248598  -1.3560383117  -2.1836636166  -1.1903281931   1.0221647771   0.6413769649  -0.8888852552   0.0690244102  -1.4286864971  -0.9931925500   1.5860280080  -0.0094106409  -0.5673711933   1.1482024569  -0.7106116229   0.1634609698  -2.1248670166   0.9664402356  -0.0413035879
-2.6883790604  -1.2550922475   0.7546832742   2.5290388332   1.5793281462  -0.1691275595  -1.4458162999   0.2621848966  -0.1911485477  -0.2872185250   1.0739773604  -0.4448780994  -1.3133054690  -0.5884361021  -0.4014777717  -0.3613129978  -0.8751153186  -0.6108704112  -0.8781979131  -1.0223008913   0.2887444186  -1.1044758306   0.1985788533  -0.5130477879  -1.3132244673  -0.4343930089  -0.8249994569  -0.1589964282  -0.6233679289   0.8534349971
-0.0189077208  -1.8797440279   0.8233759354   1.0634210737   0.2631274482  -0.8387197734  -0.9630706293   0.6538807168   0.1739409386   1.3658485272  -1.8277139485  -0.3916111845  -0.4893625484  -0.3421318841   0.4352116559  -0.8460639822  -0.1953100529   0.4327429386  -0.9268231131   1.2342122050  -0.2763290549   0.2165509729  -0.0323076462  -1.2001188024   0.6951875134  -1.1078563774  -1.3587131184   1.2026873088  -2.0587477715   0.1125567046
-0.1432498720  -2.1085468314  -0.2380086813  -0.1747544583  -0.5568664842  -0.0991109392  -0.2378737854  -0.3819446551   0.8821792959  -0.1904052601  -0.1770241716   0.8872626673  -1.3255887432  -0.2391297371  -0.3666398369   0.6746536957  -0.9385173348  -1.5723518602  -0.6816458127  -0.4525197005   0.6183891383   0.6082131783   0.6840032411   1.0676291113  -0.5706184218  -2.6553243705   1.4355749428   0.4318070269  -0.4356791926  -0.0231352733
 0.9320730684  -1.5075890267   1.6908712156  -2.0212733195  -1.2791643654  -1.1495020642   0.9086707484  -0.6374749844  -1.6725127054   0.3285142350  -1.0734660520  -0.2796554276   0.7589166889  -1.0121409818  -0.4687203413   0.0243583516  -0.2330994225   0.7718343860   1.0529884724  -0.6663797203   0.2196516967  -0.3078668828   1.9810154352  -0.1490943115  -1.0453638719  -0.0934027190  -1.0345173620  -0.8713385161   0.6686961727   0.8759480760
-0.2318247364  -0.7033785638   0.4337068660  -0.2322984973  -1.8545210907  -0.2860165276   0.7270838707  -1.4462118545  -0.3554674088  -0.6490918169  -0.9828293290   1.4693244737  -1.1613314681  -1.0533888149   1.8349539273  -1.2493368855   0.0642190641  -0.4440291456  -1.5647856245   1.0141638385  -0.1950931890  -0.8375479666   0.4828913756   0.0249003440   0.2439536307   0.7787630200  -0.5671864582   0.9780130463  -0.1083639166  -0.4910769639
 0.4611804912   0.1873844625   0.7607508641   0.8390233117  -1.8855541730  -0.4461507739  -1.1540481496   0.1780473655   0.1567972340   0.0257256031  -0.0139336154  -0.3902917451  -1.9106014557  -0.3907722919  -0.1967238162  -1.0166064874   1.4432008906   0.3835187619  -0.7468223147  -0.1887107178  -0.2500294969  -0.8929774371  -0.3786901241  -1.7504140748   0.7208468050   0.7741923852  -0.1841702810   0.6933507255   1.9826858287   2.0702642931
-0.4959484027   1.3340729831   1.4702424930   0.6806589023  -0.2435876875  -2.0369975216  -2.2827482054  -0.1670147704  -0.9024290817  -1.3772941326  -1.1587143600   0.6444990213   1.4239396528   2.3905139160   1.2209808100  -1.3514192977  -0.9870157114  -0.2233905388  -0.4684279494   1.4388141224  -1.2407171290  -0.4907765656   0.0832972230  -1.9464977069  -1.0232275010   0.9623597354  -0.9184264071  -1.6204295181  -0.9059668806   0.2374020783
-0.6337539857   0.7831396159   1.7974239853  -1.6825670034  -1.1000316002   0.5231311593  -0.4992373175   0.2056573359   1.2762108537  -0.4823122870  -0.8637528441   0.1318524608   1.0400338676  -0.2372458833   0.2578292456   0.0297535843  -1.2410649194   1.1786010749  -1.7618129786   0.6340813200  -0.2710113401   0.1015859891   0.3083801805  -1.5781998195   1.0948651216  -1.7869118581  -1.7660859645   0.8639190121  -0.2099667599  -1.1193562369
s2
-1.5413481699
 1.1684402715
 0.1718534164
-0.1976022723
-2.9907483843
-0.7080178133
 0.3541099843
-1.1026142777
-0.7456303115
 0.0656400453
-0.7482025987
-0.7009156014
-1.7694350194
 1.6750696304
-0.0027284285
-0.0036182152
 0.6128718988
-0.9627149583
-1.1780214411
-0.7632332924
 0.0728084244
 0.5621600009
 0.5236222271
-1.4935172772
 0.2882160525
-0.9857843125
-1.7694527983
-1.2959704084
-0.8895200497
 0.4818642687
w3
-1.2174439091  0.1997586766  -0.2374577353  0.3463417025  -1.8338243497  0.4499046137  0.4836482763  -0.2122661860  0.2522191471  0.4273623237  -0.5502538216  -0.3700867562  1.8303766120  0.5026698242  -2.3681371986  0.1130501634  0.6480719657  -0.1897970329  -0.1802389516  -0.5126157199  -0.5117156079  -1.5441944143  0.3655614235  -0.4284147891  0.0707643055  0.0420783674  -2.2543468325  0.6952474699  0.3925148742  -0.9480955686
s3
1.2703091443

