layers: 5
str: {2,30,30,30,1}
w1
 0.0381180010   0.1741986661
-2.5003627587  -0.3111883529
 0.5652143058   0.0322417757
-0.0652291121   1.6346504856
-0.9044373656  -1.2150169335
-0.1098202505   0.9121837130
-1.4888526841  -0.9341801615
 0.7456954472   0.5319891362
 0.1085814973  -1.7362817935
-0.6347574923  -1.4826855680
-0.9266903230   0.6440620001
-0.7226213361  -0.4078181743
 1.0287103559   0.4474963216
-2.1275360057  -0.4747721957
 0.5429743236   0.7767979536
 0.4695787714  -0.2031991231
-1.2008908992   0.1600311706
-1.3254362680   0.3938592881
-2.2445140879  -0.4402601588
-2.1558911156   0.8150200006
-1.4805713722   0.5387704829
-0.5681279008   0.2534677809
-0.6768838137  -0.0580428105
 1.6643386818   0.3343697167
-0.3572077533  -1.3330986928
 0.3280435781  -1.1435246028
-0.2526476865  -1.3559659756
 1.4634838392   0.6182367623
 0.6671635289  -0.6064623497
 1.4530582502   0.2164692338
s1
 1.5817151989
-0.6899025914
-0.2978571156
-0.3082742811
 1.3342333595
-0.4030766021
-0.1983700511
-0.1362338393
-0.7141024927
-1.5255962034
 0.7220468264
-1.1321699678
 0.2252424152
-0.4501005222
-0.5525983273
-0.4032613140
-0.7776004814
 1.1186504174
 0.1304111264
 0.4318917738
-0.8098189021
 0.4076639962
-0.6342283591
 0.7993773555
 0.8423648829
 1.2748330098
 0.4556457833
-0.5166159335
-1.6475407694
-0.0160627343
w2
-0.1255544391   0.1311870937  -1.7323874827  -0.0249889960  -0.0723763515   0.5060420701  -0.6937154517   1.7339114615  -1.4006836490  -0.3269722622  -0.7742147970   0.3527957360  -1.7332742824  -1.5848683997   0.3961456387   0.8749121988   2.6587261279   1.6823458627   2.3012122355   0.2555716708  -0.3635791365  -0.1838242500  -0.8464660957   1.7258502617   0.7101495113   2.2366839366  -0.4914931456   0.3523621297  -1.4677517071   0.8767993050
-0.3738433090   0.0561519067  -0.8949204153  -0.7582445486  -1.2891963279  -1.5715343083  -0.7705873382  -0.4975700219   0.9226133012  -0.1998363819  -0.1499068964  -0.9725815733  -1.4362316782  -0.7345207679  -1.4236690789   0.1768840725  -0.1460183476   0.5047687898   0.0105716405   0.8201454777   0.4395587168   0.6573554908   2.1685949235   0.8763474817  -0.2800992661  -1.6145077997  -1.0833549333   0.8160128108   0.9756633863  -0.4779981974
-1.0080181002   1.4480265262   0.4605045250   0.7594547502  -0.2988003870  -0.3013123367  -2.4703139733   2.0866778578   0.3677668685  -0.1603320379  -1.4571337796  -0.7208441232   1.3188693039   1.1907249196  -0.1535939632   1.1536965247  -1.4051973225  -0.7648802274  -0.4430485586  -1.0927174538  -0.6421693222  -0.6403454409  -0.7070447943   0.7864747466   0.0218172543  -1.4191676780   0.5642593744   0.3213060608   0.1235838005  -1.1454547171
-0.3632135275  -1.5040048450   0.2938926383   1.7627258793   0.6336858896  -0.3912499135  -0.5269373697  -0.8905508583   0.7843923548  -2.4652529403  -0.2652218596   1.1355067126   0.0124756917   0.1652162723   0.7154210272  -0.5684048888  -0.5879180653  -0.6861067800  -1.3404784994  -0.4349165544   1.3969795463  -0.2717821452   1.2109733368  -1.6560839449  -0.8946916065  -0.1806873961   0.6911724021  -0.8792933302  -0.4254919594  -0.9636502577
-0.6398126393   0.2447409990   0.6302480624  -1.5139862618   1.0091351113  -0.2353256294   0.6140308975   1.2813593511  -0.6459597746   0.0803351497  -1.8831723571   1.6227598982   0.4455916829   0.0628040948  -0.6481237898   0.4993756968   0.3241701125  -0.6059062807  -0.0323565001  -0.8193540811  -1.1688006147  -0.9914886676   1.0792141805   0.0694362896  -0.3632598121   0.1859958998  -0.9427408628   1.4980705056  -0.0677659574   0.2277091459
 0.6312933062  -1.2037807801   0.0799469164   0.1901543249   0.4705226610  -1.2432115207  -0.3341085415   1.6554716799  -0.4658278123   1.5622955197  -0.6622932467  -1.6327919354   1.1984296300  -1.0622823503  -0.6922959850   0.8019868809  -1.2251809573  -0.2975807038  -0.9143486855   0.3846749254   0.4760122202  -0.2832950477  -1.8194476608   0.9095581946  -0.0142457052   0.2422464140  -1.6280319838   1.4779081660  -0.0507621481   1.3757039285
-0.8362137339   1.8629271038  -1.4500349346  -0.9104144235   0.2893872329   0.1717932509   0.0629902178   0.2012834411  -1.7176683954  -0.9717419085  -0.3659276316   1.1780274681   0.0119179460   0.2032049281  -0.1908378431   0.4867898971  -1.1700366600  -0.3733476030   0.7287663475  -1.3147000898   0.5165855345  -2.8603836363  -0.8440359464   0.2471410763   0.2294637019  -0.3664850421   0.2194369683  -0.2138094393   0.9262698053  -1.6842955194
 1.2610842567   0.4616826195   0.4680866688   0.8225815322   0.8781774598   0.1206357879  -2.3666554700   0.1835131128  -0.2930136442  -0.6931807523  -0.8581384464  -1.2639967905   0.2288224968  -2.4631628864  -0.5673859286   1.3670272713  -1.2547609254  -1.2043651511  -0.8105708451  -0.7544553005   1.2754196705   0.4048161414   0.5832075194   1.9567681218   0.5568711539  -0.2606780952   0.0925159561   0.5523241501   1.5422618540   0.3714973883
-1.3220010289   0.2624159285  -2.7095705393   1.2161913596   0.6068464432   0.7145746862  -0.9914750958   1.0534927419   1.1531362604   0.0769984179  -0.3643236614  -0.7955715062   0.1365410412  -1.6151101000  -0.2186714223  -1.9212695354   0.4397658376   0.0266566396   0.2485563961   1.3252981948  -0.2245716405  -1.0693850123   0.2584346419  -1.0075716654  -0.3906424065   0.3224670614   0.5762096656   0.7936368112  -0.8971279321  -0.5372265617
-0.1959180939   0.3638769078   0.2286941799   1.0896736626  -0.9236025973   0.1214339706   0.6506829437  -1.0016217005   1.2394221261   1.2970386713   1.8686638368   0.3949418437  -0.2434530516   1.2361776178  -1.4123203284   0.9775418204  -1.1938183588  -0.0365347502  -1.6979720906  -0.1336382338   0.3939318057   0.5523423794   1.3239667191  -0.4551514915   0.4202928682  -1.8198447052  -0.5835436906   1.8138905147  -0.2012658183   0.8583649389
 0.7886736969  -0.0578897704  -0.1447652917  -0.2038202073   0.3245099573   0.0006711610   0.0215448764   0.6260119277   0.9446029809   0.1893983882  -1.1778394454  -0.6943874971  -0.8056936737   0.8867944003  -0.8263186411   0.8095626232   1.0158661381   0.4848989619  -0.4807024111   2.1027893346  -1.2416895069  -0.6538050490   1.0650394875   1.9363411523   0.3555484971  -1.6275781901   0.3363423833  -0.0509021289   2.0905066864  -0.6676954311
-0.2461215589   1.0663171092  -0.6626464005   0.4491319686   1.6153501028  -0.9993622989  -0.5615322212   0.5023080137   1.9581686335   0.1879257909   1.5112078016  -0.7237058201  -2.4869548878  -0.4480763533   0.7492739197   1.5776353215  -0.2474731806  -0.4376808149   1.4535534321   0.3037357945   1.0192660966  -0.7213830548   0.3775011447  -1.3456670317   1.6141648586  -0.4784955852   0.4108940707  -0.8906734526   0.7134744110  -0.1638168083
-0.4434375312  -0.4198333602  -0.0274576647  -1.3251273795   1.6415280946  -0.0280303602   1.6838022808  -1.4297432465  -1.4045266755   0.2454115109  -1.1293666874   0.8789140919   0.1955165915   2.2811565322   1.1608251604   1.1077444798   0.4249190354   0.3710083783   1.6161999867   1.7124762734   1.0142496067   1.4124414230  -0.9716508743  -1.1111776909   1.5565772628   0.0499348574  -0.2644995630  -0.2859900335  -1.0348772060  -0.3819709164
-0.2859042686  -0.6448023895  -0.0841847495  -0.3150106097  -0.0775534987   0.4058062610  -0.4339462266   0.3224154708  -0.7678285773  -0.2790228962   0.8291145829  -0.0920503980  -0.3937579661   0.8161014540  -0.9493695635  -0.6974846472  -0.7709177030  -0.0438326158   0.5776083613   0.1249912381   1.3963380606  -0.3352924990   0.8708168419   1.1155201416   0.0974436920   1.2074526693  -0.2271637810   0.1422390248   0.0601716387  -1.0581494529
-0.0255755829   0.4896621702  -0.1466754844   0.8096243194   0.2297577169  -0.5117998134  -1.1400758465  -2.2630667101  -2.8185240812   0.7218838730  -0.1995445467  -0.2237552309  -0.3724480632  -2.2208421796   0.2165591465   0.0658339163   0.7598804384   0.4782990886  -0.5590826064  -0.6999255855   0.6208802803   0.0850239477  -0.2877649156   0.1149139601  -0.0762486646   0.7437137198  -0.7884880797  -0.2973477818  -0.1742230793  -0.0856483414
 0.3390321116  -1.9075385133   1.1646195261  -0.5401797709  -0.0894754549  -0.7986804106   1.2015092099  -0.0112403832   1.0334658772   0.7369714898  -0.5640260653   0.4261929399   1.9024670599   0.8695607452   1.7456319226  -0.1776991667   1.1942854759  -0.7090994840  -0.2593671313   0.0126904564  -1.0977136456  -0.2893122761  -0.3431264541  -1.5527176977   0.5328345402  -0.3524580974   1.9474681828  -0.2263127158   2.1141403416   0.2190425947
 1.3396323589   1.3913887570  -1.4029672626   1.1120908533   0.5985321406   0.8090983790  -1.6327612993   0.2393631057  -0.8796059038   1.3523541711   0.2422398396   0.9327109807  -1.6798610951   2.1995850578   0.8457674815  -1.1745755239   0.3224465271   0.4503273703   1.0934756784  -1.6274764524  -1.3912995917   1.3805697186   1.0912244600  -0.4116077000  -2.2181148060   0.3744553254   1.0790199149  -0.2166856252  -1.0351938643  -0.0887695185
 0.0891439083   0.1445057545   0.6534969977   0.3540911917   0.3230061771   0.1423574405   1.5063938774  -1.2294405080   0.0995559294  -0.7435451563   0.0848966477   0.5296462535   0.6302234513  -1.0869075319   0.9727395341  -0.9045129673   0.3937797528  -0.3199139316  -0.9055293899   1.1993700803   0.8619768186  -1.2584468159   2.2571720072  -0.6470454604   1.7962117105   0.9513094166   1.1471425226   0.8639844364   0.3240404290   0.3316605093
 0.9805543354  -0.4313803224   1.7949716181   0.0442087104  -0.6171578405   1.6847865879  -0.0857940852  -1.3823785409   0.6695704222  -1.0563197045  -0.6006836664  -2.1711971705  -1.1704398236  -0.3529217916  -0.0099401691   1.5042354092  -2.1498890396  -1.8026613337  -0.5426233338  -0.3900080942  -0.8312548010   1.8180754737  -0.5477181091   0.5233546026   1.3721134289   1.9022883005   2.4679963812   0.6837088182   0.3829857313  -0.8515542336
 0.4560155484  -0.2789032032   2.0390222215  -0.1540305765  -1.5775940680   0.0927630994  -0.4458293161  -0.1447208623  -0.2628038326   0.4265337299   0.7331792695  -1.1493200914  -0.0565424166  -1.0650142936   0.1964475737   0.0074747523  -0.1621603022   1.7642578390   0.9495950810   0.4417545486   1.1057658288  -0.5679229952  -0.1085235539  -0.3973088181   1.3658478406   0.4845984365  -0.0598024288  -0.3432496629  -1.3644512228   0.4241657396
-0.1278873178   0.7203093839   0.1339724323  -1.4730735702  -0.7225663134  -0.6116914291   0.9086496302   0.5173435410   1.6139993937   0.7747271222  -0.2162862953  -1.3518373044   0.5379005709   0.5548191661  -0.7265385629  -0.4948765258   0.6404702738   2.6047496949  -0.1063226833  -0.6982492863  -0.0571567470  -2.1939625938  -0.1912670794  -1.3078922702   1.2114459277  -0.4351101124   1.3485041462  -1.6915640033  -1.4499559750  -0.5725665213
 1.1160036970  -0.3325172430   0.5695708605  -0.0669541538  -0.7356913739  -2.4061783341   0.8279812490  -0.8266833253  -0.4227073476  -1.8908391490   0.4701592911   0.0430186510  -2.4097433431  -0.4168600965  -0.7004708400   1.4507891019   1.9970769197  -0.7915609450   0.6098448082  -1.7153811735   1.1825527072   0.3096077813   0.5730788200   0.3587900425   1.3938376479   0.0534669081   1.3960603055  -2.0823179212  -0.2894321478  -0.8264124176
-0.5617295857  -1.3294706512   0.5174569123  -1.3490402464  -0.6125668872  -0.2227052403   1.2231077030  -1.5338579553  -0.5223462496   1.2357296558  -1.2596970119  -0.6175154092   1.1132205495  -1.4934928251   1.6047495497   1.5145847392   0.0505642134  -1.1778238882  -1.2403577768   1.3351790719   1.7651293527  -0.5915008966  -2.1578869064  -0.2602494683  -2.5254995899   0.6257658140  -1.6210345802  -0.0246547039   0.0552173991   0.1832433510
 1.6902926789   1.4081807439   0.7851718739   1.4584054329   1.1158993285   0.2079540647  -0.3446701780  -3.0202356695   0.6512385914  -0.1025932280   0.1102130459  -1.2068623188  -0.3478284132   1.4976212317  -0.0271018958  -0.9491420606   0.5141259823  -0.4862103765  -0.3672212711   0.2144581085  -2.4557088613   0.8335933809  -1.4757043253   0.8292871513  -0.1397895489  -0.5407732424   1.3787502945   0.5909412628   0.3279124890  -0.2007092492
-1.0619549408   0.1374899809   0.7826445599   1.6891803870  -2.0538380538  -1.3612730962  -2.1143057982  -0.1253131489  -1.0917081448   1.0859747128  -0.6785648039   1.0873732268   0.3542425525   1.1893889241  -0.6743320000  -2.0097274376  -0.6622980181  -1.8616607796  -0.8107223718   1.0371529228   0.4645006857  -0.5269976938  -0.8106114245  -0.5635694530  -0.4594119319  -0.7554672055   0.8251849460  -0.0151302233   0.1014018092  -0.3877792793
-0.9017604538  -0.8809449501  -0.2749196181  -1.6267224535  -1.6320815160   0.0158455258  -1.3449363258  -0.8512524032  -1.2011522719  -0.4867714939   0.6701757838  -1.4904597188  -0.6418677954   1.5313657718   0.1618896759   0.2742026666  -0.5749674531  -0.3855915784   0.5097174826  -0.3109117361   0.1701251765  -0.1296231275   2.0747291973  -0.1516606503  -1.4844796707   0.5453396646   2.1153953324  -0.1729526191   0.5579255720   0.4422188166
-0.8851055761  -0.9178911025   0.8759929438  -1.8399166826   0.0129679171  -1.3454841085   0.2046638480  -0.8505479827   0.4404708496   0.0160313679  -1.1330600555   0.3379751989  -0.7512898321  -0.1875129523   0.3126927013  -0.1289716013  -0.4711266079   0.2422994885   1.4675482381  -0.7562639459   0.1203851657  -0.3251825012   0.8948993618   0.8412273042  -1.4430740405   0.3052562991   0.0006855931  -2.3488379317   1.4351100864   0.4695040319
-1.1041821114   0.5834579847  -0.3705284175   0.3328841208   1.8793686371  -0.0136409665   0.3435975730  -2.4773647905  -1.0904116352   0.2718826638   1.1601848437  -0.0229778594  -0.5561415323   0.3389127319  -0.0408805110   0.8437336035  -1.4286116429  -0.4073670445   1.7699702511  -0.1173753937   1.1896573936   0.3594176064  -0.3910422371  -0.1041782611   0.1598473088  -1.3841546544   1.3373351566   1.5433607129   0.5040641563  -1.1450912597
-1.5135844337  -0.5525450316   0.3252971570   0.7408113705   0.4130047939  -0.8564088147   0.2750962205   0.4067917670   0.5365079754   0.0670762954   0.3971502959  -0.5278758139  -2.1588341033  -0.3736327399  -0.9505711150   0.5270119878  -0.7638363985   0.8359166208  -1.5113586091  -0.1513590408  -0.3158626683   1.6058957767   1.1168981373  -2.5439536916   0.2572970283   1.3037123874  -0.6680709623  -0.7963488972  -0.7391805100  -0.5962522518
-2.1240554964   0.6733545230  -0.6071773029   0.9683118533  -0.6449556441   0.5504903529  -0.5402254588   0.4700740723  -0.5521207558   0.5861840192   0.3666519347   0.6241921853  -0.2644275953   1.5424773351  -0.2698680860  -0.2919204889   0.2547136034  -0.4698418237  -0.6040893159   0.0710383139   1.7497180806  -1.2084049972  -0.0341620288  -1.0162153693  -0.6564638381  -0.8100951904  -2.2843839991  -0.1295225821  -1.0682014350   1.0033872849
s2
-1.1551816653
 1.5293700035
 0.8123427602
 0.9228990067
-2.1425820031
 0.0651058703
 0.9173990810
-1.2179261826
-0.3505330762
 0.7896155704
-0.2345302894
-0.2869223405
-0.9874769676
 2.7395623435
-0.1358910870
 1.0209427521
 0.5070246132
-0.4603613920
-0.7400507279
 0.2519693427
 0.3498023518
 1.1538185856
 1.0095639612
-0.6676928850
 0.6551912108
-0.7139972515
-1.3231639769
-0.5991493216
-0.7050482162
 0.8581869241
w3
-0.8367730130   0.0684608775  -1.3982539502  -0.3608323599  -0.8709316489  -0.4569125795   0.6988313056   0.6173840168  -1.1377748354  -0.7187398120  -0.1938109746   0.8020599887  -0.5784961949  -1.5804314460  -0.7218167730  -0.6694875289  -0.2946929690   1.6253112115  -1.6414791565  -0.8428461211   0.9002032472  -0.8660478016   1.2174684677  -2.3345943830   1.4568186020  -0.0472899716  -0.4297500476   0.4302554875   0.6918662475   0.8590707600
-0.0182082467  -0.8874781840   1.0843847975  -0.3839355676   0.5900710177  -1.7081800845   0.4498385603   0.3585157776  -1.0184031990   0.9996868476  -0.9724578572  -0.6879517675   0.0474957091  -1.3854517025  -0.2144385861  -0.8462690895  -1.1839562412   0.0849977350  -0.0234409769   0.3480503090  -0.3573388302  -1.1688585862  -0.6531264723  -0.7108604929  -0.3277560437  -0.6859367462   0.9221814077  -0.3847839096  -0.7904801908   0.3717723929
-0.8410666810   0.0155758178   0.4291429380   1.2980278710  -0.9742966507  -0.0843293735  -1.0561083910   0.6525410080  -0.6044314710   0.7195792332   0.7806144921   0.2602603527   0.6482895658  -0.8889094827  -0.7369704276   1.0404345442  -0.8166051981  -2.9651544055   0.2652731877  -1.0346329718   0.6040944902  -0.8505272141  -1.5040451824  -1.0011189967  -0.9078449012   0.3614771330   2.0660686007   0.5765141618  -0.1876180215   0.3095534671
 2.0278033999  -0.3631067902  -0.0836167894  -1.3581308199   0.3152933721  -0.5064767546   0.3472369057  -1.2030877198  -1.1969344199  -0.1793198126   0.5556022195  -1.7406144994  -0.1877670668  -1.6052026679   1.9893557021  -1.3507131634  -0.7791487525   0.7576959131   0.7260101841  -1.0614858764   1.4519752619  -0.9170074150   0.5073401096  -0.5508713071  -0.0690477439   0.2378612217   0.9664507923  -0.6577564004  -1.2403022393  -0.8936975263
-0.7305418362  -0.4209623644  -0.1747897757   0.4316482003  -1.3673824627  -0.1505173992  -0.4079787925   0.4686424690  -0.9906113066   1.2285943107  -0.4069348794   1.3812759807  -0.0551176544  -1.6535900339  -1.1628212679  -1.4913601971   0.2266779937  -1.1393848076   0.8555306777  -0.7165184266   0.4645112011  -0.4697189347   1.6305209965   0.3020481297   1.5684344575  -0.0072755989   1.4902694192   0.0280751736  -0.2850350683   0.1572119820
-0.6954360615   0.2003343436  -0.0202542248   0.3158881110  -0.3374916855  -0.8478616899   0.2601133623  -0.9409079233  -0.3875902653  -0.6410393897   0.1050249830  -0.1222697834  -1.5312639756  -0.7912301447   0.5654595698   0.8103092437   0.7893851038  -0.0844529198  -0.8321245103   0.1796486654  -0.6960066484  -0.4934767533   0.7859414505   0.4784754683  -0.7748021787   0.9624467513  -0.7661445693   1.0309578157  -0.1791081642  -0.2626639892
 0.1516320270   0.8011894646   1.7149723326   0.2035707452  -1.4269824899  -0.7665192565   1.4124980378  -0.5309001502   0.0154511344  -0.4093300013  -1.3967092586  -0.1284854238  -1.0748562075   0.2998461373  -0.9092235820   0.1235768617  -1.8352852240  -0.1617219107  -1.3556361976  -0.4898972559  -0.1658098509  -0.3502465699   0.6768832126  -0.2721984820  -0.9608991013   1.4243985477  -0.0357211060  -1.0875950916   1.5248723044  -0.3349218674
 0.4819940352  -0.7390679856   0.0794919021   1.4338311009   0.2292579275   1.6627399343  -0.0205364330  -0.5562043490  -1.3232910895   0.7812375285  -3.3493109501  -1.2350087194  -0.4992432724  -0.5779125948   0.9400434138   1.0026425655  -0.0098055348  -0.7689024694   0.8303634244  -0.8601671392  -0.2852415785  -1.9089223140  -0.7031095744   0.5681394686  -2.0564418903   0.8242071169   1.4498482470   0.0050487487  -0.6681455888   1.3466769219
-0.3424218020   0.5517043599   1.7400282251  -1.2430171674  -0.9477506351  -0.8308523216  -1.3532140106  -2.1149627220   0.1537444551  -1.3254681651  -0.5212026147   0.0634027659  -1.2725328628   0.2913698887  -0.7157753544  -1.2578409544   0.1876308594   0.0684672820  -1.2945839477  -0.1534548418   0.9045584254  -0.2293038896   1.4099809268  -0.2864866731   1.2809134617  -1.0008000099   1.3569026146   0.3829759460   1.1846982491   1.3354900580
-1.2592894513   1.6893187388  -0.9511596111  -1.1352653710   2.6578210880  -0.0489512728  -0.5575262316   0.1487956730   1.0950106907  -2.1950933123  -0.4931605163   0.4862405774   1.6428290491   0.1324783462   0.6880875106  -0.6330306137  -0.5383904825  -0.6875759794  -1.2935585463  -1.0770608756   0.9658486286   0.9241517215  -1.5161033757  -0.2684479092  -1.3281721202  -0.9389512086   0.3603265455  -1.0830509991  -0.1047391830  -0.2457128116
 0.3255696184  -0.1077518248   0.5083518487  -0.6346880672   2.5167700835   1.4487817057  -0.7478647774   0.3971211166   0.7059965698   0.3582996813  -1.7663451277  -0.1570760614  -0.7692872018  -1.3958960131   1.1994653068  -2.1214717269   1.5671028018   0.3901954197  -0.0620165843  -0.9086034928   0.9928106514  -0.7965444642  -0.5821238121  -0.9498710443  -1.0272754854   0.1171506502   0.4308038994  -2.2071734400  -0.2387944246  -0.0142711248
-0.7928036127  -1.0856947011  -0.5446482232   0.2203978560   0.4577328648   0.9403854832  -2.7908573038   0.0138056435  -2.4831714212   1.3873862847   0.1006204231   0.1021355506  -0.3542600052  -2.2460635848   0.2494959612   0.2049567508  -0.5504695561  -0.4670457706  -0.3205630492  -0.4284431641  -0.5181127213  -2.5424069192  -0.1961951825  -0.7215257410  -1.0186837037   1.1036322610   0.1107094621   0.7104885859   0.3180163347  -0.9478260117
-1.0921754126   0.9647877491  -2.0213842357  -1.0126915192  -0.6230772782  -0.2724253569  -0.5832271598   1.3406304278   0.6678622049  -0.6277998389  -1.0404909279  -0.3223626728   1.2464950727   2.4066732295   1.3863249802  -0.3225501242  -0.1965680830   0.1793812157  -0.9370918924  -0.2388791360  -0.5620088577   0.7854018988  -0.4379419798  -2.0749797022   1.3157481993   0.6396212425  -1.0687453386   0.4749114350   0.8946912917   0.7815012293
-0.9673300194   0.6814435209   0.2559937213  -1.2989473094  -0.6234554738   0.6307856516   0.2712684239  -0.3616956875   0.9578980363  -1.1327518363  -0.8070163013   1.9121750810  -1.1601057154  -1.5873525662   0.0297040214  -1.6695508574  -2.7232759876  -1.8174682589   0.5706289072   1.5200914539  -0.0231229344   0.8459457945  -1.1059426071   0.9961410469  -0.1349550879  -0.0973680843   1.0402133337  -0.2850880919   0.8475718631  -1.3036531839
-0.9770947539   0.2868854837  -0.2460392745  -0.4614912062   0.0030393766   0.1889693445  -1.5139854349  -1.1172219460  -1.1144321928  -0.9042685464  -0.4659958315   1.1804332859   0.1095551988  -1.7557548282  -0.3791661744   1.2710952475   0.1185484639  -1.1960603098  -0.6707869655  -0.5947145589   1.1527425495  -0.1542513978   0.3051914268  -0.0388269548   1.0605717293  -1.8888451795   1.2393335865  -0.0985986862  -0.3969494101   0.1433461829
-1.8023591552   0.1568463908   0.6123849937  -1.0963400901  -0.0093287568  -0.3195937300   2.2865361116  -1.1591132906  -1.7850710146   0.7207843494   1.3185943305  -0.5022738384  -0.5405041777  -0.9305960278   0.4923260707   0.9628096505  -0.4185862890  -1.6336241277   1.4274058250  -0.8997070692  -1.0760980358  -0.4387068137  -0.2634096957   0.2951589553   1.6336766061   0.9073236030  -1.5480449539  -0.2979171803  -1.4685549526   1.3083413178
-0.2000563262   0.3543478416  -0.6841061675   0.0554844126   1.0467226062   3.1871712796  -0.6664183077   1.3401647096   0.1532696846   0.2955438568  -1.2689129896  -1.1837406255  -0.0970219022  -1.1985860388   0.6202797954   1.6427270513  -1.4928112060   1.8890274863  -0.2741717907   0.1319439798  -2.3455945624   0.0972939124   0.4945778869   0.3284820010   0.9360591353   0.5361147871   0.0225665373  -2.1210008201  -1.3108665711  -1.5211369467
-0.8474004758  -0.7685340235   0.8466387637  -0.4833845093  -0.7824462898  -0.2453180258   2.6893638232  -0.3912280018  -1.8773414984  -0.7309172284   0.1310017256   0.2775455399   0.6922682154  -0.2107473146   0.7492088391   0.4657028407  -0.1771604502  -1.1158917013  -0.8419077291  -0.4829088565   0.3648786865   1.3523568614   0.4512579165  -1.3609185435  -0.9887228290  -0.7221010825   1.0330795780  -0.9173397586  -0.3667538436   1.8454379168
-0.4002826621  -0.3403535350  -0.7808526419   1.0926758120   0.8412113987   0.2426662034   0.5441191159  -0.4091719613  -0.3362394675  -0.4908281915  -1.0094131204  -0.3743129545  -1.1243542613  -1.7473897186   0.2750093498  -0.3981226119  -0.0317121105   0.4023717840  -1.1673211393  -0.7713896867  -2.5972412918  -0.9233316946  -1.9526530915  -0.4991716031  -0.4895540620  -0.0676511714   0.3343641814  -1.0212460874   0.8724826799   0.2831328399
 0.4516520263   0.2539936715   0.5830872767  -1.9437006147  -0.8787221026   2.1265807418   1.1338296926   0.0222137254  -1.2032316072  -1.1375643827  -1.2516581751  -1.2803986485  -0.1981224764  -1.9950577698  -0.9914822622  -1.1099498134   0.4956387369  -0.3828236192  -0.1211186246   0.0318560697  -0.7677581996  -0.8943227356   0.2947684318  -0.8590666401  -1.2729239970  -0.0872788369  -0.5758676424   0.0661228929  -1.2803188077   2.2737056987
-0.3143329955   1.0784144934  -0.6551857602  -0.0142593735   0.7008872518  -2.2651712535   2.0066954642   1.0599777032   1.2899418881  -0.9939606737  -1.3231017449   0.0522948330   0.1389684118  -0.3859441042  -0.2045948591  -1.0920574901   0.5469900945   0.1010538438   0.4202583600  -2.2057619069   1.5374012707   0.4898480481   0.2743328908   0.2868886325  -0.1930971234  -0.3623354226  -1.7069397928  -0.8714694972   1.0375287759  -0.2247984361
-0.1447544078  -1.2736803563   1.0844947212   0.7912322922   2.0875288448  -1.3849213828   0.4865191898  -1.5330383434  -2.2979283979  -2.3376666136  -1.1486446799   0.4057937839   1.7056833016  -1.1516188113  -0.8246576610   0.2483828866  -0.7583945990   0.3328856848   0.0504757565   0.0908196353  -1.0337203420   0.1623925305   1.0305927932   0.8872623048  -1.5202056578   1.1011553804  -0.9519348755  -0.3538402821  -1.7676498154  -0.2577866548
-0.4039079842   0.8589257054   0.4552638634  -1.0471381234  -1.0556787175  -1.8816950775  -0.4041842596  -0.0879317805   1.7425997123  -0.3093299261  -0.2572024290  -1.1961756593   1.3209051660  -0.1046222079   0.3314673836  -1.3603367993   0.2648972031  -0.2440891618   0.3508823512   0.3770989403   0.3839863459   0.2866141622   0.2523047636  -0.9650632521   0.2965732474   0.3502846707   0.0196213182  -1.1327629303  -0.2019347084  -0.0282659682
-1.5114862826   0.7558589251   0.2384171513  -0.8044794934   0.1607830404  -0.7049078747  -1.3309141611  -0.1011844356   0.0650001574   0.3315542864   0.7899374812  -1.8519057088   1.5686863983   1.8342825642  -1.1099309552   0.1244507899  -1.0951973019  -1.1663986775  -0.8421944308  -0.6453638607   0.6777195516  -1.5719558332  -1.2142537716   0.4157752784   0.5580937020   0.0233250990  -0.1187884001  -0.1273235602   0.6288010946  -1.5558095776
 1.4661012262  -1.1485331953  -1.5063245333   0.6470217145  -0.3035381900  -0.5223114781   0.9456132053   0.0952801598   1.8249276275   0.9069220536  -0.0951542682  -0.9368616297   0.2322091747  -1.2162611875   0.0287001730  -2.1471482541  -1.0069805797  -0.1570327522  -1.8058641620  -0.0955441011  -0.8381930326   0.2636508758  -0.6222426274   0.5458405536   1.7180374712   1.5186711754  -0.4675376479  -0.4112480908  -0.0860648553   0.4094166848
-1.0713217667   1.2117826578   0.1374058908   0.6970424820  -0.5584218615  -0.2759866382   0.9032743692  -0.6129286940  -0.2842111875   0.0775230325   2.0193943648  -0.0998236773  -0.9240585154  -1.8255985868  -1.5229902090  -2.6154439562   1.4676955834  -0.1382200609  -0.2205305656  -0.9839824728   0.1049408237  -1.7089684702  -0.6551977284  -0.0984099545   0.5172405514  -0.0102746330  -2.0470457364   1.2632988573   0.2495755830   0.2488307878
-0.9501375257  -0.2215387145  -2.7339495500  -0.0955466131  -1.0521029453  -0.7673396046   0.0697010382   1.2029756659   0.3221718599   0.7204543880   0.8363427174  -0.4478599762  -0.1900918976  -1.1531273236   0.3991079343   0.0893443242   1.4908778440  -0.9379177595   0.4673913288  -0.7551929764  -1.2854587369  -0.5652805414   1.1994868609   0.8285642907  -3.3775529851  -0.0885258638  -0.1457693870   0.6288267210  -0.5040985551  -0.4974316406
 0.1601393663  -0.3436513989  -2.4655302096  -1.5668684527  -2.2167672984   0.0135097014  -0.3343688356  -0.2925086245  -1.1467615716   1.3547065673  -0.0844266923   0.4517103960  -2.2084159779  -1.7618135577  -0.9175692701   0.3752882249  -1.4898298646   0.1970972329   0.6060296429   1.1287811506  -0.4242819081  -0.3201167454  -1.4961916830   0.7623012362  -0.8637445258   1.2273549257  -0.3407689376  -0.4691334262   0.8231439509   1.1305857620
-1.1274712538   0.1361057481   0.5773691301   0.7285114218  -0.7188984093  -0.0418750410   2.0590780211  -0.0638251898  -1.0964519006   0.1476730968   0.3066941612  -0.9985554605  -0.5358929916  -0.1324023767  -0.4838853974  -0.0424661874   0.2495994390  -1.2807035376  -0.6409643155  -0.1565664231  -0.1460520047   0.8443882864  -0.3013927633   0.4192252754  -0.3324083733   0.5227025967   0.2727702388   0.7900652201   1.6687112498   0.8895848634
-0.6165738559  -2.0001843708  -1.3151556648   0.3343098760   2.2033382140   0.0821745972  -0.0338825098  -0.2811139912   2.8022775432  -1.5390131804  -0.9065349683   0.3170231924   0.9047234928  -0.2399955449   0.0546845271   0.4928130759  -0.1922705775  -0.7812625853   0.5332050837  -1.8148973318   0.2243622379  -0.7914060448   2.0061051939   0.2016219272  -1.0369927176  -0.1247857466   0.3032223213   0.2464192789   0.5855900240  -0.6445854916
s3
-1.7884347609
 1.2505474948
 0.0917229698
 0.3092246019
-2.3475175420
-0.6143403276
 1.0636428603
-1.0468091575
-0.3902543445
 0.4854818452
-0.7414136921
-0.3735632446
-1.4014003661
 2.0857713727
-0.1101000637
 0.0819149546
 0.2907585508
-0.9556933394
-0.7253513883
-0.3113362439
 0.1824004362
 0.8129912796
 0.1865903085
-1.0758253830
-0.1874133048
-0.7629518875
-1.7292944432
-1.0270061779
-1.3300496760
 0.7243915014
w4
2.6134778608  -0.2603905644  0.2766178868  0.0966644840  -0.7210870598  0.1892146111  0.2266166704  -0.6032193351  -0.2731116328  0.0632847543  -0.2361836213  -1.2771684807  0.2942826279  0.1017223859  0.0779013227  -0.2202539938  0.7116196459  -0.0876954398  -0.5571311114  -0.0392742921  0.1127818249  0.1261543346  -0.0238961049  0.9748325765  0.0874774493  -0.3499280206  0.3633795215  0.0227738995  0.1343758697  0.1876596135
s4
0.3479490971

