layers: 5
str: {2,30,30,30,1}
w1
 1.0867909945   0.0946023495
-2.6810907727  -0.5541731026
 1.5139610457  -0.8718570551
-0.9137789300   1.4198970602
-1.8190496261  -1.1325873144
-0.9450302745   0.7387480706
-1.6890513091  -1.3337938273
 0.9896356725   0.1912762092
 1.0941538565  -1.6932527511
-0.5821376112  -1.9261337867
-1.6981254029   1.0781353560
-1.0330827227  -0.5948148701
 1.3372129192   0.3540166818
-2.3386599634  -1.0324058450
 0.2686666614   0.6360198064
 1.4085177647  -0.9151899001
-1.4396927385   0.7215577658
-1.8654032560   0.6325966948
-2.4767324349  -0.6008897342
-3.1630048061   1.6785108583
-2.0340111375   1.5455967960
-1.3021477710  -0.1541281021
-0.8758884175  -0.4644549741
 1.7764810675   0.0691469350
 0.2060490229  -1.1420690093
 1.4756921280  -0.9427913090
 0.8241991285  -1.5670271588
 1.9977570218   0.7626855251
 1.4618994926  -0.6020726878
 1.8325264832   0.6898256277
s1
 1.5894713526
-0.7888489040
-0.5305373845
 0.1107162976
 0.9666020102
-0.0563835217
 0.1329129270
-0.4758977818
-0.3418726494
-1.3999948462
 2.1107220170
-1.0919790707
 0.1678788066
-0.0669482119
-0.6843112655
-1.0189610770
-0.9128376737
 1.7573871483
 0.7023400417
 0.1013930469
-1.7593340350
 1.1016596917
-0.4972818516
 0.8333258314
 1.3308497494
 1.4455959319
 0.6600025972
-0.5971205381
-1.8080560997
 0.1012063661
w2
-0.0579065073   0.3963057507  -1.8001599115   0.1001308473  -0.0206352384   0.6468170383  -0.6728924918   1.7596453243  -1.4229228285  -0.3997870467  -0.4762154142   0.4577582751  -1.7155144246  -1.4014207310   0.4603719150   0.7809012878   2.7665678357   2.0083723430   2.5704873278   0.2801043681  -0.2931641703  -0.0048287017  -0.7165493349   1.6748958963   0.7642259345   2.2662494904  -0.4564772702   0.3821948513  -1.6300338571   0.8343638884
-0.3980648733  -0.0134601372  -0.9658307430  -0.8405023394  -1.4113639340  -1.6634887040  -0.8439238547  -0.5339594793   0.9246676889  -0.2654725633  -0.2465180436  -1.0938242296  -1.4769375490  -0.7992144903  -1.4196101256   0.1386812399  -0.2514421818   0.4676261500  -0.0311997969   0.9703319664   0.3318586025   0.5655981639   2.0327394530   0.8387007185  -0.3803838703  -1.6060461914  -1.1670894328   0.7519673121   0.9201521310  -0.5286390266
-1.2751913437   1.4302153581   0.5542502358   0.2949321261  -0.6419864283  -0.6698676709  -2.6511613779   2.0150963074   0.5809535701  -0.1380047830  -2.0969907759  -0.8426804041   1.1613896787   1.0677446499  -0.3460667924   1.2975849291  -1.5623416199  -1.3921348709  -0.6112934401  -1.2589070412  -0.8224204517  -1.0870584546  -0.9180649669   0.4957407438  -0.0219048613  -1.5507305197   0.6092518971   0.2366030934   0.5122575691  -1.3088960509
-0.4396499582  -1.3519471794   0.2439259833   1.8646904558   0.6909565459  -0.2433446449  -0.4220815571  -0.9581472302   0.7397292158  -2.3657635866  -0.1949618742   1.3199961650  -0.0823940519   0.3027650687   0.7266890957  -0.6236130139  -0.3619166448  -0.6410021578  -1.2302445190  -0.3525196425   1.6689128173  -0.1852869451   1.3620683845  -1.7952553449  -0.9356791485  -0.3674363917   0.6566730588  -0.9368514526  -0.4280103613  -1.0542859128
-0.6522754830  -0.0543005625   1.0133019289  -1.8186565218   1.0264578282  -0.5049156327   0.6973968947   1.3911858586  -0.2826176082   0.4552995333  -2.5107489575   1.5270084225   0.5196323121  -0.1115099890  -0.7742899553   0.9143105692   0.1368176065  -1.2698127849  -0.3603311306  -1.0083988347  -1.2866298352  -1.3208803593   0.9397035561   0.2404875492  -0.2327432373   0.2653554466  -0.7255205319   1.5305156311   0.5051187490   0.3860752191
 0.6641061197  -1.2443227708   0.1294934322   0.3435683456   0.4541391702  -1.1908460632  -0.3705533668   1.7120201640  -0.5802921942   1.5465280236  -0.6822773474  -1.6669463289   1.2321743093  -1.1249451522  -0.6746883936   0.8331772504  -1.2138914805  -0.3816396740  -0.9728903709   0.4931804157   0.5524026378  -0.3167599362  -1.8343698066   0.9888254014  -0.0489190532   0.2463996638  -1.7125861922   1.5054237896   0.0272810425   1.4303701375
-0.8201699384   1.8842662314  -1.3923361243  -0.8801956313   0.3400092404   0.2129206562   0.1018296064   0.2142362076  -1.6781786772  -0.9328784349  -0.3698581325   1.2217844047   0.0301732619   0.2449714226  -0.1799478066   0.5232383925  -1.1327287571  -0.3567006069   0.7807826284  -1.3751557232   0.5717068211  -2.8214308346  -0.8001204713   0.2756798291   0.2613551245  -0.3788642046   0.2400900525  -0.1926289236   0.9733062030  -1.6606151051
 1.3910233107   0.2515617468   0.5682521703   1.0343295715   0.8615933385   0.2140926202  -2.4270277148   0.3442803274  -0.3936914871  -0.7227074705  -0.7691765896  -1.3219673799   0.4001401684  -2.6240157528  -0.4971263232   1.4286026523  -1.3103839416  -1.1809874516  -0.9832680499  -0.5548125264   1.3448511527   0.4084670882   0.5595558980   2.2165760916   0.6034510406  -0.1303907187   0.0555548538   0.7436246488   1.6177642961   0.6001688341
-1.3524769305   0.2515083805  -2.8927974405   1.4246714123   0.5734594034   0.9948805171  -1.0064333179   0.9899728539   1.0198823753   0.0465384242  -0.1791711370  -0.7580526107   0.1075687979  -1.6112541206  -0.0893890853  -2.1337537721   0.6205709384   0.2709471319   0.3228786857   1.8080934161   0.1631422420  -0.9173069948   0.2961772973  -1.0424471850  -0.5905752001   0.0489095835   0.3819354632   0.7761808068  -1.0300744203  -0.5617917208
-0.1627735885   0.3575363865   0.1354859902   1.1572386910  -0.8066254898   0.1647870974   0.6563441448  -1.0051477848   1.1714935101   1.3210494767   2.0753222309   0.4117900995  -0.2158777373   1.2105151229  -1.4605503538   0.8902827837  -1.1748031982   0.1869187718  -1.7042173023  -0.1503864321   0.4053380231   0.6311015454   1.3710441815  -0.4081147302   0.4618834243  -1.8145756998  -0.5563420624   1.8461116367  -0.3368126458   0.8900288859
 0.6127792629   0.2253713420  -0.3193450356  -0.4106446279   0.2038981722  -0.0671901686   0.0928186947   0.4595161824   1.0312741263   0.1885703147  -1.4345405820  -0.6787448947  -1.0631556405   1.1006121166  -0.8616579958   0.7200738097   1.1272432336   0.3628815829  -0.2388242016   2.5023979452  -1.1278844271  -0.7156985599   1.0295384175   1.5346405546   0.1819784954  -1.8805077635   0.2659060562  -0.3370871106   2.1797611876  -1.0140869268
-0.2570455259   1.1333670091  -0.5666528439   0.3273114786   1.5463437318  -1.0506728472  -0.6200698073   0.5334917098   2.0792438094   0.1545642981   1.3326456776  -0.7422371818  -2.4822987182  -0.4358758411   0.7961223319   1.6946986412  -0.2243718948  -0.6131310227   1.4676438411   0.1274491167   0.9969327761  -0.7973083789   0.3352598220  -1.3976066290   1.5850865665  -0.5292560541   0.4475670372  -0.8805875230   0.8323925004  -0.1760885427
-0.4755122391  -0.2577890124  -0.2289022593  -1.2829516085   1.9990996630   0.0980750527   2.1121256434  -1.7331306518  -1.3193554730   0.5942548290  -1.0768913265   1.0620736489  -0.0710846295   2.6339657612   1.0839785915   0.9518516214   0.6345079618   0.6085711366   2.0488683810   2.1641302786   1.3315234527   1.7170408075  -0.8025528881  -1.2674910391   1.5525577340  -0.1022903882  -0.2376704893  -0.7196129750  -1.1369984962  -0.6821318426
-0.1840953020  -0.6510763323   0.0422293603  -0.2744511267  -0.1157302808   0.4388792776  -0.4366110842   0.4253053370  -0.6876001680  -0.2991978726   0.8251327433  -0.0857612337  -0.2819342120   0.8206345321  -0.8371774191  -0.5861509447  -0.7780872430  -0.0866914682   0.5710608659   0.1513975896   1.3898982833  -0.3295249419   0.8690816627   1.2258736887   0.1571817815   1.3236712469  -0.1760037614   0.2581725015   0.1541315929  -0.9459120495
-0.0263157566   0.4719089316  -0.1332005736   0.8612310868   0.2738910606  -0.4710867634  -1.0834167493  -2.2492993143  -2.8433482759   0.7544378040  -0.1518930834  -0.1795944326  -0.3689053156  -2.1911917811   0.2199889256   0.0680840844   0.7516536314   0.4971049576  -0.5768170156  -0.7245020827   0.6178303852   0.1049855160  -0.2534153170   0.1336928762  -0.0587333983   0.7533483414  -0.7878370626  -0.2871197012  -0.1886014163  -0.0660456848
 0.3949674358  -1.8649258287   1.2113707356  -0.5491631232  -0.0596419377  -0.8431432973   1.2455852341   0.0407308143   1.0263070372   0.7058685520  -0.5430948364   0.3798659379   1.9196232357   0.9112596738   1.7027562782  -0.0938633289   1.1183113788  -0.7368514084  -0.2358206620  -0.0486427106  -1.2405702558  -0.2866372470  -0.3326947417  -1.5532389058   0.5959632524  -0.2756477568   2.0073753887  -0.2505715310   2.1293435866   0.2105143124
 1.0563333545   1.5469658513  -1.5734580169   0.7571878689   0.6142627090   0.6056471755  -1.4717733514  -0.0470562494  -0.7611052477   1.4790311689   0.0580650915   0.9944542053  -2.0260231055   2.3897858949   0.5887962124  -1.3135473137   0.2650023170   0.3791915519   1.2595410358  -1.7660003522  -1.5096183894   1.3233528582   1.1151137020  -0.7968098534  -2.3035848060   0.1433670949   1.1284234686  -0.6133566904  -1.1537456127  -0.5072486389
 0.1179494313   0.1276657426   0.7091341665   0.3692533644   0.3101803516   0.1510389595   1.4992410878  -1.1899215507   0.1205715522  -0.7359728110   0.0759357690   0.5173106075   0.6722912429  -1.1022754215   1.0007305442  -0.8676283665   0.3735655935  -0.3437679610  -0.9146427704   1.1439884874   0.8366394615  -1.2642432288   2.2484531161  -0.5988404579   1.8034720554   0.9764058145   1.1571014599   0.8997052433   0.3490739991   0.3741892730
 1.0333699463  -0.8458476943   2.2616686037  -0.2131122478  -0.6621635190   1.3550147327  -0.1903585225  -1.1817229854   0.9692067284  -1.0454073802  -0.9818835399  -2.3389995970  -0.9324478865  -0.5898866739  -0.0557634034   1.9342562768  -2.6140081090  -2.2375705535  -0.8677506065  -1.3399751098  -1.4701788850   1.5501795101  -0.6954406985   0.9109763076   1.5713003099   2.2934402420   2.6872278028   0.8967421889   0.6689599957  -0.5413873091
 0.3212683229  -0.3223871970   1.9026698235  -0.0154108232  -1.8334724907   0.1996182005  -0.6776276674  -0.2068267820  -0.5617010415   0.1147997085   0.7903691298  -1.1795120080  -0.1089906029  -1.1789540215   0.2678110102  -0.1705414288  -0.1265711441   1.7755774296   0.8766076452   0.2959642692   1.2020075643  -0.5871947240  -0.1414842460  -0.5117190790   1.1480698499   0.2268280369  -0.3106748147  -0.3130798454  -1.5403513862   0.3698218026
-0.1343397042   0.7303838342   0.1479555617  -1.6590021382  -0.6460268596  -0.7427710299   0.9872149047   0.4601561037   1.7817127824   0.8990014435  -0.3689432964  -1.3697327035   0.4957839851   0.6041187694  -0.7886423743  -0.4381394977   0.5627636050   2.4882692171  -0.0839497037  -0.7927413660  -0.1737835957  -2.2460129694  -0.2435237915  -1.3113824360   1.3177869172  -0.3423929437   1.4819098664  -1.7911011536  -1.3977365545  -0.6125782459
 0.9782472453  -0.6131230923   0.8545302599  -0.1916183729  -0.9287312261  -2.4686127108   0.7241074214  -0.8420247073  -0.2852287922  -1.9596838650   0.0001940276   0.0169759106  -2.4002498510  -0.5253458693  -0.6585664737   1.6839790501   1.8793815805  -1.2743522449   0.4478544485  -2.2058190031   1.2051339472   0.1462209973   0.5021527160   0.4489095819   1.3392788977  -0.1149710002   1.3718811085  -2.0587924623  -0.0358130576  -0.7720726868
-0.4226095931  -1.3560136847   0.8303678625  -1.4168867579  -0.9286133786  -0.2134251481   1.0019373573  -1.1846332557  -0.2709359215   1.2409950645  -1.5401100527  -0.7543532835   1.4239610233  -1.6812228590   1.7831818290   1.8070309933   0.0144668021  -1.5170270710  -1.4324060454   1.4345612767   1.8585368744  -0.8356540789  -2.3073804695  -0.1008485931  -2.5322701241   0.6142371327  -1.5317956799   0.3750964296   0.5186197603   0.4738958226
 1.5481499956   1.4073365160   0.5684867558   1.3445556906   0.9858458493   0.0294343358  -0.4772142818  -3.1685297308   0.4403689328  -0.3554463082   0.1454634730  -1.3214790166  -0.5216562479   1.4368084284  -0.1118522113  -1.1572710648   0.3624110040  -0.4975315919  -0.4702387718   0.1572070390  -2.7499274080   0.7098465176  -1.6000841938   0.6269938027  -0.3088684314  -0.5346454651   1.2352968463   0.4245421833   0.1015949430  -0.3856764665
-0.9819772681   0.1289629122   0.8671906067   1.7228069412  -2.0597239717  -1.3112191324  -2.1141329696  -0.0424270521  -1.0328543638   1.1032382135  -0.6679741579   1.0850466499   0.4448082883   1.1835890831  -0.6053517880  -1.9451399870  -0.6575533253  -1.8550278872  -0.8154170715   1.0987746491   0.5003086775  -0.5082128341  -0.8106288342  -0.4733353893  -0.4193527321  -0.6962735687   0.8670618416   0.0772144393   0.1776718057  -0.2976740309
-0.9396431946  -0.8744948496  -0.3509303459  -1.5938225350  -1.6240352505   0.0410842385  -1.3366878465  -0.8906563228  -1.2768004387  -0.4992579362   0.7216965292  -1.4907439978  -0.6828996419   1.5416086642   0.1426630478   0.2117658411  -0.5734405386  -0.3258142112   0.5174681430  -0.3102542428   0.1685788264  -0.0952018537   2.0916444969  -0.1957339018  -1.5431427266   0.4773870237   2.0578887681  -0.2158868641   0.4743718456   0.3944200036
-0.8229160484  -0.9636760920   0.9723089949  -1.8498179527   0.1115326854  -1.3508804812   0.2863148705  -0.8204532996   0.5309475790   0.1105107439  -1.1594639770   0.3571669671  -0.7037375259  -0.1727321553   0.3128098253  -0.0377001285  -0.4808086820   0.2121216751   1.4546868077  -0.7725683605   0.1189505283  -0.2926296337   0.9210854469   0.9397727822  -1.3603439104   0.3860764674   0.0869683490  -2.3348235077   1.5139789006   0.5345483385
-1.3032162858   0.6884997360  -0.6284392225   0.2653606084   1.7442490944  -0.0367565829   0.3062049603  -2.6318812449  -1.2270985517   0.1685967976   1.2041264991   0.0266974574  -0.7519041683   0.3835313005  -0.1005989824   0.6343300625  -1.3983010610  -0.3394893129   1.7723758805   0.0161261225   1.1923986751   0.3362404018  -0.3740940073  -0.3943376407   0.0167069795  -1.5756937701   1.2112712511   1.4159902684   0.2996730855  -1.3666715893
-1.4383499245  -0.4430293898   0.3013334661   0.6785559849   0.4426028185  -0.9206199940   0.3051895384   0.4280815124   0.6344114065   0.0425316110   0.4480528397  -0.5421849072  -2.1542010238  -0.3111250971  -0.9249252681   0.5417436800  -0.8142258163   0.9199342207  -1.4406292351   0.0003953237  -0.4754543510   1.6211390737   1.1009727324  -2.5575638839   0.2825489106   1.4661269457  -0.6134792010  -0.8096550104  -0.7676103774  -0.6180909930
-2.5535167599   0.8338636008  -0.8996487730   0.9208507141  -0.6799949911   0.6593078498  -0.5082360734   0.1413974897  -0.7072316534   0.7891188828   0.2508692514   0.9227346820  -0.6530630027   1.6165287548  -0.4784001777  -0.5337189204   0.6861273622  -0.5651567723  -0.5296445977  -0.0024229306   2.1843311695  -1.1766869473   0.1813038338  -1.5137362237  -0.8101089246  -1.4184223067  -2.4077820465  -0.3789075821  -1.1676253248   0.6707201595
s2
-1.0276004924
 1.4056492923
 0.4388166717
 0.9658847181
-2.1867373687
 0.0959473320
 0.9745976262
-1.0935298655
-0.3357112930
 0.8411779599
-0.4574945040
-0.3056574573
-0.9545056014
 2.8501838010
-0.1019228304
 1.0204108794
 0.1960510069
-0.4320331468
-0.7032197899
 0.1125294646
 0.3221050215
 1.0557098782
 1.0861911149
-0.9262089231
 0.7388676425
-0.7500621175
-1.2452061720
-0.7999771125
-0.6738552968
 0.6455757199
w3
-0.7861143056   0.0645372950  -1.4385625878  -0.3293793598  -0.9124595672  -0.4381179008   0.6914670694   0.6327076632  -1.1290783538  -0.6960634922  -0.2238413575   0.7742397551  -0.5445065524  -1.5553166379  -0.7065076991  -0.7697178753  -0.2429968334   1.6354987778  -1.7700227104  -0.7855462810   0.7865663906  -0.9171041328   1.2142430504  -2.2823604897   1.4558106474  -0.0493859542  -0.4374035283   0.4369752032   0.6573304423   0.8077910401
-0.1052433048  -0.8845639413   1.0063087060  -0.4162622695   0.5450619492  -1.8339925562   0.4666871930   0.2400222549  -1.0167563129   0.8947989041  -1.0019454502  -0.7204334967   0.0551422720  -1.5263242426  -0.2328554482  -0.9576827515  -1.1501754030  -0.0334267526  -0.0395641759   0.2352309429  -0.3755625208  -1.2022896182  -0.7492694646  -0.6750952624  -0.3339021532  -0.6874535917   0.9172648735  -0.4211926354  -0.7945203499   0.3189638239
-0.9553916100   0.0195691171   0.3541318277   1.3041514212  -0.9482311492  -0.1141638159  -1.0735699242   0.6336162508  -0.5383977280   0.6784001892   0.7886483872   0.2983171391   0.8382769082  -0.9790062352  -0.7370932387   0.6301057646  -0.8730983563  -3.0592600554  -0.0905724865  -1.1075452613   0.4722091109  -0.8571342665  -1.6417567875  -0.9684816406  -0.9147953217   0.3553347612   2.1055550863   0.6028509823  -0.2200986880   0.3722909879
 1.9876588194  -0.3727258957  -0.2466392653  -1.3848147024   0.2078705622  -0.6615274497   0.3349305575  -1.3541310070  -1.2394774549  -0.1838078407   0.5670808288  -1.7356094220  -0.1729147844  -1.6020493107   2.0039025316  -1.4009686385  -0.5410367175   0.7195897146   1.0079699310  -1.1168192321   1.5480414711  -0.8640435951   0.4316648617  -0.4736385574  -0.0720807710   0.2346600879   0.9790262759  -0.6684883575  -1.2786741326  -0.8747404307
-0.6908113208  -0.4131720402  -0.0923440692   0.3531999616  -1.2897958605  -0.1174336532  -0.4077263404   0.5168876326  -1.0643870587   1.3114009580  -0.2762474329   1.4723291111  -0.1107405200  -1.5552447090  -1.1682042728  -1.3176351001   0.3223989493  -1.0300692934   1.2395630282  -0.6734943630   0.6423708481  -0.3738583345   1.7645140350   0.3639504825   1.5726876957  -0.0071103189   1.4852574368  -0.0344316092  -0.3063237614   0.0779753595
-0.6285042822   0.0870393543  -0.1105061063   0.1687828001  -0.4804311812  -1.0699492440   0.2529161354  -1.2673891202  -0.7340749338  -0.6249534161   0.1833020806  -0.0006124880  -1.3853493944  -0.7772154407   0.4709127401   0.7912713032   1.0516425956  -0.1170422826  -1.4867334874   0.2667046347  -0.5487027067  -0.5019209908   0.6681928481   0.8827167993  -0.7943326894   0.9593803749  -0.8255250312   1.3651386125  -0.2506095182  -0.9317841211
 0.0631050978   0.8062035506   1.7502747382   0.1937035877  -1.4255937710  -0.9066703937   1.4125338177  -0.6673501212   0.0470129817  -0.5072309057  -1.4106885865  -0.1526515859  -1.0436408410   0.1874368750  -0.9249381189  -0.0763574723  -1.8522879020  -0.2727285323  -1.5666971235  -0.5815911065  -0.2202727155  -0.3795992963   0.5962639914  -0.2746467343  -0.9691252034   1.4227541305  -0.0405853251  -1.0715770617   1.5245395454  -0.3159639854
 0.4859364889  -0.7941211642  -0.4203384994   1.3500672692  -0.1167494748   1.7124709383  -0.0358472670  -0.4980606550  -1.5794986222   0.6994072758  -3.5765836685  -1.4381033792  -0.8499344487  -0.6449010855   0.9626576652   1.1037630228  -0.1163430839  -0.8781510611   1.4101561753  -0.8860062151  -0.3154926015  -1.9446267874  -0.9963076083   0.5518061764  -2.0642436333   0.8101800522   1.4174481498  -0.1340837454  -0.6717789015   1.0927204761
-0.3841323787   0.5708179661   1.7345187010  -1.2516461933  -0.9463813061  -0.8363385240  -1.3505876123  -2.1248753135   0.1769724599  -1.3563670050  -0.5339736916   0.0421168272  -1.2949775744   0.2600034330  -0.7205135176  -1.2879600273   0.1581996698   0.0350875388  -1.2774270183  -0.1745323184   0.8833711104  -0.2393577655   1.4076135768  -0.2889731930   1.2811236298  -1.0030274460   1.3578610345   0.3661565806   1.1836103879   1.3481957531
-1.5453333099   1.5575282716  -1.4372414144  -1.2584455786   2.7510201262   0.5061825148  -0.5553567483   0.6554491982   0.9779938536  -2.2941361202  -0.5667514204   0.4625979042   2.2119504384  -0.0602250984   0.6541742914  -0.7080479959  -1.2554657519  -0.8238841986  -1.6321177386  -1.2999241534   1.0324756091   1.0336655012  -1.9896566357  -0.1160224452  -1.3453427976  -0.9461707678   0.5873965809  -1.3639938510  -0.2067620872  -0.6221607704
 0.1507299145  -0.0964229707   0.5446011908  -0.6778925931   2.5741495182   1.3263829364  -0.7480245414   0.3223393949   0.6939677574   0.2944741276  -1.6807538117  -0.0924277059  -0.8134764569  -1.4625083879   1.1797317505  -2.2651528886   1.6052362905   0.3183333652  -0.0088937075  -1.0388572990   1.0408917168  -0.7940137574  -0.5954728383  -0.9295718468  -1.0344464941   0.1120376206   0.4368250967  -2.1752779803  -0.2413760567  -0.0045761202
-0.8353615947  -1.0997534907  -0.7418546327   0.2029023221   0.3478424917   0.9942926747  -2.7952164011   0.0717890146  -2.5535621089   1.3472727170   0.0227350506   0.0098492673  -0.5610754288  -2.2876452049   0.2685819775   0.2127393095  -0.5818099126  -0.5226926663  -0.0673512016  -0.4661455672  -0.5323006959  -2.5874894327  -0.2747914020  -0.7711038468  -1.0242660086   1.0952540040   0.0901296794   0.6030132631   0.3024549491  -1.0238014510
-1.3430728801   0.8707115096  -2.0041706065  -1.0942598893  -0.6828288054  -0.0072461243  -0.5947863676   1.5031219714   0.5487745739  -0.8071265825  -1.2598229704  -0.7371992597   1.2034076354   2.1366974353   1.3639847498  -0.5603926542  -0.3377627903  -0.0874022896  -1.4823497742  -0.4262889903  -0.9044236649   0.5081870785  -0.4904317296  -2.1759564717   1.3052082376   0.6318858057  -1.0625330183   0.1308501450   0.8385273345   0.4529438059
-1.0145654421   0.6740655948   0.1512453654  -1.3078183333  -0.6761539513   0.5106748399   0.2730959449  -0.4752246283   0.9584160090  -1.1971268576  -0.8495962987   1.8840695693  -1.0863381483  -1.6809418577   0.0141442104  -1.7609686151  -2.6788972567  -1.8947742786   0.4802023541   1.4536763317  -0.0631571548   0.8120952968  -1.1660066880   1.0354136885  -0.1374533868  -0.0980971977   1.0343335526  -0.2542370670   0.8529920270  -1.3446727496
-0.9550580466   0.2801947065  -0.3039046057  -0.4714091110  -0.0793157170   0.1418068218  -1.5170442484  -1.1704206865  -1.0944352173  -0.9215671511  -0.4942440427   1.1639870478   0.1430537212  -1.7872974060  -0.3823069961   1.2339461665   0.1391450034  -1.2243934191  -0.9546288176  -0.5633644474   1.1281017899  -0.2185877856   0.2627063975   0.0136407260   1.0588432044  -1.8907903843   1.2011482388  -0.0050231422  -0.3758346536   0.0851267039
-1.8852884513   0.1848700575   0.5155673150  -1.1422474044   0.0065509768  -0.5023225942   2.2888575394  -1.3391139041  -1.7800286123   0.7725015306   1.5294822530  -0.2958941687  -0.4250045432  -0.8816199955   0.4947482045   0.9877255327  -0.0809450518  -1.6033361150   1.6375833597  -0.9736215993  -0.7848779762  -0.3253783245  -0.2755203873   0.4371364029   1.6261098297   0.8942194395  -1.5242769661  -0.1916163846  -1.4645525474   1.2738812849
-0.3738059565   0.2742911730  -0.6902208826   0.0403576111   1.1216652355   3.6455683479  -0.6925846183   1.7514761481   0.1489979200   0.3178990625  -1.4709703902  -1.3100903161  -0.1137076380  -1.2156464012   0.6461093561   1.6795977966  -1.8283442742   1.8608196087  -0.6946729285   0.1425235909  -2.6888400111  -0.0909216463   0.4841357247   0.2630082284   0.9333704866   0.5358944153   0.1471723679  -2.2681036304  -1.3448065467  -1.6923205935
-0.9008048022  -0.7867493096   0.7712354838  -0.4938026206  -0.7936324951  -0.3475404500   2.7068756253  -0.4939510245  -1.8905189357  -0.8091660078   0.0899074713   0.2828110233   0.6999313702  -0.2885473513   0.7211705237   0.4156689854  -0.1873991729  -1.1630778869  -0.8747269943  -0.5600702536   0.3672495289   1.3388460520   0.4277129169  -1.3191000123  -0.9915164696  -0.7282202753   1.0187421806  -0.9171566418  -0.3698967363   1.7606449528
-0.4088791312  -0.3415121872  -0.7814604767   1.0860505669   0.8412003499   0.2400490001   0.5434582737  -0.4113439486  -0.3431808741  -0.4997853435  -1.0144995043  -0.3809861689  -1.1344700476  -1.7559299701   0.2735460415  -0.4006840688  -0.0413374839   0.3940410536  -1.1622539601  -0.7778356874  -2.5974434174  -0.9236535905  -1.9538370282  -0.5019556696  -0.4896964518  -0.0678265538   0.3343265573  -1.0277780252   0.8713476284   0.2757224163
 0.4546835953   0.2929724642   0.5945242362  -1.9453366339  -0.8762836703   2.0802198139   1.1219306713   0.0166456657  -1.1057529867  -1.1181662427  -1.2103160080  -1.2646411838  -0.1411636515  -1.9815794693  -0.9699464585  -1.2778795416   0.5807051647  -0.3881063502  -0.2652410474   0.0498213392  -0.8294616806  -0.9319216100   0.2734773577  -0.8486135795  -1.2735629540  -0.0905751344  -0.5771990300   0.0904393792  -1.2808197922   2.3853208717
-0.3676042538   1.0721634078  -0.6675050514  -0.0677629477   0.7151071273  -2.2923347008   1.9979727630   1.0387564283   1.2732808610  -1.0469695667  -1.3365178544   0.0199019196   0.0995393899  -0.4395976153  -0.2157750299  -1.0992313507   0.5319370352   0.0576692007   0.5479972866  -2.2629134629   1.5642698241   0.4987102616   0.2804304557   0.2962178832  -0.1932970559  -0.3614134721  -1.7073666498  -0.9440019859   1.0298353897  -0.2614522337
-0.2281311644  -1.2841055234   1.0481384020   0.7612788635   2.0636105584  -1.4431883597   0.4787086789  -1.5937548057  -2.3132566511  -2.4124551056  -1.1898065030   0.3499789010   1.6625124130  -1.2328379335  -0.8306372590   0.1681469288  -0.7692894993   0.2509860089   0.0342284759   0.0255947483  -1.0692476898   0.1266024112   1.0091748235   0.8918827555  -1.5220941598   1.0998127541  -0.9577103454  -0.3760188334  -1.7721730074  -0.2957668040
-0.5875631278   0.8850055973   0.4569170070  -1.1425390328  -1.0517083182  -2.0565398071  -0.4214759662  -0.2140172622   1.7610897276  -0.4533240230  -0.2509191386  -1.2743032749   1.2919315492  -0.2721382357   0.3452995558  -1.5657421250   0.2915756389  -0.4201835741   0.5591100244   0.2592827632   0.2717372704   0.2175919465   0.1503196494  -0.8768207542   0.2953531721   0.3454928098   0.0369647695  -1.1828100441  -0.2306926498   0.0505519651
-1.2441123880   0.5922873118   0.0066649268  -1.3249078876  -0.3091492770  -0.8801567209  -1.3479508253  -0.3696208099  -0.2891724612   0.4633408312   0.8241294276  -1.7225690350   2.0548498326   1.8887477847  -1.2119978274   0.4707828787  -0.7678673380  -1.0828155623  -3.0625849070  -0.2693853030   1.0267649927  -1.8769779873  -1.3965393144   0.9752447942   0.5340341079   0.0164578430  -0.3458366234   0.5902186448   0.7615101845  -3.0330097256
 1.3720432614  -1.1891399248  -1.5312377174   0.7922898655  -0.3495675913  -0.3205976538   0.9633335709   0.1842138144   1.7084416734   0.8510033796  -0.2130086645  -1.0939465294   0.2235887204  -1.3009101979  -0.0237295769  -2.3404869246  -1.0579308015  -0.2419790742  -1.9112337574  -0.1893288545  -1.1213782253   0.1765685310  -0.6473672750   0.5777103413   1.7070507461   1.5225610344  -0.4717949448  -0.5430512294  -0.1177804335   0.2014003955
-1.1891020450   1.2252642616   0.1189074183   0.5849583810  -0.5522471575  -0.2658705543   0.9083671546  -0.5958431472  -0.3158968450  -0.0317193137   1.9734663496  -0.1941166791  -0.9863239076  -1.9283209886  -1.5439345174  -2.6881119069   1.3530189448  -0.2303437322  -0.1851420863  -1.0451486797   0.0991212637  -1.7225513369  -0.6678856158  -0.1604580850   0.5165203672  -0.0193377372  -2.0416767276   1.1349930306   0.2322907429   0.1515528617
-0.9337564705  -0.2319395146  -2.8125407631  -0.0186582097  -1.1393764848  -0.7948600633   0.0726085971   1.1006960078   0.3244974671   0.7553571845   0.8644704064  -0.4568164289  -0.1035447122  -1.1435890204   0.3827671636  -0.0739492617   1.6755297035  -0.9696433652  -0.0927855049  -0.7355031883  -1.3673304714  -0.6425473330   1.1696839524   0.9002111737  -3.3839190365  -0.0891096460  -0.1791844558   0.7875713448  -0.4965691946  -0.4915585639
 0.4739118273  -0.4024411399  -3.1944410154  -1.6456067160  -2.8031420650   0.3590651712  -0.3576370072   0.0578406018  -1.4869049251   1.3075422003  -0.4173923203   0.0216857471  -2.9548104227  -1.6881149118  -0.8838521935   0.6210840735  -1.7788282956   0.2011736358   1.8984396586   1.3281314714  -0.7129123399  -0.4440997559  -2.0545181862   0.7439214301  -0.8957607403   1.2169908088  -0.4498006612  -0.8462983280   0.7438792428   0.8451436479
-1.1494755016   0.1491090891   0.5802344624   0.7648669629  -0.7719165102  -0.0560022679   2.0431120383  -0.0585504926  -1.0645277479   0.1596521934   0.3293512847  -1.0371367532  -0.4954407519  -0.1272468917  -0.4778128169  -0.2042897149   0.3136586605  -1.3149341361  -0.8089393235  -0.1157030795  -0.3055587965   0.7636948568  -0.3291313926   0.5110084072  -0.3335439003   0.5224594433   0.2638042463   0.8774905234   1.6528842650   0.8704025852
-0.8458768319  -2.0154531065  -1.3446119644   0.2708024668   2.1312916714  -0.0750914242  -0.0594604691  -0.4214322834   2.7878838736  -1.7590796169  -1.0413335632   0.1205892608   0.7344585801  -0.4776726322   0.0379092116   0.2093609171  -0.2575350233  -1.0471723070   0.3993355535  -1.9772528168   0.0607589513  -0.9186225832   1.9577588850   0.1466432510  -1.0411921864  -0.1275145563   0.2776312926   0.1997255738   0.5694418315  -0.6809725600
s3
-1.7728226767
 1.1304077856
 0.0029997461
 0.2981157090
-2.2395316151
-0.6235623162
 0.9540998034
-1.1435782283
-0.4226568277
 0.3218032565
-0.8066096728
-0.4229835651
-1.6670269996
 1.9956852585
-0.1430543500
 0.1309442880
 0.2676123796
-1.0361094476
-0.7340737550
-0.3009679874
 0.1314653443
 0.7285091266
 0.0289857909
-1.0308301786
-0.2698899535
-0.8680367017
-1.7399012150
-1.0007268227
-1.3309784872
 0.4779683429
w4
2.6096648242  -0.0628495885  0.4558825728  -0.6768465486  -0.9176005347  0.9824522477  0.2915280492  -0.8396394606  -0.1524567698  1.8048796328  -0.4054496760  -1.2600157823  0.7672259092  -0.0634549775  0.3238694387  -0.7525822385  1.2528150165  -0.1679514069  -0.5412605793  0.1228946955  -0.4205410437  -0.1164434181  -0.4664748101  1.6378394435  0.7221950363  -0.1046153306  0.6677130056  -1.6905342675  0.4130474332  -0.1677607132
s4
-1.0795549080

