layers: 4
str: {2,30,30,1}
w1
-0.0015655633  -3.5294946517
-6.5684066899  -1.7516402043
-1.0955372245   3.5616089886
 4.5054917905   1.6619837183
 4.8528700380   2.8948455408
-5.3842265667  -2.5474992971
 5.6436908216   4.3339512285
-2.5034388694   1.4064776216
 0.3496714880   3.2152701668
 4.2162134232  -2.4430144805
 3.2095370704  -0.7610630716
 7.2344487891   2.0448884303
 0.8566253684  -4.0277251924
-3.2532533649   0.4984730343
-7.8232239088  -1.8426428254
 0.5104323529  -2.7953436453
 2.9219988695   0.1656291270
-3.0093459670  -2.4852635245
-1.3843341710   1.0620877755
 4.2034202798  -1.9357797701
-5.3866939167   2.8343568211
-0.2583352372   1.7067803838
 4.0613568004  -1.3572671034
-1.2074510601   3.0818070366
 2.2062443631   0.1752989612
 0.4403141192   2.1411681589
 5.5922716958  -2.3616607571
-4.9767532092   1.9010206774
 6.6776942729   1.0796049735
 1.6704860269   1.5230344657
s1
  4.0221351444
 -4.6194889857
  1.0882540082
 -7.3452635131
  1.8516072120
-11.5952788631
  0.7945776469
  1.3670434066
 -4.5142966470
 -8.1300338825
  3.2526552208
 -5.0636074701
  2.3980673784
 -6.1923461235
 -0.1870626404
 -5.1622184693
 -6.7158662769
  4.0639918926
 -4.3413223741
  4.5860262195
 -1.1753486465
 -2.7011721370
 -5.1671393769
  2.7102226555
 -4.9932437205
  4.8900426141
 -2.0733816724
 -9.0014271328
 -6.4413198580
 -1.9696478512
w2
 0.6596453195   0.2041948730   1.3137093844  -1.9221195506   0.5119537397   0.1667235409  -0.5036482296  -1.9234519361  -0.7433731124  -1.5168210490   0.4905627062  -0.2764603505  -0.4266177213   0.9410704988  -1.2992469534  -0.5399558981  -1.0142487390  -1.1407546767  -0.4435610720   0.0274548790   0.1262127798  -1.5313757477   0.0548856780  -0.7690843688  -0.7132677035   1.7930070633  -0.0888440668  -0.5224724960  -0.5838966906  -1.3077980015
 0.4198070424  -0.9470769810   1.0094069837   2.7839316037   1.7274952665  -3.2404025770   1.3467299698   0.1741587369  -0.0874662122  -1.9529223226  -1.2485781844  -4.1147171631  -1.0728720151  -0.6502381200  -4.2217521508  -0.3395961096  -1.5535072596  -2.7780861876  -0.7568008113  -0.3286271341   3.1717688851  -3.0929677321  -3.3705420104  -0.1095534922  -1.8287866356  -0.6901600821  -1.3362868383  -3.3519665680   2.1375875260   1.4802204439
-2.9541737767  -3.0108340841  -0.2494255547  -3.3479508958   1.3063930712  -0.7164591868  -0.9129067336   0.1688619194   2.7682579010  -3.8491183256  -1.8114985330   7.3534102541  -3.2201961332  -0.9703547501  -2.5181970855  -1.2583861944  -3.0279514210   3.7884917032   1.4956062615   1.5306450056  -2.3250541400  -1.5449540483  -3.8332866731  -1.2274680208  -2.0784278442  -2.7654886528   2.5728090907  -1.3420827153   5.5027037498  -1.8149320345
-0.5842451652  -3.1542088275   0.2224336920  -0.1522377231   2.4065569527  -0.3498619709  -0.5606733850  -0.1459549699  -0.1004203938   0.2660416652  -0.9798278070  -0.2047680768  -0.4982926870  -3.1010956438   1.9044615211  -1.4871767500  -0.2066320714  -2.3391100303  -1.1785632898  -3.7490602278   0.4598514066   0.6312645042  -1.4873550916  -0.8325858456  -1.2725789550  -1.4762657022  -1.1438997235   2.4796024973   0.0792867763   1.4951319409
 1.1045316281  -0.3620534364   0.1141910072   0.0923686607  -1.8867591503   2.6947449314  -1.0569516621  -1.3024471005  -0.8365305330  -0.9249217988   2.1076414879  -1.4513984595  -1.6060252740  -1.0219937303   4.2954872501  -0.7064177586  -2.1385529584  -2.2042607948  -0.7305814831   2.8275952734  -3.4575186055   0.5335609539  -0.4291330933  -0.7372434397  -2.5644429282   0.1700698028   1.6186040991  -2.4970292236  -2.3990630424  -0.8496395376
-0.6289895875  -1.9816947170  -0.4401656821  -1.1290284474  -0.8824575700  -0.0384089609  -0.4495788718  -0.9093087192  -0.1770011096  -1.5758748561   0.4350921201  -2.3281372281  -2.0378151261   0.7665483986  -3.1628813416  -1.0829780716  -1.8162094433   0.5074706147  -2.1817897360   1.0938527763   1.0809670749  -0.2069424610  -0.8614569939   1.0425598002   0.4534899404  -0.3128045818  -0.4640584218   0.9584166844  -1.0873354945   1.8098511796
 0.5034077484  -1.5352498614   0.1944157017  -0.3818974751   0.6433258219  -2.3206168323  -1.2746475921  -1.9634106004  -2.0781181891  -2.0001888181   0.0406474328  -1.3222927644   0.3147337981   0.7460789750   0.6072882358  -1.2287416378  -0.9932344641  -0.9857861092   0.4549321852  -2.1535873131  -0.5058429523  -0.5028472448  -0.5190443809   0.7724982466  -0.3765159444  -0.4015008373  -0.4953579907   1.8227876665  -1.3118612726  -0.4620722709
-1.2547216209   0.3881308059  -1.0243104469   4.7257201758  -2.4647239752  -0.9669483669  -0.6437582032  -0.3928164310   2.1941648077   0.6522790117  -0.1560762114  -0.2580164495  -1.4789521135  -0.9212557395  -0.4473492519   0.0521844441  -3.1660161468  -0.6084840929  -0.7309071592   1.9287545319  -0.1045592069  -1.4048986308  -0.6832611020  -0.0986701270  -0.4577607579  -1.1148075593  -3.4514514461  -0.3949767139   1.4545119431   1.1097861577
-1.0537533113  -1.2255360190  -1.0784884446   0.3839465553  -1.2316788925  -0.8078469152   0.1045716192   1.0136923298  -0.2713579036  -0.4609597459   1.6264802926  -0.8750694791   0.6569094148  -1.0950656966  -1.4045250910  -0.3787318057   0.9198790184  -0.6972423029  -1.0668995283   0.3672106684  -1.6261335581   0.1611628977   0.2084503884  -0.7803252187  -0.6928691819   0.0660658611  -1.1692836900   0.4724003068  -0.5683920977  -0.4895342800
-1.4478364315  -2.1509129730  -0.7625107158  -0.4390308649  -2.0766930145   1.2292940186  -1.0760308656  -0.6926911623   0.6724319313  -1.7858247686  -1.9190894889   0.6956850024  -0.4589611255   0.7542762846  -0.9086186458   1.9099647861  -0.4338692132  -0.6727146371   0.4928843178   0.8730297856  -0.9984934918  -0.6947550870   0.4668441477   0.0548557228  -0.7039738243   1.3060668737   0.7171853439  -0.9535257595  -0.4741504852  -0.8266835046
-1.1991624006  -3.0020778652  -0.7979060752   0.4987827218   2.9038465920  -0.7004803989   0.3364720567   0.1271431500  -0.0884062017  -0.2981884367  -1.9088302418   0.1120435674  -3.4318152084  -2.2216519875   2.7521909205  -0.7327367880   1.4877163517   0.7413108501  -0.3202148082  -2.1151929728   0.4656387093  -1.4138476572   0.2387923702  -0.2288959336  -0.9030364838  -0.7093402527  -0.2633780600  -0.0663947401  -1.4061705141   0.0060131166
 0.3630615156   3.5115909899   0.7016006046   0.9779135002  -3.3991962144  -8.6801671495  -3.8682546167   0.0409761293  -0.3604918945  -2.4355744744   1.7656454131  -2.2532366750  -2.3901715307  -2.7524875284   1.6011432041   1.3882239607  -0.3384446461  -0.3397516596  -1.9567352771   0.6535209761   2.2072626535  -0.5142850666  -2.9442845169  -2.3674785028  -1.4658863329  -1.5618238571  -4.8404017110  -3.1825968562  -0.2359363660  -0.3718715780
 0.9921636509  -0.7468887325  -0.6028953601  -1.0012421501   0.8586947175   0.0934745591  -0.7503257347  -0.1846142404  -0.9274792783  -0.2362552660  -0.8087927734   0.0000406574  -1.6037076209  -1.6542684797   0.9585685898  -1.3002742490  -2.2092998111  -0.6849640483   1.1650330554   1.7931452242  -0.1732039183  -0.4857609707  -2.2680478573  -0.2488283513  -0.8583594756  -0.7998521845   0.7948959589  -0.3462900258   0.4877718187   0.1083871078
 1.5186503317  -0.3641777617   0.2687058731   1.0874500577   0.2342998733  -0.3114891925  -1.6585489724  -0.7975026138  -1.1670285769  -1.9904757770  -0.3976053318   0.2566365467  -1.2188206291  -0.1019967473  -0.9970034425  -0.9440763369   0.5351614303  -0.4426443192  -0.0069928559  -2.0902755097  -0.9321951867  -0.6320147420  -0.4234763110  -2.0146390524  -1.3033821259  -0.5108091259  -0.8796620402  -0.9530250019   0.6022614236   0.1049685027
-0.0372160776  -0.1407164029  -0.9961618679  -1.0264486326  -0.2456518325   0.3389852919   0.6837729658  -0.3798868063   1.7362628039  -0.0814502503  -0.2381785622  -0.6019134555   0.6846725988  -0.4152326006  -0.6225038900  -1.3878004732   1.5908866248  -0.9796058970  -2.1873990235  -1.2783894238  -1.1018411844  -2.0102380851   0.3350327495  -0.2399077215  -0.3860767635  -1.9759790597   1.1170428378   0.7771403485  -0.0762417074   0.0730195051
 0.0614706131  -0.9057056273  -1.4568747681   0.7386603419   1.1866502284  -0.5741894690  -1.9319050731  -1.5540927538  -0.6839299907   0.2828730084  -0.6439588105  -1.6688462692  -2.0066739193   1.1878858569   1.0446348995  -0.3015113455  -0.1886636839   0.6302719120  -0.8016915296  -0.8619156437   1.2886922141   1.2008275605  -0.2510024887  -1.8551330274  -0.8532593865  -0.9356290002  -0.2638737320  -0.4376065601  -1.1062741445   0.7271855777
 2.6199357549  -1.7172716982  -4.0604630906  -0.6827822921  -0.5121028528   1.2228518319   0.5654324346  -3.9563089568  -0.4367388584   2.3042524928  -2.2465620363   0.6839147937   0.2185940948   1.8241108629  -1.6598183362  -4.2087696096  -1.7665322940  -2.1190937764   0.0532115546  -0.4566781213  -0.4718642602   3.2718847428   2.4590581026  -0.8647231583  -1.2519573516   2.3946839019  -0.4508700636  -1.7692461529  -0.1923486988  -0.0921495483
 0.0163306414   1.1970561482  -0.3361224373  -0.4393493061  -2.8366957755  -3.3244163555  -3.3799297580  -0.5383425092   0.2037861819   0.0547191887  -0.5589978319  -0.3456310120   0.3843591290   1.9580714330  -1.4466716210  -0.6738860866   0.7371019269  -0.1822026655   1.3681318077  -2.2966118811  -0.4816938678  -0.2506866662  -2.2559259619  -0.8838226131  -1.1130961786   0.7906411122  -0.9259356824   1.1175003860  -0.0180931348  -0.7616820857
 0.7033242537   0.1248213716   0.1369919891   1.0920846046   0.2211707354  -3.8060136283  -1.9751882957   0.3375737037   0.2000277830  -2.4416588202  -0.4209756815  -1.4431799529  -0.3429427012   1.7679881449  -0.1775231771   0.4386630875  -1.9017910873  -0.3263474713   1.3766827709  -1.1563978414  -1.6779268702   0.7105406246   0.2112618519  -1.4510230364   0.4582797910  -1.1473268858  -0.8055272733   1.4474934658   0.1197596606  -0.2578891457
 0.1678677813  -2.6959622363   1.0900728453  -1.3794705439  -1.9895774384  -1.1871915017  -1.0312939124   0.0528190187  -0.9620617906  -0.4460130993  -0.8065313754  -0.0958890338   0.8783493844   1.0868496380  -0.2758643274  -0.4089661099  -0.0968217251   0.6950836531  -0.6401551668  -1.3461663958  -0.4906984827  -0.7921064843  -2.1010321453   0.5057481338  -1.4869716677  -0.3085878297   1.3588082966  -0.9033259612  -0.0564987931  -0.2707438704
-2.2112782174   2.2641846187   0.3086088535  -0.4983916453  -3.0603315223  -2.2232347438  -0.1547852182  -2.2395215783   2.8489365983   4.0038449154  -0.6827268824   0.6392283113  -1.8012379442  -0.3171047963  -2.4423873161  -0.8104588483   2.5834893500  -0.8907006365  -2.2838793838  -0.2687426287  -1.8743582297   1.3132835445   1.7660008987  -1.4376585173   1.7851911026  -0.9641035558   0.6908300155  -0.1342908661  -3.5869885334  -0.2347991937
-1.1534095199  -1.2111855683  -1.0388047593  -0.0212091336  -1.5158978368   0.0688319608   1.5717110604  -2.6337632656  -0.0046648125   0.7263426929  -0.2067142541   0.0342801311  -1.3741700511   0.5123325314  -1.1079260780   0.7713418594   0.4558730654   0.3836002057  -0.3418355086  -0.7963520588   0.0037898480  -1.5178514031   0.5088111624  -0.4530393950  -1.3167302115  -0.5670835940  -0.4989105770  -0.1573010728  -0.0746566455  -1.2206127032
-2.9543425315  -0.8147191487  -0.1713484734  -1.0352835418  -1.5977543490   5.5242932897   3.6605092049  -2.2735819869   1.0620528723   0.0545206924  -2.2360755056  -0.0238226641  -1.8593568173   4.5643302635  -1.7178658074  -2.0371911124  -0.9873694514   0.2703417011   3.4489911780  -0.7964751092  -2.3010724729   1.1490673754   0.2619848337   0.1567354515  -0.7460577520  -0.5648186843  -0.9370671894  -0.5594274536  -0.8951116029  -3.7692361690
-0.1526179513   1.0801766670  -3.0483963979  -0.4977686003  -0.0888900298   3.2507352257  -2.1220372832   0.9374437308   0.5467297782  -0.2503826532  -3.5497550445   1.2306295478  -1.1093165649  -0.0625631703   0.0646277431   1.7141877409  -0.3699817756  -0.4788019806   0.5980982868  -1.1344038507   0.7624152649  -0.3756686208  -1.3223554870  -0.8121659306   1.1603024362  -2.1276777365   0.3938211295  -1.1700133676   0.1948905668  -0.7475943353
-0.6821665699  -2.4725405078  -1.8506421362   4.2975384586   1.5838627452   1.6065434649  -6.3114279658   0.5108274034   0.0279486416   0.7879094718  -1.1365993356   0.0798613922   1.1508501991  -1.5339098730  -1.0204270482   1.4051352852   4.1600637726  -4.3907169066  -0.9564767626  -1.2862799136  -0.9740562712  -1.5385749172  -1.0606077943  -4.4548818054   3.0496010298  -1.7134607919  -2.0959112133   0.7766805776   1.5074960574   1.8811031542
-0.8844037699   0.1126952103   0.4717970867  -0.4457945347   1.1462827610  -0.6357126361   0.8461600666  -0.4947258937   0.4280830847  -0.5363141207  -1.8924123188   0.6317019994  -1.3534120880   1.0371768915   1.8747966223   0.5545557640   1.1139551632   0.3405857393  -0.8379596978  -1.7967453889  -2.8429202161  -0.9105728653  -0.4152884555  -1.2398190071   0.3494265604  -1.1459954548   0.8494890119  -1.1474265407  -2.2996692599  -0.8404125234
-0.7189733866   0.1102291837  -0.5100963566  -0.4753049515  -1.7143638941  -0.5686752474  -0.5322292350  -1.3330931986   0.8344634558   0.1795142182   2.4857518327   0.1233461765  -0.2199770006  -0.6940519034  -0.1596342003  -0.4300734782  -1.0020786030   1.4018724477   0.0914852039  -1.0463883106   0.0342605983  -0.8225758694   0.7952998492  -2.1870277251   0.0453880962  -2.0368381900  -0.6005407882   1.3980152758  -0.9985205129   1.4709778716
-1.3325048758  -1.8447102932  -0.5410490987  -0.6749299253  -0.6216786611   1.0358243601  -1.3279808651  -0.9129951356  -0.6206349988  -0.3835493225   0.4959566666  -0.7838122613  -0.6381795891  -2.4810751397   0.7094436615   0.8581914268   1.6670151401   1.3099229340  -1.7262093750   0.1712047817  -1.5965117768   1.7913688861  -2.3178837362  -1.0802095936   0.0473337726   1.4495844683   0.0510803934   0.0679126888  -0.8134373325  -0.4578351735
 3.3533665401   1.0845147522  -0.1295120569   1.3362886649  -0.5788332838  -6.3637559894  -3.0578853093   1.6852272194  -3.7438445154  -0.8925840625  -2.1989130716  -1.1627386546   2.0850581723   1.3846459691  -2.1538017964   1.8080734115  -0.8893607771   0.3256033827   0.1639933758  -5.2808706751   0.9150502314  -1.0489512905  -0.6724757904  -3.0909781219  -0.4899029665  -4.0130265668  -0.9471430070   4.6749604949  -0.7430742757  -1.4682122281
-0.2241806212   1.9879355805  -0.7736634884  -0.6109969500  -1.7174094710   0.0889643520  -2.8071295561  -2.8412011030  -0.4050128522   1.0942636195   1.9030272132   0.3740019678  -1.3834278086  -0.9528300402  -3.6230422246  -0.2168251345  -0.5430725048   0.2087919240   0.0865888291  -0.3866088685  -0.8482262766  -1.0048384118   0.8653492124   0.2436816972  -0.5251994864  -0.9707320045   2.0862278211  -1.2262604012  -4.7306308567  -1.1970565792
s2
-2.0949532293
 1.2844613582
-0.6923034680
 0.0724880878
-3.6922901128
-0.7093474154
 0.0162562897
-2.2988431595
-1.1324027060
-0.1252133663
-1.1401751266
-1.3768095520
-1.5349496440
 1.6407716393
-0.8713096971
-0.3322047801
-0.9078125879
-1.5252770562
-1.3636452479
-0.7979210274
 0.0662488340
 0.6442743278
-0.2566282030
-1.8394273629
-0.6003415181
-0.5953356058
-2.5048199928
-1.9588589327
-1.7225922513
 0.6291982431
w3
-0.3964785918  2.0003443642  -2.2310332893  -1.9942859780  -1.8014342080  1.5019523130  -1.1455566221  2.7760473068  0.3390527955  -0.1185405033  -1.3050337236  2.6728903013  -0.6907158911  -0.0259927408  0.5744486480  0.0514994130  1.8801993551  -1.2933879480  -1.2817929911  -1.4301408057  3.0707746367  0.4871283883  2.0968131979  2.8325281927  -3.3068133164  -0.2892318378  0.7553562472  -1.0678335364  -3.6937234595  2.2914642660
s3
0.0338839504

