layers: 6
str: {2,30,30,30,30,1}
w1
-0.0125827686  -0.7643341116
-1.8800776777   1.3986920867
 1.9159102579  -0.4621925318
-1.4210435860  -0.5016447976
 1.6177256918  -1.3550451011
-1.0136690097   0.8359011660
-0.3140302437  -0.7788556921
-1.4679230442   0.5699500888
-0.1573777700   0.1194276449
 1.5892251206   0.3930241092
 0.5650322841  -0.6853507877
-0.1537406116  -0.0402855163
-1.6028359604   2.7842728537
-0.0917218008  -1.2879160535
 1.1931199068   0.4243193179
-1.1680596326   1.1554324023
-0.4511605172   1.4866916350
-0.5865747635  -0.6969769110
 0.0253447609   0.1211643977
 1.2397157964  -0.0646208118
 0.3385277917  -1.3024692818
-0.6577503409   1.1465465109
 1.4796330415   1.6444732334
 1.0591377094  -0.3783045633
 0.5148216250  -0.0475028716
-1.9715897016   0.2200987150
-1.6558066117  -0.0601601671
-0.5163226036   0.0257937058
-0.4221931021   0.7694017521
 0.9646881981   0.3900860404
s1
 1.4542496472
-0.5652766525
-0.5226335998
-0.2258027395
 1.5758117820
-0.1846531057
-0.3494806387
-0.3512923589
-0.8548836660
-1.3342495555
 0.7109946208
-1.1341265399
 0.3940126285
-0.3905430920
-0.6253408496
-0.4001778130
-0.8851840293
 1.1603290263
 0.2790255087
 0.7493478579
-0.5940913167
 0.3342850609
-0.3443502424
 0.8374745669
 0.8010906581
 1.1614995071
 0.4051679221
-0.4644815633
-1.8290353425
 0.1151145979
w2
-0.6483063478  -1.4800779285   1.0610925439  -0.0655516467  -0.7479012383  -0.5123738911   0.1913059049  -0.1178478775   2.0000084559   1.1605951594  -0.0422244240   0.9289762969   0.1895370275   0.1934513037   0.1135746805   0.9442030361  -1.1848074852   1.2856374441  -0.4364040897   0.9562583184  -1.2914574511  -1.5067290263  -0.4489630914  -1.5421040592   1.2523235438   0.6736708367  -1.5426757167   0.9073129675   1.2293256688  -1.6995065521
 0.0707585470  -0.5018897702  -0.6148558651  -3.1048995312  -1.1556132354  -0.4115796444   1.0716565590   0.8219284435   0.4704640208  -1.4709734383  -0.3060072441  -0.4839741442   0.7518481900  -0.4087830202   0.4369658888   0.6920327691   1.0451067038   1.2583260260   1.9521164306  -3.2692812836   0.7884899751   0.0142679349  -0.8786421221  -1.2666866712  -0.1588452398  -0.6574353154   0.2833993679  -0.5161736307   0.2025893280  -1.3479615502
 0.1835585326  -0.8736438989   1.9477459608   1.5118561503   1.1267085802  -0.8569358972  -1.6864885413  -0.8019911051   1.6387329076  -1.3001615473  -1.6215917942  -0.1124656603  -0.2414373841  -0.8409835080  -1.3543352183   0.6150216196  -0.9714493081  -1.9199354979   0.9737171948   0.0172149668  -1.6189210203   0.8972386407   0.3935278972  -0.3125195193   1.0798442287   1.6224393641   1.3777701706   0.0917315207  -1.5738840935   0.5094980452
-0.6195984163  -0.8936833204   0.2223580058  -0.5965153288   1.1744778235  -0.7351387304  -0.2218996361   1.6627448112  -0.5200604644  -1.0572674260   1.4946052880   1.6155922189   0.5935751951   0.6960148357   0.1365579651   0.3802208576   0.7195148128  -0.0428985310  -0.5655841554   0.5508546128   0.9752053229  -1.9163980296  -0.3092021998  -0.2187364755  -1.6275775088  -0.5745709632  -0.2902467070  -0.5208902984  -1.3412674165  -0.1448066443
-1.2907380322   0.8198911651  -0.8136506848   1.2497141295   1.8854840413   2.3718318363  -1.4452549273   0.3548962453  -1.1719225962  -1.5384504797  -1.7449956500  -1.3475360731   0.9103892630  -1.1314838825   0.6360905741  -0.8568012896  -0.4340707236  -0.4182264687  -0.9299905442   0.5672426372  -0.2306012896   0.3400743075   1.1160859891   0.2865446855   0.6070385488   0.5321032355   0.7427691400   0.5656665105   0.4700236064   0.6209725878
 0.6327036200   0.0020081536  -0.5761186242   0.6513188683   0.1639307438   0.8476061438   1.5150898824   0.2337549720  -0.3527289062  -3.1407669807  -0.1299745460  -0.9248048762  -0.1167133360  -0.1618358233   0.4338319929   0.0140658859  -0.4386929669   0.9623819417   0.6899359044  -1.7839169031  -1.6961601317  -0.3342506432   0.2149034169  -0.2950222019  -1.5108576650   0.4287388880   1.9256329626   0.3251948267  -2.6337995438  -0.4644023977
 0.4435267621   1.6774972506  -0.3946981652   0.8344193475  -1.8067913094  -0.0852852759  -0.2893302724  -0.2059852636   0.8756397184  -1.0691019409  -1.1176782669  -0.7765142110  -1.9546418704   1.3639151104   0.8330481729   0.4386348612  -1.5664038831   0.3898418396  -0.6473386586   0.8544343687  -0.8335032527  -0.4207366763   0.0702297865   0.6336847214   0.3325808437  -1.0307291288   0.3437644963  -2.3518102661  -0.2163818166  -0.1206839970
 0.3191039221  -0.2686742795   0.1233737348   0.6290018352   1.5980891097  -0.7496120174  -0.3165050452  -0.1665800604  -1.0156326343   1.0295439981   1.1017703671   0.4517265258  -0.2413968064  -0.0472602686   1.0758072707   1.1107108534   0.0294209229  -0.2638486236  -0.4830945684  -2.6449044119  -0.7218146166   0.0433459516  -0.2324025008  -1.2784095128  -0.6826400161  -0.1362841839  -1.0158298961   0.6341317395   1.7433214988  -1.1456754320
-1.3235685734  -0.2926459002   1.6664799903   0.2968478404   0.3781007646   0.2753059248   1.4341703253   0.3166287136  -0.2860101304  -0.0236163322   0.1216170124  -0.8426657601   0.6970205729  -0.9952817019  -1.0530854847  -1.1750485482  -0.5550419552  -0.8190864757   0.7087644914   0.0675117670  -0.5698543889  -0.1476256849  -0.3697573687   0.3308169880   0.9195978862   1.0390337725  -0.7734857782  -1.7729798722   0.8088250426  -0.5158201667
 0.2489623106   0.9237625615  -1.1603869840  -0.2473976244   1.2519720981   0.2041496057  -0.5916050733  -1.6123824427  -0.2253556165  -0.7163718778   0.4592993571   1.1371189448   2.2196862595   0.0247301010   0.1398149287  -0.0009448747   0.8370623403  -0.0910729556   0.2558662674  -1.7574745548  -0.3553152478   0.3733867817   0.6641026308   0.2750838376  -0.3559885436  -0.5499631714  -0.3429220891   2.1013933948  -0.9452151305  -0.6063224288
-0.4915836972  -2.1589045094   2.3065273538   2.5131162661   1.5563008790  -1.7247696959  -0.1873853792   1.3156454692   0.3176781613  -0.6564578463   0.2452365195   1.0134230951   1.5043594376   0.9304051296  -1.0407311758  -1.4785868190  -1.5280000400  -2.9341536091  -1.1582625635   0.1542405296  -0.7298899017  -0.1174264567   0.1987993495   2.1430379305   0.4204692982  -0.0497722665   0.3945922302  -0.6387224162   1.0072800325   0.5716526692
-0.5927278549  -1.2557688713   0.3069884591   0.3045833365  -0.5168796446   0.8798902982  -1.5515382368   1.0601859988   0.3550096676   1.2689783691   1.1634504648   0.4338147020   1.3465877526  -0.3493489887   1.5531538935  -0.5225287039   0.3291539843   1.2595867999  -0.1562070357  -1.1442291962   0.8755215033  -0.4605674135  -0.2295244740  -0.0351713905  -0.0260996252  -0.4560522635  -0.9359741304   1.7480648052   0.3549163188  -0.0720547147
-1.5460591568   0.5775873711  -0.3649365917   0.1794298795  -0.1960718530  -0.2003193153  -1.5145566122   0.8190302744   0.5401052280  -0.6177896996   0.0234169369   0.1069853646  -1.1053872056   1.5203658205   1.1825484647   2.4029577922   0.6115828984  -0.6452183332  -0.0347283694  -0.7994942845   0.7429884926  -0.0503725699  -0.7017636565  -0.8675578832  -1.0916695988  -1.6187415550   0.1007694553  -0.8233285945  -0.3493228192   0.8855948124
 0.9646911052  -0.7528913173   1.4986933963  -0.9799315664  -0.9113249076  -2.6948637945   0.8376014245   0.2894960348   0.9615696544  -0.6573056501  -0.7049841014   0.5810555612  -1.0180345147   1.4630938365   0.6890591807  -1.6108916934  -1.8340165497   0.7039579478   0.2135358754   1.3320525708   1.3018328250   0.9163772096  -1.6794021384  -0.4189913094  -0.1524378968   0.3824892956  -0.4298009752  -1.8913476010  -0.2403497565   0.1610916634
 0.3771503616   1.4544049434  -0.1045003981  -3.0214652694  -0.2470464719   0.4788878821  -0.5130095295  -1.0453173108  -0.0105239261   1.0252803571   0.7151080785  -1.0216902049   0.3568449213  -0.6348692335  -0.6294596147   0.8154992765   0.1966460529  -0.5018433399   1.2019698565   1.8670427412   0.5543298191   0.4076239974  -0.6153139446  -1.3426784864  -2.0536147921  -0.7892094347  -0.7171416018  -1.1577344142   0.6583853248   1.6511268629
 0.1074302943  -0.3145634815  -0.7263435791  -0.1020673506  -0.7553752065  -0.1952799745  -0.1575079968  -0.8940144626  -0.5510494988   0.5310185461   0.2325076898   1.7727263202  -1.3637851728   0.5189937826   1.5947826236   0.8453548340  -0.5320136858  -0.4457709370   0.9150694008  -1.4146563106  -0.1646172783  -1.3518138739   0.9833236828   0.6763712417  -0.1886237899  -1.0931470556  -2.2775224256   0.7436429356  -1.1465825927   1.8352698230
 0.3204939407   0.0598357651   1.2555318098  -0.4289013783  -0.3547525598   0.4141468158   1.3596195907  -1.2823737570   0.7037586777   0.0217728741   1.5556049833  -0.8479127241  -1.0731855736   0.4698785292  -0.1006730839  -0.4355592940   1.2186708198   1.0474115240  -0.6783871663   0.8784748701   0.1394941313  -0.2817732997  -0.1902438005   1.7223753238   0.5406825806   0.2519495760  -0.4217858598   0.1975500588  -1.5437129605  -1.0059355083
 0.1868603165   0.0427465365  -0.2288594566   0.8345022512  -1.1788366604   1.5592345714   1.3207523783  -1.9233953234  -0.1772023197   0.8579070746   1.2404538876  -0.7484427680  -1.1258736835  -0.6998367833   1.0500740183  -1.8970377964  -0.2734058265   0.6408878547  -0.6471509918  -0.8302680422  -0.9582526397  -0.1871816866   0.0469707790   0.6200535559  -0.0311864892   1.4332691370  -1.0442473732   1.1455911684  -1.4318242391   0.4755520595
 1.4891939588   1.9459889244   2.0527061712  -0.7530339154  -0.8683772961  -2.6749478567  -0.0891959643   1.5402776735  -0.5899527850   1.6341693091  -0.8187796325   2.1901666122  -0.6096021968  -2.1567563466   0.5595210589  -1.1473810619   1.2812287339   0.8278997115  -1.8722057252  -1.1996989591  -1.0580965126  -0.2180661305  -0.0073137366  -1.2803607423  -0.1331629036  -1.2596473844   0.8869808191  -0.7970034278  -0.1251097728  -0.6032088463
-0.3349119844  -1.3175486566  -0.1086249911  -0.0836418811  -1.7868551895   0.3654145210   0.4384050693   0.0367680958   1.4385884925  -1.8550141281   0.1942381323   1.2327818276  -1.0049961139  -0.4905910306  -2.4961339343   0.6475235063  -0.2962730880   1.2419055570  -0.6239044701   1.3165319981  -0.2606997104   1.5277073690   1.0545896103  -1.3606873100  -0.8656627879   1.0644975496  -0.6383415248   0.3902867264  -1.0746892412  -0.4663165236
-1.1778164405  -1.1869190759  -0.8563863370   0.5577675634   0.5885748993   0.7805101915  -0.5885606795   0.6200041174   0.4503008606   0.0496649082  -1.3443710166   0.9457694548  -0.6702958807   1.9836275259   2.0693479130   1.2266998186   0.0087616668   1.5098032821   1.2560484480  -0.5119156089   1.2651944966  -0.5289907126   0.6779652213   1.8730022389  -0.1680742956   0.5603045539  -1.2632973311   1.1372442382  -0.0070742508  -0.6400245219
-0.1843494073   0.0328529120  -0.9486263766   0.3165968246   1.2694571644   2.5853532717   0.6513348121  -0.7557707077   0.1286232980  -0.5070045226  -0.5248461705  -0.6818554748   1.0689581855   0.6832429878  -1.8814548150   0.2392537783   0.3471325369  -2.3381800296   1.3794291985  -0.8811081568  -0.8800853414  -0.3737577526   1.4595490049   0.6814968014   0.5000746559   0.1076188026   0.2432991014   1.3784213954   0.3504587153  -0.7617699244
-0.5354107030   1.0881628598   0.5596688853  -0.4391399094   0.3016688810   0.9994368253  -0.6051538689   1.6993359999  -0.7671104324  -0.3999486734  -0.8030667647   1.1811195029  -1.7535431318   0.0359496298  -0.4338982217   0.5913915845   1.2000174743   1.6558748828   0.1424161536   1.4248216191  -1.1655171264  -1.3443145592  -0.8537172079   0.4058653819  -0.6398868364   1.8828670816   1.6357962305   1.2635270240   0.0853815995  -0.2687340698
-0.0976318517  -1.1445184425  -0.6334949027   0.2017025242  -0.5443812275   0.3719046153  -1.4619987348  -0.4055393805   1.5720049317  -0.9322770133  -0.7924270594  -1.0463526303   0.0916731847  -0.8884105059  -0.2078816061   0.8264661910   0.8326844339  -1.9289200572   1.4585118912  -0.3615328696  -0.4043182946  -0.6737949996  -0.6694714664   0.4001263236  -0.9663528335   0.7366245937   0.1636471519   0.2570589837  -0.9039310751   0.0066229164
 1.1285414356   0.0601581259  -1.3714469982   0.3449605171   0.7291296757   1.1221240900   0.9138890186   0.9703947818   0.5100783845   0.3849453026   0.7277341144  -0.3540162714  -1.1175385800  -0.0749363848  -0.4907424959   1.2087229295  -0.3173109986   0.7064855482   1.1423413293   0.4993327788   0.1478044127  -0.9418304984   1.2659108725  -0.0536923083   0.4748899253   0.6068430395   0.3538549345  -0.8245461047  -1.4469738820  -0.1579939102
 1.4478013751  -0.5260384950  -1.2741378228   0.5167142895  -1.2423862154  -2.5302703019  -1.3007579250  -0.4506764940   0.8422749617   0.7186350272  -0.6973148304  -0.8832694043  -1.2523705506   0.5988094430   0.3708064593   0.5702996495  -0.4655548488   0.2783566029   3.1733091434  -0.6657368768  -1.0549623203   2.3615909442  -0.3348726149   0.7307842850   0.6389400210  -0.4653543811  -1.8321265644  -0.4548657987   0.3677813261  -0.9002426770
 0.6289593868   0.4942021932   0.0178301919   0.2799851434   0.3104172600   0.5126406443   0.0537331838   0.4334504735   0.0126240188  -0.7665588086   1.1693913834  -0.0870538197  -0.4719601344   0.5708478507   0.4065589798   1.6276176761  -0.0710325654   0.0598201348   1.0286408871   1.4868404224   0.7828685443   0.2125319276  -0.3908263943   0.1753875115   1.5967847876   0.2456322557   0.6725593644  -0.3880448247  -0.2840772159  -0.9948740466
 0.4366404753  -1.4950395328   1.0004059465  -2.1375902252   0.0966050555  -0.1902724146   1.2452359541   1.6142704070   0.1210575915  -0.6756975805  -2.1693241116  -0.6231392958  -1.0677105950  -0.5073743750  -0.0582638371  -0.4014817313   1.5333999161   0.3233169065  -0.7839053477  -0.6516538086   0.5994862971   1.4626555768   0.8140131478  -1.4562832013  -0.7448920903  -0.8041283722  -0.5094943843   0.7167283363  -0.6044695777  -1.1030571605
-0.6969588944  -1.3194654725   0.6511557504   0.0425794660  -0.7291493487  -0.1418949879   0.9842708863  -0.7966778539  -1.8916168316   0.2902000936   0.2342542433   1.1785203996  -1.0093015683  -0.6038605602   1.1744966144   1.4374643757  -0.6719125011   1.1778824436  -2.1848818506  -1.6772996010  -1.2675270224   1.5526154021  -0.2280336542  -1.4872273327   0.1843056864   0.0112992400  -0.6405152068  -1.1974285103  -0.2034966889   0.1607048622
-1.1692649445   1.2356418610   1.2327849209   0.5308363944  -0.1814356296  -0.3187146498   0.7998997164   0.7315997536  -0.2447704650   1.0776264111  -0.6673388635   0.6855625939  -0.6858239778   0.1809018858   0.2821403171   0.5167771524  -1.7726397051  -0.8448334672  -0.1219719376   1.3277247926  -0.9345525665   0.9351405000   0.8465732186  -1.1384819570   1.0665559033   0.6473793062   0.0221237312  -0.8154069687  -0.2008041418   1.8738765272
s2
-1.4797766310
 1.6298863530
 0.8288948277
 0.7150379537
-2.1163703325
-0.0333382418
 1.2928643124
-1.0857606119
-0.3972713319
 0.9487783704
-0.2317614420
-0.1923125635
-0.8108891045
 2.5072795802
 0.0281790697
 0.7885268037
 0.5531665180
-0.6298343307
-0.8112103714
-0.0231649447
 0.4710519013
 1.1920983572
 0.9752115556
-0.9949899879
 0.6538934887
-0.5682016421
-1.3162917680
-0.8038554352
-0.7722402237
 1.3616350461
w3
 0.5455106383  -1.3752361863   0.0133194516  -2.4127049379   0.0116542229  -0.0233087522   0.0388892522  -0.5253544994   0.7523851408   0.2605409972   0.3897766505   1.2969102763   2.1015340109   0.9253054392   0.9742085846  -1.9264554366  -0.8042523992   1.6473015297  -1.0288558624   0.4387045064  -1.9158075666   0.0938521064   1.4810955430   1.1619663495  -0.2767738726  -0.7909735242   0.1714803200   0.2820293875  -0.7184110443   1.2416550620
 0.1314258436  -0.6843345364   0.2195001185  -1.0965062734  -0.3690487932  -0.1257922534  -0.5282589617   0.2965460963   0.0706635868  -0.4308143786   0.5167489047   1.1210174632   0.0572963756  -0.3510684588   0.9778886392   0.5573742542   0.3439476987   0.9400413249  -1.9709133339   0.1273882197  -0.6829393661   1.6410135859   1.3631485529   0.8136247881   0.4823522438   1.1521708185  -0.2718568642   0.7000700233   1.1670209372  -0.6490378377
-0.7611739925   0.2899961472  -0.5892600119   0.2088591687  -1.5576543804   0.4413266657  -1.1899986558  -1.1591770262  -0.6328967891  -0.7843016892  -0.2735839270  -0.9937856769  -0.5335080758   0.5373137824  -0.2745765867   0.7344364320  -0.7369660315   0.0219948426   0.1736744618   1.0705502896  -0.7577481719  -0.3216148231  -0.3503404892   0.2392906555   0.5558291377   0.0762753060  -0.4480375484   0.6431155457   0.0227215250  -0.4720371077
-1.3963819288  -0.4929526865  -0.6591738320   0.1702916801  -0.3074150320  -1.0064329143   1.6454261243  -1.3421894741   1.1601322576  -0.7306797574  -0.4885638780  -0.7232087153   1.1008895415  -0.7451464475  -0.1942903851  -1.2548418515   0.1404399920  -0.1711336818  -0.7149071441  -0.4076997943   0.4106340369  -1.0506605404  -1.6529693105   0.6779489749  -0.1346772549   0.2176597959   0.4168689345  -1.4543085065   1.0139048458   0.5892147873
-1.0534112290   1.0693212399  -0.9655354339  -0.2543500671   0.8583043589   2.4097337973   1.5163984770  -1.3635170357   0.5863844395   0.0029340660  -1.3776992922   0.0986197280  -0.2148367223  -1.5601094000   1.2554786415  -1.1808117679  -0.9625244731   0.7720011561  -1.4742808151   1.3748176596  -1.0299438511  -1.1508564215   0.8296220243   1.1872939329   1.1552516866   0.6728650204   0.5049705357   0.2438218049  -0.8397472664   0.2507292335
-0.2297053250   0.8119875264  -0.3811003660   0.9103821313   0.9721784855  -0.8443590023   0.8951641627   0.6360834671  -1.4614114951   0.6027187863  -1.3036506612  -0.0536617038  -0.3691964473   1.2228335808  -1.3775913162   1.6291425985  -0.8271111953   0.4144442947  -0.0894995233   1.1194597158  -0.5857115640  -1.6320984355   0.6810331908  -1.0047300468   0.6387296212   0.3897395687  -1.2879631369  -1.4929104771   1.7773824511  -0.0534655182
 0.8011754789  -0.1773927508   0.1385114362   0.2567462367  -0.7912648124   0.4249403970  -0.5596059136  -2.2034152815   1.6477282583  -0.2759158651  -1.5566200167  -0.6432278199  -0.9194609386   2.7905338507  -0.8127570058  -1.3612527434   1.8279511321   1.9671657731   1.0431118370   1.6944284536  -0.0333130948  -2.2281221744  -0.6592304737  -1.5963149643   0.1364681958   0.0167375715  -0.8382491155  -0.0045926223   1.1362273677   0.5775843008
 0.5898978659  -0.5518949358  -0.5393794075   0.0455115125   0.6738134864   0.3727317589  -0.7062672793   0.5320709367  -0.3623121005   0.7068870507  -0.8084281836  -0.5452500026  -0.9540537507   0.2184980792  -0.3839698824  -0.1361523603   1.2507148038   1.9894516358  -1.4920746774   1.2398835135  -0.1340692918  -0.0867724014  -0.4953234201  -0.1807030643   1.0674924302  -0.2284746330   0.4636204750   0.2372346648   0.2120951831   2.2417246477
 0.4842472227   0.8345925124  -1.9845300471  -0.3784753457   0.0528474551   0.2085645451  -0.8280862529   0.1767422122  -0.2059996032   1.4565699205  -0.6703484116  -0.3919727299  -0.9751146344   0.1354903276   0.9515496557  -1.0236604549  -0.2677667284   0.1511257559   2.5587760154  -0.3835782401   0.7063945355  -0.4817200037   0.8188777120  -2.3766792556   0.8508838561  -0.3921862173  -1.8585878324  -0.9146376642  -0.3760290907  -2.3990227533
 0.1561626241  -0.8665574121   0.6249229393  -0.5083213252  -2.2723001379  -0.0098519790   0.5434379830   0.1357557975   0.7547567481   0.3824680100   1.3473672169   0.3575391966  -0.5164081984   0.1994111234   0.6142912834   1.2974508101   0.9906574450  -1.3944467376   0.1414267892   0.5257587720   0.8271112148  -0.7797134796   0.8119397387   2.0928352427  -1.1064209953  -0.1566795065  -0.7292306471   2.4314051940  -1.6653330612   0.5441719244
 0.3574874940  -0.3295195543   0.2639972484  -0.3585174421  -0.2971611914  -0.5606245604  -0.9090708042  -0.8834523190   0.0869799605  -1.2009079815   0.5007984191  -1.2250861093   0.7936141738  -0.2714345763  -1.4069400542  -1.2563873244  -2.1047011054   0.1739339862  -0.1946748539  -1.3875615364   0.1027515848   1.2881535548  -1.2863595681  -0.0650909246   1.9442491239  -0.8467856630   1.1810622007  -0.4564048990  -1.7728752544   1.0639640764
 1.4177441526   1.0863341148   0.4387516372   0.7012417635   0.3707753751   1.4052877556  -0.2669053839  -0.6264142128   0.9242579203   1.8225726623  -0.8847599847   0.1493137303  -0.1191823472   0.8890230106  -0.2726939713  -0.2366434971   0.5838290868   0.4484182360   0.2385186117   0.2844538470   0.5507011737   0.2464720609   0.5271013312   1.4894119224  -0.5864487642  -1.7412535416   1.5675710282   0.6618717601   1.5741890549   0.3956190798
-1.0356285984   1.2084226761   0.8682782488  -0.5120089215  -0.4795731707   3.0345893884  -1.4312591012  -0.7697066571   0.2132786091   0.6755964936  -1.2832948251   1.1545518792  -1.1306871576  -0.7235447763   0.1061583790   0.6109820521  -1.4526083044   1.4190346515   0.5911602205   1.0488663397  -0.3009235540  -0.5729884771  -1.4204105044  -1.3998078941  -0.1149019401   1.2294317273  -0.6067965470   0.9138729809  -0.3936754500   0.1232726767
-0.7220432140  -0.5933150215  -0.8569181395   0.2669790990  -1.0016809050  -0.1306472364   0.8149287065   0.8064365310  -0.5759100757   0.7574976636  -0.7687373538  -0.4217625766  -0.4241969626   0.8781529540   0.6571467895  -0.8353148646   0.2257761808   1.2273365470  -0.8071465983   0.2442426683  -0.7200396194  -2.3198397105  -0.8017313735  -0.7359130798  -1.4905633955   1.1421948003  -0.3337297193   0.3642569887   1.4104714321  -1.4970437779
-1.9141136570   1.1205049962   1.2627682192  -0.4132000165  -1.2891430713   0.0801041630   0.9905324440   0.4652476326   1.6870814104   0.7068379256   1.5666305464   1.2610344809   0.3388353827   0.7111718688  -1.1967863714  -0.0678003450  -1.9564678821  -1.0549388003   0.4533838068   0.6517210912  -0.6404287479   0.5751502758  -0.1537516012  -0.6043791647  -0.7080468761   1.1173357997  -0.5911478715  -0.2965193475   2.2944766497   0.2983820244
 0.7480075358   1.4335216668  -1.5636802118   1.8559429168   0.9798021781  -0.5781940706  -0.2689970393   0.7328033754  -0.0941736301  -0.5277006072  -0.4948439486  -0.2129536561  -0.0632701958  -0.2334223952   0.0539698156   0.8937033907   0.5114421255  -0.2058404824  -0.6201387350   0.6899479929  -1.6456336163  -1.5891776142  -0.0878877817   1.7535996753   0.2676924829  -1.3195702293   0.3199957810  -0.3100364376   0.4754221104  -1.0627424142
 0.8763627591  -0.9364356030  -0.7377765948  -0.1603459354  -0.4302286133   0.3227235387  -0.3386624325  -0.2737756942   0.7972657306   0.9846872524  -0.9276634958  -0.3997413073  -0.0280420745  -1.0168098154  -0.9032997549  -0.5898294940   0.0628956065   0.9986721358  -1.7532466453   0.0104966075   0.3388373376   0.6949634717   1.3501074647  -1.4905899863   0.0147306765   0.4237572961   1.4700067804   0.5070919479  -0.1787819569   0.4846017866
-0.0853433479   0.4555238493  -0.0150332242   1.1461983880   0.6029715558  -0.0909212381  -0.2903822889  -0.5163415536  -0.6421263881   0.0390293199  -1.7926284605   0.0021838534  -1.0822861135   1.8684424852  -0.9099756304   0.1429771781  -0.8434152633  -1.0400087926  -1.4038696601  -0.4213112034  -0.9179489393  -1.0014362366   1.7309943129  -0.2547952184   1.8752504099  -0.4952295437  -0.6075814279  -0.4394471472  -1.3957834932  -0.2427495724
 0.1806088909  -0.3152658262  -1.8395974508  -0.5949789839   0.9105588052   1.4846473990  -0.7544072702  -1.8060000558  -0.4557884542  -0.1820128069   0.9247387947  -0.2331217551   0.3608548097  -0.9424750992  -0.5065987357  -1.6371308447  -0.4332240339  -1.2772856505  -0.2924726255   0.6551005515  -1.7559445589  -0.2226257948   0.2938909499   0.5751208304   1.4275790868   0.3560032481   0.3814604157  -1.3515746427   1.6828485102  -1.7571503990
-0.4567936842  -2.4400912365  -2.6900440280   0.3720762290  -0.5815029459   1.4142169144   0.5422410953   1.1541543138  -1.6105980862  -0.2758775268  -2.2221666416   0.5634971028   1.5297121886  -1.9647358477  -0.3365853083  -1.7846190407  -0.4296084754  -0.0600504111  -1.4272670621  -0.1143645810  -0.0200676022   0.2091393822   0.8241794177   1.1467924328  -0.1777462394  -0.1307073205   0.8719161047  -2.0867584731   0.9165910733  -0.5827819932
-0.7290096327   0.3735922110   0.9274444061   0.4125907610   0.7229775412   0.3847224799  -1.8465049764   0.4924408214   0.4000159376   0.3149801755   0.1962380707   0.3122011690  -1.1659410132   0.2939037655   0.8852708447   0.2993484868   0.4906073142  -0.2622820423   2.6152643522   0.1489303136  -1.3009410955  -0.8858783743   1.1075041933  -1.3949716609   0.9995814624  -1.2500429288   0.2441748854   0.1094640674  -1.8522859062  -0.8237355334
 0.4022893580   0.8692589258   0.1657087806   0.4566365267   0.1752124814  -0.5900369903   0.5271464255   0.0381225112   0.2903439716  -0.1332842702  -0.7555466918  -1.4138842107   0.0037933508   2.3211450595  -0.0502043790  -0.4839501307   0.9077548554  -2.3365281148  -1.1977203732   1.7348072239   1.5236213996   0.3117451353  -0.0100839252  -0.1227566457   0.1215848360   0.9859205217   1.1132869012   0.5939600809  -1.2167668079  -0.9297465380
 0.6583816917   0.5014414763   1.4859922802   0.3917573862   0.0374350509  -1.3018792928  -1.5897735237   0.0566443005   0.3700267868  -1.8248719746  -1.3781388600  -1.2642615466   0.4220130501  -2.5669999356   1.2734138020  -0.1272277569   1.1616772109   0.0542791055   0.3184135469  -0.0572676237   0.0054421639  -0.9832758711  -0.8277531456   2.1843337536   0.6947412430   0.5046781212   0.9407444252  -1.0389784672  -1.0708388617  -0.1267614820
 0.1911730856  -1.5921461368   1.4842418852  -0.7645864393   0.1132613996  -0.5780764626   1.2746303729   0.0050157861   1.0298774859   0.2152233127  -0.7408023597   2.6048207263  -0.2653117216  -0.4831050902   0.8746728406  -0.6752394631  -0.3389941316   0.2418884503   0.0882753506  -0.2757747319  -1.4121748106   0.7938254287   0.5081108330   0.3411764336   0.2470022931  -0.8470634733   0.5136939612  -0.7149948367  -0.1467092001  -1.1543659835
 1.9458452196  -0.5979396657  -0.7430957793   0.7639913000  -0.7222281216   0.1052171329  -1.7168085505   0.3890157989   2.9509669154   1.6413801381   1.0876662987   0.5565234696   1.2607039395   1.5213243070   1.9532018839   0.1778786809   0.1819762499   1.3072795210   0.0598556639   0.0569754412  -0.4086974068  -0.6961746096  -2.3558591796   0.2513950324  -0.0933816702   0.9489612446  -0.5223081441   1.7747650015  -0.5223796773  -0.6659962582
 0.8932087287  -0.8656990202   0.0857243245   0.0717745494  -0.3358694443  -0.2377978161  -0.1653549475  -0.9690551055   0.9684487650  -0.8087867376  -0.8166860268  -0.1792244797  -0.0099279077  -0.1769340604   1.6573774894  -0.9171704424   0.0890798459   0.6338617151   0.0964951776   1.7718495293  -0.0049527759   0.1854278979   0.0610503822  -0.2095408851  -0.4400196196   0.1890672575   1.2213657628   1.3440843755   0.3531212939  -0.5620908931
 0.6324679971   0.7563667151   0.4005955638   1.4067161051  -0.0618752952   0.6490869816  -0.8379188197  -0.4864812385  -0.2452949554  -0.6841654822   0.4595626187  -0.3587387460  -0.9038627284  -0.6147437588   1.0723735708  -0.4342393093  -0.3084737146   0.9978291292  -0.5948543620  -0.6707377654   0.2507038057  -1.2395714064   0.2754893048  -1.2773346648  -0.7758953373  -0.5575277090   1.5603909013   0.3622033688  -1.6419591569  -1.0286554779
 0.3757479045   0.5383907988   1.4942731910   1.6524542223  -0.9279535157  -0.9590893338   0.5569813777   0.3518089120   1.7166031674   2.4682307273   1.2904082992   0.6035761847   1.2624637538  -0.4018371231   0.9022400281   0.5586833403  -0.8356340461   0.8062466485  -1.8969720776   0.0192693551  -0.9661265386  -0.2173653025  -0.1256581155   0.1957597892   1.2441074331  -1.0619706345   0.5343838295  -0.8819154255  -0.8433484943  -0.8489710472
-2.4210213042   0.3965704630  -0.4001293235   0.2319047924   0.0197852578  -1.2665625828  -1.7108985582   0.0716110116   1.1267595871   0.8825021569  -0.2934415081   0.9775738852   0.5299169545  -0.5228077897  -0.5016353428  -0.4632266009   0.0949169612  -0.1322975224   0.1435202525   0.8167716761   0.7373854182  -1.7795269903  -0.3712785267  -0.9264343434   0.9884741539   1.4444165324  -1.3673738520   0.3178045136   0.1410934101  -1.5062958130
 0.6881542738  -0.6153439382  -0.0877129493  -1.3502160659   1.4276875516  -0.3469470005   0.1861179058  -1.2340067804  -1.1088728080  -0.1547324419   0.6524376894  -0.4965550071  -0.2681478788   1.6564786905  -1.9791738108   0.7129990078  -0.1529024194   0.1491971620  -1.7788753596  -0.1407637645   1.0804823251   0.0625430742   1.2848518679   0.4692051626  -0.8110846772   0.0121831704   0.6065528576  -0.5580684836   0.4347825084   0.4859679622
s3
-1.2009102070
 1.6524861879
 0.6147962552
 0.7427355955
-2.0454020494
-0.1141595316
 1.2203328786
-0.9565482987
-0.2576465106
 0.8743352596
-0.1392433177
-0.2533806517
-0.5990430882
 2.3686009195
-0.0923504267
 0.6081946235
 0.6703177461
-0.5420377408
-0.7510553877
 0.0085096731
 0.6035726209
 1.3789733352
 0.9841488850
-0.8593117939
 0.4763701509
-0.7255117236
-1.2961693519
-0.8505347103
-0.7897894285
 1.3230164576
w4
-1.2555872917  -1.1662346613   0.0651147403   0.7808274407  -0.4855232726   0.5783983177   0.4887538596  -0.5042923832  -0.1107034079  -1.6361119350   0.8445549208  -0.6868329031   0.6378281564   0.9109032787   0.4455971153  -0.2717411420  -1.1059476129   2.5084502943  -1.1333946825   0.3101409084  -0.2785111747  -0.1029205615  -2.3609667857  -1.7762269376   0.6635482864  -0.0423020558  -0.8257336860  -0.6460003486   0.4084944533   0.5021973579
-0.7662925766  -0.6332921311   0.4250243394   1.7353526840  -0.2859422287  -1.7720073099  -0.6752015923  -0.4980088261   0.4255741465  -1.3363497287  -1.0840663813   0.5964336567  -1.9247007905   1.8673340219   0.2279189189  -0.3724974274  -0.5197188724   1.6559878084  -1.7702672055  -1.3615145946   0.0725170927  -1.4642842398   2.2111151184  -1.0763280619   0.8002937266   0.6747021195  -1.2124933034  -0.9919382071   0.6782500712   0.0665334980
-0.8673939545  -0.5918461327   1.0219154436   0.2404728932   0.2679148162   0.8127544228   1.6860136973   0.1007590180   0.7054398639  -1.0786078851   0.5031391148  -1.1596087705  -0.1039873145  -0.0885451060   0.6639274584  -0.3293298869  -1.4501307556   1.9535596667   0.8109632214  -2.1373708266  -1.0886426009  -1.4471960273  -0.2237851178   0.5356041194  -0.0102503696  -1.9505694189   0.7096192777   1.0959654095   0.7329727187   0.1995763108
-0.5234108022  -0.7120620147   1.6728560167  -0.4929458377   0.2971230243  -1.1389512901   0.3107584824  -1.1027189939   0.2746439663  -0.3436107768   0.0931898915  -1.0914349205   2.2688282227   1.3247728163  -0.2844668668  -1.0276927238  -0.6287030791  -0.9997566719   2.5366631639   0.2054301600  -0.0974092253   0.3051488913  -0.1602198500  -0.3751838812   1.2841080814   1.6844381596  -2.5034987433  -0.3842269284   0.5233299350  -0.9902132509
 0.2005076228   1.8189709832  -0.2541494768   1.6195732604  -0.0580950161   0.3305271522   0.2092119096  -0.6044726038   0.6581246455  -0.4348636338  -1.8517836906  -0.3048759187   2.2653819628  -0.6829091617   0.8248390402   0.1325039824  -1.5202142558  -0.2780686805  -1.0339907375  -1.3895716826  -1.7674704638   0.1103776025  -0.6453995659   0.3493674664  -1.8988575134   0.0128647058  -0.1828742171  -0.9248918115  -0.9924928451   0.3931500260
 0.3291359833   0.1352744302  -0.2737627654  -0.8304380556  -2.3245247677  -0.1987068270  -0.3096368754  -1.1223277952  -0.2671582626  -1.1183438935  -0.8100187972  -2.0635318576   0.8905441568  -1.4683526932   2.7436098359  -0.4352168442   0.6979350837   0.0873266283  -0.8601105013  -1.5486890466  -0.6519919268  -3.0330889987   0.7572968389   1.7367033886  -1.5246085179  -0.8946031622   0.3570126938   0.9916394240   0.2408666251   0.8005474375
 0.6562216578  -1.0010158679  -2.1713481802  -1.4413691950  -0.6217715070   0.3220639134  -1.7413479603   0.7920481152   0.6876371815   0.1639391255  -1.4862178117   0.4189427976  -0.5274999432   0.4519237423  -2.2532841034   0.7805667670  -0.0598973707   0.1620001986   0.5829562409   1.8296638558   1.0814955243  -1.2459771229  -1.0973493124  -1.8176281762  -0.7020826178  -0.9239459374   0.4270908003  -1.3169771237   0.4112937927  -0.3404284598
-1.8741197499  -0.3331553337   1.6831820473   0.0115806727   1.5099331878   0.5696010532  -0.4066322132  -1.0820966829   0.2168092511   0.7590315405   1.6083387591   0.0121365674  -0.8719274468  -0.2091745668   0.4123659786   0.6893688722   0.7811891393  -1.4207855201   0.0958783615   1.8529000063  -2.3070202527   1.3049711271  -0.2347488967  -0.1439916126   0.3596982374  -1.5105620934  -2.1309644316  -0.7943773907   0.7890477819   1.1393245230
 0.0603181654   1.3678549178  -0.4435729829  -0.1218192934   0.3887361248   0.0622589055  -1.6900073656  -0.8373183117   0.4489799265   0.0059942565   1.2537069674  -2.1596221280  -0.3904743853   0.9850501008   0.2846461515  -0.5549253394  -0.1634985790   1.1351445195  -0.7160932414   0.4210032801   0.8720279727  -1.9900645573   0.2539857685  -1.2930091167   0.0221182556  -0.0326109347  -0.2063820312  -1.4166118256   0.0843312024   0.0618546541
 0.5086274232  -1.1847265634   1.8794677711   0.3284332003  -0.5308044574   0.4404845835  -0.7017125029   0.0523572452  -0.6604422006   0.1475155005   0.9822626626  -0.8584670475   1.5187759765   0.7534121325   0.3517265731   0.9244756607  -1.3373489183  -0.4839282178  -0.2098405933   0.3134159676   0.6905694487   0.1088801454  -0.4384597733   0.3482781116  -0.1326836464   0.3504092660  -0.1058245026  -2.8002210286  -1.8641113269  -1.1320902355
-0.9648483997  -0.9843654782   0.7110597076   1.9470433894   0.6596179026  -0.2832680872  -1.5150675860   0.7235041997   1.4361989892   0.5805888591   1.0160751336   1.6253840870  -0.4169689546   0.1230636846  -1.6264494796  -0.4866851218  -0.9552890393  -1.0470746360   1.2273427831  -0.5230294575   1.8596142882  -1.0268520784  -1.2115559737  -1.2888159569  -0.5817841129  -1.1457509158   0.0513116975  -0.5319220087  -0.9275317686  -0.5027358446
 1.1108267512   0.4142509446   0.0958153077   0.6594878476   0.3200354995  -0.5718535962  -1.4975089385   0.5816439183   0.2082602425  -0.3540508681   0.5750638877  -0.2157979346  -0.8921315249  -0.7638093214  -3.2987729512   0.0679129906   0.0049103619   0.1367476643   0.9734839836  -1.2320020900  -0.8161884150  -0.3440839333   1.9945432232   0.8015659188  -2.0506124835   0.5938278812  -0.3564332507  -1.1052437959   0.8280023189   0.6235144715
-0.7768687765  -1.5889745953   0.6803481425   0.2040640759   0.6349725202  -0.7619477537  -0.3549932768  -0.7686598228  -1.4369907065   0.0902732875  -2.6315521234  -1.3436848590   0.8754246181   0.2149059049   0.4783175423   1.0918866136   2.1879988214   0.3693326377   1.1005702651  -0.5913450299   0.0127949308   1.5895447202   0.4847815640  -1.3003832688  -0.4320666829  -0.9405289327  -1.3446765057  -0.7002865916   1.0418105134  -0.4676916348
 0.0886243896  -0.8198171178   0.1531110389  -1.5937469115   0.2310704464  -1.6961909128   0.9994566835  -1.2354327943   0.4686276781  -0.5445759337  -1.1431585513  -0.3221021544  -0.1567922898   0.7758337560   0.2486861850   1.6842436032  -0.1432757202   1.1115312124   1.0612325748   1.6946124658  -1.9851169519   0.0569169801  -0.7409308965  -2.6128477328   0.0480311589  -0.8417617223   0.8997743364  -2.0333747537   1.2845241070  -0.9310642945
-0.2028896864  -0.9344493696  -0.1827436334  -0.6296714929  -0.4689425179  -0.7912822436   0.6688975565   0.1548364337   0.6442427523  -0.7199553404  -0.5735846480  -0.6078678843   0.7317692987   0.5090937600  -1.4495706469  -0.8763024253   0.0911352344  -0.0458290581   0.1927201037  -0.2027703553  -0.6016899779   0.8045428673   0.3180441459  -1.5763512371  -0.0497159733   0.3726132185   1.1500578694  -0.0279224575   0.9605856595  -0.3917334347
 0.1714513586  -0.5187495000  -0.6101644763  -2.4709042577  -2.3742034416   1.1157904501  -1.0415172424   0.1347737354  -1.0462025657  -0.6180577025  -1.2781313625  -0.8634946457  -0.0891692869  -2.7817123149  -0.5399666781   0.1493480939  -1.7009684804  -1.9078102184   1.0253023918   0.2430558085   1.3359691591  -0.9372746200   1.2082052931   0.6179681733   1.0840881114   0.3656189870   0.1760198705   1.0286425121   1.8627326863  -1.1908550816
-0.7926106630  -0.8180121528  -0.3007879385  -0.9202901023  -0.1932658673   0.7769379651   0.9784522140  -0.3163673941   1.7207563632  -0.9122407010  -3.5319862590  -0.4926943937   0.6316820756  -0.2310590469   2.8337341359   1.6015456186  -1.6038795306  -0.9256134653   0.5841346564  -0.9748051757  -1.1127399628  -0.5886659599  -0.3725819363   0.3871376138   0.4798591560   1.0471831051  -1.7192461467   0.0309249326   1.8077198081  -0.2917771020
-0.6547226291   0.8579742818   0.8611347646   0.2696025639  -1.0233323072   0.5366582739  -0.5248068665  -0.9661923180   0.1630326420   2.2339865102   0.1298038144  -0.7793745734   0.5380887285  -0.9843817745  -1.7291879238   0.9466276414   0.1633155189  -0.0922104978   1.6354195710   0.8445321754  -0.3141271648  -1.2906025719   0.5385293680  -1.6498631473   0.6225839217   0.6799708941  -0.2277866530  -1.2424873802   1.1806637738  -0.5840207504
 0.3718601147  -1.3167711647  -0.2215250346  -0.5738887219  -2.0223072590   0.1103439695   0.3383641736  -0.6898897713  -0.9380843150  -1.4089952223   0.2060760551  -1.9564559115  -0.8628411808  -0.2852823265   0.0740997860  -0.3315432317   0.7778903769   0.9115009007  -0.2324233029   0.3853918826  -0.6362541825  -0.4619018876  -0.6814005349  -0.4420312950  -0.2534493371   1.7976483066  -0.4760314449  -1.0843948512  -0.3547093524   1.6477968329
-0.7221890833  -0.0637150644  -0.5596062531   0.5867807448   0.2263726881  -2.7353864662  -1.0393935207  -0.7318946735  -0.5090636797   0.2133111640  -1.4790463517  -1.2662768574   0.3255350318   0.5336069416   0.4790105532  -0.7503240540  -0.8991479618  -0.8587317609  -0.0820708950   1.2739942426  -0.2868492761  -1.1538006264   1.1193836916  -0.4088249793   1.7987314903  -0.5019730138   1.0751636391  -0.0261437359   1.1971602449  -0.4736789131
 0.1010318793   0.1683658546  -1.5216746472  -0.5654588147  -0.1657647358  -0.0819845127  -0.0023196762   0.0866354484   1.4459099862   0.8524723590   1.1132966057  -1.0229199088  -1.6410965762   2.1627077902   0.9569767983  -0.9806704483  -0.3227913999  -1.4899913040  -2.1233485209   1.6437010176  -1.0901913020  -1.7395136858  -1.0558062430   1.8969190113  -0.6696646180  -0.9185085093   1.4488107244   0.4989992164   0.1681106607  -0.4616725205
 0.0059294768  -0.3286054172  -0.7499817292  -0.4605902830   1.1222085448  -0.4883131986  -0.4627720906  -1.0167926445   0.4978610035  -0.2091146700  -1.4936737458  -1.5725436616  -0.2019859425  -1.0179443626  -1.0917347631   0.5427951641  -1.2198413330   0.3822858654   0.1747168860  -0.9869275971  -0.0868280152   1.1221897412  -1.5190212915  -0.6626690954  -0.5088713206   0.4994075234   0.7358924999  -2.0251679692  -1.0507436005   0.8814995244
-0.6468030293  -1.8450049203  -0.3028111573  -1.4919952425  -0.4595292650  -0.3476736031  -0.1830907996  -0.6394460173   0.6333006213   0.1171651278  -0.3126830968  -0.2933135211  -0.3552437739   0.5994180982   0.7167026172  -0.4178533318  -0.3193107252  -0.0612162840  -0.0827530120  -1.2708679995  -0.8746356509   1.1331383373   0.3751199215   0.4000558430  -2.0745252398   0.1546453168   0.7664385172  -0.1647075995  -1.9449262539  -1.7224490553
-1.3229483766   0.3972785678  -0.1750817555   0.5687020295  -1.3405846288  -1.8424829057  -0.1461500984  -0.7952628038  -1.0811901580  -1.0848261382   0.5921718884  -1.5534113103  -0.5451912189  -0.3996274288  -0.5952267960   2.5444714440  -0.1907831996   0.6558061860   0.0636976489   1.7578885961  -1.3545034290   0.6638812903   0.6933240896  -0.1370426061   0.6821215086  -0.1285458892   0.2213759235   0.5754101254  -0.6176533030  -0.9483148608
-0.0185537917   0.4705680977  -0.0086586012   0.5086747292  -1.0453913967  -0.4605814790  -1.2949476569  -1.1675525224  -1.5723173108  -1.6656315381   2.0794363937  -0.7146549367  -0.4256974789  -0.6576134912   0.7990526116   0.5874108648   0.5334151965  -0.7201878674   0.2670647818   1.0430500110   0.5717611284   0.1502237530   0.8716662326   0.5135174136  -0.9084016949  -0.4879845026  -0.9141881809  -0.4121131074  -1.3948129678  -1.1257539300
-0.3322408249  -0.6376798473  -0.2076192122  -0.6593945205  -0.4587929600  -0.5038060040   1.0836681334  -0.5904249175  -1.0361245934   0.1284278991  -0.8985363156   0.5096958621  -1.8240204827  -0.7086808154  -0.6646316787   0.0172844001  -0.6664048104  -0.2456781868  -0.0365209081  -2.7393845454  -0.3523093547  -1.1953823775  -0.4760726437  -1.1129247658   0.5400231834   0.6682157894  -1.0628707367   1.2188494613  -1.5295119171   0.3854294233
 0.9748399098  -1.2523621007  -0.3559341185   0.7813169939   0.2888641693   1.7062748733  -0.4561752835  -0.6801910263  -1.3194383906  -1.6829998111  -1.2208021912  -1.6712920884   0.0393767436   0.3394542276  -1.3647186782   0.2072874957  -0.7268234343   1.7572649026   0.6135729637   0.6089422837   1.2992185123   0.2941775071  -0.1409605591   0.0911717764   0.6186908177   2.3300957821   0.4990298523   0.7447572765   0.7772769766  -0.4604584441
-0.0402130400  -0.0029056211  -0.8330581353  -0.3466371421   2.1740630324   0.3425630177   0.1244343377   0.1633479590   1.1032277403   0.5160956361   0.2536981691   0.2881992162   0.5801835200  -1.7390505751   1.1353995599   0.1620478242   0.0060751284  -0.2813647268   0.2736921174   0.8528257908  -0.9651832970  -2.4079510749  -0.1410648230  -0.2868614387  -1.5277485987  -0.1794399880   1.8188238251  -1.3394108006   1.4991463418   0.1311497443
-1.9095001381   0.0645974116   0.4450747058   1.0144134652  -0.4972274322   1.5755942774   0.0372167296  -0.7717064262  -0.2670250975  -0.7293918544  -1.3376654270  -0.3871026728   0.0088204607  -1.0722360591   0.1400451382   1.1662981064  -0.4156926523  -0.6318028306  -0.6445989306   1.1440773713   1.4847785190  -0.4566785779   0.7767924393  -1.4964246629   0.2450617122  -0.4739091328  -0.9379125724   1.0092286794   0.1896130544   0.3123164471
-2.0905428221  -0.5753776782   2.1865699002  -0.6196536712  -0.3348645647   1.7455983827  -1.4803348773  -0.1211369702  -0.4830309982   1.1623983491   0.4209427454  -1.4865760917   0.0221686955   0.1481158577  -0.8938281688  -0.7920065129  -1.4427733898   0.0392774304  -0.4488309895   0.1760836214  -0.0806969523   0.5649406858  -1.2244910950   0.7914778329  -0.4235144556   1.1880141697   1.3022146359  -0.8212727280   0.0127838609  -1.0732518873
s4
-1.3829903673
 1.4199510187
 0.1759766350
 0.2753589193
-2.4476703830
-0.3115693447
 0.8172313494
-1.5635490986
-0.4751576480
 0.4674993658
-0.2520068075
-0.3549649169
-0.7846417971
 2.3268877368
-0.2788215586
 0.6896693120
 0.3133034011
-0.9438318986
-0.8127735526
-0.2668047635
-0.0619707727
 0.9016349139
 0.7017717763
-1.0943120347
 0.0456487995
-1.2318920910
-1.6624987761
-0.9994516204
-0.8536026649
 1.1339624887
w5
1.2319808388  0.1286798833  0.3874884054  -0.0786059113  0.4178040023  0.0462677169  -0.8504800739  -0.0713765639  -2.1756399995  -1.2140697264  -0.0861165024  1.1086688460  -0.4560491135  1.7115139625  0.1200395236  -0.6869597583  0.1741867414  -0.6219310319  0.7267398015  -1.0825778389  -0.3409335837  0.6778332987  -0.6473022795  -1.4913862107  0.0705596838  0.2264053838  -0.0725766653  -0.7941003421  0.4502134249  0.4623268685
s5
0.3842043042

