layers: 5
str: {2,30,30,30,1}
w1
-4.2807342684   1.8542989011
 2.4663813093  -1.1637342487
-3.0220943420  -1.2957530144
-2.2272578754  -2.0171385805
-1.5801323278  -1.9830950269
 2.8596626908   1.1851881623
-3.3918768215   1.6377008010
 1.8551433311   2.5958979770
 1.4552840193   0.9114556530
-1.6462991142   0.6028941148
-1.6409083090  -0.4638464867
-2.5313527737  -0.1775981351
 3.4119231075   0.2109976449
 2.8638569589  -0.0571423658
-1.6846699352  -1.3343136083
 4.8984856963   3.4526409003
 0.1113486930  -2.7902429743
-3.2911381039   1.1468355781
-4.6506971207  -1.1147472564
 2.0272882360   0.0209215703
 3.9393258028   0.4856824984
 3.8593180397  -1.4708977114
-4.6328250548  -0.4751269019
-2.8181974456  -0.7486323857
-0.7291970106   2.0111931465
 2.9004429030   0.0999156039
-1.1010461534  -2.3652918790
-3.1984204327  -1.3836144718
-6.4035611317   0.6378499263
-0.4863422618   3.1000690265
s1
  4.2176295094
  5.1741793469
 -5.0826913135
  1.6655171382
  6.2184965625
  0.7272132628
 -1.3695243226
 -1.9635606466
 -2.0494398385
 -3.8484828476
  1.1524660469
 -1.8274686170
  8.0471411353
 -2.8210643152
 -6.1630843628
 -0.3785680709
  0.0234201672
  7.8895342866
 -0.0681749987
  3.5729354017
-10.1788814935
 -0.7708440360
 -0.5506236696
  5.2613835961
 -2.6761147288
  5.9256364653
  2.1187389466
 -5.9411054339
 -3.0471980011
  2.2525692288
w2
-0.9628277798  -1.2454698256   1.1872314423   1.1473316808  -1.3831686394  -1.1678943209   0.9400071820  -0.2976856661  -0.1061208545  -0.7143331527  -0.4830162582   2.1212550098  -0.5865041577  -0.3311466496  -0.3597700519   1.9940099978  -1.3542907757  -0.7570397692   0.1733060392  -1.6561131503   0.1960107841   0.7323993504  -0.4287913373  -0.8360671107   0.4941660776  -1.8757650861   0.1804472511   1.7348201796  -1.4006033623   1.1271233015
 1.1376248799   0.9819590962  -0.5362963751   1.5474029246   1.3166697312   1.2438393006  -2.6675304425  -1.7220757305  -0.0341552025  -0.0999447049  -0.2509295054   0.5088725388  -0.4814187979  -1.8446562389  -0.2857342751  -1.7896093020   1.2740630372  -2.7271558811   1.8321740883  -1.8021217593  -0.9008271698  -0.7343074516   1.3622845240   2.2204020765   1.2244102727  -2.4097394867   1.8867300649   1.0536586154   2.4487211337   1.5771353184
 0.4646746008   1.4260275591  -2.5712410215   0.3354502397  -1.9029003122  -0.5282334351   2.5528417108   1.5683446162  -0.2039462307   1.1445672235   0.0213739477  -0.4130174773   0.9958530183  -0.8265821980  -0.6162204580   2.1192276846   0.7176410258  -0.9003808467  -0.4843971677  -0.2108214183  -0.3120578755   0.2725220269   1.0456232694  -0.9219430170   0.4281632758   0.2123360894  -3.6613968291  -2.4225524828  -0.9968949876   2.4718526449
-0.2748437601   0.1944755353  -1.0408937122  -0.3199875406   0.2005844630   1.4399856431   1.9473246038   0.1020006173   1.9536196321   0.2085289907  -0.3883638684  -1.2535278563  -0.0324433897   1.7808570662  -1.5407893820   1.9265793673  -1.9716453578  -1.5718735507  -4.3127786603   2.0988739035   0.9085155201  -1.2749228991  -1.8843686761   0.0185554643  -1.2883107565   2.6950726537  -1.1308921592  -0.6870087444  -2.6285519577   0.1752562654
-0.1255173909   0.0469976022  -1.9215253433   0.7695928444  -1.8341976925   1.0730614768   1.4456373262  -0.5233633739   1.2142422251  -0.8229963046  -0.9097419169  -1.5881646425   0.5170127265   1.0881442841  -0.4096206824   0.0962734157   0.0034447224   0.1582172799   1.7078855467  -0.9898673451   3.6109543105  -1.9518547539  -0.1672470219  -1.5782650124   0.7974768107  -0.5422321943  -1.8149405936  -0.4386882816   1.5433325449   0.6483791308
-0.9893065768  -3.0029561015   1.2831964319   1.7832139795   0.4520434789  -0.3052806455   1.3503919119  -2.3474042826   1.0191647336   0.9937051806  -0.5480873053  -0.0583722285  -4.7932121891  -0.7885907967   2.8620470822   0.2211931238  -0.6583165632   0.1845197375  -0.4881339029  -2.9564935225   0.3560095371  -0.3325783432  -0.1360952981  -0.6223196187   1.7463059590  -3.8241273139  -0.5608791019   0.4199437038   1.0791390024  -3.1977392469
 0.4527735861  -1.0854867768  -0.1187006419  -0.2031202343  -0.0917987604   0.1107373944   0.5571066254  -0.5791627798  -2.4831226044  -0.4903422735   2.0173192786   1.8373654027  -0.4628425975   0.4091651433  -2.3864544840  -2.1671098163  -0.7340573274   2.7434428275  -0.3345495724  -0.8362378971  -1.6991549055   0.7492155708   1.5856283585   1.8782593623  -0.2761567586   0.9202927387   1.1989367478   1.5892747213   1.2900572736  -0.2406334429
-0.4626250913  -0.5821211576   2.2067880845  -0.2853570805  -2.1499303256  -0.8364613992  -1.0537757513   0.2868209193   0.7016488192   0.3409533392  -0.1960644992  -1.3475806212   0.0974081438   2.0905821520   0.3113400932  -0.1975546205   0.2147471454  -3.8223287429  -0.0269539474  -1.7259374562   2.6586164041   1.2655073057   0.4049158300  -2.6308407049  -1.5361579961  -0.7968640280   1.5004031990  -0.9012639175   0.4990596744  -2.9325607350
 0.3590480092  -1.7748309826   1.7763683579   2.5668942419   1.5052727913  -1.9694597514  -0.8366597172  -3.0564629110  -2.3794702890   1.8147762737   0.2275980143   0.5848789168  -1.7959514719   1.7450858960   2.4170861837  -1.2767466742   0.5372158089  -1.0083123364   0.3737062010   1.8399328775   2.1218623526   1.3190037029   0.9536865603  -1.3661012924  -0.6871044097  -1.5235020052   2.0280838971   0.7678981933   1.2125630800  -1.0603089832
-2.3088149559   0.5279796335  -0.3693424451  -1.4378566364  -3.9038153371   0.4764481183  -2.0631672762   1.6060422144   1.2881626956  -0.2202434801  -1.1758738327   0.2058778794   0.7723346545   3.4600798077  -0.5861087625  -0.3351347837   0.1133843573  -0.1048753214  -3.0638609309  -0.0517147039   0.3967547613   2.3407699322  -2.5862696981  -0.6015502440   1.1363593233   1.5353423747  -0.4217860650  -0.1953907733  -0.1693558326   0.1386722673
-0.3309604753   1.6986024509  -2.0232305789  -0.2099788152   0.2286007074  -3.0552787477  -1.5156781594  -0.5345085433   0.0766764844  -1.6501493704  -0.1359205422   0.5186027849   2.6952476632   1.0114511992   1.1002307223  -0.2386322493   3.0466928855  -0.1400584256   0.9813218861   0.8940615742  -2.3585127163   2.4466109900  -0.2038585367   1.8827462366  -2.6184272342   0.7208475684   3.0288103573  -2.5969088004   1.4683908647  -2.5469177788
 3.8632119343  -1.4508077554  -1.0062718843  -0.4782833434  -1.3155010162  -0.3654907319   3.3808263893   1.4933006143  -0.4033514995   1.0070541960  -0.2903575160   0.9626909914  -2.0296029235   0.6469416444   0.7288047197   2.2697687903  -2.0769098406   0.4289112789  -0.5480992809  -2.8618776619  -2.3381319335  -2.1690952804   0.9961795062   2.0578898499   0.6125311879  -1.7848008973   0.4750883604  -0.4483498057   0.8075058265   1.1158460612
 3.7882360457  -0.5563263803  -1.0942846485   0.1508767700   1.3591127636   1.2680340225   0.2721981524  -0.8184634311   0.9903821701  -0.4727711083   0.3390226832  -0.1552263464  -0.5637479675  -1.1657041793  -1.0569636373   2.8867235453  -0.2380126772   3.0307156520   1.3511926561  -0.7439328451  -4.2081182440  -2.5425753580   0.0254623866   0.4860829560  -2.0307916577  -0.3511333780  -0.3157918343  -0.7824482019   0.4273434057   2.2727392661
 2.2180089050  -0.3758608434  -0.3073666877  -0.3083254592   0.6658730399  -0.7962894827  -0.1321237324  -0.1671471837   0.4783958867   1.8423149849   1.9358478225   0.9729405325   0.7574808189  -1.7069981383  -0.7762749050   0.4644666603  -1.0953627426   1.9690355214   0.5086705161  -0.0587806798   0.6909183637  -0.9459949985   2.1141767629  -0.0249088856  -0.1212672872   0.3301635079   1.3767802297   0.6090774793  -0.2439298260   1.4530645347
 0.0602701632  -0.9115942784   0.0313745921  -0.0501495957  -0.7962375975  -0.7546427680  -1.5332658505   0.5623236111   0.4045842140  -0.1833218470   0.8981938727   0.5875625949  -0.7325956957   0.4472363212  -0.1738864360   0.7715536997  -0.4049075037  -3.6837489277  -1.1178925705  -0.6558951983   3.3440400581  -0.0026155149   0.5955206814  -1.5142725958  -1.5175283090   0.8638533755  -0.6310050703  -1.3386349098   0.6183527867  -0.3909497984
-2.5264619638   1.4636934010  -1.4219326247   0.1652242345  -1.9690110477   1.2792847110   0.1879841082  -0.3993582109   1.9640764337  -0.7414278438  -1.2601399138  -2.6569103637   1.1983645713  -0.9967250641  -3.6538498307  -0.9222604043   1.6489843096  -1.7945907398   0.1146228332   0.7807331373  -0.2425121397  -2.1243573954   3.0901626211  -1.0541357035  -1.2272020519   1.3736250156  -1.7434327741  -2.6536596906   3.9484664006   1.1121623754
 3.6746147831  -2.2030122955  -0.6857537442   1.7609097424   0.8652467914  -2.7117570492   1.6259598258  -1.8898502611  -1.7268353548   1.0323028212   0.9246672022   1.0566576202   0.0487763157  -0.6160069418  -0.0498596996   0.1924546198  -1.6683267429   2.7665699063   2.1880082118  -1.5086302405  -1.5974939466  -0.0882568089  -0.5505385092   1.4624330816   1.6872760555   0.7710240873   2.9388240738   0.4220061996  -0.5489034949   1.1899395265
-2.6716220969   1.4924799775  -0.6858540971  -0.8686180245   1.6388238314   0.7998073432  -0.3641221716  -1.2614694722   1.8813482351  -1.8526551717  -2.0560702116  -1.8413700898   0.4292798277   2.6228304268  -0.3230449298   0.0178538180   1.0341388706  -3.7913303486   0.0901396431  -0.4294739568   2.1586704195   1.0313009109  -1.5992535553  -2.0784699618  -2.4813264477  -0.2451350786  -0.4254155513   0.7405623229   1.0196683008  -1.3399892398
 0.6049126613  -2.5171922278  -0.7144966431   0.7287920139  -0.1550328195  -0.5822073988   0.5748804365   1.8812566321  -1.8042447911   1.9106571568   0.1879087613   1.7130548906  -3.4894774273  -0.6370893837   2.0042541216  -0.8243362477  -1.3233219872  -0.6855591607  -0.1831221969  -0.9563892642   0.1095511852  -0.8487144476  -1.4302117087   1.7381305549   2.1755905492  -2.0238258017   0.3679016918  -1.9812968634   0.4854112657   0.1649220776
 0.4065082482  -0.8479791141   1.4883525264  -0.3058080079   0.0756150054  -0.6267644740  -2.0658249825  -1.4893551339  -1.1311821386  -0.6246867050  -0.3146012438   0.5581552758  -1.4943187884  -0.1569166330   3.1048396251   0.9446716207  -0.2149136078  -0.7090052111  -1.0157414459  -2.0796733232  -0.5222506843   1.4733267851  -0.1781337833  -0.3860073152   0.2839653208  -0.6383558694   0.9164864385   4.8114845215   1.3952828061  -2.2844215536
 1.9860678749  -2.3295399327  -0.8515625785  -0.9922490989   0.4305079322  -1.9457930346   3.1937172343  -0.2745264652  -0.2526850214   0.7325196939   1.3780267139   1.4212232897  -1.7420740364   2.0562772849  -0.3912604850   1.0761961662  -0.9684866147  -0.5148433443   1.4348392266  -1.5950267857  -1.4874975350  -1.5269301757  -0.2472004678  -1.1170538932  -0.2471638816  -2.4900996757  -1.9070116421  -1.6463225459   1.2074135496   1.8863625643
-0.8567320867  -0.3508442701   2.9300486482  -0.5019747583  -1.8074749130   1.3627920293  -0.9765959221   0.7064759710   0.9167962450  -0.3133938981   0.5844787531  -0.5090666297  -1.9711257579  -0.5278204796   3.3356435688   1.3550008629   0.9284664298   0.3637677956   0.0780300577  -0.8005609667  -3.2027149909  -0.2228259396  -0.3857025507   1.7381477851  -1.2332203155  -1.5045902353  -2.2538948070   2.1667851689   0.4668153458  -0.4013151349
 0.2382588610  -0.3609176704  -0.4343632566  -0.4590621138  -1.7794589247   0.7635721510  -0.0377557600   2.9553199229   1.5142543135  -0.2390258957   1.0543227607  -0.4237171280  -0.5842036856   1.1297475578  -2.3887615981   1.3634752896  -0.2412838590  -0.1519085619   0.7453291499   2.0545002006  -0.2638074906  -1.1818599675  -0.5970186198  -1.2288324624   0.9628660391   1.1507830069  -0.2243394936  -0.0617048874  -0.9071532079  -0.5993643703
 0.2858450489   0.5673814071  -2.8812640601  -0.1937622734  -0.8146640691  -0.2569311220  -2.0849019704  -0.5738208662  -0.6362784842  -2.5698660256   0.1608224089   0.5828262448   1.4649104937  -2.8294493970  -1.7129329499  -1.5152339045  -0.1656021844  -1.2960743988   0.8617509576   0.7710143457   1.0233065541   0.9374509233   3.0343870100  -1.0219678476   0.3005634226   1.9146953452  -0.6820267473  -2.2923140943   3.7379412565  -2.5200050938
 2.7138089899   0.6771661788  -1.2579890522  -2.8072922563  -1.5015212838  -0.3584009191   0.0800850822   0.4152139179   1.1344619786  -0.6627176259   0.6840834444  -1.3323989674   2.7432451649  -1.2288281625  -0.8640733207  -0.0159579578  -0.0719346763  -0.5243016408   2.3417620939  -0.0006196366   0.4381843472   0.3197216056   0.0079927814  -2.0096165823  -1.0500461510   0.8220217960  -0.5223950667  -1.4844357278   0.9393483954  -0.1513121193
-1.3105970650   1.1779833502  -0.7205794906   0.1057434886   0.1677389857  -2.1901428059   1.0439364792  -0.0563656331  -1.2933133510  -0.0306301747   0.1347424090  -0.5833306394   0.2285084454  -1.4023043842   0.0644870393  -2.8084783802   0.0467081449  -2.0108067571  -1.8178192484  -0.4601866346  -1.1960105231   1.3792450736  -2.5253015770   1.0819406891  -0.9255765079  -0.2174401202   0.1482326843   1.3738183724  -0.1525060049  -0.2373647979
-1.0105620561   1.3179363623  -2.1513901254   1.1378813614   0.8180866171  -0.4194181334  -3.0546018859   0.2211284505  -0.4287036770  -1.4276801319  -1.7962183597   0.8693310269   0.9839372307   0.3162758791  -0.8512437879  -1.7429858809   2.6307891227  -1.0645979281   0.9672480888   3.6722844101  -0.6742492422   0.5986133294  -0.8615539450   0.3769158971  -2.3752811280   1.2018147031   1.1506996060  -1.9335595200   0.0025124765  -0.9038748811
-0.1243484515  -1.1344210568  -0.2428778109  -0.6366420223  -4.0550657531   1.3523851041  -1.4318179414   0.7996159499   0.1187374889  -0.7756407661  -2.0339029182  -0.0649711719   0.8345696577   0.5487516733  -0.8740125784   1.4158458377  -1.4315105476   0.3483193392   1.6376126596  -0.0969919964   0.3922258794   1.0349612686   1.2642050446  -5.2886285857   0.7845583790   0.2813325960  -1.8507652700  -0.2872804627   3.4072260183   1.9825618452
-0.9719890292   2.3167411117  -0.2456300676  -0.9967414063  -3.2838579581   0.7059420452   1.1976833048   0.2909143473   0.5164521588   0.2301095065  -1.0227116224   1.5655900663   1.9869906340  -0.2336001115   0.1709718044  -2.6635921682   0.3208692154   1.0285870575   0.1281388889  -0.2909501747  -1.3574587720  -1.9420629610   0.3355803231  -0.1341376765  -1.4146159234   1.5001377036  -0.0411555745   0.2323348407   0.8815572060   1.4837953263
-0.0653314441   1.7007731625  -4.8653841961   1.8610996444  -0.5591298079   2.0593411447  -0.0401910145  -0.8988900730   0.6198996795   0.9022047693  -1.7929464241  -1.4641266064   1.9805952622   0.7432210796  -2.6368777991   0.8368392207  -1.6551133893   0.9530837583  -2.3947831362  -0.6229739041   0.9491949447   0.1403819960  -1.9317684280   0.0939297197  -1.3997168641   1.2661576430   1.1715903322  -3.5942925317  -2.4035068924  -0.1641923525
s2
-1.8037468991
 1.4173349715
 0.8976425378
 0.7874880451
-2.3992513640
-0.4195070823
 1.2323535619
-1.3291856762
-0.0164460105
 1.5208035034
-0.7217988293
 0.2867671848
-0.8843897215
 2.3967594642
-0.0786732849
 0.7252772585
 0.3370072878
-1.5466926580
-0.6494505592
-0.2307723134
 0.3390495417
 0.8183062517
 0.8810802551
-1.9306646288
 0.1266082296
-0.5551868798
-1.8031259997
-0.5242517218
-0.6026604968
 0.9257625689
w3
 0.2821585318  -1.5664174061   0.4271929588  -1.2650264369   1.6596187694  -0.9507050833   0.2782752541   0.3850136062  -0.7970613429  -0.3377308291   0.6730462656  -0.6843021463  -0.2275146747  -2.0236863714   0.1354045319   0.0737279834  -0.1048066916   0.5513534543  -0.1507360255  -0.7245216717   1.0914245144  -1.7197128019   0.0909436908   2.6866146244  -2.3584949889  -0.9345259734   0.0616911302  -0.5150033702  -0.6142366956  -0.3647150616
-0.2980493131   0.7448230538  -2.7633328082   0.3956513250   1.5019432850   0.7140742277   0.1474715452   0.1426417356   0.2092116824  -0.4023708762  -0.4404413980  -0.8337377903  -1.4627514322  -1.5971748494   0.3352707003  -1.6849406433  -0.7598533002   1.7138636397  -0.8662589551   0.4378948671   0.0802986592  -1.0514869750  -0.7478646151  -1.2179631702  -1.3349276271   0.0079270722  -0.5287201313   0.1684160081   1.2548204790  -0.0765832235
-0.1179075603  -1.1967963962  -1.4264948775   0.2532501570  -0.4648448806  -1.8154918078  -1.4934180595  -0.1879344810   1.3710045386  -0.5241170636   0.0717441367   2.0979249352  -0.9583882360  -3.2213118624  -1.1348891277   1.8906973538  -2.9076276665  -0.4575168809  -1.5401918499  -1.7803769012   1.1279204210  -3.4148540501  -2.5722271846   4.7115171098   1.6272464319  -0.4070393416   1.4874239969  -0.3357095588   0.3969435728  -4.8997808332
-0.3996676202  -2.5760007581   1.1655560563   0.0869081010  -2.2525704052  -1.6335176659  -1.1288955987  -0.5539761950  -0.4261400106   0.5510951899  -1.9197857017   0.7029762062  -0.0503506860  -0.2220503804   0.1223064703  -1.7751030833   0.1896583989  -0.7131083125  -0.3815310111  -0.4965734454   0.6253305378  -1.0338398715  -2.0103121498   0.1514659101  -0.8140090925   1.0742641295  -0.2138884305   2.4754358958   0.7167311674   0.1032318454
-3.0849825527  -2.0110715165   1.2211957537  -1.4346267738  -1.8894334254   0.2690638509   0.4179483042   1.0210325953  -0.8321310100  -0.9723831588   0.4061445849  -0.2244310259  -0.5772868160  -0.4185111293   0.2199441246   1.5601457235  -0.6989885392   2.0582308669  -0.2094826830   1.8879533724  -1.0930117768   0.9728614982   0.0168490012  -0.4842050231   0.0751964985  -1.4858958708  -0.8354184904  -0.0841976890   1.3259773910  -1.1780801377
-0.2698827535  -1.2320036700  -0.1922610187   0.4744736888   0.6709633812   1.0121111188  -1.5170051290   0.1126925816   0.0674746391  -0.9466396201   0.3534735265  -1.4676367157  -1.2081300148   0.9494426322   0.8249356137   0.5399428437   0.2120992204  -1.7134945496  -0.5301695691   1.8605876496  -0.2137264416  -0.3905009924  -2.0824542449  -1.9520800778  -0.8666949602  -0.1537699931   0.7923882431  -0.1136031024  -2.3463450361  -0.0628576852
-0.4149252002  -0.1438817988  -0.3368340381  -3.0070499476   2.2543647335   1.0885522500  -0.8725538374  -1.2070668101  -2.7497087867  -0.7377886312  -2.4178316925   0.8177983109  -0.1452896297  -1.5421983661   0.8007768837   2.8513332441   0.2742633927  -1.7853801464  -3.4318825779  -0.1442036833   0.3165953652   0.0370266627  -0.6177053639   1.4349185139  -0.2417097258   1.1866062507  -3.0042003025   1.4152868591  -0.8523786443  -1.9297044669
-0.2868380358  -0.2559591608  -1.9342205186  -0.2475590680   1.3770903060   0.8528579504  -1.1326068216  -0.4364815948  -0.2519740332   1.8174570776  -0.4327682153  -0.9341024729  -0.6483157870  -1.2879625527   0.6524468874  -1.1519273150  -0.4041644890   0.8538573613   0.2957946870  -1.5413111535  -0.0839677213   0.4343172136  -0.2651910532   0.1859288715  -0.2089104393  -0.1687738687   0.5508855493  -0.2769867126  -1.0880442953  -0.7334439910
 0.0448597820  -3.8984155351   0.1707328320   0.0347789539   0.6331964403   1.0745963230  -0.4060114460  -2.6625894553  -2.4783404109   4.6535330307   0.0123880462  -1.3444047983   2.1692782016  -3.3172611687   0.3977858696  -2.3251565408   3.3738850718  -2.9959757358  -0.7218356230   0.4988150387  -2.8119112318  -1.2981572594  -1.2878623818  -1.2484267751  -0.4866634032  -0.2709127952   0.1537249752  -3.7439420876  -1.3321724642  -0.9338175003
-0.1966398075  -1.3686341395   0.5020626291   0.9734016386   0.1080502734  -1.5161003403   0.6472287113  -0.5690040996  -3.0341295434  -2.5057345909  -0.4263504216   0.2806885755   0.0815331682   0.5622864996  -0.4819161268  -2.0337023051  -1.3673983775   2.9317352720   1.0449349685   0.7310337086  -0.4178096735  -0.8927231273   1.0541937940  -2.4736669995   0.0515313550   1.7486829421  -0.7374367794  -1.0074709331  -0.6475412345  -1.7579972395
 0.0394623265  -0.2115368282   0.4320988106   0.2638973246  -0.5452183040  -1.3115023086  -2.5910449113   2.8151065365  -0.0614264614   0.2900225903  -0.6536537561  -0.5873632426  -0.6064760116  -0.1132454211  -0.8607804417   0.1400379909   0.2204510719  -0.5023588999  -0.4128741292  -0.3615133260   0.3151461558  -0.4483634964   0.4798575132  -0.7109253630  -0.5644228200  -0.8172390162   0.1534938029  -1.0316148925  -1.4535036542  -0.9356321084
-0.6065503262  -0.4396131678   1.3808431452  -3.6438376789  -1.9759359304  -0.4491964216  -1.2415721560  -0.6578649937  -0.1066014174  -1.8805892126  -2.0304496671  -2.6916051490   1.2760921826  -2.0664078730  -1.3808131440  -1.8909148357   0.0475452414  -1.3099485517   0.6051725398   4.2654517698  -2.5187322734   0.3656383130  -1.8019102736   2.6024826344   1.2811503957  -0.2366482095   0.5635900853   1.1902452979  -0.9706684987   4.2970408106
-0.9761955875  -0.8468175790  -1.2758358556  -1.1927538139  -1.7320181781   4.2141804860  -1.3727210475   0.4249300655   1.2862614594   1.1484927429   0.8114170363   1.0589930719   2.0992819629  -0.6186971558   1.0799385176  -1.0389154104  -1.9692842001   1.1245253124   3.2040513248  -1.8128334993   2.5660060844  -2.5887592481  -1.4481814917  -2.4223476741  -1.8857738205   0.4649079777  -3.6159196172  -0.0246908079  -1.7358417746   0.5662424545
 1.9111466448  -0.7615547648   0.1189761480   1.8922759224  -1.0638912221   3.1293539195  -1.0049614803  -0.9127775135  -3.7817500617  -6.0094264241  -1.1440574743   1.3725919256  -0.7618293489  -0.4617980236   0.6532671903  -1.9140353552  -1.3505177245  -0.3559911224   2.2543165867   1.3272800787  -0.2617117142  -2.6093214254   0.1876927159  -3.3280224003   0.3954153072   1.4528870838  -0.6966548535  -2.8115595014  -1.7583961244   1.1669659180
-0.1989612920  -1.5625821459   1.2233024710   0.9301040030   3.6500797957  -1.1033968259  -3.8473301858   1.9169097987   0.6534275280  -1.6541395937  -2.6119418227  -1.2187914095  -2.1841712443   0.3129718767   1.5607058310   1.7500094269  -4.1982107248   1.9643458219   1.2878030949  -0.3419278608  -0.8336788512  -1.4297654810  -0.0927562082  -0.1267726423   2.7900817321   0.7758287520  -1.6187486770   2.1904380863   0.1618396744  -1.0249041306
-0.3197101367  -0.9044078123  -3.1172920320  -1.2032772118  -1.6311661327  -1.8288643385  -1.8405547504  -0.4365164680   1.7257029297   0.3778475921   1.3918741900   2.1786364800  -1.5262705472  -1.0704845098  -0.0634847625  -3.4217373413  -1.9677241581  -0.0651049991   0.4429812291  -1.6663609286   1.7031773390  -3.7209148108  -0.9324065632   0.4573620969  -0.4580761832   0.9852330338  -2.4890287723   1.0357144425   1.9181449070  -0.8011020176
 0.7070329859   0.1886506114  -1.2831950649   1.2831277273  -2.4142757733  -0.5548262077  -1.8219774541  -1.6122863967   0.2768642417   2.7354470066   0.2958218277   0.0604005827  -2.5383707317  -1.0935710642  -0.7467295335  -2.0799231957   0.7543186594  -5.2213439488   0.6571090653  -1.0854074702   0.4537405923  -1.7887544707  -2.3999172207   0.5181699930  -1.2924725630   2.6876738730   1.2935575229   0.2422771815  -1.2267336225   0.8404471628
-0.0927158373   2.5533945451   1.8147903077  -2.0318921510   0.1651466297   0.6960498688  -1.3616054761  -0.9508687191  -2.7466704952   0.2659221564  -2.3623494351  -1.8312304234   1.4119311022   0.9767576208   0.9691753142   2.1800023814   0.1102462290  -1.7365067056  -3.1112418730  -0.7692338072   0.3377895798  -1.5904978358  -1.0728887550  -0.4806630709  -1.4877147233   0.3023909302  -1.8595636742   1.1764929099  -0.1736476011  -1.4731472601
-0.5492635460  -1.1402962552   0.3977669177  -0.9638112354   0.7175980408  -0.7101651853  -1.4797685071   2.1272556544  -1.5361722840   0.1550450678  -1.0591938169   0.1474377355   0.4136521128  -1.9266843773  -1.2964303804   0.2527705168  -2.3074554854   0.8782001052   1.0349672237  -1.3875432350  -0.8394270119   1.3600899174  -0.0320997172   0.2614248087  -1.0386151760  -0.5061963906  -0.4540565417  -0.1206044278   2.0752986588  -0.8535917541
-0.1892410618  -1.4839412546  -0.1562609890   1.0344995806  -0.8219234737  -0.4572747456  -0.8455451670  -0.0501406800  -0.1126537061  -0.4997373177   1.0882639062  -1.6377388633  -1.2738931329  -0.4212210931   1.0905340378  -1.6240848830  -1.2574340967   0.6272064533   0.2785674445  -0.1955278177   0.9625398045  -0.3204648886  -1.6209915922  -0.7402430317  -0.8122715392  -1.5830194599  -0.3417562885   1.7402366415   1.0546587370   0.0204689744
-0.3928191375  -0.7723371134   0.2677672787   0.1187775527  -0.8881758300   0.1031796005   0.4742016749   0.6130271056   0.2679633572   1.1032898894  -0.5648601996  -0.3627125776  -1.4569003363  -1.3409402273  -0.0605849332  -0.0208390329  -0.7855735843  -0.1768846497   0.1461698559   0.8378405471  -1.1913284403   0.6331256050  -0.9807940741  -1.3217970268   0.9198801202   0.0406695292   0.6300708399  -0.0372723750  -2.1839208315  -0.7735445330
 1.3470095257  -0.5014539873   0.2507674809   1.1570837605  -2.3596414013  -1.7059695366  -0.2254875403   1.3799039093  -1.4951946973  -0.1656741305  -0.1577849489  -0.4230095853  -1.3428671582  -0.7010126306   0.9324005053  -0.3177522429  -0.5178269063   1.0159882000   0.0351715014   0.6159188104  -1.6456844323  -0.3773976153  -0.1172945440  -1.1678437544  -0.4936821335  -0.1381080546  -1.7159710703  -0.1497320153   0.7749476663  -1.5590521291
 1.8297573777   0.2676281725  -0.6869117210   0.2059490731  -1.0898443806  -3.9842967794  -1.5816843741  -0.0527343273  -1.2268485614  -1.7516463950  -1.9021943907   1.2389562284  -2.0675222740  -0.3026829677  -0.3174226192  -2.4841507117  -0.9809191768  -0.2856620775  -3.1477811917   4.3885006776  -2.8427317505   2.8858657505  -2.4830843330  -2.0324695995  -1.5475669316   1.2352364908  -0.8278442912  -1.0492498955   0.2414973451   1.0661609398
-0.1825102469   0.1890663480   1.9233899726  -2.4709032755   0.6866310780   0.5038254871  -2.0903189532  -0.4780602007  -0.2778100556   1.5170766970  -2.5104149145  -3.5421558724   2.7242407418  -0.4268895294   0.1405060212  -2.0996556776  -0.0464652024  -3.1706596611  -0.2776469875   0.3781669527  -2.7885570139  -1.1633847077  -0.2701222322   1.0679527397   0.7212389174  -0.2524325861   0.5139332343  -2.1474038974  -0.9860630038   2.0892991787
 0.6638005108   1.1054442468  -0.4175712119  -0.2686403339   0.2283275131   3.9153313819   0.3123064463  -0.6648757667   1.6794875229  -0.9753930377  -3.7864274087  -0.4473927223  -1.1121426034  -2.8970343747   0.0343714369  -1.2152308436  -0.5295983980  -0.2117157534   1.9867894076  -1.3186416575  -0.3717777803  -1.1590787393  -2.1554101370  -1.7315958752  -1.6685620740   0.0957586211  -1.7646225073   0.0204424149  -1.0384625732   1.1770482599
 1.3446112823  -0.5496863376   0.0271335302  -2.0946824899  -1.5955850578  -0.8477505965  -1.3802450249  -1.0258644362   1.1691700293   0.5307133528  -3.9496382541  -0.2249177493  -0.5502387424   0.3456162032   0.6310323055  -0.6826946313  -0.7904539571   0.3930093800   3.5046392480   1.8477419699   0.7304245874  -0.4019129632   0.7288554044   1.2904384224  -0.5351728843  -1.4670674066  -0.5435659657   0.0029543398   0.3247538089  -0.8556874792
-0.3637795061  -2.0478645077   1.6630862872   0.2904532997   0.0457784511   0.6385467118  -3.3451516401   1.7567893875  -0.2715007035   1.3452720066   3.6590184942  -0.2872870893  -1.6036451332   0.5376532622   1.4341422338   0.9187536540  -3.9069098671   2.6798580525  -1.5329596256   1.5166656310  -0.1864636241  -2.1700155341  -0.8813467433   0.9379043726  -0.5213693977  -0.3358812916   0.2372583167  -1.8322343893  -1.6848956826  -1.2063061287
-1.1980177557  -1.1782179870  -0.0203656591  -2.0106049789   1.0737992256   3.1000873916  -1.2304849261  -0.7538558107   0.6830092490  -0.9226832740   0.5701049660  -0.1088108998   0.5187911632  -1.5332453499  -0.0060013837  -0.5211073211  -0.2687652092  -0.2449464566   0.9033628336   0.8308114181   0.3970286486  -1.9267680387  -0.9174033782   0.2398741935  -0.8099795888  -0.4616711524   0.2245978339  -0.8289637429   0.5968214034   0.0040421836
 0.1917757312  -0.3209237563  -1.6313404451   1.2082239145   2.6469560034   0.0372686468  -1.8213245712  -0.4301050250  -0.8049377832   0.7708185979  -2.9764320493   3.4682674667  -3.7816407001   0.7582612947   2.5974177775  -1.1046655562   0.8386630203  -0.2051798073   0.3793888152   1.2312843326   0.0194565409  -0.7331757766  -0.5483278713  -1.9279822877   0.0722358346  -0.0766636521  -1.1651109623   3.3706628460  -0.2914227351  -0.9368181200
-1.1251520339   1.0783982629  -1.6425668360  -0.8032214335  -0.9206510225  -1.2621993109  -1.1948581834   2.8731253782   1.4518964377   0.0528279482   0.5999380160  -1.7133681648  -3.8830079958  -1.5274443713   1.3644783386   1.3101671779  -3.0611425047   4.2254966399   0.6027820780  -1.3116113518  -1.2134329319  -1.1241028371  -1.5953799218   0.6754636620  -1.6370928288  -1.6259872270  -0.3422932233  -0.2341035480  -2.4214413188  -0.1504921024
s3
-1.7277854379
 0.6007954558
-0.8215020254
-0.3827835973
-2.7120536057
-0.6750226200
 0.5358591929
-1.6440356608
-1.5995217041
-0.0844211328
-0.1961609964
-1.8754759758
-1.3654887948
 1.6077039844
-0.5732382604
-0.1110677733
-1.0886803736
-1.2552364558
-1.1183475196
-1.0032327378
-0.1207900019
 0.2479757644
 0.1448276498
-1.3461417957
 0.2929740623
-1.2987366940
-1.9868592006
-0.8269159694
-1.8039061102
 0.2647188855
w4
-0.6070782435  -0.7020550815  4.8689348026  1.2871732380  0.1969846806  -0.0031626962  -3.9224701372  -0.1066455423  -4.0461947103  1.7431851006  -0.8033831041  -4.2184334400  -2.0848785176  4.1919706254  -2.7551269026  -3.4351476018  4.9383935632  -2.1219139237  -0.6749045816  0.2565789543  -0.6918520687  -0.2840373798  4.9422849840  -2.1634307199  2.4644064752  1.3559473552  2.6123662526  -0.6883757101  3.2584696683  -2.4882211712
s4
0.0972054387

