layers: 4
str: {2,30,30,1}
w1
-0.2303500347  -0.7858959677
 0.3255128258   0.9110837897
 0.5925911386  -1.0316748158
-2.0373172660   0.8944978592
 1.2587326857  -0.4443659406
 1.4486544998  -0.9555812686
-0.9829750144   0.7729613356
-0.5617440530   0.2635170048
 0.6632437524  -2.1869290340
-0.5723230308  -1.1129502086
-0.3631119392  -0.5631066598
-0.0965975474  -0.5444937690
-1.0118712291   0.3882559112
 0.8955780130  -1.9039454898
-0.6689325521  -0.2924209607
 0.8854913787   0.0714727835
-0.1950646766   1.1722889918
-0.6906310599  -0.0555138159
 0.4760660448   0.1794257508
-1.2041170772   0.9666771226
 1.0021967234   0.2665740758
 0.5398285837   1.4852047793
 0.0151917380   0.2325747558
 0.9696991492   1.7820129967
-0.6837656506   0.0724415928
-0.6618456929   1.6622418941
 0.3553552799   0.8522461352
 1.4199725240  -1.4853105402
 1.7001743229  -0.2037878044
-0.7534262825   2.4047598947
s1
 1.5035928767
-0.2685836382
-1.1057500944
-0.5524788791
 1.1005271781
-0.0700094890
-0.4252625274
-0.1620153566
-1.1257123989
-1.5620453019
 0.7713845582
-1.2981289354
 0.2140944751
-0.4011402450
-0.8659877791
 0.0935297807
-0.8871062871
 1.0062405092
 0.7291161603
 0.1389287956
-0.4299715698
 0.2950532290
-0.3554505426
 0.9783083007
 0.9225856829
 1.2897189826
 0.4460959790
-0.5737813732
-1.7644496027
 0.1274484002
w2
-1.1081431753  -0.0720542736   1.5623221508   0.3644669271   1.2917761283  -0.2283575855  -0.0814152150   0.8891138375  -0.8276471458   1.0301386562   1.5757870361   1.3887194277   0.0009037298  -0.5943599447  -1.5017983938  -1.8122079888  -0.5941967948   0.0537688958   0.7775633733  -0.1650191065  -0.5940746132  -0.0271085138   0.1526401590   0.4621984191  -1.6570484414  -0.9077361663  -0.0500573525  -0.7851912119   0.6649156365  -0.0682975659
-1.7352234577   1.8866960427  -1.2476694362  -1.2048580137   1.2234325767  -0.7197381533   0.5112830279   0.2911629652  -0.8810709731  -0.8910116044  -1.2496074305   0.8801224958   0.7315718578   0.5130312264  -0.3496855615   1.7510022411   1.3496731957  -1.5431750947  -1.1611384240   0.7940883338   0.4793746592  -1.6291737511   0.4341678342  -0.1179376807  -0.4390777590   0.5822542471  -1.2326026531  -1.0126596862   0.1894251329  -2.4158607375
-0.6229227347  -0.0534627729  -0.6225419657   1.4454932181   1.5440677333  -0.0793287789  -1.7347899287  -1.4050391903   1.5973412414  -2.4382379401  -2.4034338888  -1.9342015702  -0.6165893073   0.3190034455  -1.0582467597   0.0233977054   0.7330412880  -1.0047547741  -0.3318114388  -0.5611373412   0.4306677992   0.2635340480  -1.3535840361  -1.2895171742   0.2977093524   0.2738421635   0.5381154319   2.3085165564   0.4085535774  -0.5134087570
 0.7252378094   0.5111887628  -0.2552998915  -1.2386055994   0.6742921077  -2.0071345539  -0.6900267367  -0.8602859529   1.3544785365   1.1677158554   0.1129520843  -0.8242707621   0.1880091742  -0.5756099766   0.1348946804  -1.0582608254   0.5659666098  -1.2912603567  -0.2439570325   0.8727631875   0.3370896891   0.0100919844   0.2898198080  -0.8808514935  -0.1334290335  -1.8676065180   0.8696270735   0.4925620910  -0.7351547157  -0.5441557226
-0.2221427638  -1.0139934039  -0.6904259478   1.6198094954   0.7493080713  -0.2620276664  -0.0338812370   0.3268414755  -0.0957071626   0.9456999044   1.4990586946  -1.0507374375  -0.4093744321   0.1934026687   0.4843849601  -0.3570014639  -0.8888724268   0.1370292216  -0.6350046917   1.7128760066  -2.5873848577   0.1083888487  -0.2686138551   0.0558021732  -0.2475877881   0.2640591622  -0.4745925915  -0.6900630533   0.5761435321   0.1247029199
-0.1977055063  -0.4653514069   0.3634364013   0.3528072087   1.7251735378   1.1063398389  -0.1556768748  -0.1080849043   0.3828992611  -0.5518288545   1.0747801774   0.7756864373  -0.9890832798  -1.1228755317  -0.9642163951   0.2786699470   0.6538926442   0.7440021534  -0.3775842021   1.1981268219  -0.9672464698  -0.9424504500  -0.9271334482  -0.7394964194  -1.9989222716  -0.3160230974  -1.7006004502  -0.1301856244   1.2782221922  -1.0570365092
-1.1480560068   1.9252473219   0.5994066802   1.0918690565   1.4855333099  -2.1760601016  -0.7261988723   0.6659101711   1.3743338267  -1.1557918560  -0.7251466082   1.2146074939   1.2240851372  -0.9831413840   0.5461836449   1.4111770519   0.4592762916  -0.2613242805   1.1300900943  -0.2591715123   1.1929766233   1.0266213004  -0.4787339140  -0.0921818611  -0.7764998181  -0.5954025008  -0.2476216882  -1.4779131114   1.6722884102   1.7190637229
-0.9435477419  -1.0853031428   0.3304503275  -0.4168265083  -0.0584144251  -0.3452729266  -1.3108053503   0.6336417104   0.0421418562  -0.9353783293   0.5232462995  -0.8778829731   1.0805709129  -0.3394676782   0.4693251493   1.8605938597  -0.6605502465   0.4262391099  -1.6291845505   1.2659544131   0.4623851623  -0.0448374176  -0.3092000189   0.0480224083  -0.5958157977  -2.5068090704   0.9692117719  -0.1567154772  -0.3728934721  -0.2559030748
-0.7208078907  -1.7896116953   1.3183828861   0.0404077301   0.7191595933  -0.6433701822  -0.0156215774  -0.5509706917   0.2359579378  -0.1602080962   0.1865049720   1.0855193325   1.0574592413   0.4607526103   0.0541903983  -1.7540323361  -0.3687334914   0.3319772028   0.4736904922   0.1413937359  -0.0602255558  -1.7009260042   1.3281060783  -0.8306948343  -0.4281706910   0.3612643281   0.2526861366  -1.7885430540  -0.5144772442  -0.6491828376
-0.4969353876   2.8615609719  -0.3539262927  -0.1574115265  -0.0881874380   0.0070828288   0.3815326971  -1.1496431117  -0.5849376588  -1.3085789201  -1.6059309206   0.7930660125  -2.0984288630   1.8066813185  -0.7332121582  -1.5755493141   1.3943651274  -1.2111578546  -1.4630386465   0.8670828288  -0.3616190467   0.7342018154  -0.1484407289  -0.2386387273  -1.0595997426   0.8799729891   0.4207122544   1.3742776774   0.4110119878  -0.8931965501
-0.8637379269  -0.8388989828   1.1939536878   1.4685255748  -0.2983598322  -0.0550385446   0.8780431477   1.3882560981  -1.4519261244  -0.2639897924  -1.9575358812   0.5731136063   0.2515836386  -1.2735393597   1.1652646623  -0.2826189587   0.9881353037   2.0427158191  -1.5487722587  -0.3141801894   0.4025249903   1.1265971113  -0.4692857238   0.0562293557  -0.0862640648  -1.1124231329   0.0340839977   1.4413416217  -0.0143499836  -1.1459811413
 0.0369170131  -1.2276669540   1.1251479171  -1.5516051233  -0.2741489169  -1.2813493290  -1.5493167109   1.1858162952  -0.0866146645   0.5015338021   1.6901198886  -0.5855778214  -0.3230721288  -0.9085958354  -0.8657907211   0.3694957211  -1.1638170657   0.9477073421   1.1166362412  -0.9537788928  -0.1654297695   0.9406488101  -1.9223751834  -1.7692969413  -0.8402122535  -1.4015112093  -0.2112887272   0.7186421605  -0.4963936670   1.7983221887
 0.2099609880  -1.3253802237  -0.1772464271   1.4068504417   0.0634660531  -0.6945828244  -0.3105419592   0.2886150987   1.4042382042   0.2229863884  -0.2324144742   0.0257853795  -0.1186420667  -0.0850207298  -0.3577608683   0.6282305880  -0.6683914298   0.0064911815  -1.1164239273   0.3642531211  -1.2254223199  -0.4603740924  -0.5293064626  -0.2216747491   0.8513556967  -2.0821518154   0.2462026131   0.0173741720  -0.0829798051   0.1157790130
-1.2107648693  -1.1218765861   0.4151919269   1.2088610949   0.4325532396  -0.8066410037   0.0558699803   0.8517653168   1.0094089691   0.2708611657   2.0349945030  -0.1592083088  -0.2501388483  -1.2269163115  -1.0764077610   0.7008284178  -0.7732779374  -0.1379383148  -0.3255609973  -0.3586270981   0.1275191570  -1.4277641753  -2.1266947734  -0.9141881939  -1.6548831855  -0.0521823125  -1.7565870612  -0.3446868125  -0.3362431111  -0.7081827686
 1.2666276883  -0.9967500375  -0.3513580231   1.0238318223  -0.6268012219  -0.9003180392   0.3470040996   1.3268020882   0.6319137159  -0.2098440280  -1.4546686284   0.3080594871  -0.7967173478   0.4772651263   1.3286486912  -0.3477783102  -0.7194801793  -0.2686679820  -1.0833635595   0.2117816271  -1.1058856055   0.7492819483   0.6603886994   0.6650876595   0.8397173674   1.3171946306   0.7688351150   0.9629389540  -0.0220297888  -1.4696323504
-0.6634174187   1.3086912925  -0.1008282330   0.5174025719   0.0108975260  -0.9536762839   1.5313540717  -1.0572128850  -0.8128240953   1.8118602992  -0.2148270779   1.9032090441  -0.9309709717  -0.0819940833   1.1282216774   0.2466021019  -0.4676912060  -0.6629015862   0.1949238761   2.3937047319   0.4754931054   1.6231523392  -1.1156800526  -0.8707515165  -0.5093054479   1.4326325754  -0.5499829384  -0.6471134847   0.2922761209   0.6581675986
 0.1948199962   0.1394329123   1.4439134977   0.7657793753  -1.8240900888   1.7137768718  -0.0519533710   0.3067396101   0.1397227775  -0.6056410607  -0.1448385702   1.8045388660   0.4086103728  -1.3807123840   1.3318991211  -0.6191153417   0.8205744149  -0.9191444769  -2.6032862865  -0.0249087331   0.0388740289  -0.4456923551  -0.0039692004   1.3779675522   0.2744553650  -0.7999763934   0.9321728208  -1.5241718709  -1.3340366130  -1.1394454786
 0.1480549812   0.1761355375   0.5658806513  -0.8508716647  -0.4910155302  -1.4759439912   2.2629328142   0.1104296143   0.3912406086  -0.0683585189  -2.7297771250   0.7446329251   1.1065709047  -0.2969243480  -1.2296899486  -2.0747394655   0.9019819229   0.2740278726   0.4128171788   2.2099868170  -1.5217276539   1.0083938422  -0.6703014225   1.2893642530  -0.1873166371  -1.1662412545   1.1788882686  -0.7727548922  -0.0485697486  -0.7709860906
-0.2673087154   0.0349586746   1.4886136845   1.1737318824   1.3402679298   0.5280315303   0.7401569373  -0.1467474758   0.4336575141  -0.1566415714   0.3931970791   0.6289430326  -0.7711222347  -1.1966827686  -0.9859696549  -0.9640002908  -1.0747482776   0.8542304304  -1.2363375419   0.7656964481   0.2069496216  -0.3882280261  -2.4037264897   0.3932266140  -0.6837371805  -1.9861647158   0.1407943652   0.3588149922  -0.1244636851   1.0100995313
-2.0279678445   1.2518144145  -0.6678468794  -0.5277261488  -0.3299997788   0.7494403267  -0.6931288614   1.5655799033   0.7212755683  -2.0034289284   0.6394844217  -0.3826001743  -0.8367895430  -0.5454969624  -0.9942898529  -0.2047096354   1.3453293405   0.1665768355  -0.3002547798  -0.2678605762  -0.4756925618   0.9063499591   0.3322274993   1.8198768219  -0.0703410696   1.2061505357   0.1481024932   1.2748286539  -0.8550954955  -0.4584977860
 1.2438524327   1.2966154769   2.9244020877  -0.4114578279  -0.0184314192  -1.1886023747  -1.6589221550  -0.0870155094   1.5335470645   1.0093585435   0.6797539275   1.5098671205   0.5096389246  -0.0551803564  -0.2083324805  -1.0553725783  -1.1681845423  -0.9427266950   0.6629582237   0.6234503629  -1.3359062675  -1.9364185618   0.7327877274   0.2511056805   1.2973686531   0.9556339747   0.9269772173   0.7866923069   2.4404728672   0.1028759556
-0.6687383172  -0.3708301815  -0.5699329877   0.5481809407  -0.0748144505  -1.5510173897   1.8790150006  -0.9885147771   0.6576600502   1.6578729843  -1.8688919880  -0.1313401863  -0.0850696025  -0.2658712441   1.2549376050  -1.2729481767  -0.3657287343   0.3448975152  -1.7387933558   1.7368554927   0.5161784403  -0.2670247741   1.2563771226  -2.2824444223  -0.7097289884  -0.9304515726  -2.3216380243  -1.9076029750   1.0162823270  -0.3326897263
-1.4274643440   0.5050674925   0.6167086194  -1.0982736569  -0.1154728105  -0.0930767596   0.8981099948   0.4304292651   0.5573313042   0.3390090767  -0.0665996417   0.4659678447   1.1884877933  -0.1141486912  -0.4375029783  -0.5893236058  -0.5318770328  -0.7074464435   1.5517637256  -0.7035065709   0.2984041735   0.1215898650   0.0749932734  -0.8852715628  -0.7504475428  -1.4704704530   0.2749442353  -1.0053753478   0.7790380360  -2.0859985882
-0.3928351177   0.9558268706   1.0983791493   1.2521080622  -0.1292648684  -0.7229248109  -0.4078172431  -0.4851598853  -0.0383143029   1.7624081355   0.5712576634   0.0744849955  -0.4236916779  -0.6883521000  -0.2357639044  -1.1282414451  -0.3081351781   0.2702309846  -0.5621139836  -0.5804452901  -1.4761375910  -0.8539295996   1.5201483270  -0.1537762581   0.2437445659   0.9711618215  -0.9177201538  -0.3472213335  -1.4223384369  -2.1438442164
 1.8957842132  -2.0141998920   1.3756634806  -0.1674748773  -1.3420694059  -0.5089157457   0.8615035500  -0.6775602048   2.1333134529   1.0780401292  -1.4086854886  -0.1766342707  -0.5341989508   2.0681417536   0.0176837007  -0.5801748596   0.1555476899   0.2612269412  -1.1941356781  -0.8061691027  -1.1214522538  -0.4429707680  -1.2603139154  -0.1305390830   1.8709369836   0.0218957047  -1.1375613288   1.4972850594  -0.9044164795   0.7357694248
-1.0551493580   0.5624139199  -0.6111172048   2.2386393416   0.2091935237  -0.0172293194  -0.8876660782  -0.9399063097   0.0570862571  -0.8872934595  -0.2155596132  -0.1457233209  -1.6163499236  -1.0743281073  -0.1964298734  -0.5423827078  -1.6208733466  -0.5351761863   0.4374622564  -0.3517344745  -0.2084489717   0.5011665437  -0.5109713418  -0.8443659924   0.8497867800   0.4755029945  -0.0146142486  -1.8789847366   1.6396885619  -2.1764616655
-0.6885107573  -1.4369256551   1.0617005372   1.2778550974  -0.5186628911   0.3991974103  -1.8706872985  -0.0144536133   2.3425614929   0.1837471929   0.1612022245  -1.4626210435  -0.9822392847  -0.8539563349   1.5017753435   0.4856752769   0.9366267480  -1.0020113260  -1.0809953187  -0.5528211488  -0.4120158181   1.6454951336   0.5206843013  -0.6403658935   0.2617288838  -0.4580923611  -1.7285459371   0.4239120033  -0.9792542182  -0.3418321618
-0.4480933437   0.8823093488   0.1908821880   1.6679753642  -1.8695041964   2.1854379319  -0.4466114355  -1.2148890078  -1.0735490811  -1.7095465736  -0.8180797000  -0.5324254553  -1.1204610371   1.3489851930  -0.2152191946  -0.7968357928  -0.5153367013   0.3201936823   1.0748100430  -0.2579922067  -0.4164695376   0.7414641155  -0.1891516609  -1.3368074364   0.4368112759  -0.2368093011  -0.7731164087  -0.4783460911  -0.9122031134  -0.3380610258
-1.4333056977   0.4677671721   1.7182525138  -1.3748668098  -2.0608953932  -0.4944852718  -1.0639869010   2.0093325522   1.2580226820  -1.5475868694  -0.7491875007   1.3196535096  -1.5886921593  -0.5410822675   0.6948968160  -0.3705059007  -1.4026907190  -0.9124798829  -1.0829827175   0.7357840733  -1.3462597060  -0.7731875234   2.5300988492   2.5793435305  -0.9481393090   0.4749054611   0.4316515088  -0.8886434850   1.4734579205   1.1682035596
 2.0936001677   0.0895723967   2.1296214923   0.2436303681  -1.1351049626   0.8940361747  -0.1687013381   0.0486187930  -0.6346938474  -1.4454814064   0.0790009510   1.7354861373   1.0949096583   0.1842469269   0.1037447251   0.5685512964   0.2452387347   0.1059255344  -1.7229061344   0.6379450263   1.8370729537  -0.7922591939  -0.4621694172   0.0179194400  -0.7745269353   0.2010288034   0.3057788807  -0.1836070422   0.0351168677   0.1470323140
s2
-1.5311018735
 1.5577509579
 0.5317461800
 0.5305928482
-2.5397383116
-0.4660811617
 1.1819073816
-1.1563559163
-0.6263035177
 0.7484176262
-0.3339464787
-0.3545427290
-0.8531796823
 2.2051744194
-0.3386253231
 0.5795180400
 0.2723853039
-0.6175065242
-1.0778391950
-0.1635019361
 0.3427222110
 0.5077291274
 0.6777944108
-0.9299985411
 0.3917379506
-0.4947168091
-1.4084704788
-0.8480510127
-0.8058633810
 1.5336940123
w3
0.0043318372  0.0231028124  0.9245293507  0.1203667795  1.1210363671  -0.3246980827  1.0439377058  -0.6856534493  1.0405536349  0.2544478262  0.5081614639  -0.0649649940  0.5379559353  0.8765835780  0.1715229864  0.3353346730  0.0090450219  0.9611585519  0.1374033738  -0.2333727069  -0.3410861198  -1.5834417374  0.0811865931  0.7424536207  -0.2924906701  0.8650102213  -0.1727276687  -0.9911559214  -0.1798880350  2.6086656277
s3
-0.5914166505

