layers: 6
str: {2,30,30,30,30,1}
w1
-0.0685539619  -0.8552342110
-1.8026157414   1.1491197677
 1.7514861181  -0.2163209045
-1.4115275355  -0.4232109602
 1.4102745925  -1.4949182031
-0.4501551986   0.8704666486
-0.2713340419  -0.7890719947
-1.4760043369   0.9177607110
-0.1718076006   0.0150435737
 1.3980001883   0.3964797036
 0.3502528972  -0.6508828922
-0.3655139331   0.1987588437
-1.4855005026   2.8711830478
-0.2586576388  -1.2292413279
 1.1087218486   0.7764494860
-0.7876457820   1.1879408386
-0.1762442004   1.5876853278
-0.2736059274  -0.8367984768
 0.3470024542   0.2673403443
 0.6927126510  -0.3412265028
 0.3493859704  -1.2915260547
-0.6034966325   1.0672558584
 1.5356293911   1.4829981653
 0.5886518757  -0.1841018509
 0.4583987259  -0.0591241879
-1.8002439508   0.1004684578
-1.4636893362  -0.3043663134
-0.4566288068   0.0534865453
-0.5543546838   1.1519175502
 0.6264088388   0.5737771357
s1
 1.4081584608
-0.4336150716
-0.6858387194
-0.2395247225
 1.3753831937
-0.1223992969
-0.3172902738
-0.0269182230
-0.8088394255
-1.5357719846
 0.6503800191
-1.1520104963
 0.2294245921
-0.3488224196
-0.5825513365
-0.2083122660
-0.9056778852
 1.1904155117
 0.2056867506
 0.6005142556
-0.6633157389
 0.2984669306
-0.3955723298
 1.0094487726
 0.9191833295
 1.1199596012
 0.3875109958
-0.6020444454
-1.7136643609
 0.0158585641
w2
-0.6256570953  -1.4462656654   1.0700702143  -0.0224699106  -0.7806753112  -0.4591595304   0.1961851765  -0.0907555102   2.0121645419   1.1559549791  -0.0384387310   0.9439450317   0.2914721450   0.1926135669   0.1094093421   1.0028496436  -1.1649960616   1.3038658635  -0.4275125389   0.9463221703  -1.3242061433  -1.4448242953  -0.4453136083  -1.5411174817   1.2612848337   0.6989998155  -1.5065540087   0.9422017622   1.2275359987  -1.6938632872
 0.0423510646  -0.6155537211  -0.5718979371  -3.2497807046  -1.0346785877  -0.5159110308   1.0306278343   0.7007619336   0.4368559867  -1.4254001465  -0.2702480833  -0.5193761279   0.6557997032  -0.4314463056   0.5029338944   0.5840987687   0.9867355559   1.1993036081   1.9501064904  -3.1721278402   0.8075469232  -0.0678283232  -0.8304699198  -1.1994892649  -0.1338261239  -0.7275112285   0.1542787272  -0.5993742263   0.1291171992  -1.2973752339
 0.1462111376  -0.9189293696   1.9272694982   1.4473442122   1.0727547318  -0.9356561491  -1.7036140907  -0.8652447007   1.5963248424  -1.2853788822  -1.6424781972  -0.1537799831  -0.3199665041  -0.8377824604  -1.3754343823   0.5361452808  -1.0817057545  -1.9777401191   0.9065557430  -0.0306746229  -1.6233996898   0.8061317067   0.3429540427  -0.3703197612   1.0198053134   1.5159509265   1.2928061467   0.0471556769  -1.6612611219   0.4639503301
-0.6580332659  -0.9117475124   0.1852180532  -0.6206223326   1.0905967647  -0.7470208522  -0.2439210639   1.6370562418  -0.5326237584  -1.1124740760   1.4448016732   1.6089613887   0.5743156070   0.6703433475   0.0953446045   0.3740692471   0.7024711982  -0.0672761790  -0.6030217953   0.5121331547   0.9414890360  -1.9306882534  -0.3439931566  -0.2726574824  -1.6782180761  -0.5695657846  -0.3027434874  -0.5292027331  -1.3441773558  -0.1792277584
-1.2725485600   0.7132583512  -0.7367043348   1.2763088904   1.9123925758   2.3271935894  -1.4218233437   0.2677713563  -1.1876977105  -1.5067991711  -1.7275037209  -1.3642613346   0.8995520621  -1.1001263653   0.6143112444  -0.9096119433  -0.5024057998  -0.4129242098  -0.9598991603   0.5404490734  -0.2230813019   0.3007649328   1.0444849207   0.2658551093   0.5828228306   0.4240330179   0.7100111132   0.5609065468   0.4067167526   0.5794419862
 0.6269564583  -0.1007749906  -0.5331552648   0.5488545531   0.2767795670   0.7482660298   1.5032595080   0.1220397849  -0.3858604138  -3.0967918677  -0.0972598319  -0.9511308441  -0.1701519092  -0.1679110069   0.4691556146  -0.0869556906  -0.5279238653   0.9319737783   0.6704759041  -1.7340470455  -1.6887593500  -0.4115756699   0.1998918519  -0.2602230502  -1.5232536850   0.3375623275   1.7959862150   0.2619490680  -2.7334946844  -0.4640977520
 0.5959168578   1.7127254755  -0.3177422707   0.8763408115  -1.5444402953  -0.0625765117  -0.1892666819  -0.1406380822   0.9200651196  -0.9818818181  -0.9441632755  -0.7452218087  -1.9440724745   1.4820814122   0.9459942321   0.4462347926  -1.5406045070   0.5201129140  -0.5342887156   1.0247408226  -0.6949711039  -0.3827030331   0.1722678907   0.8270975215   0.4984651356  -0.9209016308   0.4076911718  -2.3236527915  -0.2143078104  -0.0028575058
 0.3220199600  -0.2344031687   0.1071265431   0.6425329184   1.5671582118  -0.7360085787  -0.3122551273  -0.1394072204  -1.0119537346   1.0253247615   1.0971023272   0.4556180365  -0.2403532534  -0.0436974681   1.0740947660   1.1259115801   0.0362556606  -0.2598224963  -0.4823028458  -2.6554457018  -0.7217157451   0.0517259628  -0.2357972103  -1.2840800417  -0.6849695220  -0.1165494294  -0.9998203564   0.6450099547   1.7586469839  -1.1478701141
-1.3648713158  -0.1503086943   1.6174021101   0.2226964732   0.2328356793   0.3384437670   1.3939813247   0.3934438066  -0.2846116319  -0.0337532288   0.0760408424  -0.8447803767   0.7599842915  -1.0426637257  -1.0236572472  -1.0879289752  -0.4990699655  -0.8560887439   0.7207151802   0.0737088159  -0.6170295964  -0.1004548235  -0.3212820383   0.3146313457   0.9204031015   1.0783609317  -0.8067601573  -1.7785218699   0.8413646595  -0.4850678999
 0.1895369140   0.9474562979  -1.2059056039  -0.3000857840   1.1591916288   0.2090112150  -0.6361123249  -1.6135850214  -0.2425776835  -0.7377642664   0.4040956437   1.1221332048   2.2175883200  -0.0199487132   0.1355434499   0.0121086474   0.8492032749  -0.1435005267   0.2413387941  -1.7843894307  -0.3926542073   0.3652456694   0.6654626640   0.2378181713  -0.3876696698  -0.5532569717  -0.3773339270   2.0751495517  -0.9316966956  -0.6121556756
-0.4821175128  -1.9627097655   2.1599083502   2.5866175574   1.4241499421  -1.6498948520  -0.1553497203   1.4819015540   0.3339688397  -0.7387085192   0.2213179349   1.0334639160   1.5179585686   0.9582498380  -1.1020991137  -1.3969510893  -1.5124514129  -2.8968580207  -1.1583021121   0.0859077781  -0.7154919623  -0.0847810841   0.1552743995   2.1014646411   0.4034913141   0.0942459967   0.5029074002  -0.5921650280   1.0535090671   0.5274400808
-0.6503237928  -1.2683537616   0.2870951751   0.2092468077  -0.5527530074   0.8459295300  -1.6038192825   1.0176517222   0.3229573617   1.2895724521   1.1311521551   0.4030497907   1.3291614120  -0.3966962940   1.5773687147  -0.5512881255   0.3089248447   1.1858022270  -0.1783931377  -1.1513013982   0.8425426624  -0.4993652165  -0.2107620787  -0.0552635640  -0.0546784644  -0.5206499946  -1.0234076699   1.6979733300   0.3212233960  -0.0654147192
-1.4553188192   0.7174048505  -0.3377088796   0.2833451007  -0.1705112416  -0.0708247210  -1.4665478567   0.9566451129   0.5993021527  -0.5863871226   0.0817019878   0.1612654291  -0.9573553954   1.5580971773   1.2337263690   2.5401435861   0.7272086745  -0.5550503652   0.0535312582  -0.7420321941   0.7623780369   0.0898004338  -0.6201707388  -0.7890465312  -0.9931847102  -1.4871875023   0.2279407557  -0.7428067765  -0.2646597384   0.9655967714
 0.9243375752  -0.6460065584   1.3988368398  -0.9681343961  -1.1379105251  -2.6339689748   0.8376619045   0.3615112364   0.9625879605  -0.7569044905  -0.8113896180   0.5904726522  -0.9220383588   1.4457166904   0.5993807188  -1.5239764708  -1.8363495092   0.7013132166   0.1373987921   1.2061783565   1.2354810904   0.9585093151  -1.7364890062  -0.5521689737  -0.2587123860   0.4125556288  -0.4106550607  -1.8524923807  -0.2145737932   0.0677091136
 0.2941693380   1.3418684756  -0.1197201946  -3.0159165906  -0.3103617824   0.3705096613  -0.5576032302  -1.1412653793  -0.0467144459   0.9999892718   0.6558359117  -1.0525148216   0.1665444051  -0.6637492167  -0.7086880094   0.6921072253   0.0936761190  -0.5864181583   1.1224052396   1.7679243945   0.5542089377   0.2726498680  -0.7035472604  -1.4466636448  -2.1475407728  -0.9215123368  -0.7569969810  -1.1937694566   0.6275806177   1.5643557162
-0.0015851158  -0.2385281206  -0.9111882844  -0.0979477058  -0.9393892963  -0.1691037672  -0.2211781806  -0.8284624969  -0.5694461519   0.4345555719   0.1065622674   1.7633754890  -1.3746512490   0.4428916212   1.5154747738   0.8810153585  -0.5267829621  -0.5316961509   0.8532026891  -1.5431343482  -0.2608634983  -1.3410309109   0.9312771819   0.5491061874  -0.2932395727  -1.0211167534  -2.2451993916   0.7357183983  -1.1179279567   1.7578750275
 0.3589148081   0.1183435633   1.1782217093  -0.2898332803  -0.4315107457   0.4663941420   1.4016039738  -1.2013136379   0.7170399153  -0.0731920671   1.5383922808  -0.8455323350  -1.0488001354   0.5041821916  -0.2119712320  -0.3918913897   1.2126928715   1.1196601725  -0.6933260758   0.7798440160   0.1459691102  -0.2580318700  -0.2676953212   1.6445089338   0.5052772548   0.3255739113  -0.2776881116   0.2555295753  -1.5355815810  -1.0862280192
 0.2126367328   0.0801799399  -0.1885852694   0.8644812114  -1.2415033453   1.5909139324   1.3331244076  -1.9058832089  -0.1730999189   0.8858619662   1.2396790341  -0.7415899802  -1.0791308638  -0.6873472365   1.0499948002  -1.8604428083  -0.2836908072   0.6672906339  -0.6461277628  -0.8609864561  -0.9601259568  -0.1696614260   0.0341761752   0.5997057114  -0.0375265052   1.3868662588  -1.0461624919   1.1738389972  -1.4305334939   0.4677679010
 1.4898587118   1.9737956288   2.0490341575  -0.7564803227  -0.8863281738  -2.6638005046  -0.0901016899   1.5577392011  -0.5865723931   1.6431866066  -0.8186429681   2.1920062968  -0.6032145143  -2.1561139962   0.5705848438  -1.1337313975   1.2900457784   0.8264677559  -1.8681761903  -1.1933772695  -1.0604690546  -0.2074076404   0.0003374677  -1.2771061152  -0.1269370041  -1.2475860232   0.8871612707  -0.7900479539  -0.1166030354  -0.5941473119
-0.3610324530  -1.4984417360  -0.0557040294  -0.1838775305  -1.6785227884   0.2260789054   0.4200278448  -0.1357454449   1.3964818089  -1.8387424119   0.2226176211   1.1941465178  -1.1570298555  -0.4850203549  -2.4937400535   0.4931139745  -0.4104283339   1.1996161278  -0.6664819033   1.3601588001  -0.2260387908   1.3959624173   1.0055293567  -1.3322688643  -0.8812611093   0.9533854812  -0.7585280432   0.3182432854  -1.1609420792  -0.4831318303
-1.1730276007  -1.1784242604  -0.8551586447   0.5657112748   0.5916941426   0.7902673161  -0.5856225063   0.6293087596   0.4550973850   0.0501769367  -1.3428870666   0.9503276977  -0.6587658176   1.9843745595   2.0711492272   1.2366919075   0.0196797728   1.5168188171   1.2619827699  -0.5094361030   1.2652524889  -0.5184895772   0.6821033227   1.8766224382  -0.1633603927   0.5699238666  -1.2547157870   1.1438648264   0.0015975356  -0.6365551560
-0.1414753051   0.0467161174  -0.8710652306   0.3112044695   1.3076082450   2.5759270637   0.6874976116  -0.7567377858   0.1405897788  -0.4540829544  -0.4738384107  -0.6743236133   1.0707599574   0.7294515033  -1.8426328171   0.2364775333   0.3510877406  -2.3079073815   1.3997381982  -0.8271361445  -0.8283225416  -0.3804599415   1.4751554350   0.7315677935   0.5458887187   0.0626691839   0.2223335645   1.3829070821   0.3525762894  -0.7284101971
-0.5453536921   1.1004714510   0.5542911877  -0.4387122252   0.3024590768   1.0173084149  -0.6169652133   1.7095015288  -0.7609057193  -0.3995196477  -0.8139448476   1.1850700812  -1.7010969615   0.0184817395  -0.4285834774   0.6147451519   1.2305998217   1.6450343218   0.1456671635   1.4295764973  -1.1919306452  -1.3101369974  -0.8361456470   0.4056483973  -0.6384642108   1.8949029173   1.6409770925   1.2693197571   0.0954340798  -0.2615057497
-0.0728638635  -1.0860829140  -0.6448636582   0.2868876966  -0.5552728000   0.4396688215  -1.4481677328  -0.3354123830   1.6024407369  -0.9505504155  -0.7953844930  -1.0181272823   0.1493047467  -0.8868958026  -0.2261055195   0.8916124508   0.8994037400  -1.8859772264   1.4906451693  -0.3804266606  -0.4058905527  -0.6109790370  -0.6542326451   0.3916853786  -0.9494124940   0.8032106341   0.2574330690   0.3080657791  -0.8404908554   0.0128972687
 1.1316967010   0.0457664341  -1.3606257067   0.3437411606   0.7447815094   1.1172629743   0.9137507494   0.9593894108   0.5094272394   0.3917474187   0.7340471189  -0.3552062217  -1.1146174538  -0.0747764011  -0.4867216266   1.2028479970  -0.3186317988   0.7062956637   1.1435939257   0.5059240932   0.1478577505  -0.9424382655   1.2692646714  -0.0475164972   0.4793582314   0.5981508778   0.3509806875  -0.8268570522  -1.4537370014  -0.1539067464
 1.4476931086  -0.4705442726  -1.2975801625   0.4978188345  -1.2519301146  -2.5032265283  -1.3004089530  -0.4117524965   0.8498213521   0.7172208243  -0.6980800262  -0.8780260537  -1.2429865929   0.5986939964   0.3935480008   0.6017398494  -0.4338774023   0.2866909185   3.1947922696  -0.6417673293  -1.0461677368   2.3807988895  -0.3068423954   0.7474286998   0.6549002050  -0.4131520754  -1.8271845489  -0.4510208169   0.3951724833  -0.8778512024
 0.6432446349   0.4849658118   0.0438841274   0.2835514026   0.3384907083   0.5150786901   0.0574385475   0.4276873696   0.0171244990  -0.7465657006   1.1868866440  -0.0841081047  -0.4620438241   0.5747444712   0.4235602762   1.6283791036  -0.0628988544   0.0675854862   1.0417362537   1.5059093222   0.7895375560   0.2201978146  -0.3724894119   0.1950637953   1.6152384180   0.2387203303   0.6740064680  -0.3851154343  -0.2847814610  -0.9769649222
 0.4322253149  -1.4900882448   0.9958062005  -2.1399967959   0.0886483077  -0.1886052855   1.2425047453   1.6166114892   0.1208574336  -0.6781157436  -2.1746698579  -0.6234169649  -1.0671543824  -0.5113618182  -0.0595969540  -0.3990496705   1.5361325197   0.3209083268  -0.7847141313  -0.6545330488   0.5959516341   1.4635560716   0.8126083748  -1.4606762145  -0.7489723277  -0.8024012782  -0.5119362797   0.7168414191  -0.6017656636  -1.1055055729
-0.6977488388  -1.3142350057   0.6458489151   0.0420926528  -0.7333559368  -0.1402822268   0.9850912162  -0.7927993015  -1.8914088877   0.2869144292   0.2322696391   1.1791688607  -1.0092499563  -0.6030617346   1.1728891829   1.4397276361  -0.6716534698   1.1785728494  -2.1863157744  -1.6788049055  -1.2675129307   1.5530833423  -0.2303430045  -1.4885810116   0.1827947790   0.0160856876  -0.6395790953  -1.1966577350  -0.2016461977   0.1589190978
-1.1487918757   1.2397675652   1.2384726491   0.5465937265  -0.1428232150  -0.3178564881   0.8175840832   0.7438085849  -0.2366827117   1.0827578866  -0.6466464613   0.6914278672  -0.6920952525   0.1994967443   0.2874827620   0.5143850220  -1.7705827981  -0.8240485217  -0.1110452527   1.3439573157  -0.9140314763   0.9381264400   0.8523347889  -1.1194544893   1.0829699812   0.6634585535   0.0381308925  -0.8076255016  -0.1987060935   1.8797409711
s2
-1.4524070322
 1.5837922969
 0.7275107528
 0.6584511499
-2.1441718039
-0.0903530450
 1.4797212717
-1.0782103833
-0.4059395913
 0.8964311453
-0.2123061222
-0.2609240373
-0.6507146295
 2.4352178184
-0.0951767628
 0.6812229861
 0.5656504461
-0.6174827819
-0.8024881653
-0.1042933111
 0.4814296573
 1.2413288575
 0.9804355346
-0.9340585504
 0.6558468806
-0.5463883121
-1.2962669009
-0.8071198955
-0.7732800609
 1.3854437018
w3
 0.5307064951  -1.3596901250  -0.0819785796  -2.4136956800  -0.0841741455  -0.0069563003   0.0531967260  -0.5307814150   0.6914455111   0.1747720536   0.4027476603   1.2333869990   2.0850481209   0.9319863261   0.9195469275  -1.8717572447  -0.8730391890   1.6280471906  -1.0379553156   0.4397101367  -1.9913623815  -0.0087433626   1.3785012960   1.1610215017  -0.3528165523  -0.7876704376   0.0949071161   0.2811900557  -0.7183955204   1.1709916106
 0.1322043629  -0.6708347942   0.2252682421  -1.0945576709  -0.3631698420  -0.1072672109  -0.5158600142   0.2962821723   0.0703433324  -0.4146496541   0.5181786550   1.1298250787   0.0588340724  -0.3489417687   0.9749089354   0.5559164177   0.3597377985   0.9413747613  -1.9709341432   0.1374275936  -0.6677237396   1.6570201635   1.3796910472   0.8138631381   0.4983465028   1.1526140892  -0.2558425412   0.6999570231   1.1671462787  -0.6333669304
-0.7560026828   0.2963941974  -0.5915590585   0.2250728636  -1.5619604704   0.4677462075  -1.1911040690  -1.1601007916  -0.6339598791  -0.7789603201  -0.2667035648  -1.0117332829  -0.5328290787   0.5462950668  -0.2920849513   0.7062510393  -0.7275995805   0.0151588910   0.1717489271   1.0979626570  -0.7510573719  -0.3161476997  -0.3330962342   0.2385280391   0.5632646049   0.0636773399  -0.4401466150   0.6428378888   0.0226708681  -0.4713512155
-1.3773986808  -0.4703378931  -0.5971303228   0.2173418428  -0.2673726019  -0.9712346450   1.6868792997  -1.3309104730   1.2359409642  -0.6218109204  -0.3877570313  -0.6358217026   1.1251274477  -0.7032868636  -0.1685941356  -1.2216598131   0.2481407665  -0.1394592748  -0.7027204478  -0.3882267920   0.5307533237  -0.9352612095  -1.5367550127   0.6832146681  -0.0156557556   0.2536115075   0.5362866341  -1.4517580094   1.0155790857   0.7073492917
-1.0690932938   0.8841351642  -1.0117238184  -0.1535028784   0.7391842028   2.3387342726   1.4919273916  -1.3607116755   0.6033527436  -0.1067046847  -1.2162375152  -0.0363221599  -0.2461963685  -1.4066820958   1.2333981111  -1.1641596565  -1.0121992399   0.7771024471  -1.4811264363   1.2861114896  -1.1051854072  -1.2435857135   0.7396359808   1.1793910589   1.0717506733   0.6738265869   0.4212195001   0.2439769427  -0.8414488059   0.1578693998
-0.2293055626   0.8225780175  -0.3558028954   0.8555611452   0.9916160157  -0.8013118181   0.8884241793   0.6367151721  -1.4915510755   0.6214434110  -1.3508524414  -0.0394736882  -0.3721431701   1.1851559155  -1.3891413049   1.5952966110  -0.8281084699   0.4166242100  -0.0959732577   1.1368127433  -0.5947615106  -1.6072555280   0.6732588853  -1.0055522988   0.6320331279   0.3718622689  -1.2946052037  -1.4944571558   1.7774328211  -0.0608707367
 0.7919829565  -0.1816645515   0.1427171776   0.2248835079  -0.7548001438   0.3967308907  -0.6021048235  -2.2154831016   1.6243123253  -0.2512325061  -1.6409462006  -0.6606246916  -0.9397277783   2.7166983926  -0.8114430490  -1.4398815498   1.8282190932   1.9308544340   1.0288898669   1.6919457793  -0.0628793328  -2.2146593278  -0.6430040262  -1.6055316642   0.1097244868  -0.0156042722  -0.8639932328  -0.0055865435   1.1353801725   0.5509638989
 0.5768639858  -0.5672669194  -0.5845705151   0.0339459475   0.6320269153   0.3606953797  -0.7059807451   0.5250839153  -0.3989758460   0.6543858604  -0.8259581717  -0.5912198918  -0.9721572784   0.2095015748  -0.4109031860  -0.1412012917   1.2069567824   1.9773248232  -1.5023045451   1.2260057994  -0.1897187807  -0.1408303385  -0.5594409871  -0.1846569669   1.0122987102  -0.2353875583   0.4081028595   0.2361636993   0.2115241342   2.1891507485
 0.4828463864   0.8357244727  -1.9744050837  -0.3783848239   0.0662403670   0.2008364221  -0.8376183450   0.1799091344  -0.1932792378   1.4651329444  -0.6665224084  -0.3808387375  -0.9720665690   0.1291130341   0.9628272270  -1.0150164212  -0.2671716899   0.1477295849   2.5632460950  -0.3855044085   0.7137858546  -0.4741156962   0.8244575751  -2.3744110540   0.8574297673  -0.3857973898  -1.8520171841  -0.9138018890  -0.3758236750  -2.3917163639
 0.1427503951  -0.9429862818   0.6404683850  -0.5005723402  -2.2127064894  -0.1338596476   0.4874690580   0.1515760289   0.8012941322   0.3876942955   1.3638909010   0.3730566528  -0.5109227943   0.1898209967   0.7154479654   1.3283688209   0.9669168896  -1.4179500460   0.1558587121   0.4533065391   0.8309698173  -0.7780884182   0.8108313197   2.0985905297  -1.1104416744  -0.1280573481  -0.7336204302   2.4359737357  -1.6655051837   0.5451394283
 0.4044901661  -0.2824598066   0.3597178497  -0.2814261408  -0.2254780841  -0.5246225206  -0.8126529974  -0.8663273501   0.2188160288  -1.0328436743   0.6819477151  -1.0695150431   0.8254121518  -0.1859779243  -1.3500674577  -1.1647819019  -1.9368084835   0.2266072115  -0.1796540569  -1.3479386339   0.3065919234   1.4559043334  -1.1067237747  -0.0492091410   2.1468119130  -0.7894014465   1.3835236530  -0.4516780124  -1.7704086479   1.2721759292
 1.4164192073   1.0860282415   0.4342353240   0.6999933662   0.3721497015   1.4052071304  -0.2656539016  -0.6268641129   0.9220735836   1.8230559890  -0.8864897341   0.1451188659  -0.1197554350   0.8830677987  -0.2773983317  -0.2426931236   0.5813494215   0.4436594688   0.2371419282   0.2843818332   0.5479746315   0.2461822121   0.5256145502   1.4893703239  -0.5892214826  -1.7430856807   1.5649897373   0.6618582225   1.5741430654   0.3926943378
-1.0479616120   1.0795190088   0.7782890010  -0.5092135918  -0.5559946029   2.9215700065  -1.4630713162  -0.7763325070   0.1906159014   0.5634719033  -1.2848361721   1.0505288154  -1.1522103779  -0.7114743097   0.1177992392   0.6025454836  -1.5164591584   1.4005084826   0.5858434204   0.9638333551  -0.4084012888  -0.6837792342  -1.5264168090  -1.4143967885  -0.2257280476   1.2237317517  -0.7175360313   0.9117444603  -0.3952393551   0.0145795519
-0.6982311461  -0.5831060519  -0.8140879061   0.3395034021  -0.9862597714  -0.1239800036   0.8644765582   0.8120370614  -0.5162847030   0.8042270068  -0.6933330550  -0.3362224810  -0.4193164396   0.9602306971   0.6967222432  -0.7759764882   0.3274980226   1.2906346823  -0.8008152238   0.2465175110  -0.6166129557  -2.2662088479  -0.7172883272  -0.7350770873  -1.3869577469   1.1779162035  -0.2306692442   0.3663496918   1.4113551952  -1.3968403425
-1.9108354144   0.8993145467   1.2756936420  -0.3665482663  -1.1430298083  -0.1255639628   1.0153510011   0.4717069890   1.7644299082   0.7577828428   1.5348587723   1.2954465448   0.3552312578   0.7846849491  -0.9758128486  -0.1221500897  -1.8322710401  -1.0328182385   0.4726121491   0.4737518146  -0.5464499081   0.6385847597  -0.0218514935  -0.6207496284  -0.6187001677   1.1495479205  -0.5024819734  -0.2953904165   2.2919608822   0.3814790038
 0.7487436149   1.4381258520  -1.5265950816   1.8562575863   0.9881178365  -0.5662786695  -0.2944682882   0.7374977083  -0.0895265834  -0.5118328905  -0.4873691703  -0.2173030278  -0.0596130415  -0.2342387363   0.0409632311   0.8701148752   0.5069739659  -0.2161292956  -0.6160699446   0.7077901409  -1.6426815195  -1.5699244895  -0.0690595820   1.7560310288   0.2707905365  -1.3301088812   0.3230434138  -0.3094155650   0.4755266518  -1.0637914817
 0.8707950354  -0.9342356079  -0.7504951643  -0.1521211858  -0.4085040665   0.3176336622  -0.3247398247  -0.2723736740   0.8019767566   1.0045581298  -0.9243190690  -0.4077759312  -0.0225969053  -1.0377394734  -0.9230241983  -0.6176282054   0.0619114990   0.9718844666  -1.7563495119   0.0080158251   0.3475502680   0.7123780724   1.3748482540  -1.4882149611   0.0223754148   0.4232647867   1.4788376776   0.5082901110  -0.1788512819   0.4900175977
-0.1019776432   0.4127820727  -0.0323731869   1.1542197111   0.4970640212  -0.1350298360  -0.3422561596  -0.5328557458  -0.6439234658  -0.0205795975  -1.7500076390  -0.1274010893  -1.1032071967   1.8581219431  -0.9664138335   0.0847715885  -0.8972169206  -1.0752771516  -1.4187882348  -0.4139169415  -1.0095076683  -1.0364156618   1.6657020180  -0.2659666044   1.7833456536  -0.5162507874  -0.6986646707  -0.4404484728  -1.3955769352  -0.3350457639
 0.1829803639  -0.3152387147  -1.8434115502  -0.6017749407   0.9106124864   1.4790624977  -0.7696350598  -1.8026532112  -0.4624920891  -0.1970136769   0.9157556658  -0.2385856640   0.3599142763  -0.9508844694  -0.5108464319  -1.6397057172  -0.4575884539  -1.2814013702  -0.2904208758   0.6597550920  -1.7720509627  -0.2387803136   0.2781566580   0.5769299228   1.4113415702   0.3520198951   0.3651664122  -1.3508072652   1.6828658637  -1.7739144652
-0.4518942454  -2.4581175438  -2.5918272752   0.4067005253  -0.4800978445   1.4001681785   0.5820686863   1.1682893224  -1.5615654184  -0.1722223456  -2.1289642763   0.6376698101   1.5737629947  -1.9180051733  -0.2763492155  -1.7639276205  -0.3640663350  -0.0498969752  -1.4160848458  -0.1374965993   0.1059352562   0.3294939874   0.9488532065   1.1666525090  -0.0550324068  -0.1073469252   0.9945663440  -2.0833492854   0.9173080879  -0.4609012131
-0.7633244047   0.3526354455   0.8420122910   0.2849522482   0.6735703627   0.3073492768  -1.9178782111   0.4764265607   0.2910809099   0.1791001344   0.0291204127   0.1912942001  -1.1874954290   0.1570139150   0.8467919808   0.2398036345   0.3133389856  -0.3376198074   2.5960319211   0.1034562238  -1.4933287370  -1.0214103579   0.9273164936  -1.4016789861   0.8072593418  -1.3006145708   0.0523630684   0.1057487482  -1.8537723441  -1.0043296298
 0.3844321505   0.8634639030   0.0973576591   0.4472143133   0.1477855921  -0.5969681675   0.5426977946   0.0250833797   0.2475757563  -0.1557226273  -0.7578098959  -1.4750633131  -0.0053889370   2.2912990674  -0.1087442251  -0.5298350043   0.8647418647  -2.3803429018  -1.2189805411   1.7297392851   1.4819088132   0.2836276836  -0.0556348880  -0.1220181023   0.0810409874   0.9739915060   1.0726847334   0.5922455992  -1.2175929984  -0.9702369166
 0.6773474305   0.4843618626   1.4645737306   0.3973607365  -0.1285121568  -1.2327211803  -1.6161761584   0.0657772008   0.3314860816  -1.9553791238  -1.2640707157  -1.3536109748   0.3959891591  -2.5027860668   1.1518019789  -0.0597924846   1.0407270881   0.0809888306   0.3134789076  -0.0151091266  -0.1149145011  -1.1100951509  -0.9855014944   2.1887715465   0.5734625963   0.4672833178   0.8191974777  -1.0397404768  -1.0700340685  -0.2479875767
 0.2042579128  -1.5057479554   1.4649360421  -0.7852366286   0.1237174827  -0.5182500929   1.3237299825  -0.0018713589   0.9897033187   0.2307502309  -0.7943182245   2.6837701366  -0.2702754825  -0.4835931551   0.9067526687  -0.6054812156  -0.2922585890   0.2686100768   0.0860624568  -0.2351865869  -1.3733847240   0.7899643615   0.5126657160   0.3394444708   0.2905498997  -0.8431038727   0.5554404649  -0.7173485225  -0.1466153815  -1.1050747139
 1.9456563344  -0.5016194626  -0.7305240378   0.6299383427  -0.5889960223   0.0177049514  -1.7773616566   0.3750107524   2.9329418242   1.6618910407   0.8277667666   0.6258461671   1.2841637969   1.3151713511   2.0479556000   0.1364545811   0.1437873349   1.2527839286   0.0714930575   0.0599097678  -0.4243061215  -0.6872620958  -2.3448128138   0.2540824454  -0.1052772443   0.9541183301  -0.5328949915   1.7744032649  -0.5222701168  -0.6573571895
 0.9280216672  -0.8696107358   0.1325545577   0.0367176208  -0.4268092844  -0.1945592030  -0.2474400794  -0.9664070084   0.9503959315  -0.8335042799  -0.7794098820  -0.1930830420  -0.0505387619  -0.2054800945   1.6035886130  -0.9057653557   0.0781323116   0.6603487899   0.0897187136   1.8184553183  -0.0777528000   0.1605581303  -0.0076858241  -0.2213614062  -0.5102625843   0.1399629410   1.1518362978   1.3417725900   0.3540336261  -0.6336220871
 0.6048121692   0.7512943559   0.3398164507   1.4143675987  -0.0529007558   0.6096939716  -0.8266956062  -0.4832633438  -0.2772304276  -0.7283160720   0.4047940642  -0.3337300739  -0.8958451098  -0.5871490042   1.1205077456  -0.3540219008  -0.3417111649   1.0014537272  -0.5814420027  -0.7132836508   0.2416525873  -1.3124095619   0.2358025104  -1.2735697099  -0.7859308499  -0.5139044132   1.5477160335   0.3630461987  -1.6426621269  -1.0306134379
 0.3780087567   0.5809514920   1.5259281773   1.6426454748  -0.9014884130  -0.9270459641   0.5767040183   0.3428665260   1.7195570539   2.5233581975   1.2631843447   0.6564001640   1.2636504875  -0.4194595544   0.9224205852   0.5583885014  -0.7668579802   0.8198954393  -1.9006802580   0.0370895056  -0.9187275455  -0.1643252859  -0.0745971396   0.1906637980   1.2945907447  -1.0588718259   0.5850235427  -0.8840335906  -0.8430860508  -0.7961836279
-2.4203220839   0.3950539471  -0.4093925136   0.2255719811  -0.0006518966  -1.2497849308  -1.7177375262   0.0799765021   1.1047948454   0.8379123420  -0.3091325182   0.9578417555   0.5290228209  -0.5056381393  -0.5220112973  -0.4582088347   0.0501235480  -0.1258769249   0.1487963501   0.8250479112   0.7068526024  -1.8203748726  -0.4090831021  -0.9232050329   0.9579553454   1.4366057443  -1.3985690099   0.3184380346   0.1410189867  -1.5402246768
 0.6945832626  -0.6246550854  -0.0657644660  -1.3449978319   1.4237654113  -0.3347745232   0.1768004637  -1.2320772448  -1.0929001670  -0.1268239297   0.7000446357  -0.4878782188  -0.2811307846   1.6391502780  -1.9794189567   0.7209574562  -0.1254054001   0.1428680943  -1.7842877224  -0.1321598310   1.0887044051   0.0846271656   1.2915143119   0.4665241782  -0.8038182899   0.0049425878   0.6148475198  -0.5577783126   0.4353429846   0.4940447022
s3
-1.2761630919
 1.6684216507
 0.6217103587
 0.8646612371
-2.1285236787
-0.1221328645
 1.1900171380
-1.0130906207
-0.2502048927
 0.8741066151
 0.0690164489
-0.2561700037
-0.7116271274
 2.4729271443
-0.0059045279
 0.6115784347
 0.6784066461
-0.6351232350
-0.7672181419
 0.1352454545
 0.4083962251
 1.3367717151
 0.8650751245
-0.8165442030
 0.4639939309
-0.7955088301
-1.3071243806
-0.8008639246
-0.8203929501
 1.3319020338
w4
-1.2544109490  -1.1586062238   0.0680106290   0.7864533413  -0.4790354414   0.5769559341   0.4972320643  -0.4957748452  -0.1096083499  -1.6289863661   0.8579908772  -0.6775379307   0.6403392531   0.9151326776   0.4515652091  -0.2680086146  -1.0956410209   2.5126479656  -1.1328008799   0.3147959021  -0.2817179377  -0.0940729650  -2.3613504197  -1.7821535625   0.6613628955  -0.0333338428  -0.8245540082  -0.6381705831   0.4081214686   0.5110570658
-0.6998012566  -0.5791134354   0.4219498351   1.6998925674  -0.3175863497  -1.7822715517  -0.6856555738  -0.4404731820   0.4233401428  -1.2752182914  -1.1149685206   0.6499342965  -1.9234439448   1.8487179969   0.2555428565  -0.3842786510  -0.4678622001   1.6282337979  -1.7707896145  -1.3657635230   0.2161226933  -1.4328865026   2.2733651954  -0.9662626363   0.8929113685   0.7426822599  -1.2023120750  -0.9358201761   0.6846028980   0.1093702429
-0.6350078641  -0.6119076661   1.0131077404   0.1068263295   0.2870880166   0.7794617292   1.7121274404   0.1127894988   0.7055976251  -1.1263770378   0.2693385163  -1.1835026707  -0.0625776350  -0.1305128238   0.5577828821  -0.3564951835  -1.4747405610   1.8705418888   0.8091513081  -2.1483942467  -0.7609796941  -1.5028878231  -0.1395339445   0.7439840694   0.0902002880  -1.7130733699   0.7643995395   1.0741966105   0.7413405903   0.1579877123
-0.2505245541  -0.6000760169   1.6665972298  -0.5785076909   0.2868378197  -1.1442849151   0.3957673021  -0.9662956367   0.2753076824  -0.2453043285  -0.0463767729  -0.9810887659   2.2814274801   1.2909518280  -0.3196002554  -1.0357200779  -0.5295343883  -1.0556253435   2.5363828816   0.2022568200   0.2772417406   0.3783534797  -0.0568656186  -0.1320797016   1.4451466715   1.9262601488  -2.4490321744  -0.2732701795   0.5294219143  -0.8987539910
 0.3473892381   1.9612970732  -0.2501086968   1.5826341830   0.0675480113   0.3527521696   0.3380910786  -0.4404637137   0.6664705323  -0.3310569843  -1.8946548857  -0.1581838571   2.3581529022  -0.6934050711   0.8379698068   0.1363747661  -1.3712264732  -0.2488250697  -1.0271294158  -1.3695777098  -1.5430849665   0.2550828640  -0.6226863318   0.4983785532  -1.8681157617   0.0920179112  -0.1603656512  -0.7917395760  -0.9915996453   0.5344324898
 0.4322032320   0.2323582841  -0.2739469674  -0.8490934288  -2.3265373719  -0.1841748932  -0.2466399880  -1.0205934037  -0.2664993122  -1.0348424175  -0.8379661843  -1.9661957613   0.8974245641  -1.4715601640   2.7866791517  -0.4344756552   0.7887267915   0.0806417201  -0.8598018373  -1.5560358718  -0.4958920208  -2.9499820200   0.8080443096   1.8626001216  -1.4173596726  -0.8121034904   0.3857016115   1.0891995762   0.2478785561   0.8899957176
 0.8424991204  -0.8070013013  -2.1770579205  -1.4732476719  -0.6350552679   0.3349633158  -1.6372644485   0.9675012178   0.6917810588   0.3366982775  -1.5325294643   0.6102068597  -0.5398603023   0.4365320389  -2.1715866937   0.7815804016   0.1135603393   0.1512807718   0.5806528071   1.7973951539   1.3830636500  -1.1028053289  -0.9898279504  -1.5682939608  -0.4699374356  -0.7704348217   0.5024377364  -1.1213087177   0.4347713293  -0.1710250782
-1.6293789397   0.0114310744   1.6861653355  -0.0094718085   1.5293592087   0.6079292052  -0.1745522243  -0.7508911306   0.2228638223   1.0689500283   1.6518067460   0.3591473848  -0.8535332922  -0.2116782486   0.6187384024   0.7033058278   1.1076661722  -1.4113648344   0.1002559039   1.8516762976  -1.9153402657   1.6026711506  -0.1194383361   0.2208633195   0.6778130707  -1.2646358859  -2.0659358736  -0.4494300157   0.8087946976   1.4669308143
 0.1323978741   1.3944538967  -0.4493724758  -0.1460387901   0.3872083942   0.0661375063  -1.7193842897  -0.8227457250   0.4515402826   0.0180526734   1.1938845017  -2.1352787332  -0.3952391942   0.9738057310   0.2848070308  -0.5572902124  -0.1452998933   1.1184021421  -0.7170715615   0.4005041123   0.9746771263  -1.9829912846   0.3066903469  -1.2111812105   0.0611043350  -0.0008655569  -0.1886960910  -1.3897646118   0.0983903076   0.0739892903
 0.5764335675  -1.1165665433   1.8648418904   0.2798795688  -0.5599152456   0.4594236098  -0.6947709119   0.1021003829  -0.6601201917   0.1992820385   0.8996717020  -0.7964852899   1.5111036444   0.7244066702   0.3939374385   0.9157768477  -1.2952726483  -0.5366754454  -0.2119212590   0.2849686763   0.9094280354   0.1326150489  -0.3480935056   0.4956774035  -0.0206856235   0.4352019695  -0.0627975475  -2.7315078550  -1.8389263127  -1.0869952929
-0.9176453763  -0.9605447937   0.7094945864   1.9312909024   0.6529478459  -0.2817768272  -1.5085666384   0.7460800883   1.4367708639   0.6007919473   0.9842433469   1.6481042937  -0.4239436645   0.1173563537  -1.6291284385  -0.4876539901  -0.9362129379  -1.0511493955   1.2264331037  -0.5328399960   1.9227815805  -1.0085334837  -1.1923390778  -1.2378930868  -0.5436785443  -1.1313609425   0.0748355119  -0.5075213648  -0.9231009497  -0.4835961558
 1.0670290317   0.4136437544   0.1019630884   0.6153906909   0.3420980269  -0.5316310531  -1.4040686458   0.6074368221   0.1874055557  -0.3530614442   0.5484131860  -0.2136449489  -0.6619505787  -0.7613979499  -3.1520256123   0.0731426623  -0.0065577119   0.1180443299   0.9890225138  -1.2404479633  -0.7502866783  -0.3573597100   1.8534337363   0.7530275167  -1.8483376124   0.6023596283  -0.3274478261  -1.0995874751   0.8059126320   0.6368547931
-0.7147482951  -1.5302047580   0.6778416580   0.2045297415   0.4728647952  -0.7587781396  -0.3350408981  -0.7224726139  -1.4397667815   0.1810553651  -2.6251812722  -1.2877447319   0.7416823944   0.2139734470   0.5338402248   1.0930505089   2.2262042031   0.3745244872   1.0955694038  -0.6206041823   0.0971046250   1.6415756369   0.5189145366  -1.2558614290  -0.2977152167  -0.9366402718  -1.2937275138  -0.6318841537   1.0546389125  -0.4137042307
 0.0881748176  -0.7261226086   0.1951359635  -1.5716464030   0.2660078782  -1.6615664272   1.1025062472  -1.1393720211   0.4755941260  -0.4493375400  -1.1101712974  -0.2173148933  -0.1413383636   0.8003936038   0.3029740269   1.7495282290  -0.0421160114   1.1745706140   1.0665217487   1.7178197482  -1.9516840168   0.1573666038  -0.7367707730  -2.6473731617   0.1050072027  -0.7377500600   0.9143533964  -1.9371721123   1.2856094297  -0.8284833389
-0.0914946749  -0.8329554813  -0.1890953091  -0.6552264820  -0.4652068953  -0.7765768449   0.7339077346   0.2515523349   0.6456226834  -0.6323152126  -0.6015973684  -0.5089287305   0.7454163741   0.4942079486  -1.4219369243  -0.8779618625   0.1822008342  -0.0704302843   0.1926592946  -0.2048636082  -0.4256083183   0.8822168392   0.3581699104  -1.4254150472   0.0614354180   0.4553872158   1.2033855517   0.0720961473   0.9692389546  -0.3017163972
 0.4957307233  -0.5667756545  -0.6140887462  -2.5375505594  -2.2164078402   1.1859748296  -0.8021099663   0.1881423959  -1.0458526281  -0.7598958993  -1.3489928504  -0.9139438513   0.0293413408  -2.8122584082  -0.7593057802   0.0870920276  -1.7801780065  -1.9163820494   1.0311212898   0.2829800211   1.4217808870  -0.8753585042   1.0280545084   0.7044605467   0.7904971351   0.0982227005   0.2852502949   0.9595631552   1.8120671617  -1.2173317819
-0.6974163579  -0.7274870055  -0.3034949114  -0.9529637959  -0.1940679175   0.7903433785   1.0312888181  -0.2233640989   1.7220238837  -0.8352365855  -3.5608210424  -0.4022789009   0.6381944648  -0.2492677948   2.8748133229   1.5976709264  -1.5214497894  -0.9415271587   0.5842494688  -0.9757776454  -0.9265995772  -0.5202392465  -0.3168641104   0.5355151932   0.5752723506   1.1326292670  -1.6921648002   0.1213157979   1.8172999138  -0.2099747471
-0.6396172856   0.9032086964   0.8457788374   0.2259426632  -1.0277160216   0.5522588365  -0.4994527411  -0.9394450250   0.1642416071   2.2593070420   0.0583238842  -0.7394785104   0.5452612840  -1.0209395657  -1.6873383858   0.9185964078   0.1897933385  -0.1308334071   1.6335664784   0.8327351385  -0.1278290461  -1.2864986895   0.6060753190  -1.5291618038   0.6884823486   0.7497792610  -0.2155587670  -1.1990147191   1.2046118180  -0.5557194302
 0.4350850187  -1.2550631687  -0.2159361944  -0.5806113564  -2.0278928495   0.1111727761   0.3978249470  -0.6223737019  -0.9370188520  -1.3461125559   0.2190978814  -1.8926906391  -0.8627076439  -0.2834057859   0.1082160203  -0.3287487003   0.8434232433   0.9202085534  -0.2313998982   0.3895295222  -0.5613715877  -0.3998128573  -0.6748083997  -0.3906754475  -0.1881499705   1.8550742125  -0.4659827000  -1.0220594994  -0.3550905158   1.7106148657
-0.6763916153   0.0011848393  -0.5609878148   0.5726290446   0.2379482250  -2.7109405408  -0.9595292339  -0.6888201654  -0.5046586698   0.2591415549  -1.5101364280  -1.2031355637   0.3312437083   0.5265240856   0.5326951967  -0.7450168340  -0.8537460979  -0.8733152099  -0.0826623089   1.2668878405  -0.1767209707  -1.1218702966   1.1483776100  -0.3285420799   1.8626346723  -0.4368218157   1.1077776891   0.0374747086   1.2154159204  -0.4224868560
 0.5375371949   0.8277482747  -1.5347748719  -0.5489157319   0.0618678322   0.0269217500   0.4384092479   0.7228290676   1.4693802308   1.4094596624   1.1674909842  -0.3634766390  -1.5195496241   2.1843503755   1.2036785532  -0.9425857247   0.2892506697  -1.4286179609  -2.1127021432   1.6710230924  -0.4500154910  -1.1064473974  -0.8778651614   2.5094882493  -0.2918920214  -0.7035654221   1.6212299842   1.1397552793   0.2062968658   0.1614907130
 0.1383080605  -0.1514269617  -0.7423993351  -0.4599703545   1.2203158233  -0.4542257511  -0.3222384474  -0.8354820993   0.5050118740  -0.0678283996  -1.4625079044  -1.3917506904  -0.1254014827  -1.0128587729  -1.0105579455   0.5572372092  -1.0390382187   0.4092805540   0.1817082722  -0.9663841322   0.0735174901   1.2967321023  -1.5036261810  -0.5079381883  -0.4265424982   0.5996156719   0.7555936666  -1.8548175817  -1.0493243772   1.0571819980
-0.5361824046  -1.7718006565  -0.3100094360  -1.5119341878  -0.4870007061  -0.3403316713  -0.1600920072  -0.5780166500   0.6339125745   0.1836472422  -0.3701175922  -0.2244259625  -0.3763095861   0.5847882916   0.7216368906  -0.4175812414  -0.2626126479  -0.0814097401  -0.0858745847  -1.2890997725  -0.7190206477   1.1838638330   0.4248933316   0.5444808948  -1.9701041484   0.1978599344   0.8327652831  -0.0907050302  -1.9333413769  -1.6632139423
-1.2917636581   0.3488047099  -0.1901677423   0.5173570015  -1.3388544940  -1.8467410097  -0.1872311561  -0.8439884519  -1.0828311077  -1.1440147883   0.5061777883  -1.6070896389  -0.5431268978  -0.4341579915  -0.6536863524   2.5118091791  -0.2494509233   0.6198268028   0.0614722152   1.7416481130  -1.2902456176   0.6066638096   0.7085764598  -0.0894565611   0.6543656650  -0.1603146252   0.2442718024   0.5251022618  -0.6124306091  -1.0051566543
 0.4549564105   1.0207644550   0.0064453948   0.4953164315  -1.0143608583  -0.4081822652  -0.8909430150  -0.6223745289  -1.5611562841  -1.1609691810   2.1863060898  -0.1540046208  -0.4003890455  -0.6492153288   1.0667174043   0.6217947747   1.0797311688  -0.6698112373   0.2759918858   1.0658708418   1.1049479035   0.6790106709   0.9631102322   1.0359991072  -0.4470883976  -0.1466644672  -0.7603657789   0.1402057450  -1.3828136923  -0.5843615415
 0.0500827705  -0.4760403027  -0.2127214897  -0.8093099220  -0.5048377998  -0.4956956573   1.2805945348  -0.3777780509  -1.0341866764   0.2864199258  -1.1906000906   0.6699936593  -1.8130493386  -0.7349073227  -0.7470629446   0.0073291985  -0.5101758980  -0.2852836610  -0.0407104213  -2.7827866760   0.1554890599  -1.0587729172  -0.4004166269  -0.7682972037   0.8672110671   0.8366286589  -0.8546721327   1.3852057315  -1.5177184259   0.5257256156
 1.1090548911  -1.0330590127  -0.3610968218   0.7744962094   0.2859418337   1.7316650609  -0.3208353708  -0.4846967400  -1.3154030940  -1.4819535903  -1.1985322798  -1.4538243283   0.0406552995   0.3308660181  -1.2379066495   0.2097753213  -0.5264260301   1.7461467454   0.6139384249   0.6019043827   1.5468076811   0.4662085079  -0.0555492702   0.3198027070   0.8394551179   2.4839577238   0.5543470153   0.9640975009   0.7977612227  -0.2600937485
 0.0460535407  -0.0701837465  -0.8463758219  -0.3814999911   1.7685233764   0.3095079715  -0.0425485954   0.0761859274   1.0847310117   0.5394397252   0.1843303791   0.2106035585   0.3156485457  -1.7523999783   1.1715684682   0.1536259246  -0.0961202829  -0.3870192944   0.2651144480   0.7704117808  -0.8887301597  -2.5013475119  -0.0917357740  -0.2369216718  -1.3144941401  -0.1994178700   1.8937277361  -1.3814906755   1.5203064589   0.0507881365
-1.8413227585   0.0841732216   0.4520003615   0.9866571212  -0.4428188632   1.5745330364  -0.0119821812  -0.7363270352  -0.2641998234  -0.7300341036  -1.3454619638  -0.3641538688   0.0583760264  -1.0787071318   0.1278719149   1.1829486180  -0.3799915570  -0.6380802621  -0.6407462471   1.1581775492   1.5475097457  -0.4372637254   0.8019256579  -1.4190395000   0.2273023271  -0.4258840176  -0.9435845583   1.0250589826   0.1858004394   0.3311652122
-2.0197114421  -0.5399818625   2.2009149237  -0.6457454400  -0.3274557346   1.7601711028  -1.4410708585  -0.0613975563  -0.4827402250   1.2008837371   0.3897113586  -1.4471274391   0.0365898244   0.1447673048  -0.9082127817  -0.7757651112  -1.4026482834   0.0431390844  -0.4474278978   0.1837285853   0.0137674555   0.6056570866  -1.2102759585   0.8569242386  -0.3785451610   1.2551700647   1.3188327449  -0.7846958017   0.0065983705  -1.0351454353
s4
-1.3739389032
 1.4728022728
 0.1488095373
 0.3844737467
-2.3023413577
-0.2143501052
 1.0092815183
-1.2159231229
-0.4506769270
 0.5304155488
-0.2292349482
-0.3521221337
-0.7272756245
 2.4312662013
-0.1796854386
 0.6386068559
 0.4033248853
-0.9034394091
-0.7495350787
-0.2026670481
 0.6019877688
 1.0821297457
 0.7714506082
-1.1482037571
 0.6053418855
-1.0744526358
-1.4436919270
-1.0753773682
-0.8326881755
 1.1721201325
w5
1.2399592806  0.1090213191  0.0314085325  0.0982227370  0.6695957327  -0.1445108785  -1.0559533153  1.1533192960  -2.1866849166  -1.2669587889  -0.0794964071  0.5213948479  -0.4191690248  1.7958381590  0.0313844973  1.6881741389  -0.0252425184  -0.5866872868  0.8100617621  -1.1633421778  -0.7645624644  0.8966678101  -0.7356744115  -1.4466796343  1.7529673511  0.0670440841  -0.4953357132  -0.7128668447  0.3062757475  0.5377491318
s5
-0.2845914557

