layers: 4
str: {2,30,30,1}
w1
-0.4040846150  -0.3091088776
-1.1292136243   0.9380439495
 1.0705509750  -0.3532292547
 0.7791705475  -0.3524724595
-1.9243609706   1.0650566221
 2.8402813566  -1.5898214188
-0.2947699683   1.5310242266
-3.9115815754  -1.9631037183
 2.1301819725   0.1538690988
-2.1202714334  -0.4242638830
-1.3281099179  -0.7976346823
 1.1725716844  -0.4170859570
-0.2532828334   0.9136302722
 0.4827322575  -1.2592901164
 5.0527785100   2.3619498783
 2.6976966629   2.2944568687
 0.6179753411  -0.8547932372
 3.6437159004   1.9609197316
 1.4930658223  -1.0447997827
-4.1097296056   1.7965093534
 1.1674590015  -2.4285036242
 0.2575922982   0.7639389728
-2.2322379004   1.8997027525
 7.4479772076   0.7098026245
-6.4260700209  -0.7713428555
 1.4769614289   1.9372567475
 0.1266451880   0.9475018668
 1.0032168173   0.1029855322
-3.8958861844   2.0699139660
-5.3803230874   3.3612515630
s1
 1.6091777090
-3.2875778034
-2.1495485968
-1.5745262730
 1.2576265720
-1.6474493135
-1.8014173224
-0.5140566810
-1.2981927447
-1.8060952467
-0.2054828554
-2.4948194887
 0.9971567278
 0.0655935988
-1.3155496198
 0.3939312098
-1.9617124720
 0.6622241784
-0.1209318858
 6.4877270216
 0.0713624140
-1.2191655641
 2.5614221470
 3.0114134368
 2.7653011352
 0.3056618134
 0.4491210585
-1.9104564709
-5.6055486823
-0.1330473371
w2
-0.0981802140   0.4056499906  -2.6792433943  -0.8759952386  -0.0350311123   1.2517913202  -0.7007194252  -0.4240535519   0.1623786048   0.0937852451  -1.1385656520  -0.5153158941  -0.1219582540   0.0646523529  -1.8865500153   0.5795581417   1.1216221663  -0.8065467652   2.4507468337  -2.7497957090  -0.7269989739   0.7402722539  -0.4193689351   0.1932514280  -0.4863684630   0.2796241126  -0.0268405919  -0.2034679368   0.5745924172   0.6727980869
-1.0708187436  -2.0566176437   1.3109073392  -0.3541539128   0.0097828139  -2.3022698279  -1.1057290006  -1.9308865549  -1.8466998282   0.0358015661   0.7710149109  -2.2144066358  -1.7926247941  -0.2496936113  -0.4068585879  -2.0162456862   1.1249603537  -1.3823915190  -0.5005076111   0.0456115218  -2.5371350898   0.0194015235   0.3148762056  -1.6648386863   0.3689283160  -0.2888355275  -1.3548564878  -0.5581315557   4.7804456675   0.0260965080
-0.5932803335   1.1211043994  -0.7126122591  -0.6329857909  -0.2433612438   2.0792326564  -0.6513022084   0.5146052159  -0.2231860801  -1.0141227614  -0.2606417241  -1.6887124579   0.2224684597  -1.6101304061   0.4114111008  -1.1408832790   0.8825146926   1.3243364772  -0.5268177300   0.0571575091  -0.2219041618  -1.1477880142  -1.9720286281  -1.8461462146   0.4135273262  -0.1875577845  -1.6513063960  -0.7109854481  -1.8058169785  -1.2224174712
-0.7762311846   0.2730874733  -0.3616439289   0.0923765051   0.3823329815  -0.6926173321  -2.4061306370   0.8830336889   0.1062276510   0.4946101004   0.2053185890  -0.8204200209  -1.5323438884  -1.2770242870  -2.2620652792  -0.4490402112   0.0741147474  -0.8073482673   1.3547692860  -2.5090740574   0.7078090818   0.5879816836  -0.1305041666   1.0091626789  -2.9664748840   0.9147318776  -0.0732944387  -0.1890612913   0.0962893909   0.6688081099
-1.1309060425  -0.0484530960  -0.7170310798   0.4653099809   0.8925768277  -0.1964407426   0.7408980972  -2.2992657142  -0.6071861474  -2.0217682853  -2.2579111865  -0.4959937927  -0.6959250790   0.0040842465   0.0592016483   0.9845670821   1.3778325858   2.3533580928  -1.4067871019  -0.5679618975   1.5809299000  -0.3700101327   0.6720117503  -3.3697837299  -0.5009082753  -0.5688277519   0.5777311630  -0.6616866849   3.0985054417   1.2195187720
-0.6994543390  -0.3715553001  -0.9865439230  -0.2237602153  -0.1895626167   0.0604232079  -0.1760920379   0.4351753786   0.0287265007  -0.3035386811  -0.0969599777  -1.4632637635  -0.1401114072   0.1836281178   0.4038736691  -0.4665667750   0.2017081256  -0.6188210268  -0.7564182793  -0.5528008220  -0.6371272143   0.2194375126  -0.5771862181  -0.1330160253  -1.5886793359  -1.5243724267   0.8444391015   0.5602696958  -1.3162972410   1.1496098425
-0.4932848141   1.2610853604  -0.4663189382  -1.0975936245  -1.8274051368   0.0594684120   0.5525805258   1.5949104490   0.6844319089   0.4515561810  -0.5395909225  -0.4114385996  -0.1567607386  -0.3534426614  -2.4809113426   1.5746296681  -0.1181606155   0.2904519095  -1.1725942859  -2.0636421415   1.4030031453  -0.7725328733  -0.8648456005  -1.1895898746  -2.0296430678   1.2697939116  -0.1613167989  -1.3943392497  -0.2755924920   0.6243391475
-0.6122999642  -0.7663989399   0.4235021299  -0.1441618891  -2.7351756611  -1.2578610788  -0.7550843852  -0.3335153920   0.1770481060   0.5571380248  -0.9366956146  -0.4750442610   1.4589656090  -0.1366817622  -3.0971347597  -1.0864419315   0.3171641735   0.1567408353  -0.6766289579   0.4555647313   0.3467717485   1.3327772926   0.7062726504   0.9368733975  -0.4782791561   0.4722030548  -0.8646153979   0.7277835643   0.5923780429   0.3073743975
 0.0676145950   0.9053108544  -1.3233328497  -1.5017300253   0.6032139126  -1.0501550991   1.0850243734   0.2109333954   1.0304405681  -1.0869267192   1.0413596921  -0.8611644359  -0.7228494327  -1.5101077498   1.0011300944  -0.4497462568   1.3955185017  -0.3085508563  -1.5880559301  -0.5219270289  -0.1515027648   0.4883183411  -2.3552727657   1.0035300997   0.1862604087  -0.1668598933  -0.7947793070  -0.2222876741   0.2611727749  -0.5403410179
-0.7470323657   1.8964085275  -1.7269738405  -1.1828313139   0.0981002163   0.7717686133   1.7243599505  -0.5686261482  -1.7370820301   0.8584295610  -0.9342573114   0.1697122828   0.0233899958  -2.2527338110  -0.4318635534  -0.6124450060   0.5987542888  -0.5327671570  -0.7858506086  -2.4908349341   0.2088728985   0.1764808347  -2.1304887788   1.9219333468   0.2602269858  -0.5126674284   0.7040776890   0.1409101565  -0.3442057112   1.4431062011
 0.6524261347   0.1066490291   0.0078645323  -1.6825351490  -0.5143961460  -0.8716374111   0.6928758500   0.5909813159  -1.3457765274   0.1938451820   0.0002831950  -2.3428212458  -0.7310730043  -1.8461766980  -1.5797409451  -2.3943364483  -1.2956235911  -2.5334711161  -0.3003268500   1.4678260667  -1.0406064601   0.8002075923  -1.2175249398   4.2822757624   2.0565943577  -0.2569975116   0.1703479081  -2.2608141474  -2.5203156106  -4.8222209455
-0.9254971055  -0.8050165392  -1.6880980249   0.5887367165   0.0609570431  -0.0665756115   0.2523290202  -2.4632923805   1.2559143298  -0.8387013556   0.3591231259  -1.6250812707  -0.2258825340   0.3375562112   0.5347859092   0.5788540082   1.1298150702   0.2629446927  -2.1879760895  -1.0891644224   0.3438811763  -0.5203525182  -0.5819479154   0.6068366533  -1.1110444059   0.1700665767  -1.7032536645  -0.7381763791  -1.1517718541   0.8809569051
-1.3157719562   1.0526452720  -0.5233170649   0.5041565539  -1.1859716320  -0.7761715095   1.5076064060   1.0075960136  -0.3689284132  -0.3822102584   2.2112654167  -0.0032556414   0.3092357430   1.3213591218  -0.5978230453   1.4247393903  -1.4497670965  -0.5482997469   0.1566332968  -0.8363380780  -0.1463325024  -0.4619542076  -1.7754778179   0.7289608094  -1.9521994082   0.6529786171  -0.9970891105  -1.3907532330   1.2888896504  -1.6987628049
-1.2291426764  -1.1635049355  -0.7514234743   0.3441616634  -0.4643757183  -0.2998820038  -0.1827279804  -1.2494027716   2.5217698822   0.5811409061   0.4149544251   0.5462146623  -0.5293396427  -1.5214421780  -1.4814880663  -0.1990932994  -0.9650894907  -1.3925553129  -0.5762724400  -0.7768977880   0.4856220402  -1.2259666081  -0.0315636109  -0.2242632644  -0.7247597751  -0.0783491806  -1.3926437612   0.1252127135  -1.0614965762   0.0801388047
-0.1360523718  -2.2212690079   0.2918531869  -0.1300295870  -0.6389383350   1.9545277239   2.2197389368  -0.1366456217  -2.3021872318  -0.0558529014  -0.9559609949   0.2250812662   0.1237320906  -1.2291831504  -0.0493691717  -0.3739372804  -2.5962181501   0.8822180568   1.6026504652  -3.9484278223  -2.4318729160  -0.2558963868  -0.5219932522  -1.6887070624  -4.1307344139  -0.5575645801   0.5005539564   1.2384585647  -1.2719515585  -0.7765386471
-1.6632080993   1.0212351742  -0.3779931698  -0.9784856750  -0.5504752654  -0.6745081308  -0.8099667887  -1.2079233945   0.9114588652  -0.0040870878   0.2952973785   0.1041735145  -0.4615734229   0.5103571497  -1.1648428640  -1.3277139658  -0.5953046450   0.1284984088   0.0488235401  -2.6152755572   0.5697771334   1.5155253637   1.1543063314  -0.5904147943  -0.9806434674   0.7817819851  -0.7760121578   0.0279314086  -0.2495343485   0.1382945131
-0.5856444727  -1.5413696119  -1.1823890904  -1.4032062543   0.2094191303  -2.1610490509  -1.1657652458   0.9193760408  -1.0215477847  -0.9467290492  -0.8873141853  -0.8810910025   0.4281158306  -0.3789633012  -1.6285819949  -1.6456498129   0.1209592897  -1.4761805035   0.5505744848  -0.4723977171   0.6317792083  -0.2483346976  -1.8960605019   2.2067975395   0.6642074629   0.2697603497   0.8626008055  -0.1709538217   0.1406155641  -0.8469836043
 0.2031694994  -1.0277135866   0.5362081558  -1.1976789332   1.2687424943  -0.7135380302  -1.4892991467   0.1773499395  -0.5572060240  -0.0010103866  -2.2185152496  -0.8504567002  -0.0338003555  -1.6898401285  -0.3429988374  -0.3759867249  -0.8173197849  -0.4264152637   0.7695288685   0.2328843593  -0.4713247406  -1.0418889427   1.3764155800   0.0351628884  -0.0348334213  -1.0890426417  -1.4267181136  -0.3966471156  -3.4797976291   2.1024940814
-0.5038371434  -0.8578092465  -0.3079340358  -0.7915420152   0.0217854618  -2.6100288503  -1.3222273074  -2.0068503139   0.8099829938  -1.9437705789  -0.3887862261  -0.9667890893  -3.3716104747  -0.5417807957   1.7720285492  -0.4418850164   0.1732336613   0.2912515448  -0.7642289701   0.7413477520  -2.7270201598   0.8402854189  -1.2275023377   4.8871021142   2.8916493807   0.1094257019  -2.4159735709   0.9519485485   1.1689346173   2.2205844083
-0.5956199339  -0.9906267626  -1.5000815339   0.6286372981  -0.3991841866   0.7507264739   0.7087054194  -0.3353041874  -0.5033272813  -2.4423517686  -2.2772148453   0.0410538581  -0.8538633312  -1.4467318768   0.0320308504  -0.3362941490  -1.7627473709   0.1582048533  -1.3775869527   1.8899438661  -0.3018131267   0.0318738415  -1.4527023062  -0.0631365035  -0.5952966330   0.2236324597  -0.4810143180   1.2485807577  -1.8600799355   0.9436794594
-2.0504681253   1.2469461209   2.0533546029   0.2926719027  -0.7566469092  -0.2193496769  -1.3446858275  -1.9741689252   1.4499397533   0.2168078279   0.9147912789   0.6789892807  -2.4301979873  -1.3845437761   1.0923155075  -2.5556428188   1.4135753708   0.1485110735   0.7426301266  -0.8019226222  -0.1849952286  -2.2771655587  -1.3719095312  -0.7549378126  -0.6764381297  -0.0236218542   0.3616103620   0.5149494189   0.2303048040   0.0849847325
-0.4544839459   0.8267175416  -0.1968884193  -1.8169073399  -2.0548493283   1.9053560601   0.6083758702   0.1982091738  -0.6990000987   0.2147609209   0.1823281528  -2.3068204977  -0.2800779763   0.6940009193  -2.4793428614  -0.0870040898  -0.6240410101  -1.4730873458   0.7860267506  -1.3045166493  -0.0841472594  -0.4930236963  -2.1905694697   1.4713756130  -3.2699200749   0.4444920945   0.2980122629  -0.1813405507   0.6074285392  -0.7174711623
-0.4293521355   0.9114684244   0.3530543052  -0.0095846984  -0.1041351894   1.1124091918   0.0995919016   1.2051837466  -2.6308901169  -0.6312743121  -1.0445664626   0.1913938947  -0.1903702171   0.4358022881  -0.1428928519   0.8013277100   0.2300361357   0.8509775104  -2.0146475258  -0.4296366226  -1.4755510146  -0.5066727815  -0.6761941777  -0.3027991215  -0.2523296187  -2.1121886186  -1.5685736645  -0.5098798788   0.1133459972  -0.7464463931
-0.3986303106   1.1828559026  -1.7594337835  -1.7460924182   0.3494546758   1.5824938635  -0.2852915706  -1.9604753302   0.1570404320  -0.0220958754  -0.0726678287  -1.7103475387  -0.0562753292  -0.3717621813   1.8391920358   1.0273640020  -0.0710594059  -1.2282590603   0.4583908035   2.8279917397  -1.4800579033  -1.2039141915   1.5264509563  -0.6389872773  -3.3682854013   0.4651685552  -0.2945300293  -0.1270029689  -3.0742813888  -4.8101897646
-2.6695748786  -0.7039585009  -0.5400540408   0.4857440827   0.1647678574  -2.6831050010   0.5744805570  -1.0374449619   0.5954651404   0.2761026911   0.3599737954   1.2948253361   0.7150165187  -1.9712524390   2.0982915317   0.9061500569  -1.0943226336  -0.7839564394  -1.1546327686  -2.4567562929  -0.2290542100  -2.2105002886   0.0283858418   0.1981824602  -0.9346307938   0.6401151843   0.3288158081  -1.8305243432  -0.2918588895  -0.6914183365
-0.5361586768   1.7519863361   1.1198003540  -1.3010522793  -0.0695544547  -1.4052177381   1.1766461034  -0.0388122375  -0.4445341427  -0.3243805583  -0.7095358153  -0.5139765704  -0.6030700575  -0.7114704149   1.2378118992  -1.7676863073  -0.6780520755   0.7004977919   0.6526734173  -1.4483121606  -1.1046322674   0.2824208039  -0.1231474328  -1.3143659070  -0.3167193841  -0.0539761646   0.5018240166  -0.9070356501  -0.9814619722   0.1763841509
-0.5305378629   0.3191274859   0.0333667563  -0.5223810165   0.9608225194   0.4331234309   0.0645233576  -0.6506597651  -0.2660932471  -0.3258615240  -0.4147212981  -1.3893640376  -2.1323599117   0.7516976249  -0.8656225475   0.1025083163  -2.0753910836  -0.1312145929   0.2922376044   0.3609222987  -1.6084932192  -0.6030051483   0.1335327766  -0.9409721650  -1.0062729703  -0.8089790272  -0.9031123010  -1.0987642293   1.4798258628   0.5523396608
-0.9107678591   0.9780207515  -0.0569355110   0.4223123301   0.1278869964  -0.1471027456   0.2395972153  -2.7961083356  -1.5179701799  -0.0973712483   0.5428379932  -0.3993570097  -1.8783119074  -0.2927228891   1.1685289233  -1.6621026314   0.8026364433   0.7069705299  -0.7888192664  -0.3875117808   1.3109884432   0.0136146673  -0.4908207104   1.0457601821  -0.8108503823  -0.4384156816  -0.6692038555  -0.0342629645  -0.2515754950   1.1234638325
-2.9001740156   0.9563330640   0.9147130555  -0.0178624874   0.4879288957  -1.4319261692  -0.4523422211   1.9998885604   0.0843732430  -0.9670060009  -0.6765728568  -0.8372085350  -0.6249875031   0.2435588433   1.5067685622  -1.4778919787  -0.8728870726  -0.8769635846   0.3377009154   1.6733848549   0.3663384215  -1.4767321559  -0.2067262090  -2.7424567098   0.4265052130  -0.8910339278   0.7541603767  -0.1393142350  -4.2131193716   2.9707905004
-1.1707353143  -0.5589566175  -1.3953269799  -0.8449099536   0.1102393120  -1.1312919567  -1.5969869518   0.2791881280  -0.9200621308  -0.0312749923  -0.8238900197  -0.3511654366  -0.3635266253  -0.6130710600   1.3448537567   0.7769757559   0.2651080204   0.5965269502  -0.5455510585  -0.8169045332   1.7662720635  -1.2080893794  -0.3119313908  -2.4659449200  -0.8236121138   0.7023033411   1.0364747711  -1.5651929504  -1.1145132248  -1.2284984687
s2
-1.3862882332
 0.9601911549
 0.5737199638
 0.1967128628
-2.6797785246
-0.1680014324
 1.0462556151
-1.7870811940
-1.3007903431
 0.4571224588
-0.8948616387
-0.8765503266
-1.3403165635
 1.8841660054
-0.6329437132
 0.2697433441
-0.0597710228
-1.7021052635
-2.7344894142
-0.9856880233
-0.4953143681
 0.6584149233
 0.0961322348
-1.4733047314
 0.3593284909
-0.5788403485
-1.7070717922
-1.0371986531
-1.8633688147
 0.8715725200
w3
0.9884706195  -0.9937518287  0.7985759386  1.4933026323  -2.7030536923  0.5269821805  1.4273724601  -0.1542531147  0.1526457964  1.1528395688  -2.7707367992  0.0977459440  0.9313410901  0.2988793883  2.6924350382  0.2357309511  -1.1000502832  0.8114873233  2.2575232970  -0.1663061875  -1.4729804982  2.0079202048  -0.0146716459  -1.4466382468  0.3191524066  0.1325406643  -0.3441013357  -0.6756140641  1.4960548195  0.1493153679
s3
0.0703626541

