layers: 6
str: {2,30,30,30,30,1}
w1
 3.4055255560   2.2358070750
-4.4691913272   1.9025988087
 2.4532957229  -3.0274327519
-2.6671091761  -0.5937537774
 2.6232457225  -1.2563400734
-2.3669410646   1.1674242779
 2.2785631970   1.7023147094
-1.6504319667  -0.3017269163
 2.4661633171   1.6716786537
 2.6341553027  -0.3088845167
 0.4633736913  -0.7948015822
-3.1660559522  -1.2031459392
-2.6305401478   7.6505054438
 2.1627271463  -0.1613535459
 3.1958503054   0.5642777406
-1.3467512044   3.4340920690
-1.8111512349   0.5309715885
 3.4662470740   1.7079295020
-1.5239853171  -3.6056019869
 2.4492454768  -0.1943657993
 0.8414958454  -1.4263269742
-0.2192828360   3.8040235510
 6.9235288408   6.1172661066
 2.7450212854  -0.9062645328
 2.0868845482  -0.1209571944
-6.2793186509  -0.7813733452
-3.2386337212  -0.1166273324
-1.8467509858   0.1622480552
-2.7626957984  -0.0843355556
 0.9404397340  -0.1603393118
s1
 4.9342205331
 1.2385398864
 0.1623577966
 1.9773267940
 2.6976808445
 0.2241490533
-3.0651561860
-2.8970408586
-5.1473985706
-5.2378245179
-0.8342730832
-6.5472267369
 0.1339094714
-1.1591135130
-8.7031224267
-1.0626489661
-0.6883128878
-0.4538962287
-2.2316136049
 4.8108955240
-2.9039666872
-0.4418091033
 0.6262915507
 3.2718650454
 2.6219393982
 1.9702593388
 4.4988012879
-3.2887709378
-6.5665719323
-0.4837634182
w2
-0.2778364158  -0.9627428772   0.7006541719  -1.0644396790  -0.7750968092  -0.4948696703   1.3130306572  -0.0697820784   4.3675335398   2.2113761795   0.1945824695   0.9988069356  -0.1574925620   1.2102105870   0.7975002443   1.1819875488  -1.2533650615   1.9777683386  -0.1313609900   1.1121202067  -0.7496869205  -1.4941714605  -1.6483942354  -1.5794015335   1.3994456867   0.8299397336  -3.1546973036   0.8759183987   1.2532487340  -0.9140508388
-0.2026159493  -0.8422904024  -0.5283500395  -3.2308259302  -1.2779631247  -0.7151874180   0.8688744637   0.6791635103   0.3004868244  -1.5517851867  -0.1829790392  -0.3244969361   0.2393548080  -0.4896087719   0.4079910418   0.1756913771   0.9554474881   0.9675487375   2.1552681757  -3.4606235455   0.8219157710  -0.5053142591  -0.8639320380  -1.3869796146  -0.3643594075  -0.9455015210  -0.0245073803  -0.5054258579   0.4336437517  -1.5000696100
-0.1127639365  -2.2641877465   2.9376413771   0.9827711912   1.4925464258  -1.4189299887  -2.0655048148  -1.8062573261   1.2166149945  -2.2536440195  -2.2610180203  -1.1399353431  -0.4139347175  -1.3367180411  -2.4143311977  -0.0678404710  -1.6102252867  -1.7806242724   0.5283209989   0.6049495662  -2.0826181495   1.8585915672   4.5551533400  -0.0568437063   1.2166821497   0.8924233624   1.6274388470  -0.8076911526  -2.6804941622  -0.0912228038
-0.8505820142  -0.2625173490   0.7211656933  -0.6991350973   0.8762874664  -0.5870366832   0.4827310126   2.1665149673   0.2055444967  -0.3132552149   1.7465340987   2.6778932442  -0.1223104763   0.7677171113   1.0037528970   0.0472873185   1.3550468424  -0.4079972964  -0.5011071942   0.4089959303   1.5286016107  -2.5055567283  -2.2783482370  -0.1569769696  -2.1991919557  -1.8774285584  -1.0112387647  -0.2924704049  -0.9923131178  -0.1377641015
-3.2668220001   1.2611068489  -1.0418945298   2.2774085728   1.0875435790   2.1514657184  -2.4816803212   0.9654002457  -2.5899889821  -1.6161270278  -1.5211665248  -1.0155301126   1.0031516512  -1.6231928911   0.4597967888  -1.1389292761  -0.0450100095  -1.0768556540  -1.0091674063  -0.0648578184  -0.1167147697   0.2882999850   3.7888024684  -0.6592060009  -0.0205491571   1.5484808232   0.8696143729   0.8711757454   0.7087461970   0.0533121425
 0.2921232476   0.4392153259  -1.8205386224   0.2664331754  -0.8373651203   1.2086302279   2.1693879903   0.3254618003   0.3368312479  -3.3076812113  -0.3348636263  -1.2089117985  -0.1465779393  -0.1499145548   0.1577847278   0.8761224069  -0.1450103156   1.3475128233   0.8490828888  -2.0220867640  -2.0407827248  -0.6908301140   1.3218781262  -1.2213495536  -1.9515693271   0.7650304924   1.8677100103   0.4231989794  -2.8325852629  -0.6414382099
 0.5502622865   1.5207808753  -0.1984267994  -0.2040058209  -1.4336363091  -0.6389288564  -0.6795719499  -0.3523732471  -0.0545170433  -0.8579415054  -0.9307607806  -0.8614100159  -4.5713287511   1.5829143091   0.9771415975  -0.2589120304  -2.0359770049   1.1649637583  -0.4968947996   0.8147151695  -0.7462783946  -1.5037657056   0.5683658937   0.8488202468   0.5187019651  -3.1689667544   0.1177913760  -2.6246218786  -0.2718071057   0.0486258430
-0.1571391220  -0.6489082846   0.1328984812   0.4156438659   0.4318505706  -0.9991571491  -0.4295496682   0.9082191482  -0.9347778008   0.9031843705   0.6077696674   1.5863292378   0.1147546296  -0.4656956413   0.9295364397   0.7931500836   0.3730574385  -0.7669731567  -0.5526276635  -4.1238131554  -0.8540223242  -0.4770690422   2.3126823806  -2.2965157242  -1.9958384268  -0.6778333686  -1.4505892452   1.5425835741   3.6309658690  -1.8239627852
-0.9799407348  -1.0832884000   2.4785608908  -0.1443877012   1.2666421394  -0.5417514024   1.4978605443  -0.6562331928  -0.0250158861   0.5166921585   0.3643092485  -1.6594417702   1.0843821640  -0.5084377144  -0.6264426241  -1.9969444480  -1.2046116083  -0.7698930567   0.1746532468   0.8820517906  -0.1386406118   0.2994992333  -2.9680582985   1.1417975617   1.4578605892   1.7526525384  -1.9360745834  -2.4006759874   0.0413259207  -0.2456509258
-0.7335496237   0.1558677213  -1.3405029078  -0.1348647755   0.2183799474  -0.4405874157  -1.6729747160  -1.3166898287  -0.9443616838  -0.6750059766  -0.0314713407   1.2831632881   3.2776551177  -0.4486259822   0.2305143185  -0.1791089808   1.0109264434  -1.5284226616  -0.0375688871  -2.7998534065  -0.5429877756  -0.1839400368   2.2374042348  -0.6098749511  -1.6868831009  -1.3942456350  -1.2404702737   2.4351845807  -0.1634608397  -1.2748501510
-0.2041522785  -3.9706734718   2.6848877363   3.5219755230   1.5097811913  -1.8012480837  -1.2831529550   1.3429988421  -1.8453070970  -2.3290060283  -0.2315486741   2.4207821125   4.0865488975   0.4528930052  -2.3338168108  -1.6650097124  -1.6613222805  -4.0263104056  -3.1652650736  -0.7666456463  -1.3219377441   1.0178377208   5.3010919852   1.9134408316  -0.3792797433  -0.2642645019   0.9574281620   0.0757461914   1.9140030894  -0.6441877074
-2.0107606671  -1.5508011580   0.1427399815   0.5179248374  -1.6532786439   0.7334641930  -1.8544654271   1.8429943103   0.2838928233   1.1213717545   0.6278579778   0.9432269096   3.2041574906  -0.8559887210   1.3628948100  -0.1816204422   0.8866352542   0.5558909769  -0.6190361951  -1.9089581989   0.7823063221  -0.9957865062   1.8282807502  -1.2463732467  -1.3420855537  -0.8606821664  -1.2598590697   2.3024837096   1.3027822057  -0.7584644521
-2.3883157918   0.8046686816  -0.8509504700   0.7060114211  -0.7923057737   0.0846463844  -1.8963251293   1.6364953485   0.2610816002  -0.7040827081  -0.4404066719   0.4756958972  -0.5943768679   1.2851453365   1.0954539893   2.9893532258   1.2027250744  -1.1725726537   0.3846094996  -1.4054964374   0.5747936049  -0.0143226833  -0.0084304362  -1.5954433156  -1.8638972668  -1.4681536784   0.2790333939  -0.1478180063   0.2311888893   0.5293393827
 0.0601288785  -0.9056635995   1.4111545536  -0.9359482049  -1.3966116106  -3.8327687070   1.0266430963  -0.0297570819   1.9148542421   0.1342240727  -0.4476042681   0.4220374603  -1.2847348482   1.4541558853   0.9810149978  -3.0325342163  -2.2832846298  -0.4537093144  -0.4449646252   0.9250096104   1.8925788840   1.3946586432  -5.1386161798  -0.9468093427  -0.5620250780  -1.2865963348  -0.9828610932  -2.2492943510  -0.3966276951   0.0074167660
 0.7686731521   1.2895340542  -0.4352474153  -3.7681004742  -0.2039658565   0.5294084485  -0.3377177185  -1.2216790135   0.3724375571   0.9577367376   0.4999634198  -1.0964148459   0.0050457653  -0.1926243995  -1.1053071832   0.8783740900  -0.0736071100   0.2825864502   1.3182829349   1.7881683928   0.4737828685   0.2548942532  -0.5152047846  -1.5028158260  -2.1727019303  -1.1807771358  -1.2488189464  -1.2433354098   0.5431565166   1.7023390634
 1.8428276640  -0.3903788558  -1.1988087642  -0.0610214704  -0.4049936655   0.1950842276  -0.0003684162  -0.9205916716  -0.8175109854   1.2211542541   0.1261970411   2.0727877426  -3.2858490870   1.3540664038   2.8922999349   1.8581688911  -0.7561737035  -0.1024659783   1.3542592201  -1.0368426131   0.3288555190  -2.3966196447  -1.7992891559   1.1472019742   0.2039077435  -1.8075193523  -2.8171287800   0.6497966070  -0.8851629271   2.1995152794
 0.1836950594   0.0489936316   0.9027229364  -2.0684678462   0.6802341272   0.4831470733   3.0914703675  -2.0140610265   2.3925494553   0.2422854923   1.6863154895  -1.5562456642  -2.5767543226   1.0322169267   0.0962894801  -0.7105967123   0.2813619076   2.9235712030   0.6155242233   1.4542921824   0.2286820241  -0.8154542975  -1.9597901903   2.6534677386   1.5402474373  -0.5148886620  -0.3875501869  -0.5652452312  -2.3249472538  -0.4125250333
 0.2725236137  -0.1663190823   0.2529574500  -0.0643702517  -1.3809232707   0.6544598523   1.8266603268  -2.0621309292   0.5344047126   2.0529839765   1.5472598409  -0.8440150675  -1.8102478160  -0.3664522464   1.9671862255  -3.0978174881  -0.4567571979   1.0612114420  -0.8558251395  -0.9695529383  -0.5063206167   0.1969091907  -1.6521853760   0.4486884101  -0.1210930683   1.1322608161  -2.1323755561   0.9029563412  -1.5134045988   1.0901314749
 1.8442666723   2.1936386958   2.4768739424  -1.1159830079  -1.4229081598  -2.5001920282   1.4673277260   1.9269797800  -0.3832578891   1.7230527885  -1.1182837836   2.8325608963  -1.4460230560  -2.5998622948   1.2079793587  -1.6017517579   1.7702355755   1.4239936537  -2.0653480774  -1.5831576072  -1.0449593456  -0.2198051886   5.0882333668  -1.6537204566  -0.6110453538  -1.4680514233   1.1895923544  -0.1721356214   0.7960038722  -0.9785851001
 0.0641206826  -1.7639518878  -0.0158522119   0.2558552207  -2.6295523183  -0.0051223856   0.0772462104   0.2175331196   1.4067041695  -2.0081667238  -0.0953093425   1.3123837839  -0.9523078209  -0.6257822712  -2.7539609055   0.4364049533   0.1573545782   0.5291200689  -1.0922741785   0.8699616561  -0.2976706138   1.8404242880   2.7858722677  -2.2150335995  -1.5738792140   0.9357129792  -0.8529539538   0.9577757300  -0.5438111973  -0.8738580264
-1.5546267305  -1.8704721073  -0.7470040036   0.2601440814   0.8956481282   0.5100491434  -0.7333820647   0.8538030819   0.0370333774   0.3378197136  -1.3223342909   2.1852705453  -2.0085497825   2.2319646003   3.0055973122   1.2708250290  -0.4124126142   1.5641266448   2.5386056038  -1.2568848311   1.3872833900  -1.4438604539  -0.1199883400   1.9488375002  -0.6204096298   0.3071561097  -2.0252441546   1.3279177654   0.3544740220  -0.6259617473
-0.1631933809   0.1732742665  -1.0619644186  -0.0205467522   0.9523753439   3.2339619236   0.1998817622  -0.4663089094  -1.4130508662  -1.6287130434  -0.8287798470  -0.5822704586   3.0979816503   0.1096455548  -3.2665155133   0.3693886430   0.6591899492  -1.6794522198   1.5158914307  -1.2051664925  -1.5694693811  -0.9291715642   5.7214462187   0.3906807707   0.1447245367   1.5072398934   0.6919043720   1.6458933481   0.4692568707  -1.2786453647
-0.7650913849   1.3308173023   0.2947893951   0.9458225951  -0.0468250455   1.5283322061  -2.2664447636   1.9187819579  -2.4262886648  -0.6295192359  -0.8308320693   1.1616632102  -1.6867382347  -0.7502548018  -0.7662480763   0.6445151818   1.5981297957   0.4061413999   1.2961497959   1.3152213412  -1.2433216786  -1.7428098679  -1.1053542974   0.2738603998  -0.8559559647   4.1064255764   2.0753914562   1.3913647649   0.1355117564  -0.7601850362
-1.0320505293  -1.6266379754  -0.7029834535   0.5851566329  -0.0996691219   0.1430368474  -1.6771137038  -0.8106843883   1.3899335995  -1.1260071615  -1.1039940295  -2.0113572019  -0.8510702910  -1.0384106095  -0.2422756769   0.7519683165   0.4900969564  -2.3938676246   2.9100266465  -0.0501008931  -0.7641262295  -1.2560310597  -1.3255329682   0.6424216844  -0.5045995087   1.6584212186   0.4203932732  -0.1199560613  -1.4927839459   0.0080864664
 2.2655750668   0.1571540528  -1.6779134907   0.2759158843   0.8292280498   1.1512054276   1.1037399644   0.3583946588   0.6636508077   0.3827116537   0.9089673840  -1.4501368747  -1.0294577792   0.0237765112  -0.5097556895   1.4212498463  -0.4742411476   0.9207379226   0.9580843991   1.2341918801   0.0973639367  -0.9039372325   1.6245083034   0.1183434517   0.9341638520   0.6688375089   0.4213772877  -1.4894789691  -2.6310692060   0.1251386856
 4.1416448045  -0.6185173507  -1.4613096481   0.7659683463  -0.8781084271  -1.6505756065  -1.7487577358  -0.7442527769   0.1111333718   1.5462065249  -1.3350339056  -1.0176529573  -3.4823281639   0.8507805786   1.8610363326   1.0302546052  -0.6645579285   0.1624718777   3.4261878420  -0.2416933711  -1.5698739110   1.4806572791  -2.8988926086   1.0785772578   1.0991518260   0.1491301671  -2.6635375446  -0.7034198045   0.2857967019  -0.4170051162
 0.3145168776   0.4516870421  -0.3432389626  -0.1736934679   0.6199314723   0.4873866065  -0.0128518549  -0.0474080920   0.0153172599  -1.0487958847   1.1395225436  -0.2705446792  -0.9962203417   0.4047814039  -0.0738244149   1.6685876579  -0.5688165374   0.1595558168   1.5735639180   1.3172158529   0.6757885559  -0.3768506535  -2.6625690078   0.3763595304   1.7727798873  -0.0249510780   0.7700882378  -0.9104030144  -0.8743452597  -1.0007171330
 0.6710228493  -1.1492236464   0.6814329576  -2.1314190487  -0.2299466741   0.1227971095   1.7740836530   1.6201372139   1.5115221452  -0.9523317825  -2.3526774571  -0.8633944285  -0.8368916838  -0.4980461425  -0.5572797783  -0.0263508106   1.7815213474   0.4654186689  -1.0328293059  -0.5059849350   0.4420759065   2.2150162762   1.1875056257  -1.7184858342  -0.7627861606  -0.6374607901  -0.2601020248   0.7960737701  -0.7773026644  -1.1959362734
-1.4443077594  -1.0326592735   0.7253558814   0.4794652101  -0.8241390506   0.0212108550   0.9689473212  -0.2793353170  -1.9638416150   0.6036665686   0.1960490084   1.6696103060  -0.8425790916  -0.5116784499   1.6748101681   1.9080987504  -0.1885636615   1.0515811894  -2.7074799848  -1.8454867904  -1.1675030869   2.4597994588  -0.5046824577  -1.6038464947   0.0265834260   0.2848247297  -0.4186049968  -0.6005342735   0.3252259997   0.2106290771
-4.1178204858   1.1641011181   0.7123084071   0.3437318993  -0.2744901010  -0.8146049595   1.2502164943   0.5595169453   0.7157736982   0.8790225699  -0.9955806285   0.6286265506  -0.6135767131   0.0192643204   0.1345540532   0.9618730870  -2.0291821280  -0.9717411581   0.2121017302   1.1495521778  -1.1142790538   1.2373742980   1.3581008464  -1.5429411796   0.9857296005   0.2341673497  -0.0851777350  -1.0228277081  -0.6693100850   1.7214288567
s2
-1.2614813025
 1.3621158045
 0.1064574806
 0.7424648191
-2.3109900830
-0.1599263506
 1.0949386156
-1.7011064783
-0.5685722093
 0.1696479403
-0.6420914813
-0.6464231323
-0.7165440884
 1.8686813301
-0.1268290301
 1.1690139124
 0.7410847216
-0.8466640445
-0.9654469262
-0.2454098869
 0.1949675014
 1.0430152782
 0.8808462241
-1.0029008621
 0.7039524339
-0.3143051994
-1.6545663219
-0.7184368181
-0.3492849851
 1.0510610417
w3
 1.9474240688  -1.2446686430   0.5131568848  -2.7918308265   0.1869769839   0.4537165569   0.3380476495  -0.2014447845   0.4022370377   0.5446645668   0.4345469982   1.6412414860   2.4569790414   1.7657233235   1.1368221993  -3.0968848420  -1.5330310818   1.7242633702  -0.7015348483   0.8751633420  -2.4038208914  -0.0610439978   2.0565061106   1.6668862888  -0.7174263886  -1.9964146057  -0.2146651420   0.9869377427  -0.8876451604   1.8163280832
 0.5796960355  -0.7441766552   0.2556799755  -2.1583548623  -0.9807534219  -0.6536066365  -0.8723355804  -0.0374568941   0.1681994118  -0.5392017322  -0.5057933542   1.1196634518   0.1661272893  -0.8548252992   1.3033701494   0.2450222047   0.0111969036   1.0687647329  -3.1957300106  -0.2127794604  -1.1983562040   1.2665293051   0.2244139865   1.2069576899  -0.2150435101   1.3468556266  -0.7257439055   0.8368687485   1.2387040805  -0.7786862026
-0.9330848632   0.2684475149  -0.2657844367   0.4819288219  -1.2821547596   0.7255116525  -1.0948403688  -1.5411202332  -0.7691988766  -1.1855148428   0.0053384411  -1.8172910528  -1.1791498759   0.7097766160  -0.4015347232   0.6911064548  -1.5534786840  -0.0715898549   0.3157300422   1.4681600969  -0.9273521557  -0.3755290636   0.1597403607  -0.0218162854   0.7316997416  -0.1602507466  -0.4579878046   0.4562689389  -0.0595575341  -0.5109292216
-1.4666549854  -0.6073935722  -0.3616437811   0.4332851166  -0.1555551430  -1.2236772071   2.2911354191  -1.8732931227   1.6763625601  -1.1699699762  -0.9479007681  -1.0829761299   0.7676976704  -0.6773032904  -0.0050013222  -0.9437072632   2.9122036040   0.1289489594  -0.7438149459  -1.3644141377   1.8416285198  -0.3444943215  -1.1471105252   0.9245352722   0.9002732753   0.4237505435   1.5648170316  -1.6173802494   0.7332840965   0.8041084301
-0.6789882926   0.8574568374  -2.5092398246  -0.0643402111   1.0844598077   2.3060906433   1.8326380801  -2.1744340955   0.4552312939  -0.3613430882  -2.2120988803   0.0871361680   0.1760664386  -1.1193591153   1.4829628748  -0.7386789253  -0.4863634312   1.1014491430  -2.0815681478   0.4428040116  -0.8137575387  -1.5266754627   0.8882793469   1.4039183068   1.4807806540   0.9027186458   1.1508330317  -0.2899754498  -0.7255034344   0.2836797290
 0.7657707570   1.1948891345  -1.4308827046   1.9207659436   0.8499348339  -1.3382139304   2.3638880729   1.5264471718   0.0318681561   0.9554086476  -1.2266461589   0.7612699788  -0.2479844175   2.4473321480  -1.1164907140   3.6839372101  -1.1460730165   1.8924271113   0.5419164565   1.8206499836   0.3765796978  -3.6356507594   1.0009895498  -1.6494607165   0.8891060906   2.7703357083  -0.7392467431  -1.5163794229   2.0032181112  -0.3527061757
 2.0024990895  -0.2493517626  -0.8260942227   0.9077157691  -0.9118024309   0.2843985368  -0.8422138956  -2.2673090128   2.0611612745  -0.5693958807  -2.1026162334  -0.8358246018  -0.9394473892   4.1144091273  -0.9141413157  -1.3674025330   1.5976332927   2.8285840619   1.7822905596   1.7086284859  -0.4547755208  -4.1206195652  -1.1257926276  -1.6412190444  -0.1603770781   0.3285837285  -1.1611139401   0.5543264811   1.2184783609   0.3528442398
 1.1894726319  -0.5696047523  -0.9586509076  -0.0487583182   0.9800559299   0.6008575698  -1.0757286807   0.3623827931  -0.3521080224   0.7305998987  -1.1897102895  -0.3947771668  -0.7350178562   0.7260501683  -0.2958205413  -1.1070006044   0.9705395430   2.2288990231  -1.6291438646   1.3365465655  -1.0320148558  -1.2873688131  -0.2163198654   0.2953255288   0.9587428905  -0.8369393089   0.2082345546   0.5079452996  -0.0631864408   2.1907878653
 0.4735167414   0.7446276747  -2.1282089574  -0.3832584479  -0.3063547178  -0.0965430214  -0.8254890712  -0.2138587902  -0.1698300661   1.1162207410  -0.9659650141  -0.7555126690  -1.2497286377   0.1319321369   0.9665830227  -1.0147910750  -0.1812031431   0.1550325985   2.1944344423  -0.6995404343   0.6335296216  -0.8311600574   0.4748356883  -2.3930439867   0.6354127846  -0.3810897189  -1.8988101714  -0.9989999223  -0.4662738089  -2.6580250984
 0.0704866532  -0.9205949308   1.0144394155  -1.1437687564  -2.7717653267  -0.3179605307   0.4709157791   0.0180437611   0.8104671534   0.3943824891   1.3416579488   0.3897318699  -0.6912164600   0.1507326694   0.7852931373   1.2694949837   0.4957613057  -1.5385517581  -0.5062977928   0.4878005483  -0.0403110784  -1.2312402681   0.3550628754   2.0547039258  -1.4802746137  -0.0364102555  -1.0921029884   2.4157881941  -1.7029091897   0.0642603315
 0.0218679360  -0.4228929869   1.6835646893  -0.8865234562   0.1377392541  -0.2559901216  -2.5915632626  -1.6235501539   0.0089067442  -1.1906496801   1.2403342274  -1.4816970941   0.7080297751  -0.3860860189  -1.5734073457  -2.6582685290  -2.4007707748  -0.5199374446  -0.1492645777  -1.4944787687  -1.1999737125   2.6410795625  -0.6759538668   0.4970740479   2.5923035223  -1.9494765919   0.9621343976  -0.5351808692  -2.0856715657   1.6152584374
 2.4612452119   1.0795131038  -0.1876530706   1.3139624060   1.0158382396   1.6767590363  -0.8125131347  -0.6906391970   0.5933389929   1.7957040096  -1.2476397291   0.2131116402  -0.1686516672   1.5506267167   0.0171687702  -1.6531995299   0.5652113224   0.5893542527  -0.2205651971   0.3680124679  -0.4706925569  -0.9602604536   0.7228543415   1.7353661057  -1.1301640676  -3.3276207553   1.3160616879   0.7536234753   1.2601628191   0.3698940303
-1.1313627772   1.1174624235   1.2643851904  -0.5553840443  -0.1967454319   3.2389323714  -1.5514058820  -0.7260586685   0.2044683201   0.8835341325  -0.8315299973   1.0422801635  -1.4366695329  -0.5801449307   0.0401924608   0.7918599140  -2.5569953972   1.4733534600   1.0325706562   1.7060243439  -0.4761559024  -0.6020473703  -1.2929877084  -1.4799617493   0.0546753781   1.3927532443  -0.8242493361   1.0457012364  -0.3439423752   0.2990150439
 0.0062348958  -0.5689467218  -1.7454394400   0.5725971624  -1.0196275330  -0.1963217508   1.9174021739   0.7780476761  -0.3747214324   0.6865513652  -2.0614441616  -0.5000467269  -0.4526284349   1.7597406003   1.0298399733  -0.5356664496   0.2331490516   1.9296311002  -1.0452940034   0.2199290580  -0.7703725375  -4.0113876053  -1.2936927247  -0.8412390334  -1.4755569453   2.0886432626  -0.2136526548   0.6804001476   1.3260666219  -1.3066734716
-2.3100393313   0.9157139991   3.9898412859  -0.9022772560  -3.0580765030  -2.4531655251   0.8274114639   0.7295053442   4.1271222084   0.7676600830   4.6126027373   1.4525904879  -0.0189951303   0.8181696317  -1.1751278433   0.3669457706  -3.3428947762  -1.2905233376   0.0102977934   0.4963900491  -0.0254089218   1.8465797901  -1.9358213648  -0.9178601005  -1.0295169437   1.4440319752  -0.6823309645  -0.2599247305   2.3874475219   0.2195852362
 0.5346446947   1.3857724932  -1.5210414984   1.5852796153   0.8990759755  -0.6597556903  -0.5736665229   0.6565573273  -0.2763302005  -0.5640355418  -0.4263076215  -0.3165237387  -0.0735415654  -0.4976681336  -0.0075466481   0.5210169995   0.1429657106  -0.4124154269  -0.7036323483   0.6539567926  -2.0421747946  -1.6301919826  -0.1449487300   1.7395745660  -0.1359704675  -1.6406082354  -0.0455868656  -0.3205212684   0.5045135534  -1.4254920367
 1.9524580425  -0.9646831579  -0.7618280621  -0.8725996403  -0.7853315055   0.2565689760   0.2694543844  -0.5028488046   0.9750139587   1.0109963866  -2.0466747350  -0.3695469254   0.3277407363  -1.0909533441  -0.3480346063  -0.8266742987  -0.2807460056   1.1766878489  -2.6624174511  -0.1249129896   0.2329691330   0.4954515074   0.8810187204  -1.5430490857  -0.0955063209   0.1385315006   1.4421231179   0.7827726290  -0.1159119196   0.9906596709
 0.1106443062   0.5928963612  -0.7507094860   1.8018753251   1.1969343146   0.6323306557   0.5207486452  -0.5070295964  -0.8144600826   0.4941253347  -2.2204189243   0.1415468478  -0.5551040614   2.1401216048  -0.7962752990  -0.1229321656  -0.2360366105  -1.1999108181  -1.4402020376  -0.8497429300  -0.9162439316  -1.1318373134   2.4726909277  -0.4971269935   2.9737727479  -1.0895951244   0.1687729350  -0.7790102533  -1.6060285037   0.1435064870
-0.0304889592  -0.5817143340  -2.1445283442  -1.1203732152   1.0589335426   1.3271195866  -0.8033916162  -2.7408297214  -0.5523726601  -0.7864531133   0.9466801364  -0.3783349937   0.1696578284  -0.9356347489  -0.6045081522  -1.6760205879   0.3902828178  -1.2101951524  -0.6857571259   0.0620805556  -2.8439875456  -0.1263864821   0.6046070793   0.6922348492   1.9145595894   0.4977774563   0.9186306205  -1.6351836551   1.5293253496  -2.1226861491
-0.4432869421  -2.1976671925  -3.4277428940   0.0719710171  -0.4063570152   1.6362035949   0.0849636407   2.4841110896  -1.9976177511   1.0180091767  -2.4241391575   1.8775694916   2.5973481292  -2.1555394971  -0.3155609393  -1.9772929817  -1.4408376900  -0.4182742566  -1.2271598478   0.3427185839  -0.2801026455   0.0651640100   0.6600242287   1.6508080611  -0.7313228053  -0.1989308426   0.2303731800  -1.9561950052   1.2680579432  -0.5600288020
-0.8095037832   0.6600966904   1.5112325472   0.1499523682   1.2100926585   0.2253835211  -2.6314995967   1.1383822470   0.0805150311  -0.1532542307   0.1399660823  -0.2369291364  -2.0598077501   0.2530691337   0.6501700096   0.2035553554  -0.0813355769  -0.1260066607   3.3500589998   0.4687964068  -1.9011679298  -1.3784144141   1.4310301943  -1.1238915565   0.7765242290  -1.5586493164  -0.0855921321  -0.1785031664  -2.6950731377  -2.0731669428
 0.2177699873   0.9956786516   0.4083470582   0.5406086237   0.4360823287  -0.4434840165   0.2807816983   0.5305043185   0.1201029301  -0.3717466023  -0.9444675925  -2.2959754675  -0.4936431790   2.2528767926  -0.0922993107  -0.6038264439   0.3893349622  -2.5032263201  -1.0328894590   1.5398928342   2.1575373070   0.2142388593   0.3766080552   0.0333069392   0.3000907431   0.9969613503   1.0206882747   0.2984201191  -1.6989409640  -1.6312661991
 0.8602945067   0.3356328610   1.4348471405  -0.1279905661  -0.4351229223  -1.4401317507  -1.5656579208  -0.3729148308   0.8504763813  -1.9657307881  -3.6879629861  -2.0556869077   0.3343639096  -3.1950299225   1.3637914209  -0.5166751514   1.9155254666   0.4894198779  -1.0226789335  -0.4055923479   1.0949569937  -1.1638422973  -2.2751959357   3.8232700012   0.5621054907   0.4206861766   0.8854071541  -1.1123503113  -1.0730950704   0.6349467140
 0.3492923676  -1.4500230679   2.2818641285  -1.5143278826  -0.3090716558  -0.6011753024   2.1105087159   0.7426594325   1.2301416704   0.6809701558  -0.7088567123   3.1224378473   0.2180102716  -0.6172833266   1.1087544466  -1.2996940271  -1.0090319959  -0.1846067690   0.1380958127   0.4156110572  -1.4462844606   1.0608607691   0.4843810226   0.5508652745  -0.3148380581  -0.9979377497   0.0735625945  -0.0688821107   0.1008524104  -1.0289508040
 2.5932310351  -0.3233610298  -0.0287753674   0.9652645967  -2.3105633082   0.2263823813  -1.6353994618   1.5314678537   3.4580058089   1.9607377582   1.7113802573   1.1269132848   1.3696575686   2.5530503253   2.0778699873   0.6861078946   0.4414518379   2.0432664365   1.2090551347   0.4170482564  -0.4064605428  -0.7160985091  -4.1957526730  -0.0545096193  -0.2288924672   2.4320869819  -0.6369330879   2.3155301349  -0.6025392886  -1.0393470676
 1.2420692707  -0.8198648874  -0.5164154299   0.0022308735  -0.6568314358   0.1114187982   0.5379599365  -1.0455716175   0.7427109906  -0.9997317176  -2.0333600972  -0.5479677057  -0.1059747289  -0.1415339139   1.9989902441  -1.4401957740  -0.4057592651   0.5663057227  -0.0938332813   2.0848776358   0.0420882826  -0.3719004148  -0.2545947028  -0.2179162173  -0.7262476378  -0.2145595929   0.9967549624   1.4262983535   0.3165187355  -0.7262702790
 0.7676893685   0.7588992595  -0.0418076362   1.3624072697  -0.1158291705   0.5602396047  -0.8111617447  -0.4691204222  -0.4183300754  -0.7036401012  -0.1053205121  -0.3204345915  -0.8871361092  -0.6219172214   1.2246083462  -0.3637789192  -0.5572897165   1.1712811937  -0.7078274652  -0.7192630032   0.1198761460  -1.6574491377  -0.1516628218  -1.2812046437  -1.0168889844  -0.4452633710   1.3394655536   0.3277950193  -1.6496702784  -1.1350543532
 0.4802309052   0.7214128147   2.1448138278   1.7102994820  -1.1440903616  -1.4324158783   0.2941717728   1.4904152737   1.8876751446   3.2893468663   2.5487325841   1.6625141008   2.1930518167  -0.6125237032   0.8623910074   0.4791299083  -1.9281014498   1.0324671782  -2.2331143478   0.0161118802  -1.5966021222  -0.2706734771  -0.4792106090  -0.6140440504   0.5474937205  -1.1248335088  -0.1565750864  -1.0548037327  -0.7326323845  -1.7093470255
-2.6221062629   0.3789097005   0.1050543242   0.3676140420  -0.2957705271  -1.3066035627  -1.6498716953   0.0673967286   1.4351307233   0.8399120853   0.0972693700   1.0407570445   0.5239800552  -0.1703998281  -0.6796736532  -0.2375290200   0.3129412296  -0.2466855574   0.3420992124   1.2439353321   0.5197213493  -2.0905551083  -0.1284500343  -1.1404658118   1.1734359244   1.8760111846  -1.4709338263   0.7050874461   0.2462508593  -1.6116532417
 0.3250314898  -0.8241252055  -0.6256837023  -1.1645111056   1.7846825955  -0.4464917551  -0.2047298604  -1.9041238298  -0.9520991502  -0.5384471963   0.3697602795  -0.7352268942  -0.0456861983   1.5580384788  -1.9128847917   0.4964292470   0.6177664279   0.0244300627  -2.6205295146  -1.0609151833   0.7720548220  -0.2306716943   1.9446096819   0.6487465789  -0.7307057600  -0.2454271551   0.8740291896  -1.1413682916   0.3081776373  -0.3620841732
s3
-1.4103903484
 0.9795536822
 0.6744892049
 1.4192773921
-1.8389898494
 0.4510313106
 0.9246919664
-1.3150302104
-0.6100385631
 0.5176962292
-0.1844806821
-0.8283445580
-0.4785666589
 2.3512045011
-0.3521815424
 0.2176662293
 0.3741931612
 0.0879485358
-0.6507921627
-0.1884871857
 0.0501475665
 1.2802826107
 0.3941678847
-0.7802815185
 0.7549143842
-1.0373019877
-1.5263431721
-1.2225964234
-0.7756687174
 1.1001997527
w4
-2.1856225736  -1.5581273531   0.1735654638   0.9915554313  -0.5349684764   0.7149089516   0.7593950405  -1.1592861471  -0.1430440374  -1.8389389678   0.6011971436  -1.2721500611   0.4289381338   0.3273124069   0.3036732180  -0.2667824710  -1.3825050412   2.9622872686  -1.1705603500   0.3296851574  -0.5546472730  -0.2450143615  -3.0937620128  -2.4041783947   0.4406828436  -0.5193803881  -0.8827669151  -0.8908308672   0.9174038485   0.6401335169
-1.9857819464  -2.6260004963   0.3087297155   1.5205738512  -0.4829595403  -2.5015296787  -1.0031537058  -0.2241403834   0.4277770321  -2.4569945253  -1.2164682365   1.0843469513  -1.9891759948   1.9559564256  -1.2194521726  -0.4311491410  -0.6406703960   2.0416942921  -2.5807869059  -1.8941409807  -0.3761944849  -1.8571764615   2.7394929634  -2.3857357378  -0.0835748472   0.6239570233  -1.3098523784  -1.6067098264   0.6579872087  -0.0030110013
-1.4466948469  -1.4109305774   1.1162884907  -0.3864762515  -0.0598334807   0.7477666388   2.3841966304  -0.5520949367   0.6742266225  -1.3364775506  -0.4015600906  -1.7719916328  -0.0990622096  -0.6980395474   0.5671739229  -0.4156713082  -2.1124230308   1.8871455132   0.5694225500  -2.5599797125  -1.1086767886  -2.1187303266  -0.7858560244   0.2390932162  -0.0869963376  -2.1804414979   0.7494003165   1.0228549646   1.2899252139  -0.3034455444
-0.7033306892  -1.1789609871   1.6288566218  -0.9895873606   0.0999681857  -1.4703181119   0.0469304227  -1.2578323239   0.2709833031  -0.7533482772  -0.5137827764  -1.5528148665   1.9978260123   1.3967664411  -0.9248895566  -1.0592056137  -0.9837655122  -1.2934914402   2.4296020313   0.2439330256  -0.0942902828   0.0039629568  -0.2586312938  -0.4893995599   0.9891081497   1.8179233508  -2.4503521151  -1.0220236764   0.3999217293  -1.1184830680
-0.1341463080   1.6645939743  -0.2731317283   1.5046714064  -0.0631320693   0.4033668109   0.4537678820  -0.6694125086   0.6500840303  -0.5108835476  -2.2209749907  -0.4056357021   2.2498502791  -0.7850688627   0.6483888913   0.1136068998  -1.5490847758  -0.3838491562  -1.0649175144  -1.3936159246  -1.7217115820  -0.0268243933  -0.6501906783   0.2544529396  -2.0968645855  -0.0569586506  -0.1770516162  -1.0104830649  -0.9789387093   0.2681941415
 0.2006205417  -0.1220440173  -0.2880589032  -1.1064463839  -2.4790285601  -0.2861025435  -0.2638293948  -1.2295890562  -0.2809363960  -1.1413146879  -1.2406254102  -2.1731895783   0.8761283184  -1.4854401556   2.5579674561  -0.4411005596   0.5629548232  -0.1669531156  -1.1307552205  -1.5537675777  -0.8406740964  -3.2503101307   0.5628693257   1.7538425939  -1.4370719161  -0.8535096603   0.3778856463   0.9599150019   0.2285906611   0.5455359280
 0.5137426089  -1.2400086970  -2.3818676604  -2.2305143720  -0.6579146715   0.5966680588  -1.9653686601   0.8275907350   0.7784506147  -0.2342749645  -1.7713752255   0.1379020701  -0.2870370607   0.4414567153  -2.1926611219   0.7659470523  -0.2964425976   0.0295863214   1.0492719456   2.0154649598   1.2879897028  -1.6043404696  -1.1844911726  -1.5456913989  -0.9594394606  -1.0766803242   0.4564968765  -1.2189474539   0.5382646164  -0.7457816760
-2.2025995384  -0.8101345330   1.6426180665  -0.5785128277   1.3824659597   0.4783691104  -0.4205799323  -1.3835778984   0.2059783557   0.2607733170   1.0353713348  -0.5023156359  -0.9103082908  -0.2663944009   0.0519160186   0.6528101369   0.3289118772  -1.6710480783   0.1229927585   1.7128944110  -2.2755231326   0.6814520365  -0.3307727865  -0.2882050030   0.0955801594  -1.5293826724  -2.0908072757  -1.2011054700   0.7666735652   0.6285224963
-0.3915925481   0.9390373345  -0.5320346552  -0.7994811162   0.0391270741   0.4221040735  -1.7921607554  -1.1887318697   0.4776731946  -0.3641942160   0.7518392600  -2.6354688177  -0.3117153111   0.9872643825   0.3495126792  -0.5518438691  -0.6294251380   0.7614319047  -0.6700326085   0.6139283842   0.8915887889  -2.4571427061   0.0218250980  -1.3162003373   0.0261737977  -0.1674132962  -0.2208393525  -1.4502075644   0.1480105008  -0.4096773550
-0.0178067302  -2.1712364058   2.5409199234  -1.3361814370  -0.6375895621   0.4685717871  -0.8917783465  -0.4488715859  -0.6637725461  -0.4611370157   0.0522522322  -1.5258901473   2.0472557078   0.7378886776   0.9140234635   0.8523048496  -2.3717907065  -1.0192759827  -0.2562653805   0.0847625233   0.6883719327  -0.1402891228  -1.1601124669  -0.0252733167  -1.0963156025   0.2850659136  -0.1109895335  -3.9258254797  -2.0640639611  -1.5365384030
-1.5390797021  -1.2039288670   0.3645825922   2.5050349829   0.4700957231  -0.9827356771  -1.7850620994   0.2441738588   1.4094589891  -0.2794981491   0.8051328072   0.5253775245  -1.6465938424   0.0509608177  -3.1329653495  -0.3713388427  -1.6389424390  -1.0718243677   1.8279181125  -1.9066586834   2.8804483651  -1.5700779980  -2.2738054481  -1.8342922955  -1.0723623114  -1.9356407346   0.1560584281  -1.8539999573  -0.9804081027  -0.1646707865
 1.5890594305   0.3185660211  -0.2780006967   1.5290940640   1.0934284870  -1.5757126345  -2.0791214276   0.2051354984   0.0294383436  -0.2710704000   0.8844700410  -0.1032490222  -1.8782601380  -0.9891904786  -4.6962053019  -0.0440665158   0.0994788277   0.5368554752  -0.5846745468  -1.0141714684  -2.4404824629  -0.2574438264   3.3877977338   0.3404956085  -3.1745391148   1.0176179669  -0.2380548521  -3.3252596314   0.5372326347   0.0347149112
-0.9416318855  -1.8258499568   0.6422235927  -0.1611474489   0.2768910559  -1.0271305535  -0.5521231676  -1.0202024439  -1.4464711221  -0.1440560718  -2.8788542676  -1.6598787967   0.7356917834  -0.0706547263   0.5039319100   1.0648209037   1.9530006695   0.0980279831   1.0783079267  -0.6476252997   0.0000362613   1.2271791911   0.3169048025  -1.3212333779  -0.5882819438  -1.1047528485  -1.3213299659  -0.8304423748   1.0867405652  -0.8024023877
-0.3904730111  -1.2451077905   0.1510635460  -1.6885864211   0.0480324944  -2.0694068381   1.0192446117  -1.5954131293   0.4330571356  -0.7285511876  -1.2229387997  -0.6958756005  -0.2645671072   0.5537969604  -0.0426097365   1.6617442086  -0.4874449345   0.9974561715   0.8495770141   1.2630353190  -1.9725816624  -0.1740112366  -0.9287149679  -2.8692762579  -0.3990757311  -0.9512254888   0.9000646613  -2.4881094567   1.2729068071  -1.1419902060
-0.2892361583  -1.1197885651  -0.2409570877  -0.7387627383  -0.3953402833  -0.8119082383   0.6933222355   0.0615104930   0.6520595398  -0.7837887582  -0.8137354016  -0.6911125750   0.6526824882   0.6785101412  -1.7084226555  -0.9039708162   0.0849067978  -0.1083332006   0.1175906794  -0.2502068568  -0.6578642055   0.6927420404   0.3993271815  -1.5595466818  -0.0156480439   0.4188973537   1.1759853817  -0.1509323353   0.9919775572  -0.3486672397
 0.3692529450  -0.8425841447  -0.5776851357  -3.3347981407  -2.6934477463   1.1469741587  -0.5183199369  -0.0121315287  -0.9875507990   0.1937573677  -2.1664443225  -1.0094796442   1.1139028134  -2.7627038954  -0.8098988247   0.0652999493  -2.1758655635  -2.7845965306   0.2767126875  -0.6249560872   1.8340710149  -1.7828791510   0.9340764153   0.6034829349   1.5093566585   0.1885734908   0.2870447311   1.1367267485   2.0217350410  -2.5069198835
-2.6875486159  -0.7460925503  -0.3663445785  -1.1999639330  -1.2863541826   0.9814436618   1.4306018980  -1.3297724635   1.6416279292  -1.2773322003  -5.4342040297  -1.4605554604   0.1492202341  -2.2724864950   4.3123676597   1.4859054428  -0.9523248889  -1.9777309802   0.5243545888  -0.6760140721  -2.2262939117  -1.0747702517  -0.5593226621  -0.1752798172   0.3780955252   0.7858809940  -1.7676298040  -0.1154802325   1.8815761341  -0.7779191257
-0.7914006087   0.6561251363   0.8018943119  -0.0128634260  -1.0376262839   0.3338185594  -0.7183834011  -1.1346110287   0.1642741151   1.9887459972  -0.0269991252  -0.9806498404   0.5221962711  -1.0073948597  -1.8300214232   0.9014482294  -0.0331557023  -0.2401742036   1.6254458401   0.8254507416  -0.2337243820  -1.5529132675   0.5321913518  -1.6058163039   0.4430012972   0.6406355232  -0.2250105110  -1.3783959246   1.2119918051  -0.7404095919
 0.2223515201  -1.5098140042  -0.2077371841  -0.6987972032  -2.0096787642   0.0107130079   0.2814775924  -0.8083824173  -0.9474946034  -1.5457359074   0.0986893360  -2.1295334755  -0.8917696493  -0.3403720957  -0.1117540202  -0.3292789312   0.6182686547   0.7615903905  -0.2797666889   0.3389705895  -0.6446174197  -0.6357877682  -0.7746706345  -0.5093642742  -0.4189494656   1.7230100970  -0.4979652569  -1.3139921906  -0.3734811990   1.4748415744
-2.4622068856   0.2737547289  -0.4782557061   0.7713360456  -0.4764338453  -4.8109279733  -3.4505593798  -1.4159342355  -0.5439368919   0.7251777585  -0.5494514480  -3.4529588339   0.0006353678   0.2269434741   0.6738523321  -0.8966005722  -1.8085676703  -2.8718588288  -0.1525332585   1.0012359868   0.1255426211  -1.3363205833   0.9446213902  -0.8713223481   4.0391145021  -1.5702817478   0.9151361213  -0.6771185600   1.4115073543  -0.4401368554
 0.3904500903  -0.0562034138  -1.6542793000  -1.0428236297  -0.0930634150  -0.5038153844   0.1007539100  -0.0743808728   1.4234268539   0.7067284705   0.7352410336  -0.9846014370  -1.7563079181   1.8992823765   0.6966827355  -1.0521628536  -0.1684204484  -1.9663623218  -2.4821034216   1.6255678056  -1.4901820447  -2.0151939848  -0.9783434372   2.5014245657  -0.6288050763  -0.8577740605   1.5369231847   0.5407833139   0.0692400715  -0.8342235000
-0.3794826547  -0.3875156166  -0.9940096530  -0.0252140773   1.3646096822  -0.9996658356  -0.5601605056  -1.4497148843   0.4839093605  -0.6825209187  -1.2173526362  -1.8464869534  -0.8726874576  -1.1972711437  -2.0857558077   0.6162871363  -1.5721287167   0.6923206520   0.4405658864  -1.8001737682   0.8461727694   0.9929525032  -2.1747296533  -0.8505584795  -1.1035359235   0.1056170980   0.7999479790  -2.9503106232  -1.0781219222   1.3564743551
-0.5622164829  -2.0510789727  -0.1766303213  -1.9224389682  -0.4404362617  -0.3207223997  -0.3876503337  -0.5948554399   0.6437630795  -0.1475514068  -0.3937501738  -0.2490626527  -0.1586966673   0.6325667192   0.6825037730  -0.4149119879  -0.5433479214  -0.0038486080  -0.0303361270  -1.2740271563  -0.5770349112   1.0586689399   0.1813153712   0.5311450687  -2.1830924218   0.1236741776   0.8235723205  -0.3671086501  -1.9409397926  -1.7451533610
-1.9114910961   0.9831391823  -0.3131730994   0.5463973109  -1.6924654675  -2.7538316596  -0.7821554777  -1.0981255207  -1.0967438645  -1.2157338203   0.9944179196  -2.7290686311  -0.6812840558  -0.4606345990  -0.4192479352   2.4680492119  -0.3926986677   0.0748230025   0.5187854859   1.6109965599  -1.1528384286   0.4306121794   1.0038781438  -0.3217222697   1.0268873900  -0.5740669438   0.1749777192   0.4546302440  -0.3715002057  -0.7393624752
-0.3395951910   0.0022551896  -0.0871088100  -0.2051847799  -1.2852302397  -0.6227366033  -1.2427315012  -1.5603502385  -1.5892767695  -2.0353510157   1.4262949970  -1.2411943864  -0.5239054542  -0.6625656799   0.3926970832   0.5527858973   0.0610996160  -1.2564439763   0.2413740194   0.9616345674   0.5019093910  -0.3543741137   0.6644858607   0.6685469469  -0.8817488114  -0.5672255277  -0.8271666443  -0.6583210513  -1.3964686977  -1.4625727055
-0.1568567748  -0.7386880384  -0.2325297387  -0.9790149274  -0.4994925307  -0.5965229578   1.1340025346  -0.6260830757  -1.0355391632  -0.0117667792  -1.3083557430   0.4142617136  -1.8166217489  -0.7301470029  -0.9132555638  -0.0035148635  -0.7603759918  -0.4034978651  -0.0442244335  -2.7601927235  -0.0457264617  -1.3153171546  -0.4352755985  -0.8322717170   0.6181536110   0.7114245842  -0.8665294696   1.1357469820  -1.5252004540   0.2648896512
 0.8341981396  -2.0306053811  -0.9013487145  -0.4924796271  -0.6476047067   2.3435367369  -0.7097361002  -1.1412425796  -1.1728359790  -2.2304085062  -2.1476821165  -2.0486963677   0.3090889565   0.5342468003  -1.7032342744   0.1315835210  -1.5796448018   1.0983469766   0.5712172276   1.2074201145   2.0944198974  -0.3451184314  -0.5715164361   0.3243783408   0.7377996426   2.0200753713   0.4270302995   0.6793078528   1.1064098011  -1.3519440567
-0.3496350281  -0.0602495689  -1.5392835646   0.0374892164   2.8646981236  -0.1355680785  -0.1786825071   0.5640311979   1.0317812248  -0.5594233487   0.6649019530  -0.1407166796  -0.4539709146  -1.7560059563   0.4024222451   0.1971006913   0.4913004755  -0.4715864962   2.3792371125   2.5529689908  -2.9745912301  -3.8748313667  -0.4885535734  -0.8298806394  -3.0489445597  -0.4229358940   1.8397478132  -1.9023568916   1.0611043814   0.5555354488
-3.2814875241  -1.3920282515   0.3555645507   0.3887410464  -1.6199929759   2.7455770516   2.3336062362  -1.3459935066  -0.3173206570  -1.5071282143  -2.6346160790  -0.6259666544  -0.2091328559  -3.1857161844   0.9439010142   0.9968517168  -0.6844280017  -1.7656426428  -0.7385608574   1.0948416105   0.9479037703  -1.3836453971   1.2767891617  -2.2468875399  -0.1940149641  -0.5363171403  -0.9487992108   0.4102032484   0.0638251756  -1.1232539497
-2.2675373770  -1.0803616899   2.1648936401  -0.8545875544  -0.5318322056   1.5942221752  -1.7165475781  -0.2981128230  -0.4962476493   1.0209777294   0.3198304210  -1.8105719348  -0.0897960739   0.1313802335  -0.9887817637  -0.8244877263  -1.9193551075  -0.3898196929  -0.5758932538   0.0435731574  -0.0336759297   0.2418100045  -1.5770071108   0.8025770977  -0.5689264802   0.9683645067   1.2898946461  -1.0842765344  -0.1395622920  -1.4123202936
s4
-1.6795219453
 0.8756008424
-0.5506155751
-0.3476715061
-2.6233011771
-0.5054587847
 0.3651519889
-2.1904107039
-0.9642613089
-0.4762407638
-0.8317020343
-0.8989034045
-1.1412401129
 1.9416477729
-0.4101425865
 0.3027227737
-0.3922485345
-1.2046952837
-0.9938180830
-0.4667228679
-0.3267032116
 0.8120016037
 0.6388983700
-1.3959008398
-0.5370523745
-1.3351015671
-2.4328536885
-2.1856459450
-1.9357013842
 0.7486668078
w5
1.9266018081  -2.2706699919  1.6804000793  -0.1946008941  0.4949464213  0.6058328570  -1.0285003065  -0.1599280595  -1.9386910336  -2.8122108231  2.0584676932  1.9414452067  0.3947363634  1.4625117963  -0.6778568717  1.5761417202  1.0048377238  -0.2055719994  0.5170875817  -2.3862747287  1.2297856936  1.7255795148  -0.7564650748  -1.5946946412  -0.3258378937  0.1738748423  -1.8724424918  -2.9947956884  2.5700350676  -1.0144625350
s5
-0.0097914826

