layers: 6
str: {2,30,30,30,30,1}
w1
 2.8864679690   1.4242035987
-4.2600073075   1.8008492161
 2.3841186664   0.3152868002
-3.8153658210  -0.2831601805
 4.7179945786   0.5378008916
-2.8136046428   0.5614669861
 1.5855834229  -0.5433298503
-2.4092880859  -0.5099713568
 3.2410252106  -0.2338841776
 3.5705583660   1.0784004075
 2.1234922917   1.2309604600
 0.1407486483   2.2976081576
-2.8827597916   3.3868678176
 3.3439753872  -0.7713406418
 3.8269073982   2.0736848655
-2.5736410996   1.2282058108
-1.6947326093   1.0048518841
-4.4066991326  -4.3255689293
 3.3706788683   0.8876743085
-0.1182056647  -2.9419373318
 0.8279394713  -2.3058166006
 1.5300956009   3.0638151579
 3.6362081580   2.1222245053
 2.6462092995  -0.3424554942
 2.3294796805  -0.0608242542
-4.7638745013  -0.1997516876
-2.2405429245  -1.0683872855
-0.3790723588   3.0027101913
-2.9399665130  -0.1448058316
 3.0265476234   2.2420484143
s1
 5.7870689917
-0.6076765329
-6.4894712824
-3.6215142478
 0.6727296638
 7.5946765478
-0.7702195416
-6.0854120901
-7.8929913735
-0.7590362968
 3.7242296069
-5.7728166938
-0.5679362322
-2.6261498289
-6.1188271171
 0.0571732151
-2.2018927682
-0.2244280405
-0.7997117832
 3.5403119156
-2.5604121688
 0.8051642474
-0.8803531355
 4.3712562874
 4.2480975176
 4.5959913712
 4.0637054200
-0.6738849033
-6.9044758977
 2.5683667239
w2
-1.0650192395  -1.9502756432   2.7740576223   0.3949648817  -1.1442717333  -2.5366950708   0.8808820745  -0.3527819543   5.1153919502   1.2035108014  -0.2451351795   0.8907388663  -0.4046063250   0.3128893356   4.0843866764   0.5772700595  -1.5510238809  -0.5308098506  -0.6861446046   0.6924209037  -1.8935470636  -0.5450689238  -0.5471056125  -1.5041110583   1.3406122226   0.9185849494  -3.2911831502   1.9191443111   0.9251897161  -1.7702456032
 0.3768448801  -0.5735219673   0.3368692312  -3.7898543772  -0.4808706723  -2.0932970361   1.2316936646   0.3067001936   1.1246960494  -1.4463329725   0.0895554400  -1.1795385541   0.3994310227  -0.7948869675   0.4027641977   0.4885288391   0.8343768347   1.6496751558   2.4504565171  -2.1321802484   3.0245560167  -1.9053029312  -1.2909343773  -0.8312677989   0.1236528320  -1.5040093952   0.3127672361  -1.9331056084  -0.2379846413  -0.8895174344
 0.2278700036  -1.7632349775   2.3768876510   1.4119901146   1.9834317159  -2.0103275733  -1.7701389300  -2.3242970692   2.9167564579  -1.8692476660  -1.0404066246  -0.3539450659   0.3994264763  -1.8284449489  -2.7798038759   0.3262175519  -2.0692553358  -3.3818871009   0.7130746441  -0.1406445783  -0.4154077744   1.2751198718  -0.3382159786   0.7811574579   1.9349055175   2.8438417599   2.0351449248  -0.7111416328  -3.6720586787   1.5359716904
-0.7508774141  -1.2686889856   0.4105785145  -1.2792245214   2.3437821389  -0.8107534093  -0.2373047814   2.7009335822  -0.6287861668  -0.9299438662   1.6057241158   1.4797935138  -0.1874859597   0.5010442043   0.1707689743   0.2617826459   0.6467118273  -0.2673098343   0.1660251915   1.0212556562   2.3265970968  -2.3790785738  -0.5122596379  -0.8391062567  -2.2030954333  -0.8955637780  -0.1957444275  -1.2678327997  -0.1418326729   0.7564748622
-0.9567081628   1.7721394522  -1.5027160727   1.8958161427   1.7045423241   4.2994135131  -1.9417654215   0.9384041343  -2.8124267577  -2.2900499393  -1.5580862647  -2.8324652686   0.8321199954  -2.1108412439   0.8264312858  -0.3964447730  -0.0448877807   0.9294229350  -1.2072672002   0.6367534823  -0.7435775864   0.9497008688   0.2410606890   0.5099185507   0.7986790931   2.5803907489   2.4283716225   2.6628143609   0.7881346300   0.7266250762
-0.3684796382   0.4823543823  -0.7287694733   2.3679999615  -1.6401732637   1.3959520453   0.8026465059   1.1171983397  -0.6228228647  -3.5424303732  -1.0459615781  -0.5798838383   0.2245227663  -0.3484421806   0.3873087133   0.7437695952   0.4824501848   0.7361519954  -0.0442925358  -2.6581073441  -1.5113686741  -0.1470048496   0.1378106295  -0.9168435495  -2.2446093318   1.3424184499   2.7431395096   1.2193646527  -1.5603159785  -1.0822027206
 1.1871019906   2.0777444193  -0.2355310796   0.7887314446  -2.7572403446  -1.2104074542   0.0739738272  -0.4590521061   1.6435993964  -1.6420829261  -0.3189885820  -1.1350142391  -3.1277153007   1.8776676261   2.4668112095  -0.0201321870  -1.8120713682  -0.2131849355  -1.0357412268   1.7655657778  -0.3050777094   0.4205478026  -0.3750882912   0.9409750214   0.6122837143  -1.0278223127  -0.3262546768  -2.6407738948  -0.5433746736   0.6012583143
-1.7736239485   0.6781875943  -0.2556688077  -0.0349926615   2.0856192818  -0.2598954776  -0.5803298896   0.7903659151  -1.3387568854   2.0139481921  -0.5700142731   0.6598179791   0.2772078943  -0.6116838983   2.4325558786   1.9965521912   0.8464241168   0.5676502815   0.1680841281  -3.0107088404  -0.9461664186  -0.0448651779   1.1045161772  -1.9304656854  -1.1952645794  -1.3854834804  -1.8584756660   0.7759921553   3.0917166283  -2.4883049199
-0.6939225427  -1.8091086913   2.3320433104  -0.8979919933   1.1767844609  -0.2880317275   2.0446842658  -0.7319126998   0.2903394984   0.0407760306   0.9855008279  -1.8927342403   0.5002291498  -0.2478124107  -1.7111354730  -2.0770609237  -1.2379111885  -0.9204715278   0.8291029864   1.0471806588  -0.6266567087  -0.0732042409  -0.4905703210   1.2316765695   1.8531959115   1.6119589898  -0.3107083432  -1.8002587352  -0.2267216360   0.4103231512
 1.9196479262   0.7216354287  -0.7252979868  -1.0261121060   2.1161496544   0.1702985846  -0.0266499929  -2.6862054170  -0.0353778005  -0.3822341727   1.8067256124   1.3643606087   2.4522584327   0.3143306972   0.3075211742  -0.0692693294   0.7982543603   0.0336615392   0.8153979412  -1.6170536240  -0.8273305156   0.9818049659   0.9528438617   1.4525766552   0.6153540873  -0.6810721214  -0.4554041520   2.6362973793  -2.0267382545   0.0042010026
-2.4216603535  -2.4539384323   3.2066263212   4.8379150604   1.5223103201  -2.7997498104   0.5867177414   2.2984708200   2.3392362657  -0.7289215875  -0.7683833024   3.0514847546   2.3893754118   1.7141827853  -2.8839224071  -1.4257092445  -0.9270092414  -4.4460949804  -1.2161594868   0.1597096841   0.6873647955  -0.1983143774  -0.0374338100   1.6147565151  -0.1650125403   0.1172903019   1.6707971425  -1.5778750315   1.8005130442   0.3823141010
-1.7072202588  -0.3755400780   1.0858776522   0.1041231985  -0.4310005922  -0.1339129348  -1.7620618948   1.3677655001   1.7425423368   1.6850199814   0.3809912270   1.6881109995   1.7122571681  -0.4449896649   2.0191318245   0.0882888344   1.3555035476   1.0062276064  -0.0621838612  -2.1735305785   0.4063904576  -0.5935630606   0.2230051635  -0.9356140906  -0.8082646143  -0.6798199008  -1.7057725328   2.8695114987   0.8129296081  -0.8525956476
-2.4011210458   0.9123931383  -0.6740124970   0.5071231389  -0.5474092237  -0.2269133448  -2.1083291085   2.7536409399   0.4224540232  -1.0093459317  -0.5632328602   1.3092333389  -1.0480496349   1.4037969627   1.5581779878   2.8288930749   1.5253195967  -2.7985324858  -0.4487715577  -1.9315193490   1.2355090186   0.2433559750  -1.0246375803  -3.3845479451  -3.3359697462  -1.9179190752   0.1976950559   0.5489757211   2.0281717639   0.9041370102
 1.0396460053  -1.3736618579   1.8299564930  -1.3387789901  -1.5182799418  -4.0351556926   1.8924920591  -0.1526858578   2.7923122441  -1.8773972912  -0.6057077960   0.2985672684  -2.2791933282   1.7062453564   4.5442186595  -2.9252665739  -2.6704910439   0.0559501660  -0.3902017463   2.7550238364   1.3798345771   1.9662649282  -3.0190663565  -0.6838938293  -0.1154275712   0.7863079118  -1.8199116444  -3.5860645659  -0.7502345090  -0.0027528717
 0.0450878550   1.9385512613  -0.3093962111  -3.9715755100   0.8608475697  -1.1918143311  -0.7598287312  -1.7564741922   1.1364044516   2.9677021327   0.5752071657  -0.7653080244   1.5148782358  -1.4176014698  -1.2377845075   1.3461634912   0.4523943612  -1.0492069231   2.1912626806   0.4264985950   0.9727531792  -0.0414337389   1.3220808347  -1.3104945865  -2.2487291299  -2.2189980268  -2.1886910549  -1.4444591806   0.0271968881   1.4441616395
 1.8230706090  -0.5077282119  -0.8216503425  -1.7214871953   0.5548765138  -0.0338538629   0.1152860781  -1.5155417658  -0.3123292566   1.6679051338   1.8344823984   2.0666301805  -1.3487730672   0.3032200832   2.0464432700   0.8658450730  -0.9711657785  -1.6085219025   2.1215108408  -1.0026565510  -0.4696488198  -1.0481833242   2.3310888501   1.5442335133   0.7680422117  -1.4805802138  -2.8781169777  -0.0597834815  -1.7509923545   3.4320084482
 0.5159245889  -0.6385404487   1.6390858118  -0.8683604826   0.3432478840   0.0820128067   1.9863317235  -2.4998423664   0.9009704126   0.2467263697   1.5369496440  -1.4547255728  -0.8274325446   0.5124385223  -0.6954518499  -1.0279625363   0.2701275622   3.1847095823   0.0440236197   1.3647009601  -0.6835077199  -0.3912424535  -0.1537510448   3.5547595850   1.9639602293   0.0824587856  -0.6192428714  -1.1457528668  -3.0642398914  -1.4595912907
 1.9449127015   0.0696092878  -0.7686992924   0.4677245301  -2.8961230158   0.8787037744   0.5145850315  -2.8508696642  -0.1051847914  -0.8555906614   2.3637828449  -1.4900121238  -0.8372765590  -1.6173484956   2.3181693790  -1.9335082904  -0.6081013386   0.2514539344  -1.9217249842  -1.8337843892  -1.9963675743   0.5089934548  -1.5839934558   0.6366774333  -0.2482634912   3.4896709711  -1.1807211847   1.8481286009  -2.2941168611   0.9737282343
 1.4273916279   1.8758701755   2.0005260246  -1.0222073366  -0.7821304201  -2.7342513310  -0.0988689203   1.3705088007  -0.6381845848   1.7886215978  -0.8687643775   2.0936737151  -0.6271377571  -2.1579273005   0.5984169787  -1.2177504233   1.1793979768   1.0537735464  -1.7910616944  -1.2687693449  -1.1140905463  -0.2709166508   0.1452306048  -1.1837519572  -0.0624154775  -1.4295210679   0.7291253321  -0.8133327764  -0.2944699864  -0.8016569463
 1.7167503663  -1.4586344674  -0.4046680402  -0.1825917934  -2.3215956412  -0.1151189608  -0.0029140415  -0.3606145442   1.4117553217  -2.7057437410   1.4512178327   0.9133665470  -1.5072983411  -0.8832196860  -3.0629192354   0.4057289026  -0.9054339924   1.3693263103  -1.1864878750   1.2462069426  -0.6352360944   1.4863244988  -0.1152562309  -1.5157774654  -1.1321825611   1.2509170570  -1.0492735146  -0.0427439510  -1.4342988292   0.2322779391
-1.8904781684  -0.9106715786  -0.4570139911   1.2933389126   0.0399736418   0.4656270187  -0.3637146072   0.7724474123   0.6838950665  -0.1171998454  -1.9214382895   1.1157722711  -1.0896111652   2.6908066820   2.6556907195   1.1666926947   0.2273731313   2.7684907006   1.0549488304  -0.1323482669   0.9334638076  -0.7142570049   0.3440849702   1.3256813237  -0.5674742487  -0.8354173850  -1.8576790041   1.2488517975   0.1650803836  -1.4614287337
-1.1529080485  -0.6999066538  -1.8406046373   0.7945144402   0.7612423946   4.6250564253   0.6377231299  -1.7616555317  -1.5663390091  -0.7036383678  -1.2216542683  -0.1985996967   0.7301141029   0.7333698789  -1.8901009843  -0.3913907647  -0.1263638114  -2.7988983629   0.8114515548  -2.0213657569  -2.6605502331   1.4520419080   1.5243522299   1.5876529378   1.2423242973   0.2885241346   0.0318890652   3.0152084831  -0.7808027609  -1.5474042664
-1.0518987137   2.0435418797  -0.5119152866   0.0095249909  -1.1188946496   1.5554263720  -1.3586271709   2.2248474509  -1.4082659133  -1.4948371394  -1.4206083819   1.1784454722  -1.6399348874  -0.8005085624  -1.6515230859   1.1888237505   1.4365379562   1.1606272534  -1.2755511753   1.7263644147  -1.8549571490  -1.2130167676  -1.2702220472  -0.1040075988  -1.1273188872   3.8096686645   2.4131815410   1.0864903200   0.3848393847  -0.7010657209
-1.4762482370  -1.1017792626  -0.7033566863   2.1960285062  -1.0061109438   0.8731230825  -1.6156035190   0.5727355465   1.4901630529  -1.6479020271  -1.7183419359  -0.6937807988   0.1108849456  -0.9025535100  -0.2680318536   1.1100778360   1.1590216424  -2.1716958512   0.9662815881  -0.7408304782   0.3402721844  -0.3559456632  -1.4882822426  -0.5271180826  -1.6539933257   1.3860183341   1.0656350949   0.6596779488   0.0387308207  -0.3480896507
 0.7289084492   0.1814556503  -2.5657549198  -0.9572047006   0.7422285836   1.5187020221   0.3141521209   0.6981079572  -1.0856112158   0.6755265957   0.3086912008  -1.1545602422  -1.2402389688  -1.1927528750  -1.0858786924   1.1412439538  -0.8818998039   0.2707278761   1.3084459724   0.6006368423   0.3093989535  -2.0007383453   1.8028966752   0.3250616273   0.5889023257   0.6245798734   0.3787658105  -1.8544758363  -1.7172126509  -0.4340610887
 1.5424478879  -1.0174008929  -0.7333250263   0.0997201407  -0.5145843917  -2.8708300801  -0.7076263573  -0.5733881899   1.1821677359   1.1264031617  -0.5293935778  -0.9198805408  -1.6298859355   1.5863872998   0.9381018252   0.0326187193  -0.6022452239   0.7427012343   3.8795023013  -0.5205722152  -0.6777616572   2.1085716471  -0.2446539172   0.9660169337   0.8062678489  -2.4767745901  -2.5514257089  -0.4746006834   0.2531147083  -0.8578236881
 0.3957914592  -0.0228292615  -0.4325790034   0.4126424823   0.2302101265   0.6598728027  -0.2299181135   0.5833271732  -0.3533998375  -1.1447379193   0.9204824715  -0.8296842788  -0.0057959944   0.2716006627  -0.1595207335   1.5004289357  -0.4831289795   0.0777611749   0.8677152578   1.6196737127   0.8254529482  -0.0957488705  -0.9061552617  -0.0958780717   1.3401328382   0.8390903402   1.4901513958  -0.5048925970  -0.1081308882  -1.1661595069
 0.4080225512  -1.5072763257   0.9669910704  -2.1560170284   0.0677578591  -0.2162060626   1.2358894746   1.5969628116   0.1297979918  -0.6885623127  -2.1949850025  -0.6149617588  -1.0785365754  -0.5194296206  -0.1120633582  -0.4220815443   1.5188552949   0.3391083993  -0.8117565686  -0.7095141364   0.5600176974   1.4478342578   0.7877071899  -1.4888823516  -0.7717395311  -0.8229158267  -0.5302188971   0.7143231258  -0.6235163258  -1.1437579797
-0.6565420735  -1.4279948556   0.6655904062  -0.0266617002  -0.7967135555  -0.2891280348   0.9708084507  -0.9022628308  -1.8498374616   0.2528068612   0.2626187550   1.0912383796  -1.1462422177  -0.5946056095   1.1306915039   1.3273042582  -0.7611817004   1.0579089734  -2.2409096089  -1.6603470554  -1.2755066435   1.4515009298  -0.2894957461  -1.5082062403   0.1675107707  -0.0648345190  -0.7283532824  -1.2923899748  -0.3278819353   0.1977723904
-1.2415814228   0.9806962960   1.2765725712   0.1971816456  -0.4891451792  -0.7112676435   0.8918117045  -0.1785881851  -0.1734802547   0.8865287734  -0.3267344329   0.7197871937  -1.2014887496   0.1105726609   0.4239014094   0.0749687009  -2.2141553213  -2.0273635120  -0.3202699113   1.0685589747  -0.6964901753   0.9138715258   0.9190064055  -0.5447891014   1.4316755709   0.6224772188  -0.2083101491  -0.8614219333  -1.2733066777   2.6507403550
s2
-1.5715660381
 1.4914100800
 0.6103634582
 0.7418496032
-1.5330747585
 0.2037241450
 1.0722159991
-1.0699728135
-0.2997470252
 1.2821067194
 0.6796260033
-0.3866125990
-1.1302152174
 1.9934963877
-0.6765393385
 1.1001428762
 0.5939982329
-1.5837417834
-0.9247739415
-0.6434166332
 0.4065938950
 1.2356268517
 0.6549092405
-0.6135452975
-0.0640731612
-0.5297382916
-1.5216660617
-0.8453202051
-0.8875907568
 1.1142718531
w3
 0.3156618293  -1.4932988731   0.0075819919  -3.0877634115   1.1200094531   0.4993650970   0.2649070517  -1.2714560506   0.9848609269   0.0132537739   0.0821305220   1.0574102233   2.4867238977   1.6658931621   0.8069968410  -2.5765480636  -1.0807956215   2.9102823927  -1.0153040518   0.8473023281  -1.7910725474   0.5898114185   3.8961901030   1.3655296959   0.0300743722  -2.0989983020   0.5372173113   0.2788141570  -0.7258149425   1.0162281885
 0.6971436406  -0.9234798688   1.0552618298  -1.4778182650  -0.7774990252   0.0386979888  -2.0159588554  -0.1283222074  -0.1244642461  -0.5941887093   0.6944995428   0.6146917528   0.2783039561  -0.7794837978   0.7389797400  -0.6411580964  -0.2028853834   0.3467723530  -1.9769680154  -0.3117713244  -2.3843325170   1.2256746361   1.0575586068   0.6891846065   0.1942740583   1.0418323422  -0.8010924130   0.6966900002   1.1336423650  -1.4963103733
-0.6088676530   0.3382882048  -0.7149993668   0.3151582829  -1.6287987564   0.4217360718  -1.1177552089  -1.1502778884  -0.5934383782  -0.8873962672  -0.3444271923  -1.0951485485  -0.4166570724   0.5885447102  -0.3412902059   0.6394619009  -0.8337989249  -0.0317230945   0.1680849737   1.0381924758  -0.8201678619  -0.4721848023  -0.4105034115   0.2489107770   0.5432775558   0.1230693138  -0.4719328309   0.6418031503   0.0233630070  -0.4711420203
-0.6807737372  -0.6351421519   0.6539507786   0.7308754496  -1.2059127990   0.0468445231   2.0517537880  -2.2743284869   2.0623672670  -1.0024219853   1.1771465833  -1.3634418373   0.6638761389  -0.6086102763  -0.6420873337  -1.7229888848   1.4184471866   1.6920134804  -0.7405147118  -0.2549300095   0.2991566166  -0.8258903823  -3.4659253602   0.2618913073   0.7772993137   0.9721177129   0.6637105299  -1.4586827235   1.0110812996   1.0125851779
-1.2111422065   0.6022434774  -2.3552781726  -0.1243289379   0.5385259219   2.9616084864   1.5794408625  -1.7498516325  -0.2715971757   0.0193752370  -1.1991224537   0.0428255814  -0.1904443625  -1.8321282572   0.7594370538  -2.6515686704  -1.3059824307   1.2200059298  -1.4967098063   0.9433974396  -2.1130017744  -1.7424139603   0.4366813478   0.9320617235   0.8545303536   0.2671642551   0.1099268823   0.2186750845  -0.8756931075  -0.2968024812
 1.2204952141   0.9375794228  -0.6532826719   0.5593722157   0.5781990820  -1.7795642822   0.8315968718  -0.0086912753  -1.5710561011   0.6166826014  -2.3775035445  -0.0702080910  -0.5218258060   1.4857893685  -1.2356154131   4.1069874120  -1.7879674259   0.7045175954  -0.0923964684   0.0810262033  -0.9580981647  -2.4186026729   2.6532714380  -1.6734153952   0.4353535677  -0.2518446480  -1.5706350986  -1.5121156545   1.7217812742   0.3695250705
 0.5032164136   0.2459024978  -0.0576030501   0.8132419635  -1.5179477114   0.0968503179   0.9678668320  -2.9768265775   1.7173726121  -0.3699681728  -2.6665074584  -2.5666006678  -1.5909952902   4.0860265947  -0.7945706937  -2.5015015415   2.2550085921   2.7319147627   0.9963929536   1.6415666095  -0.2814307794  -2.8780583049  -0.0088966689  -2.6834253584   1.0598864870   0.0038387137  -0.5644871667  -0.0345223960   1.1031992188   0.1775980554
 0.1215165574  -0.3300736549  -0.3808772734  -0.0739028640   0.6436612866   0.3431748787  -0.7622871578   0.2903850326  -0.3991281833   1.2129085756  -0.5792782579  -0.6099140530  -1.3388336092   0.2002991183  -0.4200735369  -0.2727781697   1.5198148920   2.1815738839  -1.5167994636   1.3728149061  -0.3711329139   0.2870556245  -0.3294614435  -0.2896281245   1.0978792647  -0.3340464632   0.4881335317   0.2257111770   0.2081793877   2.2088450026
 0.4810014609   0.5954870350  -2.1654139349  -0.8477888392   0.3043180535   1.3917991358  -0.4143869006   0.3908927271  -0.5422293224   2.2523421459  -1.3082884851  -0.1756047156  -1.4538857076  -0.2065112226   0.6405365551  -2.4691036986  -0.0595292271  -0.0840296472   2.6150270269  -0.2702498961   1.5527700570  -0.1775574757   1.0828867045  -2.4729861412   1.0879766384  -0.8290354068  -1.6370645652  -0.9032333605  -0.3401918309  -2.8135344921
 1.0308859805  -0.4293584301  -0.0567252644  -0.5444056951  -4.7945554908   0.0563447062   0.6297391110   0.9535696146   0.6114402389   0.6435542321   1.7952487835   0.5330255988  -0.3284235142   1.4722670796   1.7776364173   1.0594235780   0.3684498090  -2.4820511436   0.2125153643   0.0106517537   1.5803625761  -1.2356401201  -0.1298171978   2.3928442090  -2.1532907829   0.2893888059  -1.5358086319   2.4663078673  -1.6008864028   0.1432536576
 0.8932286047  -0.1155275921   1.6210961710  -0.0949440715  -1.1835026024  -0.0692013046  -1.0492660316  -0.0001967812   0.6317590242  -1.6588052511   2.9928630106  -0.7955677868   2.6025725755   2.3604635703  -0.6732930630  -1.8851079275  -3.6808264467  -0.8433543400  -0.0447701476  -1.6654027959   0.3246935698   1.7282833894  -1.9639611882   1.4071797137   1.3270867989   0.2838490584   1.3218760301  -0.4211536313  -1.7092382820   1.6357774835
 3.5653098895   2.0776635900   0.7781486986   0.6286721501  -0.5570123596   1.0665679886  -0.4935437215  -1.5410718963   1.5402610563   2.0925998566  -0.4708162706   0.0565507741  -0.5145683016  -0.3209301874  -0.7458245875  -0.4110249334   0.6053036395   1.0241382928   0.2139734519   0.3914262788   0.5844632735  -0.8163556655  -0.1534396548   1.0546301969  -1.2386833748  -1.9916757845   0.6673422845   0.6559143357   1.5769307151   0.2554900688
-0.9073472126   1.1048463914   1.0087192847  -0.4731736787   0.7108938995   3.3405222305  -1.9361738038  -0.7386566167   0.1872323775   1.3440747419  -1.6539507980   1.7624836833  -1.3558259318  -1.8576854710  -0.5442891504  -0.2121179029  -1.2667821600   2.4780799021   0.5622550936   1.5687529934  -1.0574868298  -0.5348061685  -1.6041693685  -1.8455630824  -0.1951686601   1.1774919622  -0.7465996203   0.8876117671  -0.4005572613  -0.1482956125
-1.1311736050  -0.8186952239  -0.8076976790   0.1801861243  -1.0305170593  -0.2301037208   0.5962148818   0.9321153374  -0.7550254579   0.5998499826  -0.7883113690  -0.4854053247  -0.3873587255   0.7696232441   0.6287007550  -0.9040518064  -0.0719517108   1.1142474339  -0.7948998959   0.1703208942  -0.9760182057  -2.2438390103  -0.9019831597  -0.7332652165  -1.7624806173   0.9930907787  -0.5156918132   0.3665644760   1.4200236701  -1.6731065320
-4.2242714588  -0.1388093087   3.1883738591  -0.4259757163  -0.8141094292   0.6654484655  -0.0642015964   1.4607673908   2.2851262045   0.6110366308   3.9555673196   1.2737566383   1.7530438796   1.3603747584  -1.3023882301  -2.1916728935  -2.9142844078  -1.8797087027   0.5701053239   0.7358696227  -1.6305590985   2.5874603478  -1.3472472947   0.9622836735  -2.3893738761   1.5090559462  -0.4649137073  -0.2249470881   2.4020917339  -0.1851634420
 2.2018994584   1.8484854445  -1.9735975949   2.4657129087   0.4527607110  -0.7657044310   0.0707355776   0.5040553983   0.0681347809  -1.5907663558   0.2738182097  -0.4586561968   0.3502099612   0.0680587278   0.2481944448   1.1023897702   0.0407741056  -0.4019908683  -0.6360472811   0.6308642860  -1.5748845707  -3.1731316050  -0.3193741866   1.7656169401   0.5222430724  -1.0423893031   0.2776638784  -0.3131017319   0.4445320936  -1.0037038936
 2.1055823226  -0.3328167806   0.0301456448  -0.3095782253  -1.5639339643   0.6486820986  -0.3473779941  -1.4483843384   1.4294111702   0.9616854448  -0.1544675093  -1.3639300454  -0.2691751241  -1.3420981917  -1.6999312955  -1.3337718924   0.1270736028   1.3915681796  -1.7920703534   0.3560303749  -0.0257652216  -0.1708320260   1.1147292880  -1.5604246963   0.0539461340   0.4454953620   0.9947942387   0.5029918546  -0.2042569890   0.2766591799
-0.5648283941   0.4462389326  -0.0347315097   2.3799120179   1.7981503026  -0.6309807551  -0.1619876600  -0.5450274237  -0.3897042922  -0.5567366622  -2.1072333619  -0.3365755455  -1.1655714813   1.2276128540  -3.0809099903   0.6312596608  -1.1185745796  -0.9814502594  -1.4483788263  -0.4123043764  -1.1022908097  -0.7218421752   1.7617095128  -0.0826326474   1.7043060343  -1.5669702986  -0.7154402004  -0.4482307075  -1.4155524776  -0.3376807705
 0.2033652084  -0.3548961671  -2.8998425433  -0.2813262536   0.9527689252   1.5000626184  -0.9024220919  -2.3245264461  -0.4463881479  -0.8083794403   2.2623340549  -0.1011683994   0.4376753496  -0.9232768479  -0.5060978182  -2.5207432808  -0.3568940003  -1.8744919737  -0.3458479463   0.6952718221  -1.9272264935  -0.2500527829   0.3122139207   1.2448092767   1.2849784067   0.3525890176   0.4538325644  -1.3751857794   1.6190961180  -2.1312298929
-0.6896445780  -2.3401082004  -2.7087289372  -0.1698314350  -0.2936752625   1.7774036340  -0.7727537039   2.8194685781  -3.0425226271   1.7711990626  -2.8117476394   1.8557835928   3.0937279153  -2.2858088530  -0.6899094197  -1.3721498682  -2.4719910577  -1.1808315392  -1.3403354320   0.0981718283   0.3800703803   0.1720970797   1.0155120236   1.7262545393  -0.8713783090  -0.7991678635   0.6356444149  -2.0491432327   0.9425895583  -1.2591558400
-0.8603153103   0.6600627348   0.6004875940   0.2741537451   0.2090688578  -0.9009276886  -1.8194935525   0.9942987092  -0.0004164228  -0.4892400664  -0.5887666078   0.6918922166  -1.4613624969   0.4362610065   0.3842429830   2.0796658331  -0.5449088981  -0.6470453713   2.5763396046   0.1379369526  -1.5795074487  -1.5969343312   2.2466143236  -2.0531418686   0.4513561397  -2.2784018130  -0.5706134741   0.1024293912  -1.8840659627  -1.1380664930
-0.1961620120   0.6034559624  -0.5794192147   0.4829027255   0.8321146450  -0.0292696526   0.7730532104  -0.6644613924   0.5089993882  -0.1265850066  -0.6914498383  -2.2375674233   0.6685027848   2.3259539232  -0.7420707082  -2.8898017855   0.3753254998  -2.7604579183  -1.1731210095   2.0525736769   1.3841215402   0.4430824603   0.9008345726   0.9237352317   0.0152756362   0.4641528570   1.6990663749   0.5672198778  -1.2279604611  -1.8434754865
 2.5700787954   0.8270741070   1.8849127846   1.0472423951  -0.0303121818  -1.2650836973  -3.4999074936   0.4031162542   0.6019013583  -3.0485482121  -0.0870560010  -0.5769738984   0.3442593710  -5.9240116656   1.6562488709   0.7662982410   2.6077468381  -0.9245284876   0.2130060165  -1.2730269546  -0.2050450298  -1.8330696547  -1.3030392367   2.3321987482   1.7487815392   1.3315120589   1.1539862196  -1.0601923981  -1.1189983430   0.8834965050
-1.5580960045  -2.3826022793   2.3833656631  -1.1574233708  -0.1502485110  -0.4788510495   1.5984689255  -0.0505255932   1.0686107744   0.3179608306  -0.0763180524   2.0924366002   0.2229233876   1.0613276529   1.3826386959  -1.2359594527  -0.7519273072   0.5408628393   0.1244718034  -0.2388534255  -1.8900580262   2.3277650996   1.4751489923   0.5122739996   0.1707953559  -1.3627054966   0.8817200744  -0.7043386644  -0.1358059729  -1.3728665235
 2.3073404124  -0.3119174419  -0.4395466268   0.9359945783  -0.7618625897  -1.2501573563  -1.9273834987   0.9300494064   3.6976407223   1.2799887366   1.2788908646   0.7860372389   2.3789171533   1.9724561724   2.4840693571   0.1844195762  -0.7321571653   0.7200776102   0.1206567854   0.4719342302  -0.4251846112  -0.7496762290  -2.2744068355   1.0064541695  -0.5902348773   1.3932022092  -0.3626278221   1.7992255578  -0.4924309075  -0.8014325110
 1.0570845815  -1.3270783100   0.5465434814  -0.1457796958  -0.3944019543  -0.7857314430   1.0751059853  -1.3001632554   1.8276940247  -2.4727060328  -0.9021581021  -1.0901214190  -0.4908803664  -0.3609465066   0.8394353890  -1.5319068868   0.2995846458   1.8451753168   0.0554982379   2.8565180892  -0.5216847770  -0.0324904447   1.0944492380  -0.9308650106  -0.2451835343  -0.9457731171   0.8971511623   1.3159888384   0.3611261423  -0.8496145115
 0.2920676106   0.6334034279   0.2044311079   1.2532143215  -0.2310030245   0.4802063032  -1.0707552330  -0.4790824930  -0.4507718549  -0.8634734330   0.3063811928  -0.2578470240  -1.0045665254  -0.8034279380   1.0424947331  -0.4470090952  -0.5000581076   0.9875696368  -0.5798235118  -0.7957166998   0.0392617920  -1.3712729271   0.0597116200  -1.3649003836  -1.0071983705  -0.6440812875   1.2989287780   0.3631754293  -1.6432706239  -1.2539492592
-0.3656838689   1.1249694369   2.1016519443   2.3051499168  -0.9894035237  -2.6335819721   0.0385549519   1.2178948919   2.4534348086   2.1949468120   1.4289030140   0.5032025509   3.5927445729  -0.1379867104   1.3193881422   0.8277128962  -2.6747657739  -0.4310905919  -1.7888108305   0.4133863199  -1.9260795205  -0.6148119258  -0.3972947270   1.4371973196  -0.1211995024  -0.8563082370   0.5100948454  -0.8285571524  -0.7575985928  -1.2923267604
-3.0228745240   0.0969224527  -0.4536186815  -0.2436583808   1.5993940651  -1.9796052440  -2.5510835468   0.1300020253   1.3167474744   1.2360215227  -1.5354937778   1.7844783981   0.0809245064  -1.8672038143  -0.8549817392  -0.1592498642   0.8862740488  -0.3793534365   0.1086920115   0.7814663210   0.8144121059  -1.3662070409   0.3819454734  -1.1550413526   1.3717003334   1.2984598993  -1.2384759042   0.3174466359   0.1125574833  -1.4406013856
 2.8802067360  -0.3074497368  -0.0405975252  -1.4014764650   0.4391770089  -0.4194083294   0.4762833253  -2.1332017906  -1.3206560485  -0.0868065567   0.8200591331  -1.0540481646  -0.5966644642   2.4188198675  -2.1973455164   0.1648868046  -0.6001913968   0.9089142419  -1.7905734281   0.0416729540   0.3423862753  -1.3518793663   1.0102750502   0.3378974211  -2.0630345825  -0.2360587496  -0.1124379171  -0.5682306826   0.4241319990   0.1306918990
s3
-0.9644248418
 1.1899981732
 0.5977721536
 1.2735480857
-2.4418656204
-0.6026126291
 0.8604661030
-1.0048007872
-0.1223359452
 0.4560283473
 0.3044566553
-0.7339505298
-0.5161686056
 2.1457183548
 0.1191989880
 0.6059082706
 0.4072025350
-0.7283530931
-0.7349972685
-0.1460043078
-0.3092529792
 1.5128503460
 1.3942968569
-0.8430083726
 0.5903308893
-1.2145519106
-1.5677588217
-1.1090900520
-0.6179777008
 0.8309439277
w4
-2.8714524099  -1.8089952891   0.0446395151   1.0903545255  -0.6044204450   0.9162769846   0.1386529708  -0.6707770699  -0.3757850770  -2.9084977959   0.7459058740  -1.0248847608   0.9294827476   0.8300091458   0.2341404893   0.1883666594  -1.0029629382   3.2434561611  -1.1475480650   0.2370381705  -0.5094314904  -0.2908269195  -2.0446362576  -2.7602753603   0.8844243811  -0.7550305870  -0.8168208041  -0.9655122180   1.0781900195   0.6538014015
-1.9305040139  -1.0386646026   0.4100938113   0.8956293504  -0.4165174207  -2.1321637187  -1.7739814673  -1.1475020672   0.4001898489  -1.9219069468  -1.7267661159  -0.1614288864  -2.0841618029   1.8215566230  -0.1236843038  -0.2657814645  -1.2534715499   1.6706240507  -1.7194851523  -1.4015574244   0.0516909064  -1.9438819155   2.2667822500  -1.6917546171   0.4560356655   0.4749286948  -1.2783456822  -1.6558139631   0.4277156053  -0.6782667637
-2.4630775923  -1.3150746986   1.0015329530  -0.1564929725   0.2931567473   0.9427666612   1.9874682557  -0.0728611811   0.4624230159  -1.8158559513   0.0839497425  -1.9270463304  -0.4598199457  -0.1066084998  -0.1596184013  -0.3657018409  -1.7479814285   2.5910860773   0.7657726071  -2.1534672063  -0.9549882594  -1.4478654922  -0.3886573149  -0.0195956683  -0.0388583900  -2.3111662514   0.7371410203   0.4270846725   0.7239062286   0.1081793188
-1.1193581920  -0.9417801855   1.6578917390  -1.2470385687   0.0411385300  -1.2156551937   0.0188084009  -1.4754616076   0.1998307389  -0.5952954009  -0.5699531316  -1.5560496512   2.1481507515   1.3281537025  -0.6407037746  -1.0271730894  -1.3430378597  -1.0238354736   2.3109937601   0.0089456467   0.1991083064  -0.1815598532  -0.2493192786  -0.6827420811   1.0484791483   1.8128968112  -2.4728654101  -0.8115536311   0.3381735329  -1.3157068842
-0.5577743527   1.3972771352  -0.2910852186   1.7236206890   1.0460489876  -0.4350717518   1.5512366467  -1.0943401755   1.5088041154  -1.0445849525  -3.0611980241  -0.8794052855   3.5110625478  -0.6448178510  -0.1628125268  -0.0362535231  -1.8970676458  -0.1691663175  -1.8110994463  -2.8412874588  -1.2842578547  -0.2980275789  -1.1796543579  -0.2045398920  -3.2268848024   0.6092832330  -0.1338668236  -2.0250204659  -1.2765419045  -0.2277184674
 0.2754777610  -0.1943717612  -0.2664911583  -1.1431110433  -2.4271979795  -0.0226880727  -0.3572240027  -1.3785208587  -0.3206039858  -1.2553017514  -1.0364449447  -2.1422323537   0.7930484044  -1.5001514292   2.5575995780  -0.4624359222   0.6207815240   0.1915297733  -0.9133618670  -1.9156805422  -0.4610602058  -3.4336729506   0.3416270059   1.5198834807  -2.1996395543  -0.9210884778   0.3734538198   0.5301055245  -0.2409994022   0.8418687724
 0.8962043187  -0.8260443590  -2.1745627712  -2.7884322809  -0.4125023273   2.2279003891  -3.5297937086   1.3678408542   1.9076534254  -0.3644089234  -3.7415261829   0.3526990174   0.4597744130   0.3671449045  -3.7597243469   0.2455978902   0.0156056316  -0.4541922378   0.1557315178   1.4881011838   1.8382261059  -2.6401427381  -2.8645342852  -1.2492731031  -2.1931622668  -2.0437448985   0.3809663291  -1.9871826885   0.2078908135  -0.1197539636
-3.2415922772  -1.4843748291   1.7513737980  -0.6189051806   2.0228123469   2.0930471614  -0.2225400661  -1.7079538195  -0.1270297429   1.6785717507   0.5922048605   0.1364541184  -0.9519452301  -0.0541667856  -2.3888481648   1.7995277116   0.2681066204  -2.0157125348  -0.4249481678   1.6803645305  -2.3192546541   0.4726065146  -0.2602517739  -1.9575673991   0.1321563195  -1.3015175748  -2.1204940218  -0.6360076781   0.3805521236   2.2433623646
-0.0146015247   1.0666309971  -0.4363227877  -0.6404945503   0.3734696682   0.6293149513  -1.9903108063  -1.0917690511   0.4360710028  -0.3194796215   0.7505788249  -2.3606657683  -0.2977922540   0.9538290839  -0.3469861047  -0.5917467996  -0.3231451329   1.2018270060  -0.8158934447   0.4286296451   1.1480942052  -2.3413006162  -0.2386716980  -1.5009013029  -0.6653749906  -0.0815799202  -0.2074989491  -1.6571799359  -0.2552554957   0.0181732296
 0.4826817202  -1.3905796039   1.8820240630  -0.4413110944  -1.0064428255   1.2840828717  -1.4421643779  -0.0725679553  -0.8725228114  -0.1112332278   0.3224484567  -0.8526924069   1.6880308422   0.6875760920  -0.2391756135   0.8164545564  -1.3543307067  -0.5048183953  -0.4957357647  -0.1721524842   1.4094381981  -1.0444027994  -1.0071467826   0.2161053576  -0.7850970276  -0.0780120400  -0.0942427677  -3.1422519792  -2.2503199400  -1.0195711868
-1.2267766542  -1.1492152250   0.7144022958   1.7252594568   0.4999625392  -0.0592369779  -1.4542405109   0.6103725703   1.4822969885   0.6917407777   0.5902645992   1.6822827559  -0.2733854747   0.1332970221  -2.1363761838  -0.4236691341  -1.0652803010  -1.2438830766   0.9844780844  -0.6929880562   1.8183999365  -1.4477053423  -1.2914912938  -1.6198657265  -0.6783549295  -1.1438665836   0.0537847299  -0.8417708851  -0.8131383589  -0.5654968456
 0.2025649332  -0.2483235151   0.0935391032   0.8596915632   0.3474364779  -1.0416643459  -2.2036567427  -0.7181929778  -0.9069470096  -0.4294462599   1.1727833939  -0.8404697809  -1.5926682866  -0.7513279946  -3.3629292045   1.5324081897  -0.7347376180   0.2440420359   2.4298184364  -1.5753133473  -0.7509426988  -0.9306090363   2.7512978599  -0.9062317532  -2.7061555195   0.2374437573  -0.3108912154  -1.6803380379   0.5900866484  -0.0086632761
-1.0635963116  -2.0374077002   0.6880771156   0.1628797269   0.6577820492  -0.8930558702  -0.4327912775  -0.9854210629  -1.5527387022  -0.2427930094  -2.6249788417  -1.5539092580   0.2722807415   0.1948350166   0.2841743432   1.4715412158   2.1883679203   0.9026084563   1.4136565520  -0.4477201612   0.0649868539   2.0324546044   0.2635797407  -1.7320791971  -0.6305206818  -1.0633771631  -1.3159248903  -1.1469581389   0.6455141263  -0.4725803717
-0.3464795357  -0.9150228415   0.0811930965  -2.0090867134  -0.5101363505  -1.7935532847   0.9015206484  -1.5388993552   0.2842501705  -0.6892679919  -1.0121484029  -0.7791212003  -0.3822335838   0.7637139059   0.4478555042   1.0884510303  -0.5428919483   0.7540223728   0.8934503256   1.2695870412  -2.0691173980  -0.4277206973  -0.9707754898  -2.5185805444  -0.0083218626  -1.0898690543   0.8358781494  -2.3093703624   1.2351935489  -1.5283213580
-0.6748660609  -1.0774368847  -0.1905538612  -1.1055106556  -0.5585515061  -0.8873551432   0.5796664996  -0.0905766137   0.5025984904  -1.0762018711  -0.9897793775  -1.0181348581   0.7944428816   0.5007345038  -1.7302542441  -0.9344084059  -0.1473812822  -0.0217692216   0.0092917393  -0.4599445793  -0.3221327919   0.6425729915   0.1966208766  -1.8137472700  -0.1443009517   0.2872787768   1.1750192256  -0.2620315380   0.8528001674  -0.6175938582
 0.3816478012  -0.2614772162  -0.6758661853  -3.3770838750  -3.0481757508   1.7721334850  -3.0986121425  -0.3381223900  -0.6388550600  -1.5220401306  -3.1517365663  -0.8430426734   0.1115996361  -2.7669114577  -2.8593890665  -0.0334922665  -0.9812509867  -1.7717423266   0.9012112876  -1.6742543109   2.3082984159  -2.3019242940   2.4221052838  -0.5661656623   1.7640333453  -0.0010239279   0.1848561334  -0.1697336717   3.4132269277  -2.0876588422
-1.2915641606  -0.7900282273  -0.3125607156  -1.7524228385  -0.2400945925   0.5678274144   0.5432991542  -0.7197602422   1.6383587750  -1.3952285670  -3.8298830099  -1.0072766156   0.6564102548  -0.2483224929   2.6282007784   1.5776529717  -2.2751026707  -1.0551220419   0.5595988887  -0.9234985847  -1.0116019429  -1.0421936961  -0.5149733683   0.2888792917   0.1960065610   0.9780632893  -1.7259446723  -0.3961179318   1.5927522197  -0.5591976167
-1.1399345293   0.2934707625   0.8906426560   0.0694793286  -1.1204700300   0.8546462746  -0.1707799771  -1.2936565453   0.1683826951   3.4846892890  -0.5023881836  -0.2501658058   0.1662607831  -0.9645495684  -2.5769897675   1.0932202955   0.1656059488  -0.5015783338   1.4882543669   0.7226224025  -0.3002780234  -1.9002729089   0.6379415666  -2.5742785715   0.5742861258   0.7582411841  -0.2390916524  -1.4087634640   0.8937463153  -0.4028876319
 0.1046025091  -1.5575660413  -0.2260059379  -0.7457707726  -2.0664747981  -0.0108047205   0.2410709787  -0.9180988420  -0.9490387945  -1.5103375641  -0.0058159085  -2.2029187134  -0.8794938964  -0.2773043154  -0.0454711356  -0.3532713951   0.5386781283   0.8438383022  -0.2387196786   0.3251599386  -0.6399630913  -0.6937929938  -0.6623545255  -0.6588395629  -0.4135463170   1.6830269974  -0.4916007930  -1.2640144594  -0.3738100949   1.3992035738
-2.6039585255   0.7860621428  -0.5834969830  -0.0458998963  -0.0835474652  -3.0522836836  -2.3433415333  -0.9219674035  -0.6588473950  -0.2168247105  -2.0180958532  -2.9652908131   1.2938491400   0.4037623634   1.2710629652  -0.9496772496  -1.9853261579  -0.9946896632  -0.1963605091   0.8566541178   0.0631742618  -2.4635644437   2.2634907546   1.0960927256   2.0277638897  -1.0082719662   1.0747341952   0.4927800376   3.0485726596  -3.1698754548
-0.0372198814  -0.0830264572  -1.4498090474  -1.5647263384  -1.4925927543  -1.1853352113   0.2056722765  -0.7614545215   1.4315875209   2.7118280705   0.7761882086  -1.8859042374  -1.8225821663   2.2370519588   2.8411129044  -1.1536258204  -0.3721660773  -1.8909870111  -4.1099286011   1.9277085618  -0.7288046421  -1.8291928470  -2.9670722299   0.9979325459  -0.7617752554  -0.7661898921   1.4221980775   1.4541311795  -0.7971104064  -0.3699412944
-0.2914070323  -1.0345074048  -0.7433168390   0.7021180885   2.6475114919  -1.1422748615   0.8877056959  -1.1804504905   1.2797704733  -0.2909216995  -2.7806660150  -1.7108846387   0.5186381471  -0.9712959287  -2.1103793576   1.6281975002  -1.4720757840   1.0456654921   0.4748178929  -2.6802026785   0.2088999294   1.0164063740  -1.1792856442  -1.7313342715  -1.6791949753   1.1322980661   0.8180629444  -2.9744592494  -1.2602180890   0.6498588701
-0.3237072813  -2.5929336988  -0.3497393936  -0.9897446630  -0.8578990059  -0.7283544007   0.0762182117  -0.8123612674  -0.4932741249  -1.0727511531   0.5083915811  -0.5153726779  -1.6991302634   0.5059847307   1.5893498692  -0.8115179773  -0.2155129998  -0.5086906922  -0.6383522585  -2.3779892260  -0.8722160610   0.6206186775   0.9994523068   0.4159611216  -3.0025353300   1.4424583085   0.7890459039  -1.1715738826  -2.3911692049  -1.2094870093
-1.2855239647  -0.1515467138  -0.0837650728   0.0097303722  -0.6295519431  -2.1361604459  -1.0507367346  -2.3877294760  -1.7173235840  -1.6711399622   0.6257833345  -2.1777332830  -0.8867205383  -0.4643542726  -0.5299599642   3.5958547225  -1.3333849647   1.0339705465   0.5534601377   2.0590542170  -1.3205669316   0.1694712621   1.1141510329  -1.2333066791   0.3708359131  -0.1943173937   0.3073419338   1.1733842825  -0.8898626793  -0.9984579071
-0.5258548113  -0.0646040936  -0.0052680511  -0.0548475888  -0.9977069632  -0.1379902032  -1.5288116459  -1.7098721381  -1.7272349702  -2.1490158612   1.3398228722  -1.2570740183  -0.4288868845  -0.6928244355   0.1085837569   0.5738383727  -0.0177792121  -0.6716165810   0.1652604190   0.9189133559   0.7622427995  -0.2397350188   0.7470243627   0.0461811407  -1.3754487459  -0.3420444498  -0.8587808763  -0.6153574544  -1.5012054792  -1.5062422911
-0.4444414089  -0.6786872349  -0.2026150347  -0.9832207723  -0.4673280051  -0.4823630162   1.2127946012  -0.5171973577  -1.0249951837   0.1048439903  -1.4404327168   0.5417032723  -1.8126410788  -0.7025748944  -0.9524631442   0.0906628818  -0.6661187900  -0.2539544297  -0.0321147387  -2.7433175663   0.1157976750  -1.1926458392  -0.3212527343  -1.1570068499   0.5239113728   0.8141635078  -0.8781365144   1.2232231601  -1.5062487583   0.3765007194
 2.1850711202  -1.8911967053  -0.3700730675   0.0409320502  -1.1114053653   2.6864674886  -0.5724377405  -1.7531563428  -1.4804164367  -2.1217465062  -2.1392674955  -2.5366739534  -0.3017224472   0.2793569835  -1.6187862035  -0.3172093069  -1.8466462656   1.6876421215   0.4772948133   0.6535564301   0.7494932829  -0.5062030588  -2.0278265781   0.2701326292   0.3104864098   3.4919591728   0.4282934925   1.7285246539   0.0953164318  -0.5336709484
-0.1557843606  -0.4039940291  -0.8141520386  -1.0841945347   2.1941175754   0.5648151967  -0.7694528825   0.1579425201   2.2467516222   0.1487944976  -0.8422156877   0.1431230242   0.3061797262  -1.7613027800  -0.0883903250  -0.0444012941  -0.0057323012  -0.3243813534   0.7076285172   1.4593488789  -0.9605077619  -2.3813735525  -0.5905093125  -0.5647159765  -2.2115550250  -0.3840383870   1.8348820984  -2.3142543924   1.5191797115   0.0607441723
-1.9123222409  -0.1437631563   0.4176235829   0.6726031572  -0.4587345687   1.5008642061  -0.2851391347  -1.0258865334  -0.2701119130  -1.3404064150  -1.6036473282  -0.6771661287   0.0579673218  -1.1056570391  -0.1205449921   1.1807466729  -0.6762862095  -0.4643738400  -0.6530803521   1.1580927528   1.5294964191  -0.7173263494   0.6384319871  -1.5431584524  -0.1091653398  -0.5612257393  -0.9663942304   0.6718683603   0.1889891096   0.0857993984
-2.6269387496  -0.8479281692   2.1722731631  -0.5958909235  -0.3959125376   1.5248395024  -0.7012392249  -0.0364339240  -0.5627120008   1.7034097321   0.9130180892  -2.2178390935  -0.4185673358   0.1647279668  -1.0038216190  -1.2293325339  -1.5660876488  -0.1852725549  -0.4732647125   0.1837942739  -0.1961803199   1.2393048643  -1.8143913062   0.9546082786  -0.0427946873   0.9337334241   1.2961174984  -1.1667551029  -0.1551980056  -1.4915349671
s4
-1.6213609483
 0.7713990983
-0.0981592232
-0.0372435909
-3.0957445297
-0.6114359806
 0.7429757699
-2.5236401304
-0.8208952693
 0.2121279353
-0.5037442860
-1.0597109084
-0.9331106460
 1.8856853087
-0.5280552140
 0.0774025992
-0.0731305403
-1.3343534748
-1.0590581908
-0.6903116163
-0.3415003480
 0.7770846702
 0.1240048410
-1.7148814375
-0.5148654310
-1.2188221137
-2.7996934622
-1.4325836599
-1.1634455617
 1.2554277902
w5
3.5948256700  0.3130925329  1.5227367174  1.0750110831  3.3172236267  -0.8912949884  -3.4703547129  -2.5671815713  -2.0097023246  -1.3195607258  -0.6512175430  1.9847765858  1.0860270307  1.3465211168  0.7321104044  3.3137028792  1.4287925643  -1.7798580462  -0.2571620302  -3.4954726447  2.9729246818  2.6894290259  -2.7737057127  -2.6677195159  0.0039521398  -0.3819050948  -4.1396148596  -1.5188855187  0.5906509100  1.7809301130
s5
-0.1535299228

