layers: 3
str: {2,30,1}
w1
 0.2879718704  -0.2395485244
 0.1742558796  -0.1723883907
 5.1918961313  -3.1221427525
 0.0898294495  -0.1151748404
 0.3571865382  -0.2782464105
 0.9606916256  -0.6271455557
 0.0396565229  -0.0749452631
 0.2907188039  -0.2411526349
-4.1811167068   2.1442532662
 2.6596607505  -1.6292093413
-1.9010207311   1.2878423139
 0.2364630139  -0.2099414471
 4.4959786009   1.8183753382
 1.3997127274  -0.9096659920
 4.4932796968  -1.9613417343
 0.1668270377  -0.1677143031
 4.4728993804  -1.9528205002
 0.7353332676  -0.4885002148
 0.1028153948  -0.1245939765
 0.2839317719  -0.2372732316
 5.4642241548   0.1269588929
 2.7084573007  -2.4520630363
 1.4046704831  -0.9127762699
 9.9255711375   2.6240323365
 0.3950073159  -0.2989962457
 0.3810696206  -0.2914086352
 0.2197878466  -0.2000628640
 0.0086210671  -0.0353544244
-1.5258122475   1.2064710842
-0.0009729246   0.0844799062
s1
-3.4355054913
-3.3118357445
-0.6444602713
-3.2519104205
-3.5309661095
-4.3368721356
-3.2259749576
-3.4423851438
-6.5063734007
-7.6304018993
-5.9769218112
-3.3860689269
-0.3251031025
-4.9177706612
-7.3898925801
-3.3023869395
-7.3654676514
-4.0540101991
-3.2540393882
-3.4319000615
-0.5309959745
-4.5949359386
-4.9255135864
-0.3516511846
-3.5839735436
-3.5635050372
-3.3540299350
-3.2342553513
-5.2071518665
-3.2542023877
w2
-0.3788179554  -0.2826308962  -2.3367285938  -0.1733579486  -0.4157537863  -0.6063738731  -0.0919071084  -0.3791233340  -2.5167773529  -2.4767083541  1.3978182933  -0.3385498079  -4.5475747909  -0.8586302003  1.7138408115  -0.2751893639  1.6958859112  -0.5337865673  -0.1926956806  -0.3755129481  -2.6342479686  1.0790521381  -0.8623947894  6.2990915025  -0.4331021748  -0.4260679844  -0.3281204489  -0.0200860285  0.9734694099  0.1245436395
s2
1.6890233186

