layers: 3
str: {2,30,1}
w1
 1.1361242420  -0.0723605500
 0.1243390625   0.1773646342
 1.1023235672  -0.9895187312
-5.1833728954   3.0019087538
 0.1117899967   0.1834057417
 0.1131092140   0.1832470750
 0.1117847753   0.1837249211
 0.1157509860   0.1815311748
 0.1157056448   0.1816040099
 0.1296685103   0.1762369663
 0.1340027456   0.1733762561
 0.1134128804   0.1835340075
 5.8334880360  -2.4220928118
 0.1096554668   0.1852863461
 0.1132921367   0.1829426149
 0.1120382263   0.1835482368
 0.1289469046   0.1753476683
 0.1168790565   0.1808062030
-6.0160672791   2.7938088906
 0.1231911834   0.1778258743
 0.1174241497   0.1807804295
 0.1126019679   0.1832437447
 0.1108513615   0.1844201257
 0.1018665207   0.1891611817
 4.2083611682  -2.1140894911
 0.1334838173   0.1734070089
 0.1116282065   0.1835673628
 0.1297245070   0.1747919898
-4.7082811466   2.4514306831
 1.8434838047  -0.1626047482
s1
 -5.5045667806
 -3.8323889911
 -6.3238398565
 -0.2585214049
 -3.8055462970
 -3.8083641557
 -3.8055453034
 -3.8140318953
 -3.8136745267
 -3.8441174155
 -3.8498078421
 -3.8115948805
 -9.4186684199
 -3.8036285403
 -3.8085871557
 -3.8059835425
 -3.8387657427
 -3.8172458799
 -9.4871871260
 -3.8309374885
 -3.8174966282
 -3.8069604212
 -3.8043481622
 -3.7888598809
-12.7104047945
 -3.8490775147
 -3.8051205708
 -3.8430883920
-13.9063567296
 -6.9645692350
w2
-0.6528077828  -0.6725209442  0.8525638958  2.0233041319  -0.6548400826  -0.6423620707  -0.6453982145  -0.6592795499  -0.6574994339  -0.6380760724  -0.6656167448  -0.6316698800  2.4026894239  -0.6282995094  -0.6489938327  -0.6472965281  -0.6708674844  -0.6668128882  -2.4224649611  -0.6742803519  -0.6599103747  -0.6488581425  -0.6373436128  -0.6157308146  -2.0854366044  -0.6714924170  -0.6520779831  -0.6794616875  2.0422157600  -0.7171160555
s2
-0.6512372714

