layers: 3
str: {2,30,1}
w1
-1.7331662331   0.0842288365
-0.0915546168  -0.2606964554
 1.2607607492  -0.6140485783
 0.1674652995  -0.3599818375
 0.8997191816  -1.1524997189
 0.6477116421  -0.1948658688
 0.0525082834  -2.0264106889
-0.3052909385  -1.7184500895
 1.0575700051   3.2905729462
-0.5248312479  -0.3554532200
-1.0070120146  -0.5637126015
 0.3439266610  -0.6705639842
 0.0881322321  -0.3276316403
 0.2381049460  -1.3171728081
 0.0370037859  -0.3293866895
 0.8774595996  -0.8574070937
-0.0174699196  -0.2864654494
-0.0055093358  -1.0589964525
 1.5995949310   0.1707552367
 0.0080691792  -1.1221135283
-1.0041446863  -0.4622432897
-1.0800128080  -1.1316646489
 0.1219423843  -1.0684755369
-0.7896063981  -0.8026232000
-0.7645242136  -1.2686806834
-0.0370021352  -1.5415464695
 0.6469599848  -2.0636643302
 1.1457061527  -0.3549219845
-0.7935370295  -1.4412816762
 4.0003951689  -2.1972376242
s1
 1.3603448665
-1.4057752916
-1.7413578028
-1.5564840345
 0.1373437274
-1.1192895145
-1.0020230150
-1.3120369229
-0.9616162469
-1.9359485913
-0.2640584924
-1.8950884240
-0.8490299769
-1.3225735699
-1.5789631113
-1.1493295122
-1.5240475126
-0.4914704795
-0.3109734095
-0.7978259622
-1.4193657656
-0.8528707179
-1.4558399987
-0.3560511903
-0.6825559165
-0.3055422767
-0.7174652808
-1.4260535626
-2.5883801645
-0.0555690923
w2
-0.5186408609  -0.0138921427  0.8748114264  -0.1526587548  0.8559690490  0.4021924573  -0.4347623594  1.1750521672  1.3884029296  0.1917451198  -0.1845660495  -0.3280237558  0.2071435237  -0.3247508244  -0.0881540111  0.6410033455  0.0910810370  0.3275384909  1.1451601188  -0.2616044963  -0.2583878495  0.4660225927  0.3985352909  0.0437784958  0.4870704481  -0.4504014074  -0.5770622508  1.1771400823  1.5381382520  -3.8010909938
s2
-0.0266440627

