layers: 3
str: {2,30,1}
w1
 -2.7877767609   3.9658665541
  1.6431939955   0.6576294585
  8.6279954276   2.2915401166
  1.6338085172   0.6555798566
 -0.0652984075  -0.5344312290
 -5.1729369929   2.4763646532
 -1.7751751877   0.2036072816
 -6.9353951617   3.9041765198
  1.5475505076   0.6368648416
  5.7858545348  -2.9221563414
 -0.0558748729  -0.6589519640
  1.6290313220   0.6544641291
  8.2475609630   1.9871892097
  6.4901447209  -2.8847151762
  1.5728471446   0.6421109758
  1.6357796187   0.6559548792
  1.2387520250   0.5668106612
  1.5542926660   0.6380400069
  1.1946102176   0.5511370178
  0.2081001604  -0.1412954498
  5.5135534506  -0.6634833570
 -3.6616229154   2.4762958283
  1.6311393320   0.6549975874
 -6.9347552003   3.2689055109
 -0.0688181076  -0.4841201537
-15.3548779023  -3.9196239532
  1.4954393773   0.6256099966
  1.5080432780   0.6283342736
  9.6543047785   2.4365605101
  1.4115407727   0.6062496535
s1
 -9.3984915144
 -6.8632924107
-13.3455617641
 -6.8419848102
 -4.6603218626
 -0.5781377100
 -7.9941149235
-20.6089635079
 -6.6494542328
-18.0867929300
 -5.1405866013
 -6.8311137541
 -6.6914636252
-10.6089890803
 -6.7051263776
 -6.8464152534
 -6.0177360277
 -6.6640777182
 -5.9347714943
 -5.2370404686
-13.5737067414
-12.9277210046
 -6.8359376631
-10.7482490326
 -4.3707843350
  1.2545342688
 -6.5361490759
 -6.5633381460
-22.8779524241
 -6.3580912648
w2
-1.0209531953  0.7392608628  2.6636213393  0.7338304689  1.5867122351  2.4244970025  0.6669384758  2.5289847693  0.6840595494  -3.1751116083  1.4167177317  0.7310856501  -3.0672536891  2.5683589647  0.6986948804  0.7349836208  0.5000287358  0.6880077508  0.4734858861  0.2562428284  0.8857957460  0.5094315098  0.7322870201  -2.4196293452  1.4943604942  -2.0297639478  0.6539447349  0.6612413784  -3.8480636984  0.6052319572
s2
-0.0940199799

