layers: 3
str: {2,30,1}
w1
-2.2461632506  -0.8455602047
-0.1667195090   0.0612496626
-0.8809189015   1.4917045173
-0.8340013770   0.5481594075
-1.9975801758   1.0006437332
-5.4094891907   2.3640588019
-0.3716312118   0.4614506462
-0.2478648976   0.2935219991
-0.1244602018  -0.0421293005
 0.1096029083  -0.7058380908
-0.1804992709   0.1003063273
-0.1332244706   0.0544318446
 0.4518196024  -0.3560633801
 2.4956231733  -1.6730711547
-0.1999342901   0.1756757319
-0.1632577548   0.0589810638
-0.1277831280  -0.0208974696
-0.4272894805  -0.2088786385
-0.1753330002   0.0959866485
-0.1656044520   0.0616611652
 0.2180003497  -0.3072777229
-0.1736912192   0.0525424073
-0.1619247330   0.0003444693
-2.6834635029   1.4261997413
-0.1698255140   0.0671401867
-5.5794919578  -1.1235000452
-2.6876810585   1.3999362547
-0.1570459765   0.0636015045
 0.0566396464  -0.1777527244
-0.1885681816   0.1350448078
s1
-1.8947683035
-2.5670829107
-3.3544168266
-2.8387940343
-2.5805149057
-1.2331483494
-2.5787868848
-2.4545184898
-2.6076539368
-3.2017288432
-2.4844209020
-2.5790177869
-2.5627387613
-3.0009449152
-2.5466033411
-2.5456514872
-2.6250414249
-2.4600177386
-2.5131219742
-2.5024475116
-2.9481636959
-2.5155556250
-2.5986587906
-2.9382468823
-2.4900072431
-0.1915660435
-3.0554585939
-2.5634861012
-2.8240159573
-2.5024585568
w2
1.0840977110  0.0676542740  1.4518707766  0.4035797464  -0.8291369514  4.5646138996  0.4959219710  0.3458455044  -0.0029510393  -0.3310196035  0.1191723175  0.0839388978  -0.5052492518  1.9069305585  0.2054926285  0.0685292892  -0.0363359432  0.0800724913  0.1151710218  0.0766409456  -0.6438211138  0.0796743952  -0.0064043950  -2.0078002631  0.0817182470  -1.2922050628  -1.8483517544  0.0690961263  -0.2948767152  0.1573341973
s2
-1.4924560091

