layers: 5
str: {2,40,40,40,1}
w1
-3.2305470073  -2.3197931528
 1.4768101332  -0.2588674400
 1.2665032319   0.1319824972
 3.8621984670   1.5993624911
 5.4901432902   0.9651918059
 0.8314791706   0.1775777243
 1.3260199616  -0.7512365488
 0.1740503242   2.0859200670
-0.9229318996   4.3672239885
-2.4421388416  -0.1331905555
-2.2421474758  -0.0748422438
 1.6498070982  -1.1254705680
 3.2698271939   0.9261602680
 1.2658533893   0.5021619406
 3.3605630508  -1.3134227585
 3.0104147420   3.5428958277
-2.0232129685   1.0647203500
-1.7897357306  -0.7771542729
-0.1381610334   4.7143681980
 3.0035818975  -0.8924554226
 2.6407268356  -2.1330888894
 2.4695712387  -0.0736313663
-2.6191154696  -1.3572502970
-2.3403138653   2.7173278681
-2.0782562047  -1.1702944265
 2.4988343318  -0.4653257556
 1.3345363305  -0.3948636233
-1.5241237731  -0.0476649929
 1.7815146454   0.0080912316
-4.3631184196  -3.9460737788
-1.8546128807   0.2992477812
-2.2977232506   3.5096113602
-2.1786983098   0.2080990222
 3.0862823883   2.2429184252
-2.6756426680  -1.3567009677
 3.7449847560   0.4919491083
-2.4250609264  -0.5113782877
-0.5394615823   2.3829924397
-2.5313396193  -0.1154941419
-0.5825423331   2.2527748278
s1
 3.5971133523
 1.0827708893
-2.4057328038
 0.1530536694
 2.8187147423
-0.8393152913
-2.1331537789
-2.8816953806
 0.0044652458
-5.7822080685
 4.6970701046
-4.2132535436
-0.8064066653
-2.5989291977
-0.1372100686
 1.5617298236
-2.1497062681
 4.5433746643
 0.5641423403
 1.6214774845
-0.2606848669
 4.9738230519
-4.0420752279
 0.4835383522
 2.1143337798
 4.5773809991
-1.8719296355
-1.5419477561
-3.5742549409
 1.0451637373
 1.3466881517
 0.1800413915
-4.3530243114
 0.3750579635
-6.7658322304
-1.5324178937
 4.8817616086
 4.5870318023
 5.6108499708
-4.2984523192
w2
 1.8591477193   0.2425732046  -2.1434098991  -2.5615770952  -2.9006475552   0.1028830586  -2.0519808715   1.2708378083  -0.3506707733   0.2148629067   0.6870377300   0.5734424157  -2.8020942034  -1.2810917316  -0.0917981192  -2.5081148955  -0.3223216134   0.4166230094  -0.3382698916   0.5446522225  -0.2385028821  -1.0956132560  -0.1997407562   1.5612930651   1.5217353286  -1.4712630667  -1.3822390500   2.4649079669  -0.0981144262   0.0679019670   1.1943869881  -0.4359524615   2.8704525056   0.7542792271   1.5516006846  -4.0781812168   1.2220125726   0.6895381715  -0.5719810221  -0.0908252283
-1.3427248447   0.5670220070  -0.3866369645   0.1154071553  -0.8865824625  -0.5417948039  -1.5075518813   1.4624934154   2.0018644276   0.0714001966   0.3629233079   1.7252612562  -0.7639207956   1.0594952409  -0.3351585064  -1.5853330700  -0.8645553029   0.4569200565   0.6829248833  -0.4324306622  -0.6458731233  -0.3390822032   2.2832828356   0.1903484761   1.2658765445  -2.3265554971  -1.6965324886   1.3844381607   1.3487361229  -1.4716300915  -0.1969430813  -0.4140512046   0.9188591520  -0.1460222661  -2.2722387104   0.4240753999  -0.4207930518  -0.2427873444  -2.1539856731   0.3707885081
 0.7940408407  -0.5066661618  -0.4992464597  -2.7029270276  -0.6924875601   0.2194176186   0.2590651612   0.2409572343  -0.0325851377   0.0258885421   0.2479047220  -0.2144597133  -1.0982659298  -1.1202548206  -1.1185817411   0.0754830585  -0.3214225677   0.4517562779   0.2560642695  -0.3702573477   0.5923552539  -1.8479649109  -0.3965229245  -0.3091720433   3.1778622709  -2.2992102385   0.3699420185   1.7315385383   1.4791780227   0.0949203837  -0.3959330983   0.5186321306   2.3740526474  -2.0283463246   3.2698793577  -1.5190801928  -0.0561570102  -0.6566661656  -1.1594812668   0.2962961506
-0.8496912991   1.1713852097  -0.9597737811  -0.2318679594   0.0579620747  -2.5083561313   0.2207162542   1.0379349437  -1.3824716155  -0.1220353992  -0.0871007560  -1.7030365304  -1.9352187477  -2.1973806659  -0.8331938447   0.3473825502   0.6998057496   0.3258491001  -0.5466188843   0.1069679971  -0.5930305112  -1.2438593950  -0.9992974517   0.5338269253   0.2495347168   0.1312355524   0.8422949781   0.6615343101   0.5066519817  -0.8580144085   0.1538781092  -0.6826554531   0.8583658893   0.1903225837  -1.4436668537   0.5163296791   1.0721235543  -0.2949239408  -0.7528538093   1.3137706797
 0.3284486816  -0.2638626922   0.0544172655  -0.2167709462   0.0541335858  -0.4795426583  -0.3657061551  -1.9038575811  -1.8394048226   0.2937185384   1.2017376889   0.7032908935  -0.8427294641  -0.6447820496  -0.1414767454  -0.3697835933   0.3402008522  -0.6769066449  -0.9607576877  -0.9290198814  -0.8184849766  -0.2734346086   0.6508903269  -1.3640950742   0.6362103451  -0.0089909010  -0.1637800308   1.5595755964  -1.1879585164   0.8215101260   0.4187370896  -1.0870548537  -1.1817120505  -0.7771899241   2.7820219519  -1.3153716629   0.3600302758  -1.0671699133  -0.7063762609   1.2528773735
 1.0062502457  -0.9411237396  -1.8539812122  -1.1548623421   0.3073677867   0.4777962122   0.0596216809   0.9738772368   1.6329208198  -0.4716883328  -0.8162096126   0.4700364503  -0.1647182279   0.1246728126  -0.6216904925   0.9307555642   0.3738470180   0.0458635399  -0.0084589111  -2.1545357674   0.7739299152  -0.1564948557  -1.3167834137  -1.5065433975  -1.0551360769  -0.1340286671  -0.6642316761  -0.9573445349  -1.5986479452  -0.9805406816   1.6809858339   0.1543665085   0.0322266924   2.4398233222  -0.7286535090  -1.9452174759  -1.7133297951  -0.7612022634  -0.0243318492   0.6520329937
-1.0923878041   1.5105569919   1.3836211557  -2.7296187780  -0.3113256912  -0.9798996636  -1.5408311399  -0.2745554856  -2.4554874607  -0.9117889091  -0.9551571876  -1.8860894685   0.4425437256  -1.2064555374   0.0066946664  -0.1179951514  -0.4269296085  -0.1823243189  -2.0200444078  -1.1793265115   1.8137246263   1.3945013500   0.2792978006  -0.2525782629   1.6543309170   0.4178078875   0.9649904541  -1.9262818482   0.7543974746   1.6344486408  -0.4234649925   1.5240921763  -1.0191635957  -2.7804320381  -1.3171516470  -2.2216656700   0.7890725306   1.1656278858  -0.3507449567   0.2338393094
-1.9560871839  -0.9242340625   0.1555763370   2.3335686781   0.6109675392   0.6712223673   0.9216022516   1.0296561732  -1.8175074454  -2.4158539937  -2.3629677083   1.9461655326   2.1546508815   0.0027277839  -0.9960345386  -3.5892958559  -0.7134109185  -2.1735958511  -0.2046953632  -0.3684399825  -1.4165625216  -0.0567667245   0.8982684428   0.6082723598   0.3146720854   0.1267728079   1.8124994266  -1.2060823811   2.0275928788   3.1822432379  -0.6936976457   2.2209037608   1.4051033739   0.9341716250  -0.2685595835   0.6474772447  -2.3024148058  -3.2346682411  -2.5042279968   1.3660287759
 2.0199674719  -0.9531210950  -0.4358709313  -2.8894439101  -0.0625131673   0.4181584979  -0.5438262591  -2.1306404712   0.3044790940  -0.2138711536  -0.3697960050  -1.4404673955  -1.6728007118  -1.1318962064  -0.6017591496   2.9661887704  -0.0054855472   0.8982538127  -0.5066314639  -0.4804958811  -0.8991745107   1.8790767752   1.1032478772   0.9366826071   0.8047403382  -0.3035757513  -1.4825671325   0.9681231268  -3.0661467225   0.2747267369   1.7503681662   0.7851378972  -0.9392949823   0.0014006152   0.8977313762  -2.2361980692   1.1042622252   0.3806326887  -0.2675142434  -0.9770590307
-0.2679892884  -0.2002234870  -0.8101431525  -1.6518847041   0.9049105581   2.1914627385   2.4485752595  -1.8503359022   0.0502762525   1.1319639132  -0.5891282396   0.6876526311  -0.0250182581   0.2633061902   0.5659521378   2.0121822692   1.3368768447   0.4288830459  -1.5377508998   0.1154600737  -1.7560870243   0.2887073740  -0.7632603019   0.4416913934  -1.3845650991   0.5690252237  -0.9332033833   1.2736871358   1.8209732833   0.8861096444  -0.5694294998   1.4935920713  -1.0226082118  -1.3271270025  -1.8575860828  -0.5089854176  -0.4829680594   1.0814129857  -0.1747712537  -0.4661632883
-0.7989618795  -2.3194499605  -0.9917199582   1.8749801519   1.3198508752   0.0341698745  -0.6090473677  -0.0498148897   2.2097974397  -1.3365650053   1.3045754151  -1.8109215696   1.4683489408  -1.3755276576  -0.1191990811  -1.5578545509   1.6071705407   1.0527833495   0.6331440395  -2.2523339081   0.6940733502  -2.3732190613   0.7146990140   0.5709548985   0.6140361287  -1.2843558840  -0.1238488900   0.7614792344  -0.4187569733  -2.6061426497   1.2959077893   0.7167288772   2.1041468112   1.1935902104  -0.4422624873  -1.8001981827  -0.7626225121  -1.5205998857   0.0906414517   0.7536761990
-1.4588313525  -0.0063683133  -1.4123645042   1.7034766325   3.6723430931  -1.9613323983   0.1832556151  -0.7982628467  -0.4055360580   0.3826065332  -0.9034013828   0.6581991165   0.0243430100  -0.6879596882  -0.1269855289   1.2635842179   1.0048456394   2.3294213805   0.9266060297  -0.4617128920  -1.1518584075  -0.6221267749  -0.3940888149  -1.3399914894  -0.7187633943  -0.6925747309  -0.1707473765  -0.0183929469   1.2928765532   1.7850193952   0.2801221860   0.6144691913   1.2018416509  -0.7049610482   0.7190607959  -0.2745024570  -0.3088405927   0.2387509761  -1.4554925611  -1.9446117897
 0.2627614891  -0.4330725807  -1.4607284298  -1.8647502107   0.5952145235  -0.5303902151  -1.4323168238   0.0403030411  -0.3463919691  -2.0095955028  -0.0634632821  -0.3935217743   0.6860397192  -0.6818284481   0.3970521155  -1.3628003067   0.7553074215  -0.9492205652   0.3244440634   0.5091378899   0.1341516769  -0.4363073773  -1.6012812193  -0.1740331620  -0.3151410138  -0.9511308044  -2.1555773556  -0.2247651215   0.4126961193  -0.5337384283   1.8146661152  -0.5307908708  -1.2119666649   0.9214163701  -0.8520531770  -1.7351687939   0.2384647999  -0.2468919442  -0.8431563189  -0.7509264731
-1.9310079165   2.8202852426   2.7442753791  -0.9917165591  -0.2730397234   0.6912027390   0.9533628603   2.2928818967  -1.0922017091  -0.8077959113   0.7285586911  -1.3844843809  -0.3891702559   2.5529998376  -0.3573566561   0.3441008141  -0.3303994708  -3.1562952721   2.1901991408   0.5097326074   1.3556228616  -0.7283448273   0.9191973979  -0.3002245968  -3.1375248740   0.6986275333  -0.9640636105  -0.6600277249   0.1034879339  -1.8990933017  -1.4649134393   0.8200568217  -1.3900704584  -2.3587431987   0.2795915533  -0.6347884624  -4.0275726204  -0.3654598767   0.5068453485   1.0583641587
-0.5171312870   0.0103198139  -1.0267088892   1.1421505763   1.1230956700   0.3202998952   0.3965644821   0.8994096527  -0.7438852141   1.7666375481   0.7222172502   0.3811793976   1.0130466311   0.6736098812   0.5217451255   0.5086405187   0.6213264016   1.1754814023  -0.9797741906  -0.5016532413   1.2581078252  -1.8069598143   0.4094417608   0.3845484591  -0.2897115479   1.0528299746   0.6955429300  -1.1837669954   1.5635157296   1.3874887952   1.3939753630  -1.3212249573  -1.0494963071   0.8202060824   1.2224994140   0.5266124218  -0.2165113710  -2.1623269086  -0.1376197846   1.3770669950
-0.1652365633  -0.2580970977   0.8096303571  -2.1313499218   1.0800233202  -0.5052190532  -1.3006982175   1.0669082468   1.5722139240   1.8839222036  -0.1278522707  -0.3718686075   0.8439182798   1.5175722468   0.5749226028   3.1930588281   2.3013392534   1.1965239563   1.6279150243  -1.3377137643  -2.1953648800  -1.4613013036  -0.8149139400  -0.7315779954  -0.3091071323   1.5161342717   0.4310199034  -1.2459551647  -0.9162743792   0.6233164856  -1.4193532897  -0.5705643177   0.1940353527   2.1758807917  -0.2282328515  -0.0436689147   0.2212212426  -0.0256431621   0.6400629731   2.5671692020
 0.1758253683  -0.1346200781  -0.3243107712  -1.2379228496  -2.9672108588  -0.0838573738  -1.5971049472  -1.1395915100   0.0983586045  -0.2014663381  -0.3075876685   0.0914167629   0.8851429742  -0.0155727495  -0.7099600852   0.5853466348   2.0657900768   0.8035807628  -0.9395643720  -1.7981472305  -1.0518098342  -0.4192292235  -1.1797367285   0.0465349741   0.5960493508  -2.8743382737  -0.0786374246   1.3420913122  -0.5387086112   1.1948286051   1.3792183003  -1.7495550495   0.4398209196  -0.4921760172  -1.5264753325  -1.6591679951   0.2189817108   2.5058627783   1.1851839554   2.7645413807
-2.0482955368  -2.5008463333  -0.9255052974   0.7639616433   0.3379987902  -0.5690462896  -2.8468010020   1.2386817133   0.1880821140   1.1970687723  -0.9749880609  -0.1237325267  -0.3387201977  -1.1884864601   1.8644096201  -1.1989914917   2.0998897499   1.0079919594   0.2612682999   1.7927595912  -0.0152824656  -1.8514145026   1.1337784082  -0.1056022507   0.1220176554   0.4062016620  -1.3898905433  -0.5670708210  -0.6413790905  -1.1875708038  -0.5802693910   0.2614023250  -0.5919835100  -0.0232713983  -0.7539496611  -1.7106779163  -0.4165311194   0.7714264171  -1.2701526346   1.2689809815
-0.6899697559  -2.3179535324   1.7319554489   1.6920479877   0.6860969269   0.7683926671   1.4398290713   0.0507183074   1.0016651325  -0.6301928936  -4.4578246959   0.6549966359   2.9224490353   2.1006002723  -0.1113341214  -0.0765100093  -2.3334151538  -1.1059632674   1.7773656974   1.3711627066   1.6028855516  -1.4265203066  -1.5064190572  -1.0500878992  -3.4110837634   0.1550700861   0.3508833051  -1.6713361079   1.6824191816  -2.3988340126  -0.7506177606  -1.5074590955  -2.1983862860   0.8385002177   0.7327318413   2.5563758434  -0.0043411921  -1.0045002131   0.4845947459   1.3301569770
 0.9456246276  -0.8369020068  -1.0994615466  -0.1338374125   0.2912035078   0.4525336429  -2.6901077525   1.0238106924  -0.6791515723   1.1074849911   1.9895750418  -2.8407581229   0.6584326320  -0.0216304129  -2.0162616385   0.2570792067   0.2857235961   1.6379576980  -0.9973020714   1.1428393160  -2.7291837419   0.4837961942   2.4757397316   3.2503806109   1.1921750863  -1.7460159365  -1.3970421238   2.0441487265  -1.0545918535  -2.4567896566   0.6498686078   2.1479774093   1.6103390030   1.9334019169   1.0572416200  -0.9298115392   1.5359763368   1.6567332345   1.9215444975   0.1050842613
 0.8671647436   0.4573139054   0.1096227350  -2.1775438393   0.1865805356   1.0287086724   2.1426035064  -1.2824588888   2.3849846676  -1.1388157063   0.3144586694   0.0339387184   0.9109876016  -0.3415200048   0.5299928746  -1.2799327611  -2.9043655316   1.7876290498  -0.1838066356   0.2151208674   0.0017159221  -0.3815119130  -0.5153281281   0.8751816336  -0.3781788468   2.5788930904   1.0467157421  -0.8067096486  -0.0648697206   0.4752288233  -0.4151661946  -0.7416548265  -1.4261886986   0.1496086551  -1.8753786498   1.0454107390   0.3142370389   1.7987514306  -0.6549266032  -1.0633405895
-0.1304619642  -1.0525926460   0.6548283160   1.4632556865   0.2540639788   0.5728853857   1.4146292655  -0.3505053162  -1.0099663990  -0.4615029416  -1.4069362334  -0.0912413274   0.4282139904   0.0391855688  -2.2185442289   0.7708997986   0.5665729904   1.4358030935  -0.0358110734  -1.0369744655  -1.9379994494   0.6429081502   0.3825136925   1.0866194550  -2.0376279062   1.0774225315   1.1580692046  -1.0438151286   1.4769684426   0.1733200408  -0.7964315447   0.5663975628   0.1764934115  -0.1318829119   1.8305240409   1.4613089896   1.0523498776   0.0903917292   1.2593172802  -3.9564916600
 0.8121711332  -0.4540983979  -0.5251232624   0.0672937067  -0.0725823112   1.0294811031  -0.9449994715   1.0772505076  -1.1290110092  -1.0894295540  -1.8679782163   1.2111012037   0.0467237593   1.2243060224   0.2064905713  -0.3360359977  -1.0781724648  -0.4999797595  -1.4659795207  -1.1503047628   0.2312172424  -1.3968110075  -0.9107083590   1.3330086774   0.3970307663  -1.6378339218  -2.1618976024   1.1605018501   0.1810765455  -1.3829081831  -0.2892657470  -1.0651506854   2.2779380929  -1.2378679807   0.3984233096  -0.2935938554   0.1493363759  -0.0685180484  -0.3793113847   0.4236859410
-0.1324189191  -2.8462047562  -0.6312387990  -0.4665181083   0.3262157865  -1.1636949400   0.4821891755  -2.2447413725   1.2180770826   3.7591382863   1.3766610204  -1.0342203521  -1.4656806217  -0.4417918452   0.2836157276  -0.0736824977   0.0597881131  -0.8472402947   2.4784207270  -0.2440584149  -1.7782230626  -4.2296607805   3.3741141097  -0.7617191379  -0.3558061769  -4.3370359981  -0.4385201747   0.0667836485  -1.6417401894  -1.3484236076  -2.1067886776  -0.0466329646   2.4449107777   2.3067841861   3.9274004347   0.6376412627   0.3607728252  -1.5150616473  -1.3012849809   0.3343742058
 0.9779577061   0.7338801962   0.5464375363  -1.5871479216  -0.6534351437   0.0713709022   0.8409884375  -0.1977712074  -0.8011349630  -0.9662160388  -1.9837279888  -0.9854247437   0.4439348980   1.5451326387   1.9579939073  -0.7162446471  -2.3094312032  -0.3390133170  -1.4488572756   1.1519480100   0.3741730908   0.8566807387  -1.2060085304  -1.5155024573  -0.9461734243  -0.4385462763   0.6028936112  -0.6312739757   2.2181789902   1.7046111432  -1.2574785303  -1.3519001604   1.1936219217  -0.3964303977  -0.0774094629   0.9581757965  -3.7622641730  -0.3818095338  -0.6762007149   1.4470673025
-1.3189238133  -0.2503886104  -0.1666537681   0.6438376337  -1.4509915016  -2.5640335414   1.8044781616   0.3571219010  -1.2559559953   0.7922002780   0.9067757690   0.7262043952  -0.3360446816  -0.2013009880  -0.8259381494  -1.2059009357   0.1354971732   0.1450604208  -0.6170004733  -1.3027874758  -0.7080587966   0.8352047633  -0.5376502213  -1.2880800620  -0.5473958898  -0.0238431355   0.2035367921  -0.0550778961  -0.5379746181  -0.9419166728   0.7449442888  -0.6505067201  -1.1381484748  -0.1009645291   1.4882151503   0.8671424881  -1.3859595565  -0.4221599152  -1.2506962662  -0.0895761889
-1.8210413886   0.0215926245   1.1856833739   2.1974685538   2.5661125839   1.7370393544   0.1680854004  -1.2125320815   0.5790468579  -0.6760387547  -2.0264993219  -0.1260579387   0.2521759310   1.4729213338   0.4373116579   1.6358341345   0.4523814356  -1.1377501083  -0.2931633679   1.7161734533   0.3979768341   1.7804963375  -3.1802809254  -0.0396208156  -1.2692659599   0.2034035117  -0.0979307364  -0.0382288331   0.8733403956  -0.5525433509   1.1283963968  -0.2771708676   0.6788430426   0.9816202443  -2.1717019530   2.0271147826   0.2498357829   1.7790329018   0.4781697551   0.4966264847
-0.8118144874  -0.0695674671   0.6415547514   0.3043318824  -1.9547705907  -0.3245933855   1.1087543891  -0.4006941606  -3.1510739439   1.4904918213  -0.1168587518   2.6320444166  -0.9241138784   0.6691711636   1.1878064483  -0.0234213786  -1.0439179578  -0.1618097427  -0.4859472651   0.4248599827   1.0514974906  -0.2236108754   1.2222084424   1.2559748269  -0.2284450047  -1.2587810244   1.5689112831   0.6711349808   0.6018540589   0.8386215967  -0.7673875887  -1.5397845509   0.2706149382  -0.8503186397   2.6307499138  -0.9427051171  -2.3911187991  -0.6803592701   0.3173503173  -0.6756210488
 0.7286062366   0.4960273731  -0.5040723501  -0.1827978729   0.4509293857   2.0198750880  -0.3731649955   0.6627133185   0.9102628251   1.0932606376   1.1640990950   0.5348348049  -0.7361585039   1.2711182537  -0.7414816057   0.2218444331  -0.2613876364   0.0622036040  -1.2314359152   2.5147374353   0.6526029435  -0.4825067222   0.2257241359  -1.5835628908   0.2474559849  -0.6426904909   0.2789722888   0.1838678837  -2.1259006022   1.2661956892   1.8715265882   2.4912881224   1.2640773206   0.5692882250  -0.4731021648  -0.0676449081   1.0117853858   1.3215720759   0.9771763739  -0.6011149370
 0.1735057431  -0.7921399311  -0.8393893847  -0.4560499828  -0.5325584605   0.0341879988  -2.1287655788   1.1812682762   0.3699170324   0.6410073428   1.5989703028  -1.0652019624  -0.6352454120   0.2824558766  -3.1074844353   0.9529999456   0.4889321185  -0.2970440184  -0.0321700725  -2.5025636434  -3.5624615460  -1.0501568612   1.0971348400   1.5222481831  -0.3717879233  -1.2372603786  -2.5891538394   0.7150865770  -1.4634466201   1.2459349744  -0.7628110022   1.1318700954   1.7014156912  -0.4443800139   1.0123903347   0.1955278393   1.3245377377   0.9493893148   0.2796579739   2.9978820177
 3.4583485130   0.5411083293   0.8272204128   0.7611793661   0.3170657075  -0.4423969242   1.8452681054   1.4689176885   0.7138570727  -1.2602147986  -1.5123263983   0.4524516025   0.5372180576   0.4458753603  -2.3508875783  -3.0929252390  -0.8593898252  -2.1264975016   3.5028409132   0.6153068742  -1.1256456548   2.1537118052  -1.7104098583   0.0647943311   2.3024083431   0.3769364358   0.2543293670  -1.2237231364  -0.5292798736   2.4693008579  -0.3868107515   0.5060568142  -1.4958353795  -1.0180977882  -3.8939397789   0.2950315025  -0.7927397224   0.0459221880  -2.2287285490  -1.2846255952
 0.4836891635  -2.5232445527  -1.0139431200  -0.0185656590  -0.7142043315  -1.3681617492  -0.6215260672  -0.8214264602  -0.6629806139   0.3705095567   1.6615815886  -1.5183992530   0.6949983293  -0.7700465076  -0.0024558371   0.6674703984  -1.4159682179  -0.0462295353  -0.7499157274   1.0263659624  -0.6052418471  -0.8440900508  -1.7429481545  -1.3526335611   0.3281834169   0.6781780687   0.8396284028   0.4076502634   0.1609833557   0.6117018014  -0.6149757654  -1.9873967893  -0.0369832052   0.4389100289  -0.1710106758  -2.1855269605  -1.7376045213   0.1247527912  -1.3974905520   0.3763130121
-1.8435082902  -0.2898939452   1.4601900717  -1.7579039008  -0.4520850005   1.9688394324  -0.2024598294   3.0222141425  -1.0012124111  -0.9596127598  -4.5945985100   2.3474301916  -2.0550365543   1.3520528272  -0.0293255548  -1.3352627202  -1.5109940319  -2.3509133847  -0.7374304657   1.5782944585   0.6832838751   0.5268225019  -1.6030620352   1.0722384257  -0.4504697185  -1.7715466454   1.1567873332  -1.1508250812   2.3474902812   2.5763380346  -1.3111072696  -0.1155393221  -0.5919529251   0.2674288902  -0.8123398111   2.8956511719  -1.0039287427  -2.5180288545  -3.6731911311   2.6245003550
 0.1632968302  -1.1068901292   1.0806430743   0.4965485059   0.7815783892  -1.3292971930  -0.0630511738   0.2965823148  -2.0781117148   4.0445849091  -1.9382019891  -0.5786109403  -1.2989772902   0.4935524646  -0.6711442094  -3.1328240736   1.0398275916  -1.3761246752   1.7739596957   0.3386951767  -1.9698012018  -1.4240181600   4.0245791537   0.2335191946   0.4024631587  -2.5782013000  -1.2092603830   1.1603959761  -0.6465415777  -0.1570278724   0.5872451546   2.2107290151   1.7290477895  -1.3631693513   1.8847235063  -0.4080140186   2.2067213512  -0.6349388941  -2.4797526820  -0.1618198359
 1.5697943516  -1.8530512942  -0.9887974670   1.4043682317   0.7523127048   0.1137123804   0.2272720004  -1.8781398848  -1.2483351050   0.1828161695   1.0248476282   0.4430383897  -0.4505297942  -0.3342696128   0.7331640554  -0.1918379320   1.0833703952   1.9103787934   0.1321666474   1.9345662982   0.3661084028  -1.2587197938  -0.1035333745  -0.3214522751   0.1595247483   1.4507391773  -1.4334335334  -1.2199937996  -1.3379505813  -0.0183806563  -0.7222524939  -2.6682681951  -1.9172456428   1.6498969439  -0.2952060583  -0.5831844009   1.6061363320  -1.1088129305   0.9930655670  -1.7912245894
-3.2395311386   1.6913483070   0.3528056718  -0.7877387458  -0.1999510372   1.0413696845  -0.2319446041  -2.4991817389  -1.1162455526   1.5953759308  -0.1119251419   0.4305641687  -1.9490193385   0.8964827189   1.4891427360  -1.6009497478  -0.1502205570   1.9044053476  -0.7932255000  -1.1385641818   2.1405489511  -0.2395891080  -1.7732133412  -1.5632853896  -1.6730637968   0.3514928313   0.3974891540  -0.8012160785   0.5557121061   1.3729666067  -1.6531346772  -1.6760562513  -1.8077426244  -0.7328354562  -0.2934186081   0.9220572265  -1.5500984332   0.1072756452  -1.1605378641  -0.9244632418
 0.7419823878  -0.3942936835   1.0760440536  -0.2284772895  -4.8481828918  -0.5924538158  -0.3916748837  -0.7757269094  -1.5061175848  -2.4278285660  -1.4580603889  -0.3303507112  -0.7756390996  -0.1676591977  -1.7303552445   0.0589801523  -2.1097545825   0.2559697575  -0.0849391240  -0.7245979163  -0.8353149008   2.2463818674   0.4081158273   1.0224196858  -0.1970631657   0.7024328795  -0.9446344998  -0.3665099529  -0.2407336074   1.1750080293  -0.1012438739  -0.4387957598  -0.6423258177  -0.0560745578  -1.4737915034  -0.3137665992  -0.3353115644   1.7763406022  -1.1905319976  -0.3277120770
 1.9696071507  -0.4205124270  -0.4502917675  -0.8010319940  -0.0545221913  -0.2340780636   0.8420499958  -0.4603668503  -0.0190504041  -0.7541610458  -0.0153137863   1.1225630551   0.8580770789  -1.4373816577   0.5545083687  -0.5273235694  -0.7578344227   2.0911702317   1.0699273666  -0.0754428195  -0.4488280577   1.0033638356  -0.3148055492   1.3431812921  -1.5323173508   0.1132692270   0.1278335443  -0.3332954191  -0.2498715966  -0.1817458890   0.1859499676   0.2076957754   1.6770358496   1.0733384230  -1.8015490850   1.3593721256   0.8057128532   0.2631773194   1.0104643578   0.0319764975
-0.5470264225   0.7754393331   1.3387790696   0.3303965966  -0.4450605578  -0.6358027012   1.0844438367   0.4466678069   0.2302599449   0.5879009576   0.5781183664   0.0709835708   0.3751438357  -1.7110061547   0.9454291921   1.1100988053   0.6977658159   0.5631377648   0.2959327727  -0.3925117068   0.0114091294   0.1873615628  -1.2214893154  -0.6898372773  -0.1783251656   0.8247353556   0.8258693510  -2.6546235768   0.5483479538  -0.0576847724  -0.0194712803   0.7277008591  -0.3690231209   0.6065404491   0.1324743050  -0.4436859513   1.0323856013   1.0320612723  -0.3574349084   1.4088937875
-0.3041325081   0.0002516235  -0.4552735561  -0.0639980707   0.6445472269   0.8849564626  -0.5831568510   0.3910021957  -1.1120709460  -0.3903280280   0.7227308550   1.4650199745   1.2436250751   0.0290298808  -0.4015116850  -1.6470334595   0.1092321258  -0.8841156704   0.1320224125  -0.5801789043  -1.2644556291  -0.4368197994   0.8523944972  -0.1668957479   1.5242799580   0.2030912103   1.0352778752  -0.2254705011  -0.7508793411   0.4186821567  -0.3657529678   0.1621334184  -1.7273487253  -0.9687674003  -0.2287732433   0.7777540419  -0.1712085035  -0.2206391669  -0.5476453024  -0.1190720643
s2
 2.4401617007
 0.5823336188
 0.3462334641
-0.7558015320
-1.6557207956
 0.1355563688
 0.6032706005
-0.4559371408
 0.6528951050
 0.7731233178
-0.8474601514
-0.6863154335
-0.1190628528
 0.7782544891
 0.6065538297
 0.7632868113
-0.8490506229
-0.4444872018
 0.3436775860
-0.7738788985
-1.9004427017
-0.2031660226
 0.8412590821
-2.5481090770
 2.4563500193
-0.2347363144
-0.9944613752
 0.6917941043
-0.9937279706
 0.5960766889
-0.4852536943
 0.2671245694
-1.4707061884
-0.6589808497
 1.5373639631
 0.7655893700
 0.7453648296
 0.7450652169
-0.2628710567
-0.4739841458
w3
-0.9722309691  -0.2349547730  -1.9353485624   1.8864865896   0.7311674090   0.2998436592  -0.9242452391  -0.5317640437  -1.5719232765  -0.5938705513  -0.1940322213  -0.0580000053  -0.9291437191  -5.7969658245   0.7229664272  -1.3462093619  -0.9000354703   1.5972429025   3.3955865466   3.4232423256  -0.4714972534   0.0350159501  -0.7986781244  -1.6509835158  -1.3390412304   0.1242173602  -0.8257794848  -2.1875040126  -0.8567145012  -3.6996254511  -0.9096728069   0.6138154878  -0.6921987788   0.5015584625   0.1099442355  -1.9769329425  -0.0568085643  -1.4903364421  -2.4167808460  -1.5859295820
-0.9182899841   1.5718420436   1.2715582277   0.0136880660  -1.2406026856  -1.3517239728   0.1688849207   0.1447974476  -0.2374832288   0.3131261286   1.3410502998  -1.0681058370   0.4419031880  -0.1911202301  -0.2419537563  -0.1255578564  -1.6732445705   0.7976383769  -0.0400958894  -0.7663392133  -3.0949796565   0.5394846178   0.6137833698   0.6971078918  -1.7203712896   0.4199554073   0.4703750460  -1.4878572634  -1.1559700293   0.5797429571   0.3828710189  -0.1983777115   0.8676130202   1.0633291179  -2.8254949026   1.3465897369   0.0167304314  -0.2263868280  -0.2434756433   1.8352445213
 1.2085621285  -0.3985579317  -3.9690245510  -0.2185556314  -0.7302512402   0.8986194111  -1.1739226914  -1.0123052229  -1.9430620341  -1.2870739776   3.0974066064  -1.9711968574  -0.2556136962   0.5219080548  -0.6806869085  -1.0462381511   2.3281851674   1.7128580963  -2.5403234766   0.0429203055  -0.8734883383   0.1954698513   0.2063429850  -1.2668802461   0.5384754930   1.3930499465   0.7650238368  -1.1305692568  -0.5203188361  -0.3440558024   0.1899779394   0.1215697223  -0.5992177096  -1.6263330544  -0.0564821515   0.0246046621   0.3627605277  -1.0038132363  -0.0816708936   0.3461995524
 0.4583003077   1.5373554262  -0.8447713877  -1.2260226634  -0.9026455970   1.1203740328  -1.0563771420   0.0846130234  -0.1118872675  -0.8829493587   0.8490121878  -0.7097378150   0.2417842106  -1.8602268178  -0.8198185533  -0.0571170986   1.5392290599  -0.9345332254  -0.9877011039  -0.6174465973  -0.0445976181  -0.4953406807   0.8317083883  -1.2400113699  -0.2414370217  -0.1833866842  -1.3310047667   0.7947738881  -2.0097691189   0.0134698805   1.4664376917  -0.0344659566   0.5770129448   0.7003556010   0.7799612955   0.4588335427  -0.9030667196  -0.7904187950  -0.8948107215   0.0775325787
-4.9727597431  -1.9446980644  -1.4772871701   1.6933588349   0.0391167340  -1.4104746985  -1.2991048196   1.0094793095   2.1013698992  -0.9347329841   1.5620336519   1.3149583003   2.7942464634  -0.3796406243  -2.7557084259   0.7863009835  -2.4111118102   0.2747125815  -3.4792820485   1.0467511932   0.8034819612   1.0680368420   0.3458261803   0.0293934604  -2.7235683728   2.0114212908   1.2623722727  -0.2280973178  -0.9972256185   2.0818516357   1.8264236532  -0.0472510366  -1.9222804834   0.2254472384   0.2738765823   0.4045833556  -0.3427669716  -2.0222812718  -1.1181397237  -0.6531888942
-2.0798245957  -0.1878412901   0.9052105206   0.4430983245   0.6942621483  -0.5453186127  -0.5828070038   0.6957472245   0.2915878465  -1.2041593198  -0.5857017468  -0.0285499187  -2.0821443971  -0.0816341471  -1.1971356797   0.1828265536  -1.2612631969   0.0636085498  -1.0088235348   0.9805416105  -0.1129205392  -0.4358348069  -0.7663138742   0.0639092959  -1.9214639826   1.0533694620  -0.1605452800  -0.3177173674  -0.8494765644  -0.5415172107   0.8476323726  -2.5434255640  -1.1616946687  -2.2974666210  -1.4432569266   0.7344410392   1.0859045722   0.1276613030  -0.4859165049  -0.0573563488
-0.5999938201  -0.8471462281   0.5291445344  -0.4377382288  -0.2017888095   0.3664220476   0.0193853964  -1.6599432778  -2.4730006276  -1.0135380465  -0.7623986517  -2.1565812080  -0.2964370001   3.5839996713   0.5513753157   0.5446426183   0.1595997876  -1.7888681423   0.8753201899   1.0316698826  -0.0045392361  -0.1132384541  -0.8488658562  -1.5392418310  -3.9430015053  -0.2354533621   0.0884147803  -0.7317970350  -1.7310704088   1.8460482463   0.3395410870  -1.7118856531  -1.0356649850  -0.0029841588  -0.8119373057   0.6887949391  -0.1586397144  -2.7996750288  -0.9612822514  -0.6416342201
 1.7661705585   0.3172807477  -0.3506018549  -0.8843629291   0.2835870881   1.5156506557  -0.4546793534   0.8705985566  -0.6543012681  -0.5332629570  -1.9250259202  -0.6537421291   1.5330191331  -0.4272455472   0.8650608269  -0.4295237946  -0.8484491610   0.7935824689  -0.1602836794  -1.5973853620  -1.2891942482  -1.1655463936   0.1118010667  -1.4742642323  -0.9592645552  -0.2999337477  -0.1985541437  -0.8998297638  -1.6198597152   0.6796281673  -0.0019768050   0.4421134485   2.4857752893   1.4333138135  -0.8333998592   0.5662401141   0.3449587751  -0.7263213778   0.8923124084  -1.0400701081
 1.1704462275  -0.5547388095  -0.6192778936   1.3194856627  -0.9931790435   0.1316103064   0.8061132668  -0.5127681976  -1.1856691665   0.4985472533   0.1147895915  -1.0012956055   0.0549284276   1.6090430196   0.0588783021  -0.0013258059  -1.8092187561   0.1585509579  -0.5744877776  -1.3637195902  -0.0593097305  -1.3696809808   0.9201259073  -1.2314826265  -1.2426025933   0.7851616226  -0.4895170484   0.5645065565   0.2226238255   1.3175810833  -0.6219651056  -0.2539849354   1.2705900769  -0.1878072535  -2.2328374461   0.2664391930   1.5535412873  -0.6628559281  -1.2880965864  -1.5106343440
-0.7174627781   0.3721508627  -1.0579524504   1.3298639201  -0.0214363655   0.0016055322  -0.3238814163   3.5571029508   0.6903137062  -1.0291425911   0.9360351653   1.6197663724   0.7495897142   1.8403384648  -2.0851575927  -1.2414794585  -0.3234552610   0.5237890360   1.6794064137  -2.0913382277  -1.0955949236  -0.9082464672   0.7759963949  -0.6472460480  -0.5791183075   0.2440947622  -0.7908226994   2.8160256553  -0.2875758967  -0.4399620728   0.1177597506   1.2005540641   2.0197176477  -0.5699813873   0.1294997978   5.4808082026  -0.6342165883  -2.3930110703  -1.3877159482   0.6774524359
 0.3520960527  -0.9572533463  -0.7393992806  -1.0793345333  -1.7105414937   0.3081307475  -1.0830043567   1.4077039661   1.6259995704  -1.2122078510  -2.4411425664  -1.5590604447   1.4539949564   0.2975084182  -3.2169530594  -1.4846091448   0.0330297657  -0.5642305448   0.1713682985  -0.5997177521   1.8473915435  -0.2200002314   0.2287762261  -2.6906293697  -1.5555328275  -0.1235165813  -3.5795351571   0.1802101503  -1.0083441099   1.7299419805   3.9097919137   0.7367469544  -1.0767173247  -2.1997059349   0.5681028525  -1.0337288111   2.9914733473  -1.9999756200   0.5071375894  -0.8196329039
-0.8567896833   2.1133397054   2.0960887211   1.7971012892  -2.3457120884   0.3494528178  -1.3533700724  -0.9869016257  -1.3688566132  -0.2649245742   1.9578539927  -1.0644805964  -0.8942257985  -1.7974573648  -0.4095717728  -0.8410689286   2.1176027359   2.3121102286   0.4843991939  -1.5757657137  -0.9591619939  -4.0541584313   0.5520736103   3.6398441163   0.7758873678   1.7813368364  -0.4072829246  -1.5744614465   0.0374316131  -0.4740998398  -1.3365516999   0.2815651603  -0.2466832626  -0.7200341077  -2.3147202725   0.8226856705  -1.6929732464   0.7435885850  -0.4816583851  -0.4243076802
 4.7470986057  -1.6355243406   1.1559829628   1.5187104342  -0.0201688950  -0.6130835174   1.2507721192   0.5342021965  -0.3604653091  -0.4239763793  -0.3345485030  -1.2595764318   0.1722492321   4.1386326118   0.7945082504   0.2863477423  -5.2324735000  -1.2363693814  -1.5645652117   2.2558819317  -1.6262318836  -1.8488399198   0.6838454845  -1.3590880954   2.3386969482  -1.6689019568   0.4462744685  -0.9869604689  -1.9545244860  -4.4875217983   0.8305904053   0.0975571347  -1.5778304659   0.6566561369  -3.7549111970  -1.5304128845  -1.6427928536  -0.1632951716  -0.0391495341   0.0088897130
-0.8883317544   0.5256781467   0.1598285017  -0.1606832894   0.5638187878   0.9743136993  -0.4169432009   1.4064886858  -0.4701384995  -4.1910438973   0.8504138386  -0.0382594405  -0.2855183188   0.3003259473  -0.7516936975   0.7656218259  -1.3909727253  -1.8527299211  -1.1396210205   0.1096304431   0.5183442918   0.8056975605   1.8500857423  -0.3138792620  -2.4524754143  -1.2976001768   1.0445811427   1.2443977943  -1.4248900907   1.2578010044   2.2858127422   2.7897991694   0.1332614899   0.3318521366  -0.0492333726   0.0087434333  -0.5023544511  -1.7777125851  -0.6628871778   1.5952799913
-0.5650801926   1.2243388005   0.4051935162  -0.1570329314  -1.4951415178  -1.9530963154   0.8588197029  -0.0103072267   1.1913920928   0.0275783036   0.5603792647  -0.5674059626  -1.5876827566   1.3568168564  -1.3749084136   0.9076273794   1.2757827745   1.2357269019  -0.1446189865  -1.1388385224   0.1758560322  -3.0102901513   0.9924134506  -2.9137286055   0.0365624807  -0.0321651731  -2.0595091847  -1.0005829501  -0.5078871566  -0.4777939212   1.4819707776   2.5710209688  -0.4415222355   4.9189268482  -2.4808724674   1.0726844023   0.3951784292  -0.8944908087  -0.6281973361   0.2226835257
-3.4617405536   0.2816946524  -0.1366495833  -0.8860422647  -0.9358264262  -0.0469012516   1.4759749704   3.8136826107  -2.5958375836  -0.0618897079  -0.6305114870   0.3677079585   0.4888608530   1.2171399607  -1.6555939757   0.9126916147   0.0027410693  -1.1989522378  -1.0641739685  -3.7834464151   0.8431302742  -0.4276400940   0.0255053501   0.4835503543   0.2598232620  -0.4583255252   0.4706069374   1.0540353876   0.5850599025  -0.4667823743  -5.6271838282  -0.4196435019   5.5765304126  -1.0889110590  -0.2208866193   2.4021800170  -0.1207409818  -0.0687927421  -0.7618051153  -0.3881612432
 0.6098740627   1.7478155273  -0.6484301165   1.3914536005   1.2487547082   0.5382121008  -1.7658842128  -0.5205483072   0.6591752111  -0.8448328355  -0.4357792556  -0.6623343550  -0.9157894763  -0.7631275804  -0.5127125424  -1.5986779602  -0.0434276654  -0.3442148940   0.5474712858  -0.6798260198  -1.2827579443  -0.8054960359   0.1285245536   0.3945418463  -0.3613208037  -0.9800068627   0.9270823606   0.0873458820  -0.3946319903   1.9843829644   0.1193563140  -0.4929736399   0.2066790521   0.0339195607   0.4891044543   0.2021138017  -0.2058481747   0.0413487177  -1.5744889075  -0.7446930020
-1.5652262411   2.3207841330   1.8934142723  -0.1708859713   2.2660697410   0.2606356751   1.7481969633  -0.7405557270  -1.3213122045  -0.4632376146  -0.3370925135  -2.5442807456   0.2100775313   0.4432769974  -1.3663160896  -2.7092348695   0.7125868859  -0.3167423572  -2.2243586522  -0.0286407999   0.0329556792   1.6121885966  -0.2863684863  -0.6688477817  -2.8277312835   2.7391202990  -0.5609140905   0.1478795035  -1.2172639274  -1.0354573041  -2.8094933068  -1.0745035379   0.3153143859  -2.1820885132   1.1353375925  -0.9778661825   2.7307527801  -0.2653499506   0.3084624557   2.2380621296
-1.5649439532   0.8381620391   0.7291734658   0.3335345493   1.1058197072  -0.7949068752  -0.4195710591  -0.3204294015   0.3501015420   0.3758840618   0.0219256688  -1.1659797111  -0.6464290718   1.4692806064  -0.0283924561  -1.4354913725  -0.4512193044   0.6561064867   1.6105031208  -2.4168433110   0.3250252703  -0.8344556351   0.5001760910   0.1548420749  -1.3828828941   1.0235218866   0.1895448380  -0.8281523765  -0.9932983554   0.1509167631  -0.0588891048   0.6560236347   0.4678162369  -1.3667794734  -1.7962622667  -0.7839497659   0.8999871331  -0.0914704960  -0.7193341340  -0.8200466863
-0.3231366973   0.9158767424   0.5654007946   0.0620993235   0.4046885616  -1.2580842376  -1.9013251074  -1.3063215168  -0.8775230713   0.1620867736  -1.5683014631   1.6665467608   0.3807919506  -1.5559782462  -0.0921391768  -2.0212699805   1.1607534843   0.3183927770  -1.2995446092  -1.0726195797  -0.3639161370  -1.0724806791  -1.9314658334   1.0450874001   0.2616283122   1.1837591618  -1.1913112210   0.2615736271   0.5079072687   1.7545261874  -0.1525761231   0.3184843098   0.6061861097  -0.3180414988   0.0673167023  -0.2887785317  -0.9669808584  -1.6546649309   0.5648365626   0.3655956741
 0.1525085923   0.9388505059   0.4831754445   1.0397084042   0.9392707454   0.6530895982   0.9616689294  -0.7300006598  -0.0159431891  -0.0649269014  -1.5410275872  -0.6602356579   0.7394050899   0.5289877937  -0.0297423557  -2.7183621006   0.2098378501   1.1922286484  -0.2477032993   0.7174594465  -0.6588062078  -0.5018795992   0.8238619370  -0.2986651833  -0.2303832842   0.7464913535  -0.7511015810  -0.3794051039   0.2866707796   0.7121793606  -1.5772471236   0.9946930460  -0.5520663696  -1.6160832662  -1.7331970290   1.3070374734   0.9534405611   0.2101174890  -0.3751004270   0.2187668493
-0.1334727919  -0.5083257450   1.3545595212   1.1111403606  -0.0213096740   0.6194430385  -0.9675760235  -0.7550616954   0.3077561885  -1.9219215062  -2.1582179482  -0.7062895502   0.1244761753  -3.5099604694  -1.4843917133   1.0726154626   1.3940073962  -1.0474029118  -0.4813168811  -0.6928123401  -0.9652862841  -0.7764386510   0.1580714747   1.0913978534   0.2994986246  -0.5937618253   1.9223183399  -0.4643840745   0.8028894581  -0.9394909063   1.1745264149  -1.2401205711   0.3213180103   1.0018658184  -0.7244880627  -0.9979458193  -0.3452508213  -1.2924836129  -0.1699718081   1.2011739839
-0.8935227545   0.9527629947  -1.1400094372  -3.0761560513  -1.2141559558  -0.6711629163  -0.9821075621  -1.4576313615   0.1557535932  -1.7905817992  -0.1025692045  -0.6561225550  -0.1564449799  -0.1091958948   0.5325338147  -0.7922984190   1.5598306601   0.3573223248   0.6301945090   0.2616930050  -0.8912547903  -2.5954889823  -1.6516715698   2.0719611430  -1.0540363117  -0.9388411900  -1.2569107096  -1.8300643452  -0.6699851630   0.3152148438  -0.3796924672  -0.5505685755   1.6232080522   0.2741024307  -1.4530661346   1.1400994442   0.1152957558  -0.1142740713   0.6896537442  -1.2837571815
-2.5073454047   0.1353331558  -0.9345469136  -0.6312472955  -1.7860014880   1.2525503416  -0.1245174428  -0.3370910476  -0.9842299669  -0.7659684245   0.4210464774   1.1239680345   0.7607782212  -0.1319306288   1.1797287689  -0.6622597194  -0.0780496362  -1.9382513769   1.0910240170  -1.9266641202  -0.6595977676  -2.1988443294   0.4640260446  -0.4516721156   0.5802263028  -0.1746241328  -0.6853921966  -0.7579528980   0.1998271553  -0.6294259572  -0.7738026543  -0.0924956701   0.7958888646   0.8687115758  -0.8370477213  -0.7059057237   0.7199782707   0.9935903774   0.7174061061   0.1860690044
-1.5994971581  -0.2514349103  -0.9983583076   0.0331718216  -1.2642972508   0.3480471348  -0.9494987088  -0.4353576928   1.6528806928  -1.8912103718   1.5695809845  -1.9615552777  -0.5466540680  -0.0446303721  -1.2987665437   0.6223393334  -0.2137637695  -1.0527467853  -0.0844178355  -1.1806388080  -2.1057636509  -0.0101526087  -0.6559048922  -1.2314085307   0.9155507796  -1.0902456387  -0.0321939280   0.7904378252   0.6710376019  -0.8834632219  -0.1825177181  -1.0472810646   0.9607579917  -0.7302567535  -0.6119493867  -0.5277515276   0.0329150750  -0.6000237749  -0.6959129636   1.1111160993
 0.6396998127   0.5057617632  -0.9816739282   0.0872665647  -1.4191277762  -0.2207140626  -0.7348931800  -0.5870590292  -0.8567870184  -1.1437985902   0.2004758635  -1.1757647064  -0.5603678109   0.1616429448  -0.6755377870  -1.1973775917   0.5872442992   0.5644386217  -0.7273614241   0.9686306590  -0.1301063046  -0.9371995975  -2.3416121082  -1.4893637144  -0.4350934686  -1.1701901446   0.6925346760   0.1932193865   0.2287332396  -0.1340045655   0.3100502211  -0.1192554048  -0.3038453047  -0.4795635966   0.1897407896   0.6929773591  -2.1160505384   0.1323519996  -3.0837632104   1.1734798570
-0.0538985476  -2.5788413691  -0.6666082167   0.5542744904   1.5640522318   0.3278979522   0.7252597781  -1.1446897297  -0.1306236733  -0.5269446807   0.2730601101   0.9409345812  -1.2055933490   0.7924153226  -1.2790875982  -0.4822620073   0.8206148568   0.3318249858   0.0170699187  -0.9171107146  -0.6948991721  -2.1427968100  -0.7472196345  -1.0690624015  -0.4226646326   0.5467531286  -1.3662034333   0.5709769801  -0.2158878997   2.0763462190  -0.2652223942   0.3566254381   0.1956410801  -0.1204766329   1.2782031815   0.6340572032  -1.6458445961  -1.3338509498  -0.5795238501   1.2803436713
-0.3942183033   0.3816552391   1.1028516267  -1.4692994562   2.1171253988  -0.3439564976  -0.4581219010  -1.8042196584  -0.6596340991  -2.0787719434  -0.6043458195  -0.6450497354  -2.5492126242  -0.4679012401  -0.9866922559  -1.0592985908   0.0113979479  -0.7444965475  -1.0679073008  -0.5717789224   1.4112932579  -1.4779296124   1.0930627757  -0.7964750911  -1.5225838395  -0.2632140938  -0.0689373350   1.1337799190  -0.4420258482  -0.5848863522  -0.4253434410  -2.0788812886  -0.5514562305  -0.6516793535  -0.1086109053  -0.7473930437   0.6989245883  -0.1721009635  -1.0931919610   1.9289711287
-0.2256920603  -0.4483067364   3.3802448153   1.4113315959   2.7255222836  -1.2635033555   2.0424357616   0.5453089697   0.1231403289   0.5534285832  -2.0982477041  -1.7833793360  -1.1057916865   0.8091400482   0.1900355319  -3.5150592559  -0.5106768623  -1.1125172451  -0.5979146227   2.1798291284  -0.0862148627  -0.8268571725  -0.3407455821  -3.9183610861   0.9138472697   1.1058422548  -2.6660563855   3.3658679619  -2.2270981139   1.9975379309  -1.4459256613   0.0872332180  -1.1867284526  -5.6499114051   0.4893915789  -1.4829466970   0.3506208922  -0.1211070989  -0.4200824876   0.2421065040
 0.3047677938  -0.8114831228  -1.7521212314   2.6566083766   0.6831701568   1.5129272949  -0.7444632603  -1.5856614014   1.6755990627   1.3136328985  -1.9638216945  -0.6643778688   0.2389932052  -0.7871729725   0.6327942765  -1.1136150065  -1.6226399923   0.0532992459  -1.8476394860   0.0267484777  -1.3115464111  -0.6994678293   0.1115893814   0.6890206337  -0.9633802387  -0.2881113671  -0.1033936315   1.4962248043   0.1077015270  -0.0877139496   0.2194360374   0.3366378299  -1.2242625375   0.9300879698  -0.6018537724  -0.4129133951  -0.0214232692  -1.5950649659  -2.7523838940   1.4295563638
 0.8166983082  -0.7990638199   0.7942272593   0.3354282431   1.0240865123  -1.5823849899   0.3898527884  -0.5411942933  -0.6408204991  -1.5861149078  -0.5159382543  -0.2079264003  -0.7464041207  -2.8355612049   0.1965777905  -0.1720974349   0.0413189650   1.3259464431   0.9964388575  -0.1801294239   0.0343512529   0.7329742073   0.3325868277  -0.1187787991  -0.2504379625   0.6975464012  -0.4565620621   0.0248101703  -1.3063186563   0.0033814707  -0.4997506551   0.3093690104   0.3970077674  -0.6677016323  -0.9072923010  -1.7972005083   0.1415208417  -1.0148028437  -0.2219211237  -1.8365047897
 0.2736393743   0.3996396987  -0.9094293682   1.5364496081  -1.8804200697  -0.4132450329  -0.5946615741   0.9756837687  -0.7979584645  -0.3823461748  -0.0565920682   1.1174514846   0.7290932952  -1.6856278750   1.3163848073   0.1701547342   0.3829739513  -0.7299087256  -0.2018715103  -2.0693489114  -1.3709089605  -1.7824371358   0.3513634974   0.6477147240  -3.1090706136  -0.1787519540   0.9989904696  -0.3567645259  -1.7984114613  -1.2802247798   1.0721095015   0.5080277268  -1.9861589643   1.2548050975  -1.3483602873  -2.1245197779  -0.3984534275   0.2825495985   0.5931193410   0.4324483198
 0.0433587828   2.2069863272  -1.0474120591   1.5028265964   0.2300739164  -0.7725232286   0.1200672823  -0.5801006264  -2.5341196332   0.8665342299   1.1573434807   0.6918074170   0.2464507544  -0.2579925879  -1.1248969417  -0.5946655204   0.0752814334   1.0779559536   1.3788921153  -1.0561574211  -0.3648782434  -1.0096718233  -0.1198872504   0.1259107996   0.7575990196   0.3024422772  -1.2235117797  -0.8453706606  -1.7637021742   1.5795614042   0.7512146104  -0.3398072239  -0.0546704802  -0.3844651789   0.3688838874  -0.0994806499   3.1133994499  -0.3118302289  -1.1366578918  -0.2558178005
 0.7558970975  -0.6827303543   0.1147115927  -0.4383164427   1.4278334515  -1.6664558175   0.0787977294  -0.8619247148  -0.8095882534  -0.5901691598   1.1777390244  -1.2706309791  -0.9920770958  -0.7874716453  -1.4342681191  -0.1550622869  -0.3289776107  -0.1160436075   1.7777795398  -1.3681489212   0.1554049385  -0.4475705030  -0.6815505053  -0.8012014881  -0.6694746873   0.0844317238  -1.2365136244  -0.6217465986   0.6866554026  -1.6896402605   0.2193197505  -0.8190465850   0.8685634818  -1.0731122147  -2.2136467425   0.3347533632   0.8360566122  -0.3163085345  -0.8492539969   0.4120702764
-0.0343687166   0.2752772298  -0.6374909931  -0.8521197335   0.5559885166   0.6772079991   0.1461812078  -0.2168900228  -0.4730594220  -0.5933374014  -0.0786678854   1.1706666975  -0.8294633974   0.2225840920  -0.5070262697  -0.3786078811  -0.0061536497  -1.0266933946  -0.2052095533  -0.6868494564  -0.6365838405   0.2192544298  -1.4343497353  -0.1255644824   0.4416107182  -1.0068386516  -1.1518454427  -0.6215625599  -1.1283837255  -0.3064775996   0.5218646291  -0.0926235476  -0.3281202848  -1.4502187424   0.8136821857  -1.2612350551   0.5094059196  -1.6634294429   0.2875332089  -0.2509536735
-3.3490026956  -1.1926431877  -1.9757791549   0.1513879609  -1.6896155633   0.4631149939   1.2574322529  -2.6261780658  -1.7263392313   0.6278065152  -0.6082296729  -0.0093305330   2.0294655392  -1.7054089191  -1.4644230024   0.9482545655  -0.8457094172   0.6823817262  -4.1934748989  -1.4508569232   1.6596719611   0.7891147193   0.2829414846  -0.8939224572   2.0085568067  -0.4255681277  -1.5122584726  -0.0959566068  -1.1644268124   0.2938571937   0.5109600634   1.1063772965  -0.6786099257  -1.4198455375  -0.8252539893   1.1365543682   0.3972944784   0.0554137723  -1.6370089885   1.0186397365
 0.7248843544   0.3626171109  -0.3951877815   0.6740082258  -0.5084000505   1.0124860482  -0.5826014824   0.7460892563   0.9064375039  -0.9678858811   0.1612346878   0.5062375071  -1.1454916387   1.0005847728  -0.0935972284  -1.9224972861  -0.7579575804   1.3089517190   2.2101694065  -2.2849931524  -1.2109047871   0.5297138846   0.2429044096   0.6707227611  -0.0853816688  -1.1124064440  -1.6313991208  -1.3865824906  -0.0413078638   0.8236093131  -0.2713420222   2.0185361577  -1.8752855437   0.1634109409  -0.3414212889  -0.0154138629   0.9318859790  -0.5344387974  -1.6013232561  -1.2609654725
-0.1439739655   0.3741958274   0.2985951718  -0.2841893470   0.8669348208  -0.1522491143  -1.4909963020  -0.0445311907  -0.1247878857   1.0779435519  -0.7370136545  -1.5891651646   0.9997288307  -0.6071039831  -1.5614367954  -0.1162837015  -1.0928565307  -0.8702543180  -0.4288437002  -0.9623121348  -0.3873055200  -0.4290090708  -1.5247052841   0.2797754592   0.5308510013   1.4927481224   0.4824565994   1.0509106422  -1.5301543784  -0.2137122237  -0.3128955606  -0.9910419262   1.9052063115  -1.5364813583  -0.5583549027  -0.9125752927  -0.8189533958  -1.4861007636   0.0900271677   0.6647468073
-0.0995538948  -0.5130530731  -0.0102704006  -0.4887110755   2.5579836152  -2.4178131175   0.0851693719  -0.3910804176   1.1594968242  -2.2170949800   0.4591303567  -2.1267962399   0.4425534356   0.8456094134   0.8962213059  -0.1179674990  -0.2534338696   0.0851613410   0.4047540155  -1.6283852417  -3.5234138913  -0.2122436420   0.1344086114  -2.3642626568  -0.1284600095  -0.1149296169  -0.8902873454   1.0524337269  -1.7567879704   1.6357377614  -1.1207230247   0.8661258017  -0.3840667185   1.6755492501  -0.2978185976   0.6281300476  -0.8872106107  -0.0656396721  -0.6400647324   0.8904424719
-0.3654050892  -2.8566644413  -0.6976990117   1.2479656608   1.1477371674  -1.2025411323  -0.4706551255   1.2657629714  -1.6019665143   0.4445378127   1.4315088841  -0.3238862714   1.7651628824   0.9823456900  -2.0983245831   0.0604556408   1.2915119199  -0.9153083195   0.0524402212  -1.6809165113   1.3255858155   0.2995137202   1.8464130883   3.7942106547  -0.1433024458  -0.9340440999   0.0239940556   3.7357705457  -1.1465536714   0.9581798820  -2.2398215959   1.8404051956   1.8679333963   0.5865537492  -1.4628649606  -0.2599924513   0.2190259408  -1.1591367346  -1.0613341314  -1.5770511384
s3
 1.3602639771
 0.1974494848
-0.3969576507
-0.6375193348
-2.6774351464
-0.4857295916
 0.2140788919
-0.4554030790
 0.8336010916
-0.5402435368
-1.7097790802
-0.7594891689
-0.0710614790
 0.5581573489
-0.6385171304
 0.5938683680
-1.5209315226
-0.1160159118
 0.2233578297
-1.8131728302
-2.3471929381
-0.8670894398
 0.4503404000
-2.0153978620
 1.5545990514
-0.5981089084
-1.4364500482
 0.1398150895
-1.6770053724
 0.0940456448
-0.7654373136
-0.1531183606
-1.0708367408
-0.1706446526
 0.8161704471
 0.7133126677
 0.3368800997
-0.2658362670
-0.4325737529
-0.6048297190
w4
-3.7067085645  0.8979028363  -3.2474656561  -1.6152747236  2.9585781816  1.5561057778  2.5159221033  -0.2921185416  -0.0762826383  -2.4713271978  2.9197430928  1.8166971840  -2.2785834782  0.6874387804  -1.9852560342  2.7144222463  0.1774086596  -1.8449715891  -0.0181792418  0.4279574096  -0.6160110622  0.0966101742  2.3193652746  0.3177524453  0.1258631793  0.4571125328  1.0991644058  -1.3987460181  1.8879418843  0.1861984181  -0.9595918202  0.0671769719  -0.2884518353  1.9988270474  0.4477977959  3.3096621174  0.0704358349  -0.1282714360  1.5630488794  -2.4685867430
s4
-0.1144596903

