layers: 5
str: {2,40,40,40,1}
w1
-2.3766283225  -0.1655380216
 2.2490073171   0.8000923980
 0.8772154833  -2.6061210187
 4.8031416815   3.3732719893
-2.2411287526   0.0203869836
 0.2106404687   2.8210390268
 3.9037236782   0.9389418461
 2.2159231316  -1.8397720403
-1.5852296546   1.4579156575
-0.0282559303  -2.0199864777
 0.1370969550   3.2192716037
-1.8564101203  -0.7067502815
-5.2761772437   0.8154297705
 2.6800262457  -0.2163639816
 2.1178736110  -0.6872732036
 0.6980791615  -1.9513791480
 2.9465914883   2.4521174968
-1.5950120003   1.7711350127
-2.1464814892   2.5556899592
-1.6472520054  -1.0888874426
 0.7009167745  -0.4918642335
 0.9694188000  -0.2898936547
-0.9487262188  -1.1312131007
 3.0221961328   0.1213011254
-4.1342901485  -0.5418533585
 3.9543658924  -0.0416516055
-1.4638268199   2.1102439886
-3.4666225566  -3.6859863758
 3.3087674755   0.5248840034
-1.7696408897  -0.6783889794
 3.2845323219   0.0785073141
-4.4529478021  -0.4903288713
 0.0213908596   1.1382987832
-3.5371423241  -2.1181795435
-2.5632691598  -0.1150970632
-2.4721744369   1.0242814227
 1.4740987008  -1.3262342767
 3.3095077613   0.6396983049
 2.2922853003  -0.2994552347
 2.9098771707   0.7257539325
s1
 5.0229338130
-3.0137200122
-0.9535554405
-1.3385988701
 4.1358307765
-2.1121103517
-1.2395982841
 1.7094771575
-1.2131205265
-3.4580019214
 0.6322168128
-5.3967453979
-1.3644170946
-5.0542551586
-1.9843310467
-3.2409814703
-4.8315230411
 4.0404238535
 1.0072043427
-2.8112314182
-1.3020768887
 0.4870465487
 4.3033888299
 6.0608094313
 4.2680732806
 4.6431301789
-1.4513161750
 0.1012702453
-8.9905170778
-4.9890564098
 2.9266827128
-0.2769010200
-1.6887100876
-3.0294110363
-5.8533526425
 0.2445403891
 3.0892811371
 6.3270687416
 3.8873198768
-4.5311541227
w2
 2.8169910959  -2.4098815211   1.7012936860  -0.4821155929   1.0050953070  -1.3489919895  -0.4141574673   1.3253255712  -0.5717221727  -0.7716304444  -0.0280812331   0.1559297470   1.4245061936  -1.2416981015   0.2269577383  -0.1100147919  -0.5606166623   1.3444175771   0.1778552030   0.0101342596   0.1198807886  -0.3368944096   2.9239263262  -1.0250421375   0.8659266119   1.5083828232  -2.5602122055   0.0330602628  -0.6181351009   1.4251120599   0.2280033748   0.0147962840  -0.5870274959   0.8073846616   0.0408622205  -1.3617597801   0.2818189997  -0.7564967690  -0.3103013074  -2.1016948197
-0.8032811056   0.0222577620  -1.9421238971  -2.2442700515  -1.1792052124   1.6564401632  -0.3368590688   0.6906444193   0.3032701487   0.4254950334   2.4064203770   0.9357055828   2.8276404020   2.0046765803   1.5248894991   1.9450587104  -1.0419758291  -0.6690414174  -0.5734591598   1.0770335794   0.4351550803   0.3715051426  -1.9329305838   0.3824546424  -0.9823742233  -1.2298615679   0.3654099018   2.1863851550   1.6901843451   0.6583094071   0.0637593883   0.1375905681   1.3329756478  -1.1591886566  -0.4020291807  -2.0077521016   1.3503496297  -0.5324951065  -2.1986322846  -0.6079192387
 2.7608438137  -1.5240364652  -1.8634050056   2.3372503730   1.5905923868   1.0008921484   1.1275203286   1.3570862443   1.0325250118  -0.7843500945  -0.6380610034   0.4746964375  -3.8890020889  -3.9929625744   0.8063040439   0.0254220467  -0.0682838918   1.2854158132  -0.6077305458  -2.0669036271  -0.4067727462  -2.4311545976   2.0975853448   2.0053005684  -3.1998448513   0.0968744821  -0.7067108195  -3.0503044614  -4.0550827466   1.3055050722  -0.3017744629  -0.5754263065  -1.0000225643  -2.5358650439  -0.5654636736   0.1161644778  -0.4354093436   1.2448518724  -0.2704241937  -0.0904894438
-1.2375324058  -0.4564633333  -0.4232742371   0.6922129996  -1.4267939216   0.9066135672  -0.3904541459  -1.2432822388   1.2175963614   1.1186617624   0.0885089404   1.4878924828   0.3677261722  -0.2887308939  -0.2766259143  -0.3639194753   0.0824263529   1.0273248351  -0.2925485818   1.0425087547  -0.2153810647  -1.1206324837  -0.7262187317  -1.8159830099   0.3126306581   0.0956923647   1.0498465654   0.6257322150  -0.9214106621   2.2724431003  -0.3668632196  -1.8503720997   0.2803813113   1.1535702723  -1.4705887364  -0.1502767356  -0.5820650199  -1.9380688774  -2.5663096627  -0.4809972868
 1.2816533218   1.1493788670  -1.5317271512   4.4205834697   3.1425791742   0.6242911718   2.2762605640  -0.7892176047   1.1649695832  -1.5373995129  -0.9620386966   1.1073481775  -0.1084790296  -2.4482781157  -0.6565404418   0.3985739301  -1.5327756845   1.3334108135  -0.1255490740  -1.6099565004  -0.7784435127  -0.9951071766   0.3184310817   0.6605450909  -3.9063051482   0.2487951194   0.1043630673  -1.0551388558  -4.9676139174   0.8807665305   0.1544340556   0.2199381048   0.3683279062  -3.4431109912  -3.3745901024   1.6480787052  -0.0409214608   0.3294921062   1.0748348765  -0.4605629822
 0.0822151054   0.8166115799   0.1788432191   2.1407971025   0.1159473921   0.8577367959  -0.9153910465  -2.5301568221  -1.3364509281   0.3351331871  -0.7736434013   1.3575891908   0.0368093529   0.5599321693  -2.3475111741  -0.1566372783   1.5674816198   0.8287024435   0.7889243182  -0.0077025410  -1.2746178684  -0.6251114631   0.2490181435  -2.7206482068  -0.3405008349   0.9104631619   0.6623795029  -2.4954265598  -0.5216168414   0.6122273550   0.3742811859   0.7466107960   1.1149414978  -1.7824410470   2.4513198702   1.4949464816  -3.1585967037  -3.0847985182  -1.0695521693   0.2364673601
-1.1015164480  -1.2063112308  -0.3230529774   1.5452317574   0.5077170939   2.5118219478  -0.9292861203   0.1722587163   0.2194851694   0.8037624861   0.5254199014  -0.1167651733   1.2197210567  -0.3756447511   0.0980118158  -1.4605168077  -0.6759826943   1.0720234921   1.8838380364   0.3839436205  -0.2874148125  -1.4270268323   1.0475933035  -0.4911428682   2.6477527719   0.2664981364   1.7227242647  -1.1644846139  -1.2071427426   1.0433548882   1.9079085232   0.6973395801   0.6523074705   1.7171726439   1.9159810438   0.8054805045  -2.4125608670  -0.5044489559  -0.3382565400  -2.0377142569
 0.5975389254  -0.7944170715   0.9947385075  -0.7377750066   1.0307179830   1.4072485846   0.1653661112   0.9562169303   0.2014373980   0.3795427446   0.4474255945   0.8402597300   0.1915161001  -1.8072059480  -0.7503068770   1.1231010406  -3.1574068279   2.0919914568   0.1365233599   0.7027824554   0.0334842200  -0.4086689507   0.9864952868   0.8260175406   0.3537743574  -0.1976455428   0.5117828318   1.0893648660   0.0432809140  -1.5963918830  -0.3346212879   1.1671285851  -0.2663548327  -0.5762403680   0.7295367002   1.6222234869   1.1211494270   1.4948365430  -1.1324285614  -4.8526770376
-0.6566071606   1.4117862188   1.2754918451  -0.5758909161  -1.2536225024  -0.6633228887   1.2345688875   1.1520382013  -0.0797047697   1.2370350418  -0.0645326343   0.0310086494  -1.4403356555   0.9182101044  -2.0033637008   0.2272558200   0.1704387656  -1.7571855455  -2.4394944995  -0.8698073840   0.5070898635   1.3614345045  -0.9990886422   0.7122103143  -3.2896342437  -0.1471839084  -1.2112829197  -0.6824423842  -0.5506410103  -0.1171109975   2.4634080831  -1.5680778753   0.0424507097  -0.0527834853  -0.4666821761  -0.8263286738   0.6630007273   1.0570518233   1.0949405294   0.0192527782
 0.2990800242   1.5610041497  -1.6043578772   1.1554153790   1.7477862747   0.9473652762   0.7570041191  -0.6310124255  -0.1336932964  -1.7329162340   0.4083306251  -2.9350134774  -1.3289027451  -0.8569436589   1.9547578821   1.1266989850   1.2092575387  -0.2719403728   0.8590135020  -1.0486676421  -0.1322277554   0.1752073070   0.5294438484   1.5959340812   0.5750873986   1.6816816104   1.1419362353  -0.1951780126   0.1281247476  -2.2806543144   1.5778958082  -0.1451453219   1.4047564456   0.3965432736  -2.0387227486   0.6666682420   1.1991829417   1.4527419594   1.1475097418   0.4447309516
-1.3271361934   1.5355737383  -2.1009167747   1.1971152375  -2.1355006719  -0.1270854116   0.4985526057  -1.4162343322   1.6937062639   1.2986990053  -0.2228338425   0.3206694627   0.1822611189   2.0167197339  -0.9194843615  -2.5030341235   1.9345546834   1.5535370789  -0.6628284702  -0.4994263278   2.4233157880   0.7744416239  -0.4060640409   0.2796630299  -2.7507713226   3.2107095199   0.6228935581  -2.1858211804   1.4111698517  -0.7953534534   1.2924204618  -0.7169858169   0.2567599464  -4.0331362335  -2.4906123128   1.5345202983   0.1324583655   0.6954913209   0.1893687678   1.3623077455
 1.2354857483  -0.1392262466  -1.7263072866  -1.6730175733  -2.4045610379  -0.0596385745   0.8511323620  -0.2375094331   0.8913253208  -1.6191117083   0.1844113679   0.4453162404  -0.7907101047  -1.1480225579  -0.7832059473  -0.1010071584  -0.5339501919  -1.8036586210  -0.0008727296   0.6262339564  -0.6869575607  -2.2571566807  -0.6141354213  -0.1803947544   0.2043985207  -2.4782821575   2.3788214506  -0.1029517197   0.3738424303  -0.1056169130  -2.4802413580   0.3242257524   0.2181962126   1.7343835297  -1.6602097005   1.5042688439   1.2483379860   1.1540687348  -0.3583812278  -0.6578033144
 0.7774701565   0.9972836547   0.9507344240   1.2302429576   0.6382550110  -2.8998351831   0.2401600936   1.0798959010  -0.4171830843  -0.4400387034  -0.9710639438  -1.5305377845   1.0922428638   2.1769963319   0.2578504981   1.5115459873   0.4137316483   0.3885339461   0.0971492071  -1.8044575595   0.7579048332   0.8605718161   1.9901061003   2.0857750711   1.4167809083   1.4595442927  -0.0501407750  -1.1362535720   0.8288015367  -0.6627239100  -2.0230128691  -0.0943671384  -1.3274707241  -0.4493711260  -1.1724709063   1.5369542631   1.4057975470   3.3628130253   0.0775274860   0.9690505773
 0.8918010222   0.0456544344  -1.6592982632  -0.7400255641   0.8238938618  -0.1673419751  -0.5466854970  -0.4430131688   0.9580786854  -0.2891551199  -3.1351417311  -0.1465421649  -1.3644746360   1.6110603362  -1.4443704296   0.2532400332  -0.9698403116  -1.8127471285  -1.0629424411  -1.1634274532   0.3012590443  -0.2263715185  -1.4831819185  -1.6841222361   0.8178469892  -0.9277105140  -1.5268710870   0.5242021989   0.8817230767  -0.4440901736   0.7585509533  -0.2462314567  -0.0190823247   0.0296341291   0.6780912964   1.3424892646  -1.2618252107  -0.6923022498  -1.2762432723  -1.1925728538
-0.0006708150  -0.4295954289  -0.4690656403  -1.9946219917  -1.3157289660   1.9798849192  -1.0674532863  -0.1737070679  -1.5296270588  -3.0798401574   2.2270964250  -0.9350016745  -0.9789834433  -1.7176462410  -0.6578127523  -2.2430161179   0.1661280256   1.3003489557  -0.1884593844  -0.2825174766  -1.9178672339  -0.1759401052   1.7095926931   0.2625168482  -0.8195756628   3.2893234695  -0.7903661576  -2.4498743369  -2.4062367143  -4.0274997906   2.0277009424   1.5092795593   0.6418495290   0.9729716878  -0.9565327176  -1.1724684960  -0.2996313151   0.8623249473   2.7716416798   0.0736704351
-2.3625912516  -1.6049709503   0.3765646245  -1.6883736695  -0.1720963621  -1.1356775674  -1.0895436759  -2.4697614121   0.9121550109   0.6209720323  -1.2336918897  -1.2081641699   2.0599396780   0.6473021421  -0.2208914822  -0.9862804533   2.2029771226  -0.3394904440   1.1064172009   0.6402294259  -0.1745768611  -0.3504548950   0.9694802670  -0.0571484488  -1.1590852984  -1.9054816423   0.7451991732   1.2710530319  -1.5830581136   2.1085867630  -0.8767127490   3.7189938031  -1.3343840828   2.7397240988  -0.7072063419   0.4561734079  -0.5459387014   0.3629478924   0.7851513297   0.9672245112
-0.2180960192   2.3326305924   0.6880969827  -1.3756591363   0.8337980207   0.7764511514  -0.6238005083   0.4435570905  -0.1739790903   1.3817557389   0.4245295013   0.6533986736   1.7860761831   0.4095103458   0.2413468257   2.9702276057   2.2151305004  -2.5397094368   2.3450435490   2.3242189969   1.0199458832   0.2592844284   0.2321778009  -3.2067008329   0.2914635423  -2.8251462726  -0.4649419900   0.5539658917   2.2897636960   1.3334597467  -1.7508595523   0.4822724408  -0.8520824846   0.7093722506   1.7660439084  -1.2298288325  -0.3892844567  -2.3191697042  -1.4749219789   2.3571289014
-0.9755875107   0.5881705125  -0.8651451175  -0.6435205710  -1.2950780297   1.1943933766   1.5614726741   2.7581265944  -3.3681929037  -0.7414079315   1.4446604031   0.1637548112  -3.3049225721   2.4200216455   0.3883185713  -0.7367736668   0.5721994565   1.2591498186  -0.1805352405  -3.7414383509   1.0164882646   0.7119675273  -0.8680076830   1.9445481853  -0.7967686301   2.9068697911   1.1875512655  -0.4898829838  -0.1315324496  -1.6692316917   1.9723291795  -2.1782381540   0.0735527140  -0.5115546564  -0.9713201202   0.7148501246   0.8331939988   0.0961671160   0.0594728179  -1.8831537131
 0.0348118284  -2.6384426184  -0.6774509691  -0.5759906119  -0.0118027214  -0.6938164689  -2.7784856231  -0.0153005482   0.3326945001  -0.6065751696   0.9903216693   0.0474982020   0.7277664471  -0.9854650105  -1.7028800813  -1.6775187867  -3.1456520763   0.0466197059   0.6863603815   0.8669166264   0.0161865453  -0.8318116493   1.9368914875  -1.6230829277   2.6564053898  -0.8781672940   0.4428204551  -0.3372152066   0.5255528434  -0.2130870573   0.9124815752   2.6361272358  -2.6457718246   2.7440785859   1.5536964068   0.1170343284   0.7304840680  -0.2216362896   0.7477909473  -0.8444826619
-0.4107529420   0.5423662498  -0.1162635403  -1.0387161188   0.1579986354   0.1338655482  -1.3697254313  -0.0252019585  -0.0830431422  -0.5962548367  -0.3484237830  -0.2070059179  -1.8360188072   0.3617309577  -0.5358441902   1.2218747663   0.7934514742  -0.8608021658   0.0313308442   0.4471199906  -0.0729845070   0.8122801227   0.9127941463  -0.7423751128   0.2414448632  -0.1984428458  -0.9269207460   1.7864682649   0.0369191829  -1.1966706563  -1.7536200527  -0.5060693501   1.1058538219  -1.1817997657  -0.7649235824  -1.0211562896   1.2467238230  -1.8525533567  -1.1231977708  -0.5636162379
-0.2671256127  -1.6658122635   0.6812452294  -0.1904424642  -0.9164569328   0.6584500744  -0.4383309708  -1.4880026491  -1.0186033005  -0.7795723512   1.0465314600   1.9055440735   0.6485810750   1.0553113300  -0.2834552315   0.7968163682   0.4614887141  -0.7060202253   1.5165524444  -0.4524593019  -0.0469542441   0.7447138887  -0.4570185965  -2.1483936811  -3.0733702953   0.7085887111  -0.5037362944  -0.7757945140   0.4847794890  -1.4937858924  -0.1507254016  -0.7186295904   0.7509053347   0.9634092188   0.4897172329  -0.2240175556   0.5181282288  -1.0586122098  -1.7695113424   0.9109231984
-1.0469610986   1.2594310023   1.1329066233   0.7778355624  -0.4762918113   0.0960527917  -1.4548886942  -0.6915674288   2.2059603987  -0.3457045659   1.5888659922   3.6601511377  -0.4075619585   1.7617049694   0.7557096832   1.9838386781   1.6494597384  -1.4621299262  -0.9998265292  -1.3819238888  -0.8670668622  -1.4337263607   0.7873299322  -2.7984018239  -0.1685176378   0.3853735336   1.4652217685  -2.7715552836   1.6471422289   1.9537257537  -0.1500691820   1.2029682919   0.2104126397  -0.8841514710   1.8894709229   1.0977487748  -0.6430919612  -0.2126331480  -1.3348234431   1.9661337396
 1.3524722496   1.7675285927  -0.7189141350   0.8501073404   0.4095847582  -1.3642000044   0.3575805986   0.2097784816  -0.1966897855   0.9959998498  -1.0123905377  -0.5478190030   1.4277024713   1.4103296608  -0.4925666532   0.9471677158   0.0947160921   1.0627319784  -0.1440248686  -0.6380456225   1.5302834255   1.0318577479   1.7046896299  -0.2113708276  -0.6788637292   0.1212131015   1.0426930608  -0.5456895961  -0.1242738468   1.2349019235   0.3904898372   1.2261959030  -1.3341691411   0.5236767118  -0.2614857620  -0.4234260418  -0.5802696071   0.8513331687  -0.5094835171  -0.9306614699
-1.0306978216   0.2591763426  -0.6171155512  -1.3199702450  -0.5479301724   0.3058403140  -0.2565558280   0.2980310015  -1.6790560557  -0.2882057636   1.4921801983   0.8286583410  -0.2428538255  -0.8953796629   1.2618428737   0.1098087311  -0.0584163651  -0.1776707360   0.2496298617   1.2506165523  -0.1931495648   0.3152104306  -0.7180252224  -1.7983204012  -1.5147281737   0.0367166358  -1.0540434101  -0.1324412792  -0.5885305936   0.6428753054   0.1273386711  -0.1463378022  -2.3300546173   1.5261924540   0.0042737386   0.1052628374  -0.1103789620  -0.7817515410  -0.7860701327   0.8139295435
 1.1662836718  -2.3322530474   0.3133771627  -0.1495038391   2.0312439091   1.0043687724  -1.8522480128  -0.5729064312  -0.7090551591  -2.7248496001  -0.9765083088   0.2882188406  -2.2282928567  -2.8361492158  -1.0300382419  -1.1574613509  -1.9116505547  -0.6673688499   0.6169281324  -0.2262755959  -0.1337528463  -0.0493412343   0.5698260718  -0.9670847181   1.5972615416  -0.6252831030   0.3512746727   0.5540958215  -0.8889308337   0.9968555338   0.0620238239   0.7518536497  -0.2706086280   0.7355195972   1.7184503009   0.9151514936   0.5741582603   0.4045952490  -0.5500572663  -1.8612939742
-0.2902346054  -0.3080558999  -1.7964979595   1.0712078177   1.1196909021   0.3038536379  -0.6123852441  -1.7547499822   0.6968466507  -0.4942122318   0.2600221902  -0.4900941258   0.3314230587  -0.4249953076  -1.5289418287  -1.3860530117   0.1151464657  -0.8306308737   1.2110694591  -0.9045368128  -2.9738911356  -0.1676402101  -2.3739089478   1.0424005246  -3.0224554468   1.3070517104   0.6914117608  -1.4153378736  -0.9011387123  -1.1152487294  -0.2943118662   1.4675625781   1.1263065323   1.0043615504  -0.1991692983  -0.7249909506   0.1897388152   0.7270943847   0.3850336395   1.0211450010
-0.5786370621  -1.0241586940  -0.0334934241  -0.3511426704   0.6707600407   0.4912909369  -0.7641841790  -0.7657482566   2.0627083099  -0.8167592374   2.4261461501   0.9859316472   0.2907128787  -0.1565800111  -0.5275093763   0.1066649727  -1.7145794010  -0.3276822021  -1.4364882161  -0.5101577526  -0.5347843613  -0.0677195616  -0.2664869052  -0.0101628074  -0.3513820397   0.6625520952   2.3562512677  -1.3206057288   0.4752615256  -0.7191223692  -2.1735203690   1.3964374443   0.3571329663   0.0038204679   1.9615934193  -0.7282097208  -0.8593578880  -1.6324775941  -0.8122068765  -0.2770921228
 0.4391959226  -1.1213678184   0.8611701620  -0.6140952850  -1.0369563398  -2.1044647172   1.4644127531   0.0322649133   1.6725426290  -0.0971986742  -0.0846033724  -0.5773116209  -0.1748609100   1.1421639816   0.6173627866   3.0971734151   0.1035151832  -1.2898720165  -0.9414836673   0.6781165987   0.7911655779  -0.5789114032   0.7874792994   1.9516854002  -1.2386765838  -0.4566895800  -2.2577362020  -2.1979818710  -1.3640280547  -0.0858943234   0.4314674469  -1.3712463828  -1.3705249815  -1.5540601587   0.1190992965  -0.2325682916  -0.4941154803   0.9378631870   0.2933508755  -0.4381061637
 1.6660236506  -1.7908726800  -0.8490678425   0.3626058690  -0.2868879115   0.2517433228  -1.2213197816  -3.5523729361   2.6590652775  -0.9506598682  -0.3235627589   3.0097925202   1.7042512260  -0.5786647556  -1.0855961692  -0.7359641688  -0.1312256804   1.5303664763   1.6741746893   1.7903804776   0.8841414488  -0.7322778224   0.1709701409  -0.8540765987   0.5841972074   1.7623496656   0.2791457095  -0.4807612361   0.3110883748   1.6249251132  -2.2585271595   1.1441764478  -0.8253956124  -0.4212860534  -0.8664252396   2.5444780297  -1.5537062577  -0.5558945052  -2.2462524653   0.8035913069
-0.4865048298   1.6030545452  -0.8803238239   1.4499232997   0.0832593014   1.0254533339   2.1941507375   0.2435893349  -0.4583537895   1.2378544094   0.0562056840  -0.2679167675  -1.7075671268   0.2585800185   1.0230403183   0.7892067635   1.9982142877  -1.6184069765  -1.2291648910  -1.6337794741   0.8659862498   0.6113458489  -0.5366073109  -0.3316135180  -1.8995343186   2.4912072959   1.8228498174   0.4867424562   0.4100293228  -2.3428888022  -1.0618460108  -3.7451707178  -0.4517223596  -1.1728380168  -0.8622872712   1.1583269771  -0.8306744933   0.7556171768   1.2690806606   0.4654468655
 0.0145298254   0.6073776055  -2.7912969658  -0.8682344071   0.0200735324  -0.3804692100   1.1869182642   0.5253417082   0.8599306257   0.5097230694   0.3006601914  -0.1878588631  -0.2221006807  -1.0946168210  -0.5092356017  -1.5954550841   0.7114409089   3.0258554886   3.1817154633  -1.3678169982  -0.1633405442   0.3889591727   0.2790253251  -0.3001376496  -0.5025326986   0.4668600958   1.6724345014  -0.3990647407  -0.1319997838  -0.5430494158  -0.6424525916   2.7352326965   0.4497867884   0.3728556599   1.7999088746   1.2735788118   0.6464677138  -1.7905724673  -0.0635332069   0.1470439385
-0.9093321041   0.1489586231  -2.7388004944   0.7275916245   0.7724248296  -0.9780131492  -0.4411939490  -1.3221972098   2.5034709362  -1.1889696568  -0.3138835513   1.5659484125   0.0966144906   1.0052800870  -0.9484759669  -1.0676261300   0.2878036012  -0.7554231149   1.0901532858   1.8208394219  -1.8526298907  -1.4195775533  -0.3497519305  -1.5363707226  -0.2092604032  -2.8766728758   0.5827405125   0.0679164512   0.2859010614   0.3749818687  -4.1772126828   1.0738155944   1.9827182432   0.9832279024   0.3774515653   0.4780172716  -0.8049144223  -1.3138290010  -2.7852759033  -0.6850946723
 2.2212653345  -1.4190246541  -0.8423125712   0.2311131797   1.7019944953  -1.1295686081   0.7073147291   1.1863423275   1.7585014260   0.1400851980   0.7180438036   0.8230077705  -3.9156674839  -1.7205530631  -2.0154129808   0.0417247299  -1.9201396229   0.2554450607   0.9837211972  -1.1841880834  -0.3828656929   0.0007927603   0.6153464399   0.3501500963  -3.1300206317   0.0159741708   0.5809614454  -1.0474419717  -3.5513400950   0.5388067430  -0.3309145662  -4.3898384780  -0.0815352398  -0.2653035320  -0.1833886231   0.2449504032  -1.1857251856   0.3152337073   1.5219360903  -0.8525465807
-0.3380402516   0.7359606556   0.1677761316   1.6650193093   0.4453711622   0.0735322503   0.3306515599  -0.8591683114  -1.6802184243  -0.5366278690   1.7467616947   0.9005085758   0.6225224041  -0.9896975721  -0.2358322573  -0.1771627748  -0.5241900626  -1.3685220737  -1.2854649262   1.3616500249  -2.6156321056  -2.7050102674  -1.3839370307  -3.3277166709   0.2547270362   1.0873215014  -1.9015563331   0.8787079070   0.0938275915   2.0549707523  -0.5424584565  -0.7751976937  -1.5105563490   0.3793247863   4.5213742114   1.4206621212  -1.5278678892  -3.7434818723  -2.4142742802  -0.4133456172
-0.3740947392   1.5079684452  -1.0312627116   1.5867250230  -3.5016421615   0.5758856190  -0.2565867201  -0.5668917716   1.8471902030   0.6741435510  -0.8638539903  -0.8678536589   0.2936773479  -1.6472678335   0.5655353370   0.8029392790   0.8785325210  -0.6130958904  -0.1078251280  -1.6850694964   1.1920868157  -1.7263024608   0.0374797991   1.0215609836  -0.3566404443   1.9263718195   2.0128940646  -0.8215197681   0.0382332986  -0.5624627231  -0.2864752746  -0.7361572109  -0.3298025506   1.2109158871  -0.9391811348   0.3477699803  -0.7274473576  -1.5335837026  -1.2658900959   0.7406988591
-0.2384727789   2.0167835809  -0.2251571805   1.8228385510   0.1200939724   1.6412833789   0.9071943981  -1.1548421160  -1.5561592740  -1.5843703754   0.1064692386   1.7047817506   1.9787124299  -0.1745392389  -0.4748122647   0.5160623507   0.9703898135  -0.0595544499  -0.0724960740   0.8177368154  -0.3576067676  -2.8283670761  -0.1153073897  -1.4625278883  -1.1437102092   1.2421404910   1.0278241673  -0.4266140575   2.0946303871  -1.4836473970   1.1224314558   0.0424043229   1.4018675104   0.8612353579   0.1873235434  -0.2586475472   0.5499897498   0.3728952088  -1.1313072576   1.5155771054
-1.1059759244   0.5861835907  -0.4554913923   2.0188112720  -0.0977456049   1.6101473455  -1.3879904946   1.8993091836  -2.6811631848  -3.8871606794   1.4895411983  -0.8128107076   2.6164095192   0.8479546618  -1.3324458179   0.7198572686   1.1026174972   0.2614747689   0.7864394472  -1.9659169795   2.0266659336  -0.3794654698  -2.1748654344   2.9540389198   1.7503029379   1.3116356463   1.7293797017  -3.0319285801   1.7513149441   0.5597201856  -0.9693771195   1.0578350553   2.2773064523  -0.4940158178  -1.0726130372  -0.5505872921   0.4904947848   2.2958153217   0.5954095918   0.0604031417
-1.8896385344  -0.4550770819   1.3170685341  -2.2821473990  -0.7077885824  -1.5778141803   0.3400806664  -0.1404019833  -0.1123940526  -0.3592220972   0.5187235316   2.0922391190  -2.0858013548   1.1511297356   0.9566136320  -1.4986966026  -0.3003447585   0.4137838353  -0.3905621975  -0.7817498251  -0.9748717421  -0.0781127058  -0.3389716998   1.3856052837   0.4065693594  -0.4264674091   0.0667463373   0.2425999837  -1.3860017431  -0.5988110509  -2.4419630562   0.0149148056   1.8072539788  -1.1027149228  -1.2034589931  -0.9291038571  -1.3498961612  -2.0854273472   0.3735855255   0.7233720793
 0.5428005702   0.3463306779   0.8981949812  -2.4215982184  -0.0632082437   0.0337617886   0.4072249911  -2.1957063630   0.3624930070   0.0452718479   1.2313775598  -1.2853165935   1.2291583549   0.1719907590  -1.3755658384  -1.8904481375  -2.2998925443   0.6957775150  -0.1276924407  -1.3554198336  -1.2009854983   2.0711484944  -1.6243192156   0.4441227305  -1.7943042652  -1.4200293827   1.1014670626   0.1886572561  -0.8363344075  -1.3568624089  -0.2785343267  -1.5062574854  -0.5650943364   0.5550484131  -0.5583763974   0.3696837723   1.1287978060   2.9872611985  -0.2854039853   0.3638234354
-3.6439292119  -0.3177310899   0.1270464235  -2.5030366170  -2.3944664120   1.7364017443   2.6169103454   0.9025230958  -1.5020467054  -0.2410116061  -0.0490763872   0.9449103253  -0.5487515269   0.5856614397   2.2462414660  -1.0954005092   3.7516311819  -1.0110153623  -0.8313075962  -1.8568683747   1.7261287946   1.6398089081  -0.8163837004   1.1803530422  -3.5392358375  -0.0384774669  -0.7878920915   0.9130166133   2.3218140284  -1.3772066657   0.0497271567  -1.0628117858  -0.1506635431  -0.4235761643  -0.1617347524  -0.9486255509   0.8476600881   0.2860663567  -0.6735012965   0.6450784429
s2
 2.2810111592
 0.8234492736
 0.1858632592
-0.9448525173
-2.1097678182
 0.2602731493
 1.1711923328
 0.1575782067
 0.9633942674
 0.6660489029
-0.4359141613
-0.5017012580
 1.2358886419
 0.6725651917
 0.0297693174
 0.4701133371
-0.3132978465
 0.4701711094
 0.2131293840
-1.3816953579
-2.1155115445
 0.2651846626
 0.7360390824
-2.1113667021
 2.1056564934
-0.3293816959
-1.2855982404
 0.2835986303
-0.9599063480
 0.5794638878
-0.7839798102
 0.4095160687
-1.0313154092
-0.6462601090
 1.3649911994
 0.9013458223
 1.3154410037
 0.6073804767
-0.1714626622
-0.4876975551
w3
 0.8962787726   0.5121267297  -1.2670283366  -0.7336568367  -2.0219577312  -1.5188878802   0.0497451181  -1.6639096651  -2.7025059535  -5.8777415872  -2.3753612974  -1.0667133493  -1.2284031420   0.3062319159   4.5699979430   0.7641470259  -0.5735592343  -1.9677992767   0.6284624920  -0.0461987620  -0.0601059994  -2.1494227209  -0.9162021727  -1.0320924131   1.0945089549   1.1529665216  -0.5912199537  -0.5745770318   1.9620809256  -0.9403701046  -1.4586355541  -2.2667874893   0.4200126435  -1.8739027008  -1.2993764401  -0.1062444928  -0.7657565982  -1.5238396143   2.3332426481  -0.5509521039
-1.7916838951   1.2410407427  -0.4896762762  -0.6501232674   0.1099317448   0.6274115529  -2.8505095834   0.5196711124  -1.6626852038  -0.3495094854   1.9491730079  -0.9590138162   1.3748814783   2.0639490754  -0.1078884443  -1.1186689633  -0.5199205530   0.3791761360  -0.9337214557   0.4618484483  -0.0040581784  -1.4385993439  -0.2981061036   0.8675871919  -0.4104217053   2.2656121859   0.8301393443   0.7899002431  -0.4091341488  -0.2440878003  -0.4657825252  -1.4780130189   0.0279128500  -1.1403017118  -1.9216305834  -2.3889495832  -3.6555787855   0.9471658077  -0.4722037612   1.9086851106
 0.9125166187   0.3075672685  -1.0520574054   0.2955404494  -0.6199200793   0.4454402165  -0.9389527091  -3.5042151534   0.3157701454  -0.5211845904  -0.7048882910  -0.5596251945  -0.1615400765  -2.2927304450   0.0948183438   0.7438503587   1.1125403535  -3.0407949002   1.9165948999  -0.4996853484   1.3315469139   0.1158671047  -1.6816354229   0.3995586119   2.5180118721  -0.1794918848   0.6914981250  -0.4314312684  -0.3770878450  -4.3256360938  -1.4784156750  -0.8380379813  -1.2843888942   0.5621560599  -0.8234957527  -1.7678626004   0.6527408609   0.3123080448  -1.3911053620   1.1868724189
-1.2051728814  -1.1801335851   0.3097219388   0.5311022632  -0.4311856806  -1.3471174618   0.0578737313  -1.2782788357   0.6344497913  -0.4792421170  -0.8094191687   0.5146645290   1.7193781531  -1.3388110484  -1.4075457742   0.9189789479  -1.5304713319   0.1388000112  -0.4907454245  -0.3706282058  -2.1185806202  -0.8853121859   1.0955167355   1.0227723793  -0.0976932573   0.8121587433   0.4402867584   0.6298143021   0.0638453403   1.0939293068  -0.8776303832  -0.0880950902  -0.4098813170   0.8385649791  -0.8232699567  -2.1337960231  -0.9193637981   0.9828622041  -0.2669177525  -2.2250074775
-0.5550649789   0.4130825727   0.4701649850  -0.5287067461  -1.1190012321   0.1368609259  -1.3536863207   0.2163688152   0.9256164640   1.2594450039  -1.2501661384   0.6218044536   1.8257278616  -0.0179404040   0.5531674161  -0.0497654713  -0.8882660369  -1.4167497165  -1.5336252683  -1.1351214575  -1.2256879542  -2.7989556571   0.3178552558  -1.3311482374  -0.7755912521  -0.1845259717   2.2571669770   1.1976377618  -1.5509649970  -2.0133307461  -0.2803948598  -0.6241989620   0.0906182946  -0.8564085668  -0.6578013508  -3.1681625004  -0.6857565065  -0.2683195241   0.3839266138  -1.4285465016
-0.0527223266   0.1015097998  -1.9442656427   2.6600893976  -2.9551124648  -1.5412870069  -1.0061777090   0.5831243240  -0.1987164984  -1.7584434701   1.5400397481   0.4288080100  -0.5543155995   0.7418923201  -0.5241895814   0.3166083475   0.2266450069   2.0638623866  -0.8547532440  -0.5169358100  -0.3147350094  -1.1614978582  -1.5772818780  -0.2894530245  -1.8435480857  -1.7098532221  -1.1278883929  -3.1877404953   0.0500531454   0.6354462199   0.8153369384   0.3370621564  -1.1628802803  -0.5320844617   1.8369768589   0.2931261100  -0.5113665266   2.1325869972  -0.1148921950   1.1680021546
 0.4347377582  -1.7042190494  -2.0891422343  -2.6605814416  -2.7165370117  -2.2037801792  -0.1035798348  -1.9093242628  -1.5507588829  -0.1532443941  -1.9512644184  -3.1384863139  -2.8480784925   2.3209135087   2.1591126609   1.0111451594   0.5914423594  -4.5326292487  -0.9303541739   0.5127931146  -0.4138935151  -1.1380705812  -0.2283936919   1.0682029257   0.9400591248  -1.2641396421   0.2240819195   0.3810901751   3.3702265121   1.3332588363   2.8680620308  -3.1226368395  -1.7672583700  -3.7589038566  -0.6516312119  -0.0437104693  -3.7927903379   0.3054892096  -2.0065730653  -2.1169401696
 2.7368999432  -1.9865537924  -0.4860543511  -0.6901981542   1.5911685697  -1.3775657718  -0.8904693657  -1.5956394811  -0.4146417472  -2.6167427785   1.9785974908  -2.5437127031  -0.8375368700  -1.7247794666  -0.8627519643  -1.0226454844  -0.5422743882  -1.4020937503   0.8775101504   0.5595142651   0.3756789712  -1.6484744725   0.7314771911   1.2608451348   0.8817468711  -0.9826172035   1.1663460824  -1.2994076138   1.2384386887   2.1962923486   0.5539784351   1.1416177924  -0.4534313386  -1.0234213655   0.0012487568  -0.1132245804  -2.0100336808   0.8919608136  -1.0449421426   0.2363661506
-0.1128589233  -0.4967994375  -0.3326169864  -0.3875733288  -0.9678154154  -0.6075462712  -1.6904423645  -0.7859371975  -1.8544375935   0.6136755943  -0.4130529287  -0.3633415055  -0.8337520605  -0.6697529292  -0.7957228809   1.9231656037   0.3142140171  -0.2656198851  -0.5510501975   2.4106681700  -1.1013540009  -0.9145069588  -1.3310246611  -0.3861294780  -0.5710782583   0.9332990865  -0.0433657423  -0.5071163845  -0.7384551138  -0.6922146766  -0.7375417446  -1.3510448921   0.2940306884  -0.2937459655   0.7249253401  -0.5714173480   2.4336222195   0.6170154371  -0.1210555012  -0.6500943840
 0.1535879406  -2.4600149846  -3.1182418673   0.0419810428  -1.8243882860   0.3483541369  -3.0401826736  -3.7974399059  -0.0475924586  -0.7056231305   1.3839955160  -2.0292125353   0.1076634016  -0.6397152752  -1.5758315282  -0.4822134953   1.6174245727  -0.9015654011  -1.0714454143  -1.6973128304  -0.4601606123   1.7005281082  -0.9725427897  -0.3974454239  -0.0793267440   0.4715047062  -0.7018588072  -0.2090272701  -1.2110569954  -0.3121598153  -1.2960855289  -0.0155990069  -1.3331900144   0.3233600073   1.6192888542   0.2696153032  -1.9416755594   0.0714300896  -1.4207809909   1.2377946362
-3.1874480751   0.2421635313   2.5557417013   1.4552079758   1.9409201658  -1.7778790855   0.0376921655  -2.5016094208  -0.8785265425   0.2245237753   0.4252394703  -0.0144270627  -0.9204052144  -2.1598012305  -0.8801932274   1.0816103315  -1.0917299458   0.3850134002  -0.3304823375  -0.4325263183   0.9676509004  -1.3296160388  -1.0487587722  -2.2993658880   1.0395560185  -0.3508885296   0.4040407988  -0.6963338757  -2.9830752492   0.7447409151   0.4123057575  -0.5841061396  -2.0895898793  -0.3755148443   1.8889582178  -1.9567782844  -0.4431420665   0.6502160881   0.5525088557   0.9516038280
 0.1920065104  -0.6090633665  -0.8733404391   0.3127002113  -1.1101510504  -1.1818796326  -0.4036916270   0.7763628562   0.9966976485  -0.5543248263  -0.9439019337  -0.3110284141  -1.3796217274  -0.5593851072  -0.7094286781   0.2754554430   1.0554336624  -1.1090902056  -2.3001151243   0.4741301620  -1.1347255050  -0.7719864375  -0.8673005379   0.9465911801   0.3037589134   0.8807103825   0.2772664107  -0.5983287422   0.5933842451   1.1200129971  -0.1594867503   1.5895629389   1.3228922496  -0.0166988133   0.8598720591  -2.4507962134   0.4582796892  -0.1043407719   0.7153679748  -0.0766200122
-0.9244811428  -1.9751232320   0.1391594520   1.1888927544  -1.5764793931  -1.8957648251  -1.3828515633  -0.4682193819  -0.4567530820   0.5206107215  -0.3319242667  -0.2958414732  -1.3226602336   0.3480526053  -0.0575681042   0.8265207577  -0.0122893394   0.3364801008  -1.3990885647   0.3083445474   0.4523054366  -0.8941901852  -0.6155018598  -1.2740851160  -1.7600111847   0.2591056264   0.2982852486   0.1321208643  -1.1314644102   0.1120187209   1.1487852780   2.0116666057  -0.6022088968  -3.0097945701  -0.0352019529   0.8371913840   0.2880441573   0.5539495034   0.1710836442  -0.3267896618
 0.5464464643  -0.7598559608   0.0537763405   0.2097438181  -1.4100187963   2.1666658176  -1.4720134527  -0.3124962490  -1.5048979413  -1.9819455261  -0.4955907942   0.9068556011  -1.5067591589   1.0181279831   0.5271538029  -1.2045395459  -0.5783692901   0.5772648248   1.3076355157  -0.0469853281   0.2735646442   1.5770733860   0.6085028986   1.2176233802   0.3889815347  -2.3929311514  -1.5584422808   1.3141059677  -1.3520677820  -0.6369918184   1.2484781386   0.8683289292  -0.3500686869  -0.2427296909   0.2765793303  -3.3479780768   0.0713948345   0.0576544342   0.8634551164   0.5783846058
-0.6705276091  -1.8185121201  -1.9878863690   0.8844903235  -0.1703791353   0.0653528804  -0.3248175701  -0.9038202862   0.6559375760   0.6784386778  -0.1709074094  -0.8979092676  -0.0322264724   2.0564946403  -1.1339037297   0.1085855653  -1.9526365635  -1.4356140572  -1.3361787452   1.5934918382  -0.1405160364  -0.6826269301   0.3626462177   0.3585100568  -0.1892281597   0.8309631011   1.0213332899  -0.0551386546   0.6480063503  -1.5167012034  -1.8915428181  -0.6542274373   0.6601637505  -2.2834222586  -0.3579189531  -0.9402264925  -0.0355160972   1.1898328152   0.0943948901  -0.2055568147
-4.7685952515  -1.1700139974   3.9437013698  -2.3309288001   2.2228096240   0.6404323545   1.2753290398   0.1017329238   2.2543912259  -1.8907584765  -1.1114046287  -0.2572620656  -0.5262305549   0.1669196058  -0.5027505279   0.4557344704  -2.7960586914  -0.3496550726  -5.1257019831   0.3149754030  -0.0638864052  -0.2301540395  -2.1133749070   2.4360156911  -3.8311688281   0.9655438517   0.0624877002  -0.7577938710  -0.6031396014  -0.1049563166   1.6303004550  -2.2118517772   3.2591901484  -0.7011411361   1.1669601615   0.7179914712  -0.0369345781   0.1990650209   1.6986271186  -5.1100402616
-3.0198077846   0.0266412647  -0.3268299911  -1.1819758498  -0.4128745470  -0.5248823295  -0.6925386752  -0.2532400499   1.7605327815   1.3108244922  -0.1346797559   1.8962865154  -1.8394803829   0.7481690020   0.6095076602   0.3701813961  -0.3460936406   1.5382408472   0.1764645470  -0.4945039491  -1.2300640357   0.2695340325   0.0258922790   1.4536334213  -0.3546974429   0.0027016912  -0.3363082595   0.3309026477   0.7998838316   1.0132550019  -1.2466430344  -0.5032790090  -1.5980666121   0.6232915774  -0.5303343219  -0.8186576246  -1.1347060785   0.2195237771  -0.5176967211  -0.9551934848
-0.1696866741  -2.4989486375   1.1324586866  -0.0202873243   2.3155974528  -0.9053064387  -2.1620547296  -2.1001241307  -0.6111027408  -0.7671874752  -0.4481574204   1.0088220166  -0.0983131315  -0.3563736519   1.8230550327   1.2325229080  -1.4720914241  -1.7976346587  -1.1932663617   0.1348621116   0.7526314957  -1.2882742678  -0.5616914466   0.6830323997  -0.5039773848  -0.4680844949  -0.0053129184   0.4984819997   0.0523134301  -0.0919062665  -2.5519425917   0.0405782078  -0.7753676529  -0.7287922567   0.0678501726   0.9003688756  -1.1879127479  -1.2187759737   0.7878815280   1.1718187426
-4.1538431698  -0.9593051501   0.7194491369   0.7973206929  -1.2377671945   0.6497954221  -0.7995898396  -0.1514500168   2.3250092261  -1.9180928499   0.8388694160   1.0474781788   0.7022080597   0.7659137264  -1.5081481690  -0.9140355754  -0.7992797021  -0.1375278128   1.1544409553   0.6227896786   1.2184601794  -0.3497879595  -0.2176787438   0.3180942891  -2.4545494315   1.3459752965  -1.6564562884  -0.2225603679  -0.0092291464  -0.4911011333   0.4719296408  -0.0693216681   2.3420209963   1.2235971484   0.4463868694  -0.8765103112  -0.4730865679   0.2898036984   1.4308803460  -2.7442600029
-0.4637700439   1.4903076132  -0.8649270370  -0.3031751788  -0.5199769877   0.5049155017   0.3702658019   0.0710970594  -0.9861976437   0.4958367444   0.8454887223  -1.4543783560  -2.4139324018   0.3647723422  -0.1252275151  -0.4592176044  -0.7743464990  -0.6414215771  -0.5975767271   0.6522217597   0.4686291552   0.2895036907  -0.0735940018  -0.1042371652   0.9339525828  -0.1269168196  -1.5491226960  -0.3436246132  -0.3430418384  -0.2031905225  -0.5381367783  -0.1916735906   0.8943896035   1.8502607531   1.4543633405  -0.9218515322  -0.5749810780   0.5095308377   0.2310876205   0.7404191079
 2.3730444495  -1.3658148634   1.3729421638   0.3536066357   0.2518777955   1.2513301708   1.0874712284   3.5110148721  -1.1940221705  -1.5023986730   1.3449136694   0.6545390129  -2.5197186277   0.9138626893  -0.0562195769   1.3570627365  -1.2395562911   1.0555382832  -4.6269850419   0.0604811015   0.8464551973  -1.8439483403  -2.3811386870   0.2879836138  -1.6350395037  -1.5213240332  -0.0585703711  -0.1925656437  -0.2655728422   1.5536050525   0.8101350957  -0.4286068198   1.0189625844   0.0536571298  -1.5262361228   0.5244688767  -1.0306126023   0.1037572388  -1.1593455670  -2.1331321362
 0.3407962784  -1.0939875422  -1.9119124068   1.0628158267  -1.4256384783   0.5009584256  -0.5512794444  -0.6085929351   1.1154278192  -2.2350772215   1.7995253751   0.5629025717  -0.3240997573  -1.4783446249  -2.5011308962  -0.3796837054  -1.5672559449   1.2517744535  -0.0624794459   0.8897224300  -0.7279325052   0.6798059481  -0.1586629055  -0.6391037033  -0.1373528716   0.8555617297  -0.7457119169  -0.3886276776  -0.9727202764  -1.4145946920   0.0625790887   2.1085279049  -0.0995010725   2.5961757974   0.5503388513  -0.1973649027  -2.8238404308  -0.3152530006   0.7381101902   1.2230505436
-1.1677428020   0.6982578328   1.3881661421   1.4068078629   3.2880591641   2.4720221613  -1.3322220175  -1.3340080810  -1.1766674976   0.4507309274  -1.8009551182   1.1287604362  -3.9693822910  -0.3963765106  -2.6542759291  -1.2135334279  -1.2598502508  -0.1375759287   0.9547495192  -0.1960363720  -0.4362401103   1.1664490503  -0.7314589430   0.7467265293   0.0597829951   0.1086261359   2.9153726999  -1.5749107850  -2.5258983744   0.0292003781  -0.2169332640   3.3952368815   0.1115587158   2.6109367897  -0.4473053651  -2.1614212449   1.7230672635   0.0052260332   0.1793203371  -1.9484484212
-0.0601438919  -0.4924121576  -1.2295109973  -0.6560809862  -1.5600592043  -2.9585528532  -0.6266551614  -0.8473654070  -1.5217742332   1.0987518224  -1.1563554327   0.6013800703   1.2684077940  -0.9299293212  -1.7056747840   0.1780843473   2.7287928732  -0.7132548768  -0.7726461361  -1.5544676215   0.7919788490  -2.4853516214  -1.7774568794  -0.1755670455   0.0232556980   1.0002729000   2.2853046461   0.4147133179  -1.7350570271  -1.8826385882  -1.7289317277   1.6294380921  -0.2912405015  -1.5982588000   0.5233035188   0.2531562495   2.7260069331  -0.9375374182   0.9791392348  -0.8498276611
-0.1062882333  -1.2397879945  -1.3760015766   1.7717388953  -0.3147121788   1.6539927888  -1.5572831822  -0.8145982444  -0.9142532241  -2.6436568294   0.6702688957  -1.1261757056   0.1900509917  -0.7664206506  -1.2172707366   0.5992191179  -0.9966815989   0.8943415940   0.5484517921  -0.5889218150   0.4910718732   1.3867506100  -1.9920687478   1.2244580214  -1.3555535177   0.6250370804  -0.2388505756  -1.0510538257   0.1251749630  -0.5149408547  -0.2473668456   0.0775674034  -0.0157588201   2.2946336710   0.8396664554  -0.1403548022  -0.4228807558  -1.2732288701  -1.1680836986  -0.0239771447
 0.0678128464  -2.8750753040  -1.9610375004   0.4734716037  -1.2162864496   0.2268508831  -0.1168227160  -1.3937014878   1.1718305524  -0.6911229040  -1.3452889429   0.4068762458  -0.7832267315   2.7856961250   2.1811250172  -2.9866939665  -1.7550517211   3.7324269115   1.7109383085  -0.7519925754  -1.0143814944  -0.4396435635  -1.0937439355   0.1731540696   1.4841477944  -0.1280489706   0.6215718680  -2.5280337176  -0.5514026446  -1.4905468772  -0.8103577107   0.0497968074  -0.4423868825   0.1681260879  -1.8929815702  -1.7383706818  -1.7799284994  -0.1261252716  -0.6547449390  -0.7183738238
-1.9133961164  -0.6073718920   1.1841619890  -0.5960801008   2.2247336802   0.4467072768  -1.4199104207  -1.2880313090  -1.0939275987  -0.9273664509  -1.9120952032   1.3222458415   0.6214460702  -0.4536744578   0.3626161243  -2.4408520211  -0.1976664843  -2.0377255783   2.1132219634   0.1553847786   0.0298253602  -1.6422253294  -0.4316718613  -0.1717097055   1.3613245006   0.9439246898  -1.0676757029  -0.4299844612  -0.7068092887   0.1133254843  -0.1975199377   0.8991580194   0.3257959638   1.3944941185  -0.0343927784  -0.1560679301   0.7974728251  -0.1424494344   0.5525540227   0.9464890601
-3.0075248606  -2.5364550694   2.2308703268   0.2737658508  -0.3318641581  -2.8361800760  -0.4900313507  -1.3246120204  -1.3460383363  -1.7143759118   0.9437712167  -0.7000918019  -0.3941502813  -1.1028574139  -1.5682070873  -0.6820884056  -1.8772253918   3.1264761451   0.9024913792   0.9818348735  -0.1381015999  -0.4539330096  -0.8927624306   0.0059627286  -1.4436311195   2.1530534562  -0.6406608075  -4.4033172722   2.0160270641   1.6058523584  -1.0524052324  -1.1552633940   3.9168644787  -0.7903260145   1.3427689107  -1.9428536555   1.3298164040   1.3680836845   0.8440077682  -1.2824873924
-0.4559992449   0.9256126863   1.1804886501  -1.7091281088   0.2013683222   0.8520731819  -1.0221914375  -1.1981355311  -1.1662498816  -0.0535844480  -0.3394214545   0.1271803888  -0.4668010519   0.3294332359  -0.2321981980  -0.2910375920  -1.6086538748   0.3760455473   0.6560265700   1.9182204841  -0.6446182462  -0.2291395049  -0.3897454691   0.7991426144  -0.0945510470  -0.7732520208  -0.7811510957  -0.6201659195   0.8976536523  -1.1312017706  -0.0978137353  -1.5867536374   1.6663485338   0.3162655164  -0.0914357877   0.0654886974  -1.2881721263   0.0824084110  -0.2945246709   1.4534353069
-3.8246676235   0.2337508255  -3.0477267624   0.0461469151  -3.0935345557  -0.3757741943  -1.6482100348  -0.7503993010   0.1235066646  -1.6313643241   1.0582879228  -1.4821509996   0.8006943368   0.3552034235   2.6413328172   2.2523191835  -1.6833260231  -2.6490836070  -0.3398245498  -0.6926423786  -1.0489870336  -0.8185089979  -1.2556812111   0.6923063730   0.2215775508  -1.6357021620  -1.1709005978  -0.2335235536   0.3991176411  -1.0555091842   1.8125408874  -2.6848307732  -0.4715546922  -1.0138335382  -0.8288970052   0.4822240130   1.9462252769  -0.1414589566  -0.0035728719   0.5250310948
-2.2020280397   0.9386995322   1.0258720619   0.3662838824  -0.7825712741  -1.4787204781   0.4227149726   0.4881267871   0.0600959414  -2.5156052020  -2.0099935587   0.7498091570  -1.5371738112  -1.2536019129   0.3150899869   1.7877631729   0.1525144560  -1.0884915371  -0.3368790390   0.0953483561  -2.0001551591  -0.9387229835   0.4169762845  -0.2731531699  -0.4864150135  -1.4480200300   0.0500309527   1.0790627753   2.3772122263  -0.6854466477   0.0568498721  -1.2080777787   0.0356403634  -2.5954415000  -2.3120403888   0.1123857004  -2.4316278301   0.2940925079  -2.3787635397  -0.5779460213
 1.2965209599  -2.9727707935   1.3709677624   0.4061732614   2.5881619442   1.6302775431  -0.7676224325  -2.3039189804  -0.2163255418  -1.4521488604   0.5539495776  -0.3156257100  -2.1852908317  -1.2314312814   0.2802818376   2.6534274544  -1.4203394951  -0.2072857279  -0.1625289655  -1.0932219551  -0.4789366758  -2.1675593174  -2.4635410503   1.0041566163  -0.5133826374  -1.7388398980   0.3848732115   0.6150156111  -1.1779846955   0.7465868986  -0.8353783200   0.2855041237  -2.3459004568   0.5338370804   0.0162163418   0.0983175380   0.0795568207  -0.0304326879  -1.5844944685   1.6936852366
-0.9869643245   0.1521766579  -0.2937899494   0.7239462463  -1.0910311251   1.0874723751  -0.4393991590   0.2493089344  -0.1640269185  -0.0089189059  -0.0425539337  -1.3015205108  -0.7834030823   1.3228769215  -1.4293797412   0.2867870915  -0.3309471399   0.3751809045  -0.4804764127   1.4625955108  -0.7485942155  -0.3821911078   0.0960310496  -0.7782160294  -0.9024338686  -0.2014977249  -1.4157952295  -0.0749572192  -0.3293765810  -1.3442129446   0.6140132956   0.2106359683  -0.7554795630   0.4299551212  -2.3537090015   0.2426567716   0.4346947614   0.9337583260  -0.3065002898   1.5627102660
-0.0174609413   0.1431596825  -0.3131587312  -0.5452730487   0.1742218926   0.3191446699  -0.8418811673  -0.1063236421  -0.3069284870  -0.1514269511  -1.2736050152  -2.0423739056  -0.2641678507   0.2422652628   1.3474988553   1.1190896188  -1.6160662086  -0.3911358864  -0.7228136806   0.4332992415  -0.4080418492   2.4378511897   0.0923907083   0.0801737395  -2.4003367933  -1.2135106386  -0.4463476119  -1.1168623270  -0.1532315963  -1.4374690743  -0.9826035777  -0.3229606246   0.6310795675   0.0516530703   0.5209106128  -2.3525071485  -1.0093460963   0.8610289034   1.2056220182  -0.9626036263
-1.1338841979  -1.2034907708  -0.6982089639  -2.5487449046  -1.7361196743   2.3984661148  -1.4962223482  -2.8341562910  -0.5950051968  -1.0310824248  -1.3242232346   0.6095641224  -0.8458620366  -0.3985294244  -0.9160814100  -0.3612713544   1.6222221335   0.6576573308  -0.5668962203  -1.7223554800  -0.4727062420  -0.2679664594   0.0669401337  -0.6764221337  -0.2533585259  -1.0825515143  -0.1131596867   0.4158028378   0.3269821147  -0.3363138694  -1.9077156104  -1.5510168221   0.8472336624   0.5659464862   0.9656704017   1.0261885900  -0.5888389986   0.7132087812   1.2508088578   2.3226631430
-1.1155303124  -1.7869003833  -0.5809598250   1.0485607255  -0.3375479784   0.4172095744   0.1474803643  -0.4324165375  -0.7228811204  -2.0224931640   1.7581029973  -1.3075151972   0.3656940961   1.0835571652  -0.6385056511   0.3841909840  -0.8015795706  -1.7654822243  -0.2054005970   0.6563672687   0.5799197330   0.3346312887  -0.6131843387  -0.3658776244  -1.4444500926   2.4814012411   1.9963086153   0.3871502344   0.8534053166  -2.2302028438  -1.4758758735  -1.3472239647   0.2008243363  -1.4773086688  -0.4951520621   1.6830384818   0.2560122556   0.7573110634   1.6367398880  -1.8794701451
-2.3032585200   0.4200180682  -0.8179154388  -0.8616912302  -0.4719345169  -1.4324171215  -2.1237352079   0.0609277538  -0.2389155859  -1.2608431283  -0.5096874556   0.0263030750   0.1161763937   0.8165089976  -1.9124889257  -2.1150949717  -2.3044010982   0.0381631134  -0.1227733713  -0.0568476067   0.3705886916   0.8896459399   0.1488408459  -0.2752324987   0.8544155348   0.1168081982   0.0741011874  -0.5023767261  -1.3219676317  -1.1798683581  -1.6128459934   1.6513957296   0.7301997532  -1.2104749061  -0.0916824927   0.9822916061   1.1118816590  -2.3857345621   1.3927090060   0.6850024612
-2.5486925193   0.5049244219   3.1132388729   0.3809535342   0.4396564310   1.2594514638  -0.9667431402  -0.9510657628  -1.0707328247  -1.4985682128   3.1430908822  -1.0092126359  -0.9070512284   0.1534737231  -0.1935157332   0.3166752589  -1.4956103059  -3.1869934472   1.1992482345  -0.7715532579  -1.0236530630   0.8843153110  -0.6095891517  -0.0484398579  -1.0371580901   2.2894574035   1.8125580527  -0.2632838415  -1.3985673435  -1.8391875418   0.8966867154  -3.8138801005  -1.7447992800  -0.1012434085   1.1930504929  -2.5579705947  -1.2246860042  -1.3758386903   1.0193738695   1.9286114238
 1.2147943644  -0.3898732965   0.2870887464  -0.5849195730  -1.5219047807  -0.9082546018  -0.3444526448  -1.2342913319   0.9669277677  -0.9538712622  -3.6920271437   0.5072086405  -0.8846725726   0.3207623809  -1.8722771077  -1.8938889073  -0.2883042250  -0.0489274302  -2.9323447298   0.5026311418   0.8042930468   0.3882379695   1.7265938002   0.3931056507  -1.2325992623   0.5116624682  -0.7853069642   0.8753524505  -1.2533977343   2.1425049284  -0.6264481415  -1.5038034290  -0.5835470017  -1.0047685062  -0.2232837434  -0.5048300218  -1.7263222862   1.2661440205   1.9542115282  -3.5329283170
 0.0223488367   0.8826305973  -0.4407144841   0.4759929625  -1.1953493853  -0.0530104048  -0.5675195802  -0.3417123369   0.0762941043  -0.5379269322  -0.1550307298   0.2023485051  -0.2593045623   1.5968587445  -0.8622333137  -0.4288141027  -1.2262495847   0.4045851808  -0.1251391589  -0.5943110406  -1.0181515811  -0.1598188894  -0.7295162858  -0.2779219102  -0.3222180830  -0.1783234049   0.3146050100   0.4791033003   0.0739581297  -0.5842416563   0.1778780452   0.3971285597  -1.6341657269   0.5223131916  -0.5644601066  -0.8465226227  -1.6231674290   0.4091334119   0.9464937561   0.8202698990
s3
 0.9795529544
 0.2423214525
-0.6480537901
-0.9988711768
-1.5702008904
-0.3217784717
 0.2394742829
-0.1904576078
 0.2700983217
 0.2711237203
-1.4749964543
-0.6638392183
-0.3371982251
 0.3582656827
 0.2806246583
-0.4589205819
-1.5535742318
-0.6597518476
 0.0086167779
-1.9382693677
-2.6663932154
-1.0268973825
 0.0069705700
-2.4618535377
 1.4065350964
-1.1751084286
-1.5298573882
-0.3186421690
-1.3831318113
-0.0059284227
-0.9185233815
-0.8831662848
-1.1533497990
-0.3396109214
 0.3880095524
 0.6892534570
 0.4768989250
-0.1927363613
-0.3114122626
-0.6994125517
w4
2.5550639340  -3.1220907795  -0.1221654601  0.7337783898  1.4595613907  1.9421131299  0.4682298027  1.0956082315  -0.3122071877  -3.3122450292  -2.0800398040  0.0470086337  0.0214484042  -0.6419916645  -1.2801622017  -2.1346601203  0.6452747269  2.4387838428  2.6830219040  -0.0774708158  -1.4003733608  -1.9818961866  2.9654107859  -3.6694118431  -2.6160648357  -4.6431838811  0.9557566924  2.6102745428  0.4322594001  3.4323049000  2.2916495466  2.8275998228  -0.5972526799  -1.2592862988  -1.5020460808  -1.1069815642  1.8309241682  -4.1819112226  4.3928482540  -0.2618453914
s4
-0.0719736004

