layers: 4
str: {2,40,40,1}
w1
 4.2491524501   1.1035698119
-3.4703924527   0.1062115488
 3.9401185028  -1.9819916058
-1.8756731326   1.5319986448
 2.8896630850   1.9236940824
-1.1826568817   0.0618565589
-1.1329192080   1.4675669873
-1.5836602019  -2.5348598825
 3.1717442883  -1.6379927724
-2.2522654471  -0.8420914053
 6.0654481124   1.7407839209
 3.2555553293  -1.9670602520
-5.1363877236   0.9775297965
-6.2386444810  -1.7173490964
 2.4113050630  -0.8101382820
 3.8375991764   5.6687442425
 3.2665552916   0.2121018295
-3.3666584628   0.1184402677
-2.2282116805  -1.1484285328
 7.7325965110   0.7665926278
 0.7899140903  -2.7128523775
-6.5160753776  -1.7537576658
 3.6116948859   3.4495593643
 2.8055839216   2.2734946619
 4.2790535168   3.2609054606
-0.4318886466  -1.6960527019
-1.8457231108   5.4556790977
-5.0120009460  -1.3871794936
 2.7686952642  -0.2348172098
-1.5169434633   0.6752783165
-1.4613424294   0.7208959094
-2.8321934299   0.0921124055
 1.1387823553  -1.7736544128
 3.2324149092  -1.6119688567
 0.5680849283   3.6161536414
-6.4142418769  -1.6722415819
 1.0987779995  -4.8313088520
-4.0456866443  -2.6803455662
-2.1091493895   0.9572092082
 0.2854836384   5.0780583185
s1
 8.0398839964
-8.7656900577
 0.3854359095
-3.6301309863
 2.9672039464
-0.2381244520
-3.8607107872
-0.8150410230
-2.1116421566
-4.9384966425
-4.3763938852
-2.5176630122
-2.0396576511
-4.6708086965
-0.9902574183
 1.9684737991
-7.8776196828
 4.0098674465
 2.9668939331
 3.8193726501
 2.6740725047
 4.6549116064
-1.0388218202
 3.5105898960
-0.5822917219
-3.2581304728
-0.0855725502
-3.5487751572
-7.2282141081
-0.8954154731
-0.4745155540
-6.1732857988
-3.8573535684
-2.8684281630
-7.7107013811
-0.3523190756
 0.6569558703
 5.7476122516
 5.2863044854
-3.9489823856
w2
-0.3915872533  -0.9460710390  -0.0078366344  -1.5739521886  -0.4100984997  -1.3184987830  -0.8925481123  -1.1175430697   2.1191721262   1.0962257217  -0.3895343170   2.8452839817  -2.5486550509  -1.5995979490   1.9325225793  -1.5980897829   4.5074963766  -2.3899624567  -3.0189977691  -0.3290636298  -1.8354691717   0.5755879094  -0.6775950778  -0.1526868315  -1.8251329045   2.8298379643  -3.2413947718  -0.6099895484   3.7734303000  -3.5841286510  -2.1317089427  -0.8933396431   2.4031666724   3.2937512272   2.6949280935  -3.0161581388   3.3029990863  -5.0704861636  -3.7535719986  -4.6255506107
-3.2689435469   2.5812331759   1.7569033656  -0.0753072340  -2.1804120891  -1.1132399604   2.3819066243   0.2893785794  -2.0904098100   0.1997304800  -0.6226752088   1.2081645949   0.5234966047  -0.7569834533   1.9384874969  -0.4843430870  -1.1663538420  -2.6315553183  -0.0163873027  -2.0327170252  -1.6809021503   0.2132396697  -1.8523135626  -0.9212181037   0.3062094131  -0.7690333644   0.2980557793  -0.2442008782   0.7119510500   0.4867545924  -0.1289009435   2.5797551819  -0.1525850949  -0.2773540464  -0.1645497132  -1.7187698129  -1.7587254432  -0.5287284516  -1.1992973077   3.3206556300
-0.0085863821  -0.9740981057  -0.5628913747  -0.1702682586   2.2003087462  -0.6785425779  -1.1210812537  -1.4762782463  -1.1905576311  -1.7103468768  -1.3953469305  -1.2003325094   0.9899572263  -0.0643479029  -0.5800269538  -1.7439177513  -0.5106164818  -1.1841408526  -1.3941553628  -2.6757269346  -0.4416015842  -0.3708624262  -0.0574927592  -0.2846338216  -1.9613710524   1.9910163509  -0.1998966101   1.8336430296   0.9345838987  -1.7033482690   1.2487209906  -0.3597370735   0.2384832070   0.5355408697  -1.4887165530  -0.6651842599   1.2111779055  -0.5184484000  -0.6217912415  -0.4210255944
-1.2630473226  -0.3932415134  -2.4920605955   1.1195996409   0.7460106249  -0.4699255017   0.2423566373  -1.2336755924  -1.9197731699  -2.5701519146   2.6152932326  -0.3992155969  -0.8241323747  -3.2148726763  -3.0896937440  -0.3644905289  -1.6551024819   0.4008368926   0.0786336328   0.4318146303  -1.2296683094  -4.0196877491  -0.1314098982  -1.2233538000   1.9240498269   0.7500153911   0.0960426560   0.1737436198  -0.6537254759   1.9134398876   0.0239216935  -1.7965267527  -0.5878039776  -1.4424253545  -3.1941370830   0.3042581731   0.4533207623  -1.5834663046  -0.0170724005   1.5623108250
-1.1292390672   0.1966047209  -2.0310813835   2.0173774811  -0.2997215552  -0.4865062197  -0.8786695317   0.4362963571   0.4169255547   0.3590330399  -1.1327828431   1.8884923328   0.0197559718   1.3001424684   1.8384432860  -1.4556078979  -0.5247487163  -1.2614939813  -1.9765848339  -0.6989168845  -1.8575020788  -0.0178481644  -2.2006710540  -1.1341904479   0.6906147280  -0.7844740137  -0.5596547981  -0.5605057879  -0.0366056836  -0.1859384120  -1.1567570380  -2.3128716233   0.9936426244  -0.6384012501   0.1886864129   1.1288503580   0.4675297192   0.0961979868   1.2942157186   0.0465721030
-0.8505712925  -0.9180670967  -1.1478305072   0.7270987647  -2.7841898389  -0.2659091127   0.9060346110  -1.2102785489  -3.0786946320  -0.3914828015   0.1883373208  -0.3697072828   0.2865643420  -0.8417971235  -0.7376610877  -0.2808343038  -1.4732606206  -0.7283424521   1.0699863687  -0.1559476151  -0.4632959239   0.5663941817   1.8973263438  -0.7680235623  -0.3100194998  -0.4361595791  -1.2264161329  -1.2735823823   0.0528844501  -0.0305990365  -1.7203118418  -1.9397769222   2.0591283716  -0.0288344044  -0.0056496426   0.5725321978  -2.4883476112  -1.6712343246  -0.1091639357   1.7849323298
-1.1354065040  -0.5283982050  -0.6741990015  -0.2220248335   0.2960812910   0.5715161481   0.6005154585  -0.5162972496   0.3412967462  -0.6709290851  -1.0626385044  -1.1902931089  -0.7904619586  -4.1288608453  -1.7194209821  -0.6821844065  -1.3062153986   0.0134970436   0.4941092116  -4.6385519091  -2.2742864425  -1.1587905546   0.1615375127   1.3984301150   1.1798626207  -1.3433702301   0.7790037203  -1.1159533372  -1.4706425354   0.3388248839   1.1840397547  -0.1122733504   2.1998331423   0.7226451686   0.2151778298   1.1216425453   0.4085611389  -1.1017541747  -0.9150950186  -0.8421511250
-1.2558947648   4.9030443664  -3.4271146781   2.0869007100  -3.5056291697  -1.1001100763   1.9655129378  -0.2805704786  -1.3561532160   1.8892012570  -1.1750590135   1.0287280023  -0.6671198310  -0.9753797917  -2.5259009979  -2.0400347831   1.3922219407  -0.9663946803  -1.6489301562  -1.0023742605  -3.0498522396  -0.4335473489  -1.9883959291  -1.9485203171  -0.4645713840  -0.1973714148   3.5487100455   1.4831236684  -1.5722694031   2.5149853846   1.6422729387   5.0700871882  -1.8922767792  -0.3138467563  -0.8229114381  -0.5805330879  -1.6358382530  -0.6791514555   0.5799068962  -1.7995001688
 1.4354645939  -1.4994725562   1.3416483732   1.3974013402  -1.2209984129  -0.6057523001  -1.2147892458  -1.7133825948   0.8542080620   0.0520273029  -1.5852687719   2.0376906721  -3.9371379345   1.3966695939   0.2013733726  -0.2017656290   0.8477628145  -0.2859932160  -1.2160373230  -3.8424579624  -0.9810779569  -0.1271323668  -0.5656385186  -2.4045969102  -1.1844454309   1.2696427873  -1.2081287839   0.7266435930   0.7730591619  -0.4059304122  -1.6494098641   0.1430672474   0.0685107101   0.3692635083   1.2797485163   2.7889138825  -0.4794418327  -2.5379507312  -0.0159339539   0.6660361908
-0.1681442403  -0.6061279140  -0.3831584599  -2.0923596553  -0.7703299734  -1.8249785434  -0.6708877385  -0.0949300548   0.2778673503  -1.3737730224  -0.9579918313  -0.9374471777  -1.1509084304  -0.5185225954   0.3311658600   1.2351782777  -1.3479888379   0.7804716358  -0.6011460055  -1.0619738065  -0.7209801035  -0.1215052517   0.6147375913  -0.5727512699   0.0533148784  -0.4483893386   0.2424847976   0.6010201668  -0.8698941841  -0.9582650472   1.3047359800  -0.6014132242  -1.0734544337   1.7012981735  -0.5936748249  -1.0388294207  -1.9699267545   1.2767009533   0.1394366895  -1.6163788602
 0.0550695833   1.8189746345   1.3694349553   0.1301820238   1.0302480038  -0.3123754214  -0.7930948471  -1.4621648144  -0.6970259688  -1.9973782374  -1.3062526184  -2.9226155865   0.6156407248  -0.4689637599  -1.5392874207   1.5435215223   3.8250208901  -0.9082650554  -1.9884393485  -1.3914750777   0.1604702894  -0.6196783981   0.4767356973   0.4023373747   1.4502956260   0.2465330310  -0.7445571741   0.1714418476   1.2781657610  -3.2710616281  -0.6509491290   0.9505963025   1.1343744225  -1.4133995923  -0.5373320435   0.7011397286  -0.8255102701  -1.9485873389  -1.8193486895  -2.9405373054
-1.3811506071  -1.1365366284   0.2027696362   0.5915443495  -1.5496730186  -1.4781598223  -0.2285205072   0.2604458168  -0.1192930932   0.0104226065  -0.4538324238   0.7497019651  -2.2770513140  -0.1023200973  -1.2877980739  -0.1409655999  -0.4111705252   0.3108829563  -0.0654434424  -1.1232630282   0.7956116073  -1.1688617174  -1.9339487859  -0.2166886731  -0.7637879107   0.3418527362   0.0410588158   0.4554947458  -0.2302629140  -1.3113086192   2.5104041283   0.3277444323  -0.3287051266  -1.3192734976   1.3989260029   0.7006229907   0.4384348155  -0.4739588182  -1.4984578314   0.0124553053
 2.3018903559  -1.5945327689  -2.4295043366  -1.3536345709   0.3346915992   0.3992203005  -1.7145194745  -0.8324263450  -0.6280157193  -1.7217997123  -1.2988681821   0.0609700305   0.1196818894   1.6933353896   0.3576280664   1.0942524206   0.7308952701  -0.9268778233  -0.3543292375  -2.6269113376  -0.6065316795  -1.1035566298  -1.1836024290  -0.6684253446  -0.1032967782  -1.1190594816   0.1352631113  -1.3023745077  -0.0982635146  -0.7764092982  -0.6634166180  -1.1858447636  -1.1493778981   0.4145926930  -1.6039111595   0.5135443311  -0.2927220844   1.7827134182  -0.1728157245  -0.5775974795
-2.9117895583  -2.9898989852  -0.2631273035  -0.9632048746  -0.0021117158  -0.0816354445   0.2279898681   0.1051084756  -1.2477637238   0.5654541652   0.0124789816  -2.6803450085   0.8816678847   1.2467704263  -0.2105012979   0.3133377461   0.0076942923  -1.9718171245  -0.8477060897  -1.2603672210  -0.2116560029   0.7152578464  -0.6640815183  -2.2015280124  -0.6771169400   1.0319614114  -0.4854791700  -1.0261660931   0.2318651021  -0.7137304961  -0.2608057340   0.2623145823   0.6496816632  -0.6617266424   1.7879939271  -0.7049907606   1.4232675409   0.2059797271  -1.7050276397  -0.2332172383
-0.9263463182   0.6086425148  -0.9436972910  -0.4410318194   0.0294284834  -1.5057078894  -0.9582971825   2.1845399762   0.4481346260  -0.0554166015  -0.3035513755   0.1560613703   1.9100390516  -1.2263129376  -0.2490984148  -6.4722948637   1.3455260091  -4.1374452352  -1.9293874744   2.0494115394   0.0955611801  -2.1641065569  -3.2803946716   0.7762041515   2.0061031519   2.1192475980  -1.0175656625  -1.5910788138   2.6207641151  -2.0179631602  -0.2808373539  -0.0201120721   3.0562367053   1.9473278002  -0.8116907309  -1.2243099143   0.0163034136  -2.3694068272  -4.4497971013  -2.7475442718
 5.9560823860  -2.3738105405  -0.5174912726  -1.9513601515  -1.1003413437  -2.2552901257   0.0322608248  -1.7645348603  -0.3781206776  -3.2358048501  -0.8858259747  -2.2736660754   2.4566109022   2.1934125839  -0.4192959002  -0.9798312971   0.7655042418  -1.3265234183  -1.5724508557  -5.5347203378   0.8544167375   0.5361095463  -0.9111084907   1.5257858555  -2.9894971343  -2.4781246295  -1.2580954624   1.6658644227   1.4785933068  -0.4950242502  -1.5240544682  -2.8044032932  -0.8597086554  -2.5480495605  -1.3816620683  -0.7520316460  -0.0079267442  -1.5422274963   0.5795807815  -2.1584254495
-1.2771369018  -1.6259185875  -0.6408436181   0.5762116434  -1.4116850000  -0.2584141787  -0.7085567539   0.1272877441  -1.3834079953  -0.5245274308  -1.1576400569  -1.7538211100  -0.9209479510   0.8794060217  -1.0025541008  -1.7564060453  -2.1864539079  -0.1905545154   0.3250048804  -1.4943828303  -0.1282381080  -0.5997035173   0.7978725841   1.0424868113   2.0271294116  -0.5321573956  -0.8812894333   0.2620932049   0.1012397065  -1.3931802164  -1.2811159112   0.2648308633   0.6487931002   0.7570094807  -0.1254997255   0.9341228941   0.4417925963  -0.7493194565   1.0029400464   0.2088133450
 1.2461325165  -0.8119964965  -0.7046801971   1.2545810046   0.1177965776  -0.3864714277   1.4170552123  -0.5435178056  -2.2876213541  -2.2168674415  -0.6500738202  -0.8374894551   0.0781730537  -1.5887263736  -1.0004234899  -0.6297780217   1.6508003959  -0.1890884753   0.4502242396  -1.5794022191  -0.6794616892   1.1592083865  -0.0220969988  -1.4382752494   0.7314144375  -0.7467321810  -0.9833712561  -1.4695171153   0.3350874650  -0.4028185205  -1.1265173150  -0.9325773070  -1.1900040364  -1.0769320161   1.0663736008   0.7366099102   0.0444525346   1.2050435142  -2.6799355918  -0.5027280847
-1.0937148925  -0.4300667123   0.5561413647   0.3787521442  -2.3249080599  -0.1594223161  -0.9133323441  -3.1593030569   3.0101964925  -0.4830569757  -4.6868326827   2.4108530757  -3.6622762241  -0.5531759846   0.7195057708   0.3068153702  -3.1897102442   1.4472739014   0.6659257244   1.8602801393  -0.3278251423   3.8567150728  -1.2879929495  -1.6109308522  -3.1109489283  -1.1116927993   0.2234648751   0.4006173592  -2.7719892459  -0.3411914550  -1.6151013572  -1.7750812445   0.6788554141   2.3289603067   0.1799224286  -3.7435092680   0.6873198423  -0.5702944570  -0.4198251170  -1.0317177823
 3.3312885085  -1.2493682933  -2.7073304308  -1.2082177683   2.2324516727  -1.6740830317  -1.9009939972   1.7592767057   0.0509291274  -0.7041574348   4.1323891843   0.7894346015  -1.4781511647  -2.0726666688  -0.0425996325  -1.2243985567   2.1267677467  -1.8293546802   0.4317265658   4.6442501959  -1.6369117114  -2.0371986330   0.3860100689   2.0216108576   2.4491018858  -0.4482421361   0.6088961073  -0.8078609560  -0.3400751989  -0.5075341357  -2.1516617965  -2.6189136360   1.4107777624   2.2601443709  -2.5852263478  -3.6138130612  -1.2177581640  -0.8498124427  -1.9941792089   1.5177923527
 1.5429444545  -0.1853261228  -0.2121331132   0.1318076085  -0.5683957047   0.5350443443   1.1448203453   0.0788086984   0.2123097318  -0.9491771696   0.0469397063  -0.1317007502   0.2057168053  -0.0354390450  -0.5739861082   0.6806280609   0.5491240362  -0.5663483061  -0.5741655932  -1.5442519238   0.3341031821   1.8524385962  -0.4168824837  -1.3733172443   0.3576895723   0.0331159538   0.9971871186  -2.3338810678  -0.1380579084  -1.8595687234  -1.6543894676   1.0275039316   0.6705353265  -2.3123711324  -1.1807831173  -1.9079855377  -1.1675302341   0.4192659284  -0.1816331933  -2.0143556609
-2.2369591047   2.3284483301  -0.8656098435   0.0779110119  -0.8857810997  -0.1011344089   2.1825867331  -2.4882371233   0.3390800697  -1.4434776309   0.2250703517  -1.9496904509   0.7561535707   1.3124380807  -0.9521546014   0.6022632516   0.0361363503  -1.4736887905   0.7043615707  -2.3535907200  -2.9459133700  -1.1356591833  -0.4044426886   0.5446512412  -0.0950697512  -1.3536767419  -1.3336098140   1.4161842320   0.0898269136  -0.4359970485  -1.2958999759   2.0698722273   1.4697824237   2.1438679425   4.5273178294   0.8009941910  -1.9485408319   1.1547123071  -0.8220573514  -0.2030942197
 0.6639012582  -0.2211907153  -1.4214312043   0.0696913125  -2.1786302895  -0.5533064366   0.2029468508   0.2311341023  -0.0399098629  -1.2979137954   1.6165779372  -0.9411040846  -0.1869472031   0.5181938965   1.2923187262  -0.7958210292  -0.0051828103  -1.3109587830   0.1867543117  -0.1486687731  -1.0589676624  -1.2189794695  -1.3294429076  -1.3133367547   0.7309572347  -1.3791677097   2.2984715258  -0.6030028943  -0.6679729671   0.3278054820   1.0749997444  -1.2513844686   0.3539756698  -0.0699336788   2.7037891088  -2.1122398343  -0.1537591040  -1.6678825642  -1.7442651840   0.0610561094
 1.6835921104  -2.4855543641  -0.1877808446   0.6750346303  -0.6408875211  -0.0126378202   1.7718431464   0.0535583521   0.5929865778  -0.8876607584  -1.4051733269  -1.5690167533  -1.2647313036  -1.9843572028  -2.3646143756  -1.5556196185   0.6793729791  -0.5012447500  -2.5280851617  -2.8199075491  -1.5476279654   1.0169286607  -1.3599477956  -0.9039070749   1.8457959001  -1.0128475138   0.6901142617  -2.9458276763  -0.6692387825   1.0078634950   0.9964829252  -0.3338764600  -1.0418252744  -0.9510497375   0.0370267083   1.9220288687  -0.6756221542   1.0318778673  -0.2800637958   0.6816607404
 0.4856501307   1.2943120279   0.3858259691  -1.1270851832   1.0306036931  -2.6807471633   0.0746091450  -0.1293665178  -1.2460063156  -1.6962972722   0.5743976241   0.0945111213   0.4355560276  -0.6528018126   0.9754207808  -2.2535317965  -1.7685130326  -1.1154895129  -0.3895205393  -1.5226870335  -0.7823831255  -2.9231809699  -2.7180110334   0.3043055074  -3.4582570301   1.3535467715   1.1870850462  -1.0033075187  -0.4986430197  -0.3737356814  -0.8175906265   1.0342602801   0.9577116532  -0.6502670203  -0.9710300497  -0.1302941472  -0.5507389349   0.2658133919  -1.3683740327  -0.8711002464
-6.1727987295   0.4132313919  -1.3171342277   0.4636229450  -1.4862326882   0.7401240202  -0.5737095464  -1.0028243600  -1.4911272170   3.1913004082   1.0776856456  -0.9020402641   1.0711543493   0.0593431209  -1.4777832350  -0.7697777943  -1.1134004826  -0.1520149469  -1.2234970966  -1.4032882937   0.7149226305   0.0272898698   0.1943733335   0.2787899231  -1.3146678364   2.2813501063   0.4067200260  -2.4499088780  -1.4772399831   0.5466851268  -0.1782985013   4.7412040436   0.7777477328   0.1379189036  -0.3065187166   0.3458894691   0.2149337085  -1.6557823116  -0.1705730686  -3.5833676815
-2.7638802855  -2.1671808227  -1.7245401709   0.9321033171  -0.8430397567   0.5250531708  -0.9527324718   0.4166498071   0.3885391225   0.7645361946  -1.8129988316   0.7015324689  -0.2091327308  -0.2998869875  -0.6669626371  -0.9569834718  -1.7863266853  -1.0201291857   1.1794705143  -0.6688656002   0.5636801230  -0.9105365426   0.3156954249  -0.4854945404  -0.0430565119   0.6357579757  -0.0117410725   0.0646526104   1.7104355462  -1.2576831922  -0.2443888039  -0.5140462040  -1.4056716134  -0.3373837661   1.3320003876   0.1616988502   0.3270111021  -1.3975604569   0.5836586240  -0.8821364333
 0.3867019302   0.2562006427  -0.7456131911   0.5726101403   1.5256651082   1.1914190889  -1.3513259229  -0.7246714040  -0.1339924324   0.1373944459  -1.8759203056   0.5970335466  -1.1103415905  -0.5389653237  -1.7111104418  -0.8638467247  -0.9601805899  -0.5950127015   0.5903631686  -0.1289080751  -1.2790007742   1.2004757640  -1.0214846479  -1.1433853922   0.3637725959  -0.3071024548  -0.0014951404  -1.5170940088   0.7972901523  -0.6729291064   0.1454408072  -1.3411902450  -0.0211829934  -0.9360435625   1.2475567202  -1.0543675249  -1.1600876837  -0.0082292739  -0.1180131585   0.1028088856
-0.0111503281   0.3896987237  -0.3553134752   1.0472115484   0.8438886233   0.1489423996  -0.8288933106  -1.3684086624  -0.7265671063  -0.7352990945  -0.1783554175  -0.6375767713  -1.0622161689   0.2728577982   0.9815428419  -0.7390811867  -0.4925983293  -1.8163256418  -0.4521994980   0.2433662509  -0.2633060774  -1.3957935929  -0.6787499068   0.0734659989  -0.2801001257  -0.1272456320  -0.4851384455   0.9000688783  -1.8301930444   0.4796601989  -2.1555424534  -0.2474680665  -1.6788541126   0.4575498065  -0.7432971959  -0.0152305394   0.4484085529  -0.6344291359  -0.6032992410   1.2084524427
-0.3928994625   0.1554729278  -0.7767064202  -0.9450503018   0.0287782738  -0.1035244993  -0.4863019643  -1.9047717858  -0.9611012743  -0.1733222235   0.4479198618   0.9839194919   0.1094845714  -1.2325329223   0.1526105959  -0.7251007207  -1.5718092922  -2.0621359897  -0.0277106879  -1.1530265775  -1.0696963086  -1.2104233092  -1.2547358003  -0.9455265156  -1.0184829589  -0.8044040943  -1.0884207233  -0.0591685051  -0.4501250525   0.1741402513  -0.0078555403   1.2123499713  -0.3714663260  -0.7847522613   0.9980824838  -0.2420007067   0.6699532463   2.0347351688   0.2602374567   2.1654426779
-1.2377224684  -0.8430858429  -1.6906490320  -0.0527206040   0.3280813360   1.1862109165   0.4680384276  -1.2871264384   1.0165805149  -0.6764957803   0.0047577376   0.9017289266   0.2704021844   0.2135901313  -0.6036442516  -1.0709906659   0.2497798689   0.5635253532  -0.3619168452  -1.4242429820  -0.2139747850  -1.0637669838  -0.0249925404  -2.4534016561   0.4382728591  -0.7047002377  -0.0453101049   0.3423582321  -1.1864183216   0.4334453874  -0.7557486709  -1.2379261578   0.7012354281  -0.8155156191  -0.0316412336  -0.8642464652  -0.3132237070  -0.3079489155  -1.2568495020  -1.1657979477
-1.6566286252  -0.0210731069  -2.1814716452   0.7056049254  -1.0769040764  -1.2339381206  -0.4220925404  -1.1073917477  -0.1811908756   0.3225081395   0.6722067891   1.0704072450  -0.3649065535  -1.0241114689  -1.2313582704  -0.4049459007   2.6847788385  -0.5859651938  -1.0013261278   0.8401364176   0.7457165096   0.4674271426  -0.4005354143  -0.6026618658  -0.8096642198   1.0375963061  -1.0154773250   0.0330541693   2.2280178468   0.4696427605  -0.5867445112   0.1832158501  -0.9018268137   0.6517341663  -0.7970064124  -1.1753082338   0.1793505521  -1.2155731098  -2.5031004922  -0.9760768337
-4.1620494262   2.4024807497   0.7096391769   0.7429400568  -2.8284145481  -0.4893836086   0.8031282511   0.4807145619   0.1306761066   3.3197430945   0.9993660791  -1.1317063693   0.0258894370   0.3688478415  -0.7284577057  -0.8116650227   0.4704051909   2.0098376294   0.2333614629  -3.1738525546  -2.2095107340  -1.9313328541  -0.4114424961  -3.9291215924  -1.4689272897  -1.9938413004   1.7483897330   0.0724842895   1.5873276969  -0.1091785352  -1.7492309544   0.5974004760  -0.7415200103  -0.7795443999   0.9718171607  -0.8037059070  -2.5288798615  -0.8885959985   0.1114612995   0.4600053513
-3.7871209331  -2.0682747631   1.7297156128  -1.9187600001   0.6909888847   0.2994081155  -1.9880205909  -0.0619379076   2.4978414159   0.2957743543   4.3123960756   2.3290505897   1.6131777355  -1.5601063723   1.8191625113  -2.7163097911   2.8156231320  -1.3494083343   2.2124050477   2.2385950654   1.3453583218  -3.0018219944  -0.7629945203   0.8069623130   0.4249540585   2.2079184924  -0.2076928488  -2.3362627859   1.0673569272  -2.3127836410  -1.8469318611  -2.1484016466   3.0022083985   3.1572485399  -3.6287542751   1.0140548598  -1.7238315506   0.0836031910  -0.3091967803   0.2382521133
-1.6168909781  -0.2462413584  -1.6689021063  -0.0145086574  -3.0160596330  -1.2074044704   0.5183458740  -0.3754494540  -0.1258129951   0.0840863934  -1.2623354761   0.6915606768  -0.5492999390   1.2040405485  -0.7328621743   1.0510540771   0.2340941755   0.4773097725  -0.8886803723  -0.2053874654  -0.6233670335  -1.4352981457  -0.7952384624  -1.2963275671  -0.4401446945  -1.7553513145  -1.7543403461   0.4463241099  -0.2327656673   0.7452324161  -1.2824214652   0.0153449388  -0.2715557390   0.3446781965  -0.8899600773   0.1140236061   0.0233005050  -0.1335613039  -0.6717303567  -0.2582251248
-1.1172797882   0.0240447644  -0.4074895046  -0.5690961009  -0.9189085948  -0.6834586216  -1.0067993676   0.2335378928   0.1469961840  -1.4306712047  -1.9312910062   1.4498890935  -0.9034856828  -0.6187890021  -0.4314521477   0.9611146613  -0.6319378014  -1.0189340496  -1.0497734909   1.9484853275  -2.1505390501  -1.5583894945   1.1717679218   0.4269039341  -1.5600499400   0.5785331471   0.4318175400  -0.5475233064  -0.3303499198  -2.1279889643  -2.1994122513   0.9292151555  -0.2949350969  -1.5069784775  -0.4635640227  -0.7273105682  -0.3861324501   0.0138177329  -0.8601298381   0.6088625233
 0.6827706677   0.1906794406  -1.4439527835   0.0051818274  -0.1345761824  -1.3718651490   0.6825338432  -1.8057569786  -2.2271484297  -0.5681392791  -1.0164793903  -1.0763756503  -0.0527019747  -1.0864571729  -0.0665684577   2.8955331071  -0.8776792636  -0.0735130902  -0.6662181806   1.0094280341  -0.7254703233   1.6907230352  -1.9213024261  -0.4721727796  -1.7049474412  -0.6261514833  -0.2251946624  -0.8045252214   0.4489737958  -0.0034222527  -2.5694530616  -0.8153828785   0.0089089990  -0.0516356167  -0.2445402490  -0.2295406493  -0.1497019088  -0.1406423935  -0.3297640649   0.2696350892
-0.4390875119   0.4123993021   1.5188357790  -0.6689151536  -1.2635940699  -0.3009554118  -0.1360929846   1.0178397710  -0.1560379926  -0.6838973369   0.3087859759   1.0843970497  -0.5133254942   0.5604229949  -0.4676462663  -0.0819499144  -2.5265729933  -2.4423887496   0.7818541306  -0.8781849647   1.4147466261  -0.5912774224   2.6844464590  -1.4764420047  -1.0249095495  -1.9097618524   1.7088998537   0.4586707882   0.4487618765  -2.5670068296  -0.7938422134   1.4452688332   0.6880636509  -0.7573405348  -1.6816046100  -1.6176316099  -2.2069722271  -1.8616708595  -0.1172576653   0.3662809715
-0.4843431432   0.0955613145   0.1883990239  -1.1615704603  -1.3423401823  -0.0695473942  -0.7043812684  -1.1514093699   0.2060104287   0.8031562746  -0.5572934036  -0.3911142028  -1.1389744408  -0.5220497675  -0.0512485542   1.3057624255  -0.3051173816  -0.0929875526  -0.6232536746  -0.5028570599  -1.8562581741  -0.0864006252  -0.5195278632   0.4919580260   0.2933770279  -1.0167085314  -1.3464760527  -0.8867299037  -1.0649248262  -0.2797709792  -0.9039964571   0.8244842000   0.6725341661   0.3465163537   0.7637242454   0.4874245874   0.6945283244   0.2759954087  -1.6107783024  -0.6287594611
-0.9133093031   0.6066971031  -0.2831577592  -1.1408012299   0.0757756019  -0.4083127913   0.2909307929  -1.4030609012  -1.9010856169  -1.0335166484   1.0546369195  -0.6948976308  -0.0057166323  -0.0675464353  -0.2474505740  -0.4146190867   3.6447171269  -2.9523170984  -3.5979577898  -0.5356813982  -0.5004056409   0.3765423195   3.6264117956  -0.6708084585   0.5848419560  -1.3862162010  -2.8197684842  -0.4528048717   3.2808329103   0.0685302236   1.5997569632   1.3548886504   0.7145467302  -0.7475213155  -0.3312877020  -0.2855728840   0.6167342063  -3.5794245029  -2.6740025301  -1.3412058945
s2
 1.3332034130
 0.0322158331
-0.4318876461
-1.1498472267
-1.7894024170
-0.2374603312
 0.6625295923
-0.7882221908
-0.0244619060
-0.3489660698
-0.9238489315
-1.1817943930
-0.5687290779
 0.5395822407
 0.3057595646
-0.8895180604
-1.5470531629
-0.4037471149
-0.6984944900
-1.6416148316
-2.1870755317
-1.5763675678
 0.0325639167
-2.1764930050
 1.5999948628
-0.5422291382
-1.5217173149
 0.3560623099
-1.3223700149
-0.3607626584
-0.4767804061
-0.1511843861
-1.2886940834
 0.0268606972
 1.0804490606
 0.5079015863
 0.7007276701
-0.3192584682
-0.5592804774
-1.0349437235
w3
3.3948132826  1.4752639291  0.7572419259  -1.7022933762  0.7903863983  -0.2778249906  -2.1443010673  -2.3436130793  2.1018972492  -0.3502397688  -1.4088657339  0.4820520851  1.0790477658  1.5284270417  -1.8760893038  3.2701104909  0.3417154215  -1.0529429848  1.9879586324  2.4740020635  1.1293552190  2.5362818793  -0.5710239333  -2.1736798195  -2.4721005272  2.0278192134  2.6237853453  0.9028318871  1.8700707632  0.2847303713  0.5501788820  -0.5696412402  1.4766180426  -3.1259618821  0.5814893902  0.0414668261  0.9414075021  1.4258826820  1.4763296995  -1.9000171077
s3
-0.5569940896

