layers: 4
str: {2,40,40,1}
w1
-3.4424129724   1.7985170436
-3.9118430272   2.3883695103
 4.4791269627   1.4045923610
-0.6281274244   0.8922640941
-1.1853276878   0.8244618032
 1.1106455630  -0.6169147301
-0.9243162451   2.8233666299
-2.1792740059   1.7146902354
-1.4027404617   0.3033837880
 5.8059490041   1.3922135655
-4.8054705867  -1.2457617030
-0.9620199716   0.6681640977
 0.2057126181  -1.3189859455
 1.0680112046  -0.8006505804
 4.7571061022  -2.5713937858
-4.0435231550  -2.1485877188
-1.6610827171   0.2290609263
 2.4046834815   3.7197223536
 1.0979507974  -0.5595813077
 0.4779380207  -0.9929221908
-1.5237163214   0.2615420713
-3.4815976597  -0.8078972082
 2.3546637757  -1.0247649054
-1.2376129684  -1.9223372340
 1.4760488352  -1.5263298389
-1.2349470622   0.2734177556
-0.0746827457   1.0906443731
-0.6871536227  -1.4193556162
-1.8329373131   0.4249164865
 1.0381945969  -0.4588574697
 0.0617247384  -1.3642598487
 0.8855775870  -0.4957166940
 0.7135786407  -0.3937821152
-3.0982854714   2.1719327856
 0.0279795221  -0.0167399493
 2.2175052715  -1.1070837608
 1.3798680253  -0.6041510782
-1.5268745528   0.1535769323
-5.0245336961  -1.5109636485
 1.7016604023  -0.0978834082
s1
 0.5087474312
-0.0877920538
-1.8337071448
-1.9232951822
 2.5729217451
 1.4382114015
-0.6353664219
-0.9433312469
-2.3095291951
-0.5309439545
 1.1536981065
-2.5277852210
 1.4081138737
-2.5306711691
-0.9419122692
-0.9215153120
-3.1996576306
 3.1706127901
 0.5816303763
 0.7069138084
-2.8440087634
-2.2687835271
-3.7887904169
 0.9096623967
 0.1989876758
 1.9876768610
 1.2845754669
-2.1476447687
-3.3874393094
-1.8856038657
 1.2493853109
 0.9185214297
 0.1469410047
-0.7960371459
-2.7620984646
-3.3243787327
 2.4960088205
 3.0321879893
 2.3887872472
-3.9889041483
w2
-0.2479953834  -1.0485298341  -1.5706387139  -0.1070802335  -2.2289458722  -0.1212851089   1.2008354201  -1.4341025959  -1.5408021434   0.0498695593  -0.2835982151  -1.1277639683   0.7261204895  -0.5439825123  -0.2725774166  -1.8607051403   0.5823441333  -1.1133562677  -0.2353091867  -0.9989200007  -0.4360746075   1.1740104630   0.6256069981   0.7798264649   1.8239875424  -0.1926374561  -0.2845206213   0.7014742751  -0.4320912916  -0.4245461128   0.2221061308  -0.2616804196  -2.1458284270  -0.9792781252   1.7210043332  -0.7951707029  -1.5481754642   0.1629983410   0.1664388676  -2.0966919290
 0.2098364922  -0.6184361749  -0.7530413018  -2.6039086686   0.6056297454  -0.6582305734  -0.0702637007  -0.6735893457  -0.2518912514  -0.9664508493   0.9024455679  -1.3064483363  -0.8304099253  -0.8093810510   0.7980159808  -0.5931070836  -0.2382828245  -0.3638219798  -1.2741522465  -1.6038689301  -0.5700425339   0.9893418228   1.1054376660   1.4950650820  -1.0090803948  -2.0079050828  -1.0854448171  -0.3457316482   1.2663158354   0.5082362302  -1.1220478084   0.7883583912   0.5876186658   1.5108668300  -1.3371103881  -0.5000867417   0.0139603022   0.4812062151  -0.8123231324  -1.3403664418
 0.1150735343  -1.5498878336  -2.5483875042  -0.2023412729  -0.5368189169  -1.0287636320   0.1269712876   1.8765343708  -0.5164759328   0.3998909109   0.0392829581  -0.9391824323  -0.4370441457  -0.7049031712  -1.3916901779  -1.5115307242   0.8428772143  -1.3582156755   0.7659656552  -0.6529007156   0.8036716291  -0.2129397705  -1.2838327867  -0.1081424952   0.2895728264  -0.9632380958  -0.1138694040   1.7231759141   1.0237469063  -0.7972363866  -0.1894430276  -1.6061962961  -0.8070747203   0.7351218552   0.0346481503  -0.3721346126   0.9775462911  -0.1448979313  -0.4564567710   0.1137984635
-2.0803765751  -0.5535054051  -0.7751990688   0.0542045136  -0.8065123588  -0.8598023727   0.3941028488   1.8280811244  -0.7501311619   0.7828668758  -0.7412156414   0.6473915942  -1.7708202037   3.1595079104   1.6347545838  -0.9364900161   0.3827926537  -2.5042239944  -0.2859249212   1.2351902038  -1.0617397045   0.2210574456   0.2753688630   1.1860658828  -1.6376274634  -1.2526241565  -1.3134043760   1.8276562450  -1.7008408591   1.1906631037  -1.3482879456  -0.3570363716   1.2100094045  -0.1608728460  -2.1493562017   0.4842993013  -0.1347223241   1.0699474836   0.2984044189  -1.0037615251
-0.4669352385  -0.1333038896  -2.2455537232  -1.3385766610   0.1023786802   0.8999232956   0.5563150697  -0.6788332317   1.3215030528  -0.5155812338  -0.9631032218   0.3915789455  -2.5177682814  -1.7385907650  -0.8823995489  -0.5256158446   1.3938540565  -0.0453135450   0.5981508158   0.4328447743  -0.7424267433  -1.5205438557  -0.3068956089   0.8620122608   0.6276805312   0.0016287584  -0.8695268028   0.7004690399   2.3189293717  -0.7568090006  -0.4403811863   0.3454029711  -0.2680882181  -0.1462707289   0.7508425784   0.0567494697  -2.1443204654   0.3292674735   0.1325538607   0.4292096615
-0.1430721925  -3.1009734069  -1.5362843182  -0.1380968745   0.7059228215  -0.6469224774  -0.1768362366  -0.0417901478   0.3048607496  -3.2611807649   0.2449786915   0.0959037272  -0.4390752034   0.6053989112   0.6940359366  -0.7839974284   1.0024769300   1.4571129405  -0.6945899749  -0.8499249039  -1.2478672452  -1.0305431100  -0.4253997928   0.4141764449   1.4070986720   0.0318102354   1.2773697467  -1.9448415467  -0.9302047929   0.7603206625  -0.7489931070  -0.0938217782  -1.2961718073   1.2591435512  -0.3221203349  -1.1190962804   0.2620038622  -1.6066043053   0.6120772536   1.2283154048
 0.0254547635  -0.1632976152   1.2464025510   0.6006400961  -0.1545728424  -0.7840038276  -2.1092203834  -1.5709234768  -1.0620949812   0.8689723226  -0.0812602458  -1.9016709232  -1.0794357825  -1.8068820225   0.0917486651  -0.2813138697   0.3170209623   0.2955071205  -1.6041307642  -0.7105955988   0.2723886040   1.2246721853  -0.4749704238   1.1566171096   0.1039104912   0.6720747700  -0.4054797598   0.7752820785  -0.3595595979  -0.3981951215  -0.9293808023  -0.4045928636  -0.3589120220   1.5127372401   0.3513322634   1.6262401206   0.1923894820  -1.1371410460  -1.9808512228  -1.5503017342
 0.2856959974  -0.5503621736   2.5065055579   0.5162350092  -0.3839094813   1.7716351420  -0.0291187748   0.0653398822   0.3424183669  -0.3476273920  -0.6676273062  -0.6266123820   0.0264807407   0.3238395141  -0.0226344214   0.2456347056   1.8769410636  -2.1608185837  -0.1026134118  -0.3439532047   0.1375931073  -1.4419360009  -2.2143617838   1.8272999601  -1.9782395077  -0.3366850314  -1.7402099989   0.3447705801  -1.2685261702  -0.7132111255   0.9236567549   0.1167133134   0.4119680949   0.1125592101  -0.5877679605  -0.1977600410  -0.5415868350  -0.9063321657  -1.8513647522  -0.7875973342
 0.6234187933   0.2308392464  -1.1633621799   0.0064472957  -0.7301119937   0.7259093115   0.5359722704  -0.1627050794  -0.2906402126  -1.2505915632  -1.4432120726   0.9150069687   0.4670193344  -0.5899380069   0.3683318592  -0.6027517725  -0.9557361638  -2.8172850869   0.3649361322  -0.8266652382   0.4396021787   0.1647211933   0.3280020295  -0.0580795932  -0.2418568966   0.3324650654  -0.1124086455  -0.9346742928   0.1066229046  -0.6986044239  -0.9322719858  -1.2803033573  -1.1343882901  -1.7987394913  -1.2762467978   0.2891600858   0.1008299222   1.4929689012   0.3412362746  -0.6703298870
-0.7887392311   0.2331717131   0.3185651305  -1.2562483430  -1.4744608649   0.6611867613   0.1666003147  -0.2379970912   0.1906531443   0.9163769946   2.8087500870   0.9553979976  -0.5853588324  -0.8230286716  -1.2829468315   0.4359000551  -0.5527288140  -0.8018722888   0.2313155963  -1.8359937986  -0.1770967052  -0.6921602641  -0.0572241190  -0.7952789133   0.2904615629  -0.8894173513  -0.9830949033   0.0546300742  -0.4379501039  -1.7473638993   0.3780327594   0.0498424990   1.3030313707  -1.7550758709  -0.0931949149  -1.4869918187  -2.1199360906  -0.0121029284   1.1545701831   0.6219845135
-1.4663744735  -2.9964143217  -1.0212769649  -0.1027831341   0.6270904586   1.1572722575  -1.4065826931  -1.8421305160  -1.7214972342  -2.4918172058   3.2608314050  -0.3261081159   0.3749314141  -0.2098815587   0.6294618191   1.2060628207  -0.0528049303   0.4265572455  -1.0241464156  -1.5497606023  -0.4788039894  -0.2081208357  -2.0289244204  -1.2633997622   0.4870344095   0.2404736556   0.5539059630   1.9493082767  -1.4304805802  -0.3944935617  -2.5880861118  -0.2671438536   0.3969810945  -2.0474583424   2.4045282443  -0.1939997591   0.1280494562  -0.0832724914   3.0462823156  -1.2537076200
-0.2989764882   0.2742885091  -1.5957499685  -0.5480648469  -1.6187859438   0.4598719498   0.7457258979  -1.1277085810  -0.9981972976  -2.0530926986   0.6973694913   0.7214830426  -1.6642886981  -0.9044651381  -1.0835557058  -0.7262918840   0.4952294591   1.1021357218   0.1487269307  -1.4266690961   0.3035067070   0.7373338208  -0.0489327789   1.1241176509   1.2161783369   1.1945469150  -1.1671349343  -2.8087097297   0.8522380831  -0.2883621493  -0.0633291534  -0.8382032474   1.4986349253  -0.8721277769   0.9328743321   0.7611015714   0.9928353267  -1.0337883908  -0.9246232811  -2.1496832115
-1.6755936503  -0.8354197567  -1.0368779119   1.2625667409  -0.1993616912   0.2007512743   0.0356826047  -0.6303486178  -0.5235668456   0.1354985516  -1.2431092640   1.4048428067   0.5699165186   2.0651197051  -1.9918489653  -1.2585314983  -1.3635811056  -2.1981006321  -1.7534029440   1.5317471042   0.2993100882   0.2518429079  -0.3056740490  -0.6119282840   0.4532643115   0.5025838258   0.6965650921  -1.0184273073   0.7842069072  -1.2725293968   0.3847535878   0.4953876931   0.5078147399   0.2250498001  -0.7469356374  -0.1018701165  -0.4193696630  -0.2720953070  -2.6905515150   1.4530461849
-1.3876456132   0.3953545796  -0.5795838149  -0.1593312410  -2.1129681258  -0.7250186731   0.4050845143   0.6656363344  -0.3117510431   1.3061652175  -1.4451691433   1.3472250916  -0.6863377625   0.0814167504  -0.8344962550  -0.9221205743  -0.0850189348   0.5486399372  -1.4035658732  -0.7026967890   1.9137730805   0.9541629976  -1.1008555559   1.4281875326  -0.7445481051   1.6439817084  -1.1027589317  -0.9874417999  -0.0123903943  -0.6156449335   0.5947014295  -1.3829145572  -0.7224164197  -2.2483345575   0.3166659530   0.6495938094  -1.5629301260  -0.7758455955  -0.6239058795   1.3441706588
-1.0981829679  -1.1967558977  -1.6861616182   0.6106582976  -0.6323732602   0.0075418246  -0.3231052229   0.2873875248   0.4781467216   0.0821132616  -1.7387470881  -0.6551466899   0.3151383815  -0.9179556838  -0.9635019914   0.1121415948   0.4742861878  -1.1816004765  -1.1993779774   1.5519650405   0.1286122734   1.9463182530   0.0407553382   0.3413789265  -0.6195750766  -0.0526600855   0.2051425103  -1.7734561378  -0.4582381930   0.7640247269   0.6088697268  -0.4223139758  -0.0861898755  -1.5511567327   0.5014529896   0.4832649409  -0.2190267757  -1.0536296123   0.6085831993  -0.4458385528
 0.1154818037   2.3664862167  -1.1077031880   0.6403192412  -1.4401865442   2.0885046360  -1.7204284543  -0.9148800105  -0.3733208841  -1.9005686063  -0.1668695416   0.2760091384  -1.1302825753  -0.0893827638  -1.8604910430   0.0047735143   0.6529851440  -1.6885950469  -0.5915856009  -0.2043344461  -0.2741612792   1.0444045939   0.8937081703   0.6578902091   0.1608305082  -0.8909593729  -1.8166705278  -1.0155733851   0.5362278683   0.6425428198  -1.2642000501   0.4150011374   0.5168118442  -0.2545964604   0.7738718489   1.1426786654  -0.4981767877  -3.2539876206   0.9144108804  -0.3569699291
 1.3464469180  -0.1604994159  -0.4688422495   1.2315384976   0.2627282003  -1.1010377310   1.7765684296   1.3967890731   1.3025047494  -3.0101836394   0.4142486964   1.4855285181  -1.3381556702  -0.1910690328  -0.4099811229  -3.3767855384   2.6095961484  -4.2954453560  -0.9433869344  -2.0172144010   2.2359128882   1.3151335801  -0.3423561009  -1.0951076967  -0.2118908687   0.0698398071  -0.4064434681   0.5050134710   2.5646104262  -0.8686910947   0.7191091220  -1.2980879689  -1.4718954917   2.7390753447  -0.2086697663  -1.2321780669  -1.7425469473  -0.9009277281   0.8736530967  -1.4922477459
 0.6637839305  -1.0177312414  -0.2847224988  -1.0471280163  -1.3914563445   0.4710701044   1.8609594826   0.7001578383  -2.6438466662  -0.1325322623   1.7467177193  -1.2400213272  -0.0333113785   0.6740821959  -0.7015537828  -0.2017121354  -1.3561103483   1.4026893738  -0.8285696261  -0.2785192685   1.7588848367  -1.4933387254  -0.4304849610   0.2814294627  -1.3404975073   0.3918636511  -1.0184823702  -1.1824175167  -1.3474402154   1.1867084038  -0.6648013805  -1.9808375665   0.1456470961  -0.7659380799   0.1807932944  -0.8521346022  -0.2479527796  -1.0058172505   1.0073321681  -1.1641612813
-1.5580562366  -0.6829767243   1.0273753944   1.0290892561  -0.3382095867  -1.0859714344  -0.6464196778  -0.0317156687   0.9887170413   0.7930300224  -0.9589687494  -0.9535142484   0.8633159618  -1.3769015606  -0.5034095032  -1.2371321746  -0.2290576874  -1.0770329815   0.2633439507  -0.6247816082   0.1604824263  -0.1385057669  -0.4182160413  -1.2625151009  -2.0611778567   1.3237298389   0.5357045903   0.0541960696   0.3051996952  -0.1323910015  -0.8073577832   0.1514474083  -1.7840970121   0.9114873577   1.0952368102  -0.7747283571  -0.3634701996  -1.2191825042   0.7694564252  -0.3138717445
-0.0112844874   0.5954192369   0.8232254957   0.2778106268   0.5869772618  -1.9113181799  -3.1109365814  -1.4228024197   1.2969239493   0.5571148501   0.2129301356  -1.1383554729   0.8069497728  -1.1923369106  -3.5106023632   0.0457315171   1.7360219734  -1.1386595196  -1.3801880398  -1.1471147585   1.5092493305  -0.0563005655   0.2734008120   0.5232783066  -0.7514790228  -0.7941054037  -1.1686508595   1.1602396079   1.1624511747  -1.2003565890   1.8133877209  -1.6494864552  -0.5387922490  -0.2007537056  -2.0606523479  -0.8123641252  -0.1482407818   0.1256197168   0.1269736469   1.6852179495
-0.9242512509  -1.8257918489   0.8331342319   0.6281756522  -0.4168305222  -0.4427241278  -0.0608532287  -1.3694742863   1.5253973249  -0.6646631531   0.8981374470   0.0340741463   0.3985928505  -0.1870947161   2.3299189998  -2.4667874482  -0.8893769645   0.4244539174  -2.0746930342  -0.2534015849   2.0379783746  -0.8263547628   0.7229237802  -0.2185126728  -0.2108153408   0.2604410609  -0.3967988798   0.1697337267  -1.3531081466  -1.1875177522  -0.5780648442  -0.6428940180  -1.0504097996   0.3696931203   1.2842285617   0.2333624146   0.1339098729   1.4454557798   1.2414312369  -1.2299096766
-1.3549957039  -1.4313208909  -0.5097091578  -0.8530671890   0.2829490784  -0.6894515300  -0.8422205133   0.7550413059  -0.3491876797   0.2269147735   0.1298341896  -0.8495695969  -0.8154364611  -0.0080075651   1.5601669922   0.3111083877  -0.4433765082   2.2494157818  -1.5337403561  -1.0149468683   0.0927141832  -0.9831451734  -0.7604836357  -0.2157046398  -1.3175922683   0.9368778098  -0.5462745548   0.6500371374   0.6952787945  -1.7033532667  -1.0661993035  -0.7303694014   1.6394687751  -0.4879145925   0.5371645016   0.7364297011   0.2346110138  -0.2024045277  -0.6897648447   0.0608974604
 0.0975390611   1.3849210058  -1.0703793894  -1.2261353537  -0.7136776425  -0.5102023783   0.4783246201  -0.9502239941  -0.1536072856  -2.3127958650   1.9363175155  -0.0966266778  -0.2932016427   1.1806478732   0.0879283296  -1.9272770650  -0.6897525062  -0.4643073766   0.8744671348  -0.9694905221   0.5650361551  -0.9515225823  -1.8327686145   0.3384808002  -0.6075045121  -2.5377411617   0.0741840268  -1.1166805557   0.1823803557   0.6541016273  -0.4754492206  -0.0480699942  -1.5467713323   0.3348308226   1.2848718944   1.7544548691   1.4009499136  -1.6591575102   1.9275055953  -0.6584224812
-1.3916336185  -2.3686293825  -2.9712669444  -0.3810040169   1.2037207893  -1.1379605567  -0.9154001877  -0.5370018537   0.0167482241  -0.9026172757   2.2431607853   0.2224576182   0.3475266694  -0.7657920543   1.0534740698   1.0534070471  -0.7233236246   0.7908781382  -0.2830928616  -0.4645914780  -1.7543714429  -2.9742435435  -0.2459809480  -0.0468039820  -0.3710263031  -1.3116704517   1.2822653364  -0.8528934619  -0.2767161250  -0.6182877801   0.0821716283  -1.2083197702   0.0211783001  -0.6457917382  -1.1003397332  -0.1153081977   0.4115126088   1.5206887071   0.7630502960   0.2334832448
-1.7337246272  -1.9994978170   1.2125410162  -1.3694329335  -2.5813157946  -1.3259673359  -0.6844834182   0.7473474970  -0.6587068178   0.8925463745  -3.6411445028  -0.1253915305   0.9474608042   2.8372885070  -0.9801720578  -1.1304589337  -3.1677522283  -2.6148201351  -1.2431857646   0.5547472151  -0.5482930363   1.3243876118  -0.0672465163  -0.7284189836  -0.1727765867  -3.1945271306  -0.8039262498   1.8438212047   0.7799428452   1.1221203914  -0.5577278735  -0.0093307727   0.7585729398   1.2103687689   0.8515488703   0.5676920924  -0.1260165225  -2.1222745812  -1.2191166599   1.8367852355
-1.8623192779  -2.2155539060   3.1493523684  -0.0976497814   0.3336113947  -0.1739242161   2.1145951989  -0.5598880877  -0.9821819374   0.8810185170  -1.6994931315  -0.5866079205  -0.2132336571  -0.7017956970   4.4305111719  -1.0609774759  -0.2834745352   0.1601479781  -0.1811289468  -0.5656083877   0.2227839685  -1.4802719572  -3.1700646018   1.3039954806  -0.8590817140   1.4812241584  -0.4625932186  -1.2497395283   1.3408399817  -1.0506767942  -0.3258822803  -1.4731167136  -0.8375075293  -2.1627163435   0.6640486434  -3.8525089064  -0.2564005652   1.9847509457  -3.9992015976  -3.0761504878
-0.0228988211   0.8436936171  -0.5982321596   0.6332615048   1.1062075502   0.4579663392  -1.8820774332  -1.5683831607  -1.2587219208  -1.2299958980   0.1315413816  -2.6013791673   0.6992051637  -0.2959817836  -0.4112771488   0.2877698034   0.0571322581  -2.9856786913  -0.9201084721   0.4527215973   0.8682079428   0.2600736907   0.2482897415   0.3178345593  -0.1923802586  -0.5486950217  -1.6418755189   1.0920015876  -0.6627019012   0.8706592166   0.2912259545  -1.7618164571  -2.4160965934  -0.5547933169   0.4257435244  -1.9022908327  -0.2191968054   0.7507870352  -0.2964306852   0.4671077944
-0.4567757917  -0.2241214370  -0.2529976824   0.7766696935  -0.0926609901  -2.8179560329   1.0046951639   2.0623439424   0.5311524169  -0.6367538158  -2.2645876806  -0.3546240038  -2.4539193487  -2.0618881523  -0.0614526550   0.5023749542   1.6348091023  -0.9850164426  -0.4015222422   0.2139116661   2.9430254516  -1.0500784409   0.1014192920  -1.0084943555  -0.2583692999  -0.2478027116   0.8969321327   0.5257527716   1.6412830183   0.8059815071  -2.1444128459  -1.1227499717  -1.0614047992  -0.3968205999   0.2794421676   0.5169578614  -1.6524404357  -0.3380588914  -0.7024005846  -0.9535228463
-0.1369868505   0.6944585655   0.6205132585   0.8264697425  -0.0229342091  -1.9336433901   0.4544716250   0.6950867214   0.6915135435  -0.2929285704  -0.1211955084   0.4485769409  -0.7071116924  -1.3822009191  -0.2841905744  -0.9582358516   0.7456261513  -0.7263294116  -0.2883297440   0.2725358614  -0.7654469938  -0.6199009703   0.9133123419  -0.0564400322  -0.3626642429  -1.2770524772  -0.5636709293  -1.4895932566  -0.5183278240  -0.4677732090   0.7773969545  -1.8933452804   0.2746208280   1.1713105741   0.9817748169  -0.4387562472   0.2147954755   0.2957851723  -1.5342472137  -1.2184459470
 0.3631952871   0.1332926731   1.0192897387  -2.7079811240  -0.7408831833   2.5170935275  -1.7511257642  -0.6902733459  -0.6837773118   0.0281481609  -0.1210662008   1.8187371342  -1.1738766505   1.5554270884   0.3641016027   0.8265500116  -1.3509592679  -1.2294826573  -1.0048796086  -1.0031283674  -1.6456522608   0.5922423813  -0.7673825019  -0.3112894843  -0.5298975594   0.6797075220   0.0157165045   1.1224429951  -0.3257262391   0.5440458373  -0.8786752567  -0.4379309150  -2.3821857381  -0.9905787151   0.2116296094   0.6419215482  -2.2140504775   0.7625659377   1.4711713477   0.9662296545
-1.6981691671   0.6856825710  -2.7446905878   2.3272303976   1.3312896897  -0.0542308016  -1.0377585373   0.6049565342  -1.5505312271  -3.3435996780   2.2487798199  -0.9700748991   0.6820799592  -0.8333371463  -0.1551477330  -0.8986591286  -1.7444347117   1.2067874302  -0.3986114554  -0.3662545096  -1.4133246282  -1.8660985735  -0.2130364205  -1.7395555431  -0.9771335963  -0.5272788826   1.0908103127  -0.8802372722  -2.4000179732   0.8451592884  -2.5552119385   0.5800788390   1.3981343260  -2.1425381995  -0.9997891774   0.7351398246   0.6552083322  -0.3182104984   2.7949593630  -1.4596122856
 0.5368736183  -0.3245714248  -0.9191147387   0.5931411509   0.0940280127  -1.0814369238   0.1188004989  -1.7113421798  -0.0846346943   0.1688592426  -0.3406610447  -0.3079245860  -1.9588501173  -0.1812667468  -0.1114529359   0.5149684344  -0.2750187383   0.5839338705  -1.1701412578   1.4178658446  -0.1238718372   0.5737093152   0.2306299997  -0.8752221462  -0.1206215657  -0.5011695106  -1.6935940170  -0.1106135115  -0.6188030935  -0.2362967349  -1.4029619916   0.2126981412  -2.0113658219   0.0183911787  -0.5855762376   0.4137673513   0.9500484758  -0.1729580799   0.1764358122   1.4058132205
 0.1599489807  -0.8907753457  -0.5452576749  -0.3830849403  -0.5355427286  -1.2071786526  -0.3241563442  -0.5548465994   1.9068370769   0.0239359974  -0.7726978779   0.1051405304   2.0231332276  -0.9075087024   0.1193781491  -0.5200547591  -0.4715352366  -0.4069878207   0.5047672250   0.3805214292   1.4190882579  -1.0615142756   0.5591104821   0.3831728599   0.1550097213  -0.6794837965  -0.9707677916  -2.9097788561   0.7810123101  -1.1693353494   0.3160099502  -1.4007874292  -0.9262029456   0.9140674370   0.1889095898  -1.6104160658   1.0209872565   0.0917557751  -0.1154971413  -0.1692280316
-0.7562633348   0.5190812017  -0.0692824352  -0.3802669721  -0.5625769014  -0.5402249861   0.4027284197   0.9658410103  -2.0960509751   1.6379284764  -0.7115188317  -0.9755212621  -1.6303779536  -0.3383031860  -0.3669686050  -1.0028149563  -1.2050139108  -0.4723191037   1.1464110314  -0.8131344446   0.6340992862   0.1200966747  -0.7017985111   1.8851594400  -2.8284138125   1.0187645461  -0.1309970945  -1.1297648412  -1.6352629359  -1.4431234147  -1.0683861354  -1.7517076808   0.3103213032   0.8941964187   2.0222338326   0.0281305605   1.0888022282   0.9426708979  -0.7642814299  -1.3715836685
 0.3116603135  -0.7182838223  -0.2101415821   0.5713366903  -0.6017893669  -0.9562004464  -1.7393991210  -0.1661539565   0.4920820785   0.8405919828  -2.2183628734  -1.1830073909  -0.3445062577   0.9816378312   0.3239647227  -0.7511113901  -1.4018168008  -0.9439147200  -0.7683782693  -0.4642704489  -1.4828949163  -1.6919351945   0.1060436423  -0.3375563586  -1.1341997699  -0.8177580932  -2.0141664516  -0.5485512989  -0.4840462592   0.6829225986  -0.4692305771   0.0518935941  -0.2981676941   1.2052827171   0.1764001899   0.6538149566  -0.3253332158   0.5177870635  -0.6987009119   1.0181791185
 0.0919920275  -1.8387386326  -0.2841391958   0.1424964847  -0.4773604098  -0.5152799003  -0.0755245189  -1.2406390859   0.7368457731   0.5135826753   0.5953321292   0.6779144114   0.6882684724  -0.0409361311   1.3824682223  -1.5364508532   0.6590033454  -2.1629917608   0.1722592163  -1.3054766046   1.1247957436   0.4664199458  -0.4419564581  -0.2227152203  -0.6505799131   0.7016350231  -1.2054546933   1.1616343088   0.0471229091   0.9434322042  -0.9256626193  -1.1540335176  -0.5368848652  -0.3579024450   1.9860879189  -0.3486198345  -1.6750513954   1.5769038545  -1.8348381694  -1.1821325657
-0.0630271697   0.0268648056  -0.0170257301   0.8009980335  -0.7118282423  -0.5328824272  -2.2831541565  -1.8340113745  -1.7115543099  -0.0084188502  -0.0602779954  -0.2760205461   0.1186063978   0.2562293770  -0.6104715837  -0.7782085695   0.3113935942  -0.3464758714  -0.1880143896   0.2345094950   0.8559314132   1.1158816089  -2.3972814646  -0.5193688644   0.9903951809  -0.8687734625   0.1872202735  -1.6697755916  -0.7202253537  -1.4769402236  -0.1944502294   1.3236034618   0.1690355659   0.7708888696   0.2467955433  -0.7298475700  -0.9049606979   0.4663895018  -0.4563469355  -0.4226003634
 0.1346009903   0.8876563174  -1.0490540280   3.0067482180  -3.1981344501  -2.3230269459   0.5979526041   1.1886178425   1.2301371384  -0.7879375106   0.2628441521   1.7108941764  -2.3134929284  -0.2632975107   0.6659086191   0.2606256712   1.5163539283  -2.2456869174  -0.6183094470  -2.4710687126   1.3270671520   0.1793169148   2.5239828138  -2.2612085811  -0.6910818798   1.3980967107  -1.3513637769  -1.0478632104   1.3588921462   1.5676481631  -0.7452862059  -1.1384994087  -1.7760736497  -1.6843839621  -0.9300590845   0.0329611033  -1.5439565751   0.0751847397  -0.1239297817   0.0260535543
-0.3299496169  -0.2502429268   1.0760501885  -0.1622365966  -0.1183397307   0.2285443933  -1.6582856548   1.1257048344   1.1468910775   0.7220311692   0.9059543528   1.3385025241  -0.1465104219  -0.0128292179  -0.9026444639  -2.7086384512   0.4906400432  -0.2969949194   0.7519869024   0.5972916943  -1.2211421629  -0.8566127552   0.0658006521  -0.7503639908   1.4242651589  -2.4022024320  -0.4924078592   0.9461146006   0.2453629009  -0.7140481922  -0.6376605245  -1.8998595138   0.6835841974  -0.5273639007  -0.4989219500  -1.5530817624  -1.8693720626   0.6114803863   0.4243839447   0.3337652112
-0.8095480721   1.1322890085  -0.1748190459  -0.2176535711   1.7726471625   1.6148043096  -0.4091141001   0.1960622119   0.1410301703  -0.3338637193   2.7506622328  -1.3318494175  -3.1649382311   0.3260154672   0.6437046377  -1.5468527950  -0.3541279661  -0.5590843677   0.4538682623  -0.9507207304  -1.8679256788  -0.8705854974  -1.1611614137  -0.6781458253   0.5982320054   1.2922708270  -1.3574439435   1.7172050188   0.1161730036  -0.7206871552   0.2382839340  -1.3570228615  -2.4674178244  -1.3756335798  -1.2591758762  -0.7321582415  -0.8117346963  -0.5058556258  -0.2045449080  -0.9919871833
s2
 1.4653610341
 0.3024558432
-0.3922711233
-1.2772787926
-2.0932432152
-0.4774598454
 0.9644011220
-0.2013439503
 0.3356688823
 0.3101960482
-1.1123619957
-0.5402895955
 0.3017785042
 0.6135757512
 0.0189869875
 0.4398145018
-1.6924733662
-0.2584136054
 0.1816210980
-1.6180738092
-2.2022719791
-0.8225525060
 0.4372906210
-1.8388950641
 1.0235772668
-0.9211005008
-1.4747942402
-0.2953802642
-1.3117272870
-0.4313096213
-1.2852942276
-0.0217636406
-1.2432323089
-0.8682336784
 0.5137621166
 0.5930623663
 0.4075434887
-0.1575438678
-0.2357044524
-0.4776992280
w3
-0.1123472650  -0.2880472265  0.1957774491  0.6928927621  0.4422624186  -0.5995439206  -0.6240392317  -0.7795553280  0.3387376883  0.1650494549  -1.5985848053  -0.1810104858  -0.8172089799  0.4339913255  0.2831065802  0.7017431228  -2.6319150387  0.0994670975  -0.0809602437  0.9996381054  -0.8420375888  -0.7097992747  -0.8049920247  -2.0340438653  -2.2845228133  -2.1678746251  -0.3300730389  0.7016191290  -0.4340960830  0.4366471601  -1.8292871554  -0.0980465950  -0.0814552770  0.7971822803  -0.6038646620  -0.0449472465  0.1505090135  1.8539344532  -0.2596778479  -0.4568237327
s3
0.8194182111

