layers: 4
str: {2,40,40,1}
w1
-4.4079456551  -0.1732763431
-4.2565217743   1.0368774038
 3.0398814370  -0.3839529639
-2.5624987677   1.1987419971
-3.5941800526  -0.9003109263
 2.2843497096   2.1805753891
-4.4145061884   0.5719386704
-0.3196813114   4.6354687103
-3.0910458457  -0.6083847675
 8.5408695585   2.1436669829
-7.5177279891  -1.6302658676
-2.3982566029   0.3857851517
 1.4849930751  -2.4326377818
-5.4010381769  -1.7224109530
 2.7621991176  -1.5708258364
-3.7519061809   0.0927143605
-3.7648337834  -0.7452385287
-0.2992324935   3.9041426668
 1.6118881305   0.4273843790
 3.5923568414  -1.9638116895
-4.2603570141  -1.0015275983
-6.7193746306  -3.2345929647
 2.6082564834  -2.0712114079
-5.9648487347  -2.4264276942
 1.5659161827  -3.4372112956
-2.6052444434   3.2093403597
 0.0039574124   6.7140394112
 1.6438488790  -2.8910219710
-1.8513452633  -1.5738994229
 3.3141601388   1.2643588960
 4.6843954975  -1.4032788740
 3.6592759224   4.7829944483
-0.4670796110  -2.7102057755
-2.0308402735  -3.7103594974
-0.3966685756  -2.4394695549
 4.7820379228  -1.2724831631
 3.0187435516   0.3864699677
-3.1255376062   1.4591554705
-7.7457189594  -1.6315409567
 4.9089161213   4.2922749596
s1
 12.5383524393
  4.6118298564
 -5.2898115697
 -5.9005327564
  5.4264861656
 -5.0000042783
 -6.7367340888
 -0.0954651209
 -7.9471181463
 -1.1957665926
 -1.2978842925
 -6.3290546784
  3.7626385785
 -9.1429752523
 -4.1055321664
  7.0739373581
-10.0067820682
  4.4169631759
 -4.6450122273
 -1.2560784186
 -5.4053361948
 -2.2180775745
  0.4246694194
 -5.5416233592
  1.1059253891
  0.8397414886
 -5.7401490140
 -5.7120506758
 -6.4666212683
 -7.1897229708
  6.0156788673
  1.4529309050
  0.3972315040
  2.4683606961
 -6.7648153532
 -0.2473659317
  4.0217096722
  2.5617165229
  6.5780176663
 -3.9292836096
w2
-0.5642920522  -1.1593873396  -1.6397358710  -0.5562435322  -2.3438751025  -0.1987816737   3.2304699483  -1.5427308835  -1.4259920579   0.6719114474  -0.9031926063  -1.4895202718   0.7302425351   0.3567731261  -0.9920322101  -1.9553930277   1.3940968581  -2.6993081902  -0.3343857414  -2.4135881053   0.5371700475   1.5415496272  -0.8040351676   0.7745467038   1.7390738200  -0.8165044513  -0.3692866064   1.7167912983   1.1683781843  -0.2756183458  -0.9482495863  -0.3793209820  -2.1973661295  -0.8377106410   3.8519981441  -2.1747400992  -3.6904959278   0.0129582554   0.7542431597  -1.9969906844
 0.0416625870  -0.6064743268  -0.8961307455  -2.9621734099   0.3976723353  -0.7220612156  -0.7297670358   0.3806088215  -0.3928831880  -1.0962364310   1.0057204969  -1.5121101198  -0.9930222582  -1.5611987937   0.4156424207  -0.7468314732  -0.3529539587  -0.2618257033  -1.4181872941  -2.1157769425  -1.0418262316   1.2060442545   0.2845199565   1.1436194663  -2.1098731514  -1.5764927345  -1.6404473215  -0.5667689304   1.1454998322   0.4116666485  -1.4037857162   0.8379797040  -0.0282708713   1.6569045360  -1.4005036045  -1.1151501755   0.0455301656   0.5844536255  -1.0425910132  -1.3746862315
-0.0009374883  -1.5583648908  -2.5878424975  -0.0754899300  -0.5198809924  -1.0084254051   0.1183292476   1.9889457953  -0.3370823112   0.3674826507   0.0209984592  -0.8077208491  -0.6369780996  -0.7758503221  -1.3975116599  -1.5935640689   1.0299493209  -1.3222448217   0.7381988876  -0.7420472307   0.8403148264  -0.2220243734  -1.6646762458  -0.1896193745  -0.0658629510  -0.9091196547  -0.0178267009   1.8014694311   1.0062472493  -0.9080658978  -0.3933874812  -1.6037859281  -0.9521030780   0.6170600633  -0.0133459423  -0.6421662834   0.9612519680  -0.2392552678  -0.4996518415  -0.0600212184
-1.5437660882  -1.9839217178  -0.8363751995   2.0083939626  -1.5835416056  -2.1155561208   1.2662223885   1.8344264575   1.0905898587   4.2983341716  -3.5478157542   2.4482118407  -2.1364100264   5.6996525132   2.4825078754  -2.9319289922   2.8101554096  -1.8713723999  -0.2306223344   1.2416832467  -0.5705738787   1.7715117236   0.6375906688   0.2746977785  -2.7073550695  -1.8329504684  -1.0669267617   1.9026949502  -2.6873830076   1.3798657066  -1.3475922635  -2.6017979624   1.0309913426   0.5199611568  -3.3673570875   0.9086779352  -1.2813180219  -0.2600695393   4.0903356498  -3.4906659619
-0.4038463216  -0.0899998614  -2.1314980839  -1.4469096306   0.1521218853   1.0269843260   0.5176181484  -0.6405713627   1.3170213944  -0.5054020430  -0.8762725883   0.3371268611  -2.4161216665  -1.7590279683  -0.8715608694  -0.4637042632   1.3537244434   0.1599278834   0.6998950689   0.6019187304  -0.7733263160  -1.5734616668  -0.3159319464   0.7723177103   0.6677349096   0.0103335752  -0.8722147426   0.7408439291   2.2486732904  -0.7298297054  -0.3944876719   0.4045308385  -0.1497519231  -0.0773338712   0.7411201429   0.0410786437  -1.9604833391   0.3927919808   0.1818726753   0.3851492445
-0.3382099129  -3.2578055174  -2.0240113782   0.9096803911   0.5155108480  -1.3731233823  -0.5199485775   1.6901638482   1.9689239829  -4.7200012530   1.1839143720   1.6011521194  -2.8371072685   3.2778612351   0.1908824447  -0.7203547078   2.1529625056   2.7565830574  -0.9414534560  -1.9384305176   0.0509365857  -5.4270501638  -0.9629743041   2.4090982860   0.0434780512   0.0077355036   2.7990529715  -1.8488247134  -2.8503419642   0.1778185660  -2.7190043493  -2.6469788026  -2.5128323641   2.8840063689  -1.9334746230  -1.8382129868  -0.9040867577  -1.8500486159   1.2944018324   1.9261749295
 0.2011141479  -0.3594952028   1.0586052145   0.5615205615   0.0820211362  -1.2271261140  -2.3239007632  -1.8011086358  -1.1067395996   0.3557622494  -0.0566224720  -1.9729849104  -1.5056254834  -1.8637059861  -0.2080459396   0.0506713254   0.3333290577  -0.0323483488  -2.2112711950  -1.0247946652   0.0368482279   1.1289967780  -0.6051310102   0.8226485956  -0.2628132306   0.2399862203  -0.5332941859   0.6525011378  -0.3598767399  -1.0930855185  -1.3527086492  -0.8393510984  -0.7162404272   1.1929661351   0.3658186169   1.4996453771  -0.2192171884  -1.5127294952  -2.8181703648  -1.7897114782
 0.3261729014  -0.4987714746   2.1605871338   0.8687482134  -0.3524944590   1.5905884363   0.1741613485  -0.3656641349   0.8305053892  -0.7789827955  -0.4237127730  -0.4230429277   0.1072024430   0.2009644478  -0.3037823301   0.4579778502   2.7155387061  -3.1555975072  -0.1274116933  -0.6061701408   0.4213391684  -1.4517647255  -2.7263450237   1.6288958759  -2.4017637094  -0.1645795849  -2.1755543367   0.5635512652  -0.4134717524  -1.0086256467   0.4444041809  -0.6348441402   0.4375152916   0.1670941752  -0.0889608163  -0.6156672840  -0.5542911865  -1.0086142855  -1.5573017274  -1.2088857624
 0.5327843492   0.1386766041  -1.1359507943  -0.0033913431  -0.7510661696   0.7163486131   0.4987529654  -0.1825553218  -0.1839499303  -1.3515009778  -1.4585414874   0.9275992567   0.4371341613  -0.5512721020   0.3660246906  -0.7659515902  -0.9492012004  -2.8076995167   0.3004778133  -0.8276844911   0.4921886755   0.1349125847   0.2577826758  -0.0043808333  -0.2411464257   0.2819492152  -0.1393325624  -0.9501504470   0.0950361583  -0.7295096120  -0.9741950093  -1.3527537365  -1.1242860984  -1.7442997974  -1.3271609489   0.2465221550   0.0457587462   1.3956642710   0.2648448983  -0.8729971434
-1.0338612311   0.0281481405   0.4817074607  -1.6402513887  -1.5748921817   0.9921277949  -0.3385354487  -0.3509123694  -0.1092284473   0.3860013783   3.3420627967   0.7038402782  -0.7061924448  -1.0411034465  -1.1358332987   0.2821698185  -0.9635697020  -0.7861178618   0.3376201229  -1.7167111390  -0.6369344871  -2.0885948867  -0.0034048545  -1.2603461694   0.2130991146  -1.0299322587  -1.0853288518   0.1381510762  -0.5065183267  -1.7337664607   0.1059838482   0.1167316336   1.3391637343  -1.9088189767  -0.1956018291  -1.4978218419  -1.8539679463  -0.1388850980   1.3280677221   0.7026077903
-1.0204722610  -1.9190424555   0.1674163156  -0.5859623076   0.4799655976   1.5372689645  -1.9871112499  -0.8993590132  -1.8135607627  -1.3472371031   2.7130865021  -0.4479129763  -0.1465215308  -0.3490136789  -0.6606963972   0.9719239488   0.0654213950   0.0437470962  -0.9414004854  -1.6529162876  -1.1433226293  -0.2741604732  -2.1958051083  -2.3995043947  -0.2175684702  -0.2382380568   1.7247406348   1.8380660420  -1.2809862378   0.0563272852  -3.3517823597   0.4269057928   0.1930814196  -0.8170263056   2.2896433516  -0.0770343435   0.6051605543  -0.7951921569   1.3627465641  -0.8787571140
-0.5029818763   0.1247364516  -1.6236729088  -0.6048001539  -1.8091632752   0.4330183484   0.6509455251  -1.1790104347  -0.9950786671  -2.1389948922   0.6067051090   0.7107550093  -1.8632331148  -1.0331543719  -1.1860426836  -0.9739068756   0.5171784008   0.9781309867   0.0849415964  -1.5769084077   0.1770053817   0.4982770440  -0.1613668445   0.9476048670   1.0269203973   1.0274848198  -1.1959121688  -2.8788105538   0.7761428648  -0.3590476239  -0.2526965607  -0.9440119935   1.3055169171  -1.0288362773   0.9528529689   0.6460780391   0.8494591647  -1.1910266643  -1.1418015429  -2.1679462008
-1.3567464206   2.0930978651  -4.2464125028   0.8031797475   1.1416773081  -1.4751142778  -1.1669015109  -2.1899919392  -1.5057435768   0.7998025451  -3.0701373706   0.8429877270   0.3904882375   3.5605358389  -3.2299614637  -0.4865443075  -2.9388635541  -2.3056966208  -3.3021644815   2.7887024896   1.3444397665  -0.7037100960   0.5386827447  -0.8314375043   1.0085299696   0.4852333969  -0.4820994934  -1.6504720949   2.0007449594  -5.2628020108   0.7334633985   1.3994844835  -0.4371363714  -1.2025190709   0.3839451544   0.8708809003  -0.2725786963   0.4841196156  -6.0234442804   1.5240072160
-1.6516527782  -0.0292944689  -0.5875393690   0.2825664935  -2.2409326562  -0.9878714818   0.6138774163   0.3877699363   0.1116313123   1.0518404653  -1.5339339682   1.9105609933  -0.9013233903  -0.8985437007  -0.7434556320  -1.2775368956  -0.3306724182   0.4139789969  -1.4972869429  -0.7150691337   2.4483771193   1.3872403117  -1.2553896169   2.6997106310  -0.7089076316   1.2910469976  -1.1716997926  -0.9949804648  -0.3328742127  -0.7115934780   0.2939547117  -0.3853937156  -1.0786611925  -3.8053985790   0.2174835032   0.5072371102  -2.0556810398  -1.0664966450  -0.8062715092   0.8567530580
-6.7049604884  -3.3863365369  -0.2438969718  -0.1363918587  -3.9822189696   1.3996477845  -1.4819914948  -4.6572605285  -0.3280974416   5.0991368662  -4.9617226736  -1.3459517837  -1.4481261573  -1.9582516202   1.0061257316  -4.5745852308   0.0403682879  -0.4589611704   0.6819094906   2.1524571764  -0.2991273227   3.4111903592   1.8000498528  -2.0045866967  -2.6067804634  -2.4654517227  -7.2558309731   0.0694825260  -1.3199013749   1.4580635385   1.2712833182  -1.3638076846   2.3928139256  -2.2048274636  -0.9477740000   2.2516661700   0.1932238781  -4.1609471947   7.4413975883   2.7017321999
-0.0808813418   2.2872711579  -1.1898232164   0.5285843818  -1.6697767695   1.9156696261  -1.8649720222  -0.9052356448  -0.4170577353  -1.9739344965  -0.3437718022   0.2190761176  -1.3763634691  -0.2368446690  -1.9340132479  -0.2869282135   0.5965467453  -1.9560014972  -0.7102375920  -0.4752811285  -0.4398126934   0.9417374423   0.6039289653   0.5898895462  -0.1103108919  -1.1057368087  -1.9516629361  -1.0580778183   0.5699394680   0.4401480422  -1.4806116380   0.2166620862   0.1946847369  -0.2811573132   0.8164458120   0.8623408707  -0.7999529592  -3.5684617418   0.7759728613  -0.4012138239
 0.6571354855  -1.0535651511   0.0729596001   1.1965482069  -0.1727642989  -0.5420967649   1.3014677206  -0.1999027904   1.1434820984  -2.2447034230  -0.5914618124   1.1199927683  -0.8475636757  -0.3341683665  -0.3456461623  -2.2001532118   2.5609038585  -3.2070399766  -0.3875641987  -2.5716489667   1.1783406103   0.7450983046  -0.1667084135  -1.3592910658   0.5508393675   0.1327884504  -1.0994424590   0.1484297813   2.2326758100  -0.5947963671  -0.0738503848  -1.0895633717  -1.2991356528   1.1477938160  -0.1108890728  -0.8933448659  -1.3974294035  -1.5971284231  -0.2827000871  -1.2521473601
 0.0278201805  -1.6505942233  -0.5238543324  -2.0546244143  -1.9016061664   0.3719431502   2.3432921532  -0.2532269249  -4.2426046683  -0.5040266276   1.4438490497  -2.3155746031  -0.5595996593   3.9231621068  -0.6575679958  -0.7073118796  -4.3505025733   1.1357076649  -1.0150801899  -0.6007374876   3.9159220071  -1.9893843809  -0.4519651257   1.5235291916  -1.9005785436  -0.6534283464  -1.7734776121  -0.8071505908  -2.2626979257   1.1090628807  -0.4925410646  -3.6125972049  -0.1453906639  -1.1389857687  -0.8841362247  -1.2051569292  -0.8789075784  -1.4692175680   0.6485994535  -1.2607523857
-4.8920873473  -1.5743911271   2.7420622655   1.0121676279  -1.0190853278  -0.1223698593  -0.5519647064   1.0508323620   0.9898763805   0.7923847039  -0.9854226131  -0.9612576312  -0.6154666420  -1.4106233621   0.8134684047  -4.1105324769  -0.1576754725  -0.5145236982   2.7482320899  -0.4754359837   0.1631473645  -0.2243434659  -0.4041793557  -1.3241322884  -2.1531677908   1.2830475237   0.1718520347  -1.3588965401   0.3421297811   0.9625970735  -0.7772258993   0.1130327075  -3.3863183353  -0.3827139224   1.0847646011  -0.8216068309  -0.2651441619  -2.1603875377   0.6358411139  -0.2034714040
-1.3646678837  -0.4378150702   0.1971030205  -1.3307798393  -0.2070362770  -3.7273962023  -4.5753641409  -0.4163089507  -0.5774811048   3.3725475888  -2.4857593143  -2.9294977366   0.3246150451  -4.0596943781  -4.3965214603  -1.0729048597  -0.5260696705  -0.1273839553  -2.0841097146  -1.4475847922   1.3274040275  -0.3686360238  -2.9204597744   4.2295649803  -1.0505056908  -0.0952189408  -0.9868870255   0.0539752756  -1.1984626651  -1.5572206245   3.0943184081  -2.2706128882  -1.0164096583   0.5321997955  -3.0342021432  -3.3445240445   0.7272873661   0.0173488187   4.3618081216   0.3391805838
-0.9709274131  -1.7355525043   0.9922043644   0.6635118429  -0.8270004403  -0.4917544742   0.0131252672  -1.2577912979   1.6107490183  -0.2571450247   0.4954875957   0.1720337930   0.2561031849  -0.0513244828   1.9644116114  -2.6432780012  -0.6640581479  -0.0293539168  -1.9906300068  -0.4276495274   2.0368125153  -1.2141153615   0.5894154260  -0.3608765624  -0.4079831444   0.0034096355  -0.3693101423   0.2643078504  -1.2838151658  -0.9864385719  -0.7173039571  -0.7582564910  -1.1840524226   0.5305544085   1.2349614367   0.2625455802  -0.1045774487   0.9749478398   0.9071794968  -1.2305967153
-1.3969640605  -1.4395962549  -0.7794165359  -0.9175733437   0.0293202890  -0.7768991256  -1.0169418674   0.7047250144  -0.3834507519   0.0702204755   0.1400859429  -0.9014108953  -0.7890644441   0.1328471481   1.2998397224   0.2947967761  -0.4612217137   1.9617784239  -1.5909256280  -1.0802826643   0.0381113517  -0.9969165856  -0.7015623241  -0.1564586794  -1.3221223146   0.8087203447  -0.8301152041   0.7332363088   0.6852383187  -1.6925702151  -1.0806521985  -0.9145673856   1.6013915464  -0.4855522252   0.5249121241   0.8002022467   0.1389722136  -0.3609459288  -0.5198586045  -0.0559231525
-0.3263873502   0.7617155507  -0.9904434793  -1.3965914698  -1.2206521183  -0.5897510590  -0.2648749620  -1.1994997524  -0.1671607956  -2.1674026812   1.6462034779  -0.1273223182  -0.4598836369   1.0183905207   0.8222652640  -2.0752086111  -0.5954514839  -1.3323805706   0.9244380091  -1.1326224757   0.0089464824  -1.2491215665  -1.7445794239   0.4057089296  -0.7305091428  -3.1640540152  -0.1814950631  -0.7926054730   0.4966080844   0.7352271219  -0.5946657687  -0.2492003237  -1.7729301291  -0.0891540382   1.5621929676   1.9580610067   1.1683601362  -2.7021081608   1.3705969073  -0.6882942093
-0.9644545504  -1.8283940331  -2.4144972271  -0.2277779374   0.9831608186  -0.9837327036  -0.9631992099  -0.0738725883   0.2574064698  -0.9749530838   2.6748059953   0.5543036152  -0.4882171130  -0.6023525232   0.1661055292   0.7094524443  -0.7068208625   0.4072877249  -0.4907573808  -0.8167021758  -1.7916946611  -3.1487742789  -0.3528322774  -0.5553652481  -0.9223900950  -1.6554771417   1.1611367708  -0.2699858994  -0.0004592951  -0.5815161855  -1.2854364865  -1.3324813345  -0.4172616958  -0.4766103637  -1.1280962030  -0.1167710859   0.1277844627   1.1215094492   0.0309161076   1.1638911592
-5.0062137010  -4.2985851562  -0.0903890937  -1.6658907168  -2.7708751995  -2.1730020443   0.0636602571  -0.2402981045  -1.3104155899  -2.1728363043  -3.2533238411  -0.8332105940   0.7316164686   1.0765898522   0.2795853485  -2.3061677981  -4.3220754434  -1.2186556729  -0.2767107586  -0.0536959900  -0.0810169639   6.0320986437   0.1239719311  -5.2452431324   1.5707701020  -2.8953602625   0.3295781654   0.7032398512   1.8849562651   1.4194201185  -0.3794274701   1.6367976326   0.1689471913  -0.7591913421   1.9674903480   0.9043656289  -0.7888656744  -1.7305334261  -4.1951891752   0.7026549199
-1.5653743776  -1.3233904977   0.9414872128   1.5295491566  -0.5497224379  -0.0876847642   1.7850960017  -1.2830799442   0.9411173944  -0.8875147596  -0.0322380282   0.9666728083  -0.5565039910  -0.2248758794   2.4759610780  -0.4195390997   2.0775569463  -2.4054317288  -0.1023090134  -1.5746559962   0.6695541519  -1.0331622318  -2.8066068601   0.9236017290  -1.3536134688   1.3945807318  -1.7435840989  -0.9497591727   2.9030052990  -0.7864251487  -1.7128939238  -2.0924390191  -0.6029617009  -1.9584405165   1.6676707038  -3.5329741526  -0.8331762536   0.4529304556  -1.4953092285  -2.5583469439
-0.3863344481   0.5096433125  -0.6397322978   0.5028432604   0.7305811602   0.4752357633  -2.5087164693  -1.5865361045  -1.8191306981  -1.3388337731  -0.0386682603  -2.8646229576   0.3560632158   1.6562718649  -0.5163519079  -0.0226769351  -0.7626188690  -3.4098009962  -0.9518846637   0.6472042508   2.2567463631  -0.1248952110   0.1930143437   0.1089803179  -0.5673973773  -0.8888346620  -1.6230099053   2.1999532405   0.3018314999   0.8583145251   0.6321567527  -1.7385227617  -2.7566190753  -0.9432681247   1.2765968071  -2.1351092735  -1.0167973600   0.6035564328  -0.6528393321   0.4868065471
 1.5687705530  -2.3319027212   2.5825258760  -0.0385661945  -2.9818347415  -1.6382175896   0.7254246666   2.2363681110   0.1159337617  -0.6516162355  -2.6905959572  -1.2021321080  -4.9186685794  -2.2570654506  -0.0075062614  -0.0968663441   1.0313878035  -0.7690287960   1.5423759468   1.4262330860   2.2766676991  -1.1382492063   0.0640718066  -0.3086920401  -3.0544419943   0.6817978789   1.3956852795   0.2948231310   0.7654355860   4.6437692438  -1.9295787200  -0.8161400421  -1.4105534057  -0.9019924200   0.2257698936   1.7174990289  -1.1964373280  -0.8682032880  -1.2829363763  -0.9504276280
 0.4121601869   0.7559322771   0.4832989886   0.7485186916   0.3346536255  -2.2163577458   0.2081947673   0.5632364024   0.6308834202  -0.7058091502  -0.0222367549   0.4311164884  -0.8618840911  -1.7339856767  -0.4878915275  -0.8621772051   0.6568985081  -0.7498583179  -0.7003907699   0.3815773843  -1.1308437138  -0.2054457050   0.9712500085  -0.4979065779  -0.3694577467  -1.4652348433  -0.6154305012  -1.6919850884  -0.4621999900  -0.8461458014   0.7579980189  -2.4678686462   0.1158602870   0.9277774284   1.0409983944  -0.1581195432   0.2002883625   0.2021283390  -1.9672845091  -1.2729447634
 0.3491946466   0.8970699312   0.5269162540  -2.8458262974  -2.3074222970   2.5608047653  -1.7596546690  -0.8422613157  -0.6576431991  -0.0264159037  -0.4325445413   1.7408606045  -2.1882565829   1.4243141749  -0.0876615035   1.0289827256  -1.4306999370  -1.4533695939  -1.0070229566  -2.2082424683  -1.6106908794   0.4842604624  -1.8102244768  -0.4326074774  -0.7296747796   0.5601546978  -0.1453027710   1.0560277324  -0.3170622056   1.4440664291  -0.8789032890  -0.7122255394  -2.5797494226  -1.1021903915   0.1798433371   0.9404813191  -2.3932133640   1.2385331407   0.6495197649   0.7519995485
-2.3824857792   1.7573414402  -2.7285776979   1.5283789235   0.3883629688  -0.0941514088  -2.7480685571  -0.7144840437  -1.9058479371  -4.9490958499   4.2935253655  -1.5133777334   1.1517496724  -1.9140186820  -1.6580179730  -0.7533561083  -2.2556215426  -0.2985515741  -0.2509171969   1.0409995613  -3.5457010050  -1.3329664726   0.7506952945  -3.4808165596  -0.0215229315  -0.7430974800  -1.5827793018  -0.5293626629  -1.9884197613   0.7776394805  -1.4948228249   1.4703407817   1.1923112909  -2.2463716984  -1.4259119549   2.7010862363   1.1132621430  -0.9961412488   1.1578516780  -3.3733110395
 1.8987058549  -2.0355221779  -0.2341621764   1.0705411441  -1.2568566928  -1.0458024406   0.5638944832  -1.4640138051   0.0905892499   0.5983712901  -1.0930145483   0.2290375179  -2.0511037204  -0.5612507834   0.6769250457   0.2276564259  -0.3937138378   0.5631403339  -1.8810742249   1.4125579473   0.1812158011   0.3721143884   0.2217009865  -1.7447672120   0.1702188035  -1.9154123429  -2.2964500261  -0.8582734153  -0.7019661054  -0.7366314153  -1.6503269660   0.2762582682  -2.4076355298  -0.5201267794  -0.6717925836   0.1699952056   0.1445187929  -1.5407627795   0.3421562174   2.7424529087
 0.0838139515  -1.0460026421  -0.4855519388  -0.4150453437  -0.7226775864  -1.0919602335  -0.4391305764  -0.3917456489   1.9115491337   0.1311924165  -0.8952719783   0.0960427490   1.9304151658  -1.0989222927   0.2113690616  -0.6477759088  -0.4828787984  -0.5246772783   0.4994236895   0.3088857174   1.3589082539  -1.2040631806   0.5037070086   0.2856173860   0.0429247001  -0.8141962853  -0.9023269987  -2.8727162623   0.7090823113  -1.1360560548   0.3024078190  -1.4189218332  -1.0908544518   0.7629548330   0.1072827795  -1.6967768394   0.9841514525  -0.0359538882  -0.1180934841  -0.0782159022
-1.4112270899  -0.2019710064  -0.2559321806  -0.8836239213  -0.8059101109  -0.7628228530   0.9549821368   1.0873195997  -2.5867222873   1.1704344534  -0.8665746967  -1.3256961749  -2.2600865180   0.2758713588   0.2134074957  -1.1640969330  -2.4617685643  -0.5474771669   1.0813286202  -1.0488639343   1.7736824576   0.3300901732  -0.8261535979   3.0299721409  -3.1387000701   0.6732172254  -0.0651733448  -1.0492138928  -1.9706995276  -1.4520530898  -2.0670416242  -3.2193426035   0.3445781060   1.4075897495   1.5663486663  -0.0509473373   0.4083281821   0.4934012687  -1.2029002622  -1.6576439513
 0.6157733644  -1.0345489616  -0.4535597306   0.5664285998  -0.4151146293  -1.0842059369  -1.7176672653  -0.3858171830   0.4652191200   0.4520602339  -2.0544584568  -1.2717439399  -0.4839192774   0.8286031294   0.3799978157  -0.6031387455  -1.3887050836  -0.4988113870  -0.9791719596  -0.8341899774  -1.4888462601  -1.8091499475   0.1418722281  -0.3644620455  -1.2124621274  -0.8346493926  -2.0885515382  -1.2450106320  -0.5406205017   0.1091870439  -0.6591222171  -0.1046663589  -0.5449165678   0.8083583140   0.1218159827   0.5297231118  -0.4723063309   0.4264028745  -0.6023604105   1.0334730847
-0.3682596543  -1.9377119943  -0.0440798318   1.5347281498  -0.9452979171  -0.4201602128   0.4438203446  -1.7212856021   2.4596216540   0.7440699026   0.1274684745   1.7750865322   0.4413594921   0.0420847237   1.1122699486  -2.0095421795   3.8872621495  -3.7814223382  -0.0421537344  -2.5069938679   1.9855142686  -0.0490396649  -1.6877760131  -0.6537832862  -1.0502660793   0.8755566641  -1.8715609209   1.5359039412   1.3191298892   0.9518396371  -2.6404515931  -1.8296116954  -0.7445565926  -0.8279606467   2.8144212713  -1.2269257791  -3.2152191595   1.1102287938  -2.7626135413  -1.2635313324
-0.3409856682  -0.1518653561  -0.0827403386   0.7803139413  -0.7696824615  -0.5528454385  -2.4125464082  -2.0289461282  -1.7684614308  -0.0678273604  -0.2319705131  -0.3167531465   0.0306941972   0.4096661429  -0.5669850325  -0.9259360634   0.1899557341  -0.5311928390  -0.1986792866   0.2032170582   0.9018369888   1.0032261126  -2.3038986942  -0.7217969064   1.0571138119  -1.1704834172   0.0537993316  -1.6532017891  -0.7579333015  -1.4922376293  -0.0513142602   1.3089449564   0.1752479588   0.6602853407   0.1518185918  -0.6547876940  -0.9674039280   0.3046114286  -0.5752300749  -0.6240648276
-0.3588314135   0.4186938206  -1.4341238851   4.2661607284  -3.7527897862  -2.5417263313   2.0412448681   1.8180214274   2.3031016259  -1.0777412214   0.0013598218   3.0413616621  -4.1855805389   0.0647841190   0.6055412895  -0.5266907501   2.5293575118  -1.2182399605  -2.0561177442  -3.6530777067   1.8301590194   0.7976460797   2.4762880509  -3.6310833495  -0.7336000590   0.9727444323  -1.0371289422  -1.7543201249  -0.5774987014   1.6301601104  -1.2969792362  -0.4409927033  -3.5986012551  -3.3085885440  -1.2469616968  -0.0540934401  -3.5920767690  -0.4598755852  -0.4105498666   4.0877279643
-2.5250447838  -0.7141460639   2.1645420793  -0.2594284131  -2.4637263109   3.1987865860  -2.3643182084   0.3631533409   0.9784621778   1.7018757416   0.5688180037   1.1838944544   0.8808870329  -0.1784536065  -0.3375826071  -3.3905334621   0.4918342085  -2.3932743605   0.3571966215   1.1377510733  -1.4954999271  -0.7188662904   0.5196242156  -1.0352635342   2.7948314735  -4.5391892244  -4.1884931023   2.8582490670   2.1236180578   1.6749938862  -0.1920066654  -5.3362707177   0.6633458207  -3.5597961657   1.0968505417  -0.9766680386  -1.3471514497  -0.3663969818  -1.1069675505   1.1868256989
-1.0070610996   1.0242177910  -0.3118759495  -0.5419378188   2.1289283004   2.9947129016  -1.0053520960   0.3334548836  -0.1005005186   0.0141632464   2.9457729442  -1.5007543755  -3.9546660928   0.1546405879   0.7515323608  -1.7224460823  -0.7344297843  -0.4688194457   0.4867030009  -1.5352765852  -2.4787928292  -1.6725794807  -1.5402641959  -1.2901212321   0.5340215703   1.3345708360  -1.1037814646   1.6597471825   0.0363275382  -1.2062254484  -0.5653429970  -1.1062013406  -2.7449535090  -1.7185749395  -1.3273850440  -1.5224583527  -0.3345113355  -0.6590846092  -0.9188709490  -0.0127820312
s2
 1.2458715045
 0.0261894276
-0.4670330175
-1.3502886593
-2.0182181649
-0.9594753028
 0.4137286628
-0.3779767591
 0.2643640031
 0.2648865519
-1.0238103711
-0.7878901891
-0.7002416483
 0.2789583651
-0.0679173465
 0.0817049808
-2.1520641403
-0.7942186308
 0.1602446760
-2.7553442092
-2.3440410799
-1.0130267725
-0.0053824741
-1.9088062465
-0.1108046192
-1.2756565537
-1.8756668977
-0.7948670071
-1.5098175153
-0.7251941782
-2.2303119573
-0.4165728106
-1.3243067088
-1.1212194474
 0.2821807548
 0.3305864958
 0.2630588866
-0.6776429068
 0.0913929231
-0.4412206414
w3
3.1849114397  1.4468595052  -0.4972224834  1.8441099705  -0.1822310962  -1.4116183860  -0.9886928485  -1.2070504669  -0.1540123544  -1.0166931719  -1.4097381978  -0.0083568832  -3.0962822554  -1.8622381708  1.7458563789  0.0867326559  -1.4925662368  -3.0443754997  3.2355907453  4.6458810113  0.4401447912  0.2805097441  1.0774026306  -2.0081635107  -1.9716528319  -2.7914314603  -2.4817175022  -3.3446498205  -1.0259407850  2.7089935908  -3.3974150950  1.0873239789  0.5388413142  -1.9415838912  0.5683361345  -2.9213437717  -0.6113625342  1.9971247384  -2.7813371553  -2.0488506109
s3
0.1955999177

