layers: 6
str: {2,40,40,40,40,1}
w1
 1.4704640474   1.4762579003
-0.0302006144   2.8540908167
-1.0334044716   1.3227850392
-0.0787649413  -0.6178309262
-0.5366626115  -1.2892037708
 0.1155399796   1.0667843154
 1.8889427059  -0.2316440416
-1.6065721498   0.2511281896
-1.7049639427  -1.4777172003
 1.5903899103   2.5425408200
-2.1600600515  -0.3431274832
-0.3486559559   0.4012523772
-1.4046100242   0.9928174622
 1.1585336550  -0.7880290351
-0.9821250567   1.0672767100
 1.6802960262   0.1052054743
-1.4816404103   0.8408735067
-1.5656769808  -2.4387314296
 0.0757632344  -1.2683634785
-1.1706151546   1.8216192716
 0.4649234691  -1.4901643897
-1.1085892525   0.2613662343
-0.9719021729  -0.9878521579
 0.5488507767  -1.5132958629
-0.8656123496   2.0493700788
 1.2005067757  -0.4540099586
 1.3057599446  -0.7287907297
 1.2005007899  -1.8738437562
-2.0892612991  -1.6773862203
 2.3350772798   0.5402730193
 0.0152068780  -2.1083643594
-0.7121012291   0.7056993650
 0.3026333847  -1.3304866318
 1.6316177972   0.9269305049
-0.5879886069   1.3481211618
 0.7027928305  -0.7592340005
 0.4738300407  -0.8465062675
 0.2625788637   0.9795610896
-0.0607094215   1.3595438855
-1.3874105770   1.0160301480
s1
 1.3176058601
-0.5703443060
-0.9115735020
-0.6989480056
 1.3271188788
-0.4543407310
-0.1182587895
 0.5377757107
-0.7851477306
-1.4042547288
 0.5514203304
-1.2024202830
 0.2628759215
-0.3097238555
-0.7340340643
-0.0680624089
-0.9575347069
 1.1779253082
 0.2654680110
 0.4679387983
-0.5106523843
 0.1546376553
-0.3324266593
 0.7807196353
 0.4973146541
 1.1869859306
 0.1547040943
-0.2916568590
-1.9359549891
 0.1406525084
 0.4232940369
-0.1588377631
-0.4899863911
 0.0544714314
-2.2760752271
 0.0859689331
 1.4411321626
 1.2246650245
 1.7909044778
-1.3608682220
w2
 1.4346687115   0.7312621496  -1.4430506301  -0.1825708743  -0.7965973565  -0.3111301840  -0.3671785442  -0.3007440112   2.1806143113   0.0273651511  -0.6368223575   0.0444615777   0.7562857379  -1.4287161486  -0.8404734306   0.5148944575  -0.0573911013   0.1582938707  -0.0412021316   1.7989853777   0.0026432482  -0.0189350232   1.0972535537  -0.0738633807   1.2921667956   0.2779614239  -1.6672523622  -1.0959048837  -0.5159007863   0.6213852662  -1.1178820853   1.0717678784   2.0313576646  -3.3479094152   0.2805941852  -0.1544776308  -0.7609341690  -0.2544721701  -2.4178109708   0.9947010510
 1.2855003714   0.0218755395  -1.1801242280   0.6012277482   0.6189487582  -0.6208432347  -0.1666358520   0.0388005154   0.2466036054  -0.7167385766   1.4665844090  -2.5087303787   0.3409289269  -0.2328238100   1.3915972209  -0.0378664599   1.9898159657   0.2895977178  -0.1551208487  -1.6177172277   0.4340703778  -1.3841150984  -0.0214362111   0.2081145317  -1.1640341521   0.9386982649  -0.4148971896   1.0487898114   0.7643973983   0.6683998935   0.0471054041   0.2756225600  -1.4112061922   0.5834472474  -0.5368620739   1.5700979661  -0.1830238606  -0.9962352114   0.9282937604   0.6267784041
 0.1477924881   0.2265774941   1.6129247746  -1.4132883178   1.2254264374  -0.7910563185  -0.1704370055  -0.4257338299   0.1059737653   0.1539084494   1.4720991856   0.1860015887   0.6228336284   0.3798014790   0.9722241938  -1.8280579315  -0.3755835193  -0.8703049720  -0.0733606172  -0.4031979501   0.2987171706   0.3403739219   0.6549497580  -0.3591652407  -1.2045832551  -1.3624803358   0.6665524424  -0.5314639010   0.0935998941  -1.5534983773   1.0048504631  -0.2492344896   0.1921064087  -1.5093933488   0.2069153878   0.6954148454   0.1197998230   1.5225119748   0.3867301288  -2.2519564456
 0.5586917085   1.1327850891  -0.4518093383  -1.6043010604  -1.3265737132  -0.4078116920   2.2642661004   1.4257326228   0.4496223465   1.0693855625   0.9048645154   0.6019217731   0.1480188330   1.0444300614  -0.4292751723   1.2765775598  -0.4503557099   0.6540615794  -0.4543204929  -1.1137733514   0.4304271137  -0.5892420132   0.5951764442   0.2604241149  -0.4283506865  -0.1087193719  -1.5941779122   0.3816812129  -0.1737508153   0.6165659554  -1.2987384789  -0.5229509928  -0.6566581540   1.1140549912  -0.2242095018  -0.0857162695   1.2969821987   1.6149404720  -0.1684009960  -0.5830439360
-1.2563679969  -1.4258077832  -0.0101777061   0.7907079703  -0.1021182673   0.7093420296   0.0545499968  -0.2755006951   2.3465976455   1.0865828753  -0.9455360232   0.2551373730   0.5032425764  -0.1914555240   0.0295199649   0.5013908849  -3.0377379110   1.2718494445   0.0851816008   2.0354158025  -0.9978361583  -1.5354521824  -0.7812153799  -2.2847222725   1.3869750130   0.3788024051   1.2023527865  -0.8860739688   0.7857335776  -2.3265249663   0.9177741829  -1.2024911885  -1.2484456796   0.2022934422   0.5696915854  -0.3351576527   0.7632514700  -0.1559230772   0.3712243945   1.3038686735
-1.0410579452   0.9780969184   1.3810107626   0.7715897655  -0.1320809838  -0.8450742716  -1.5966371122   1.4162166713   1.6953000797  -0.3333906105  -0.5308325425   0.2713572658   1.5907086402  -2.2695323070   1.1399801403  -0.3942246039   0.3927992859   2.1285876916  -0.3354978588   1.1890277275  -0.4898907287   0.7942538633  -0.1488227079  -0.0643298541  -0.3481470242   0.2468589908  -0.3597756698   0.6465458872  -1.0661255504  -0.5694881769   0.8688139339  -0.8765723700   1.8372392453   0.1877107199  -1.3698958215  -0.4462520380  -1.1097816046  -1.7676088389   0.9200174903   1.5591402882
-0.8041705534   0.0400353344  -0.4709466133   0.3845606309   0.2702630445  -0.1590337351  -0.8475516966   2.3922569341   0.6735848362  -0.9782919986   0.5195718018   1.7275534942  -0.5857545755  -1.8637402451   0.5656899765  -0.4586352587   0.5230186380   0.7627801443   0.4814190147  -0.4088261022  -2.2015936685   1.0636725374   0.2802159553   1.1755226877  -0.8049886330  -1.1138295808   0.9469948642  -0.3730992062  -0.1343498929  -2.6329229180   0.4890181970   0.3278154031   0.2166865526   0.7079915860  -1.0315277848  -0.3037881998  -0.6897959216   0.6392761029  -0.3797404815  -0.0648555141
-1.8348615583   0.7657854649  -0.7049648685   0.2658692137  -0.5671889431  -0.0726181127   1.4345701175  -0.6423896660  -0.1925598209  -0.0066698416  -0.4999852027  -0.5211318877   0.0464874560   0.8774743217  -1.7860665406  -0.3194057906  -0.5150165980   0.4075138186  -0.6860372952  -0.3105485889  -0.5685979325   0.3965792138  -0.3407757021   0.0138248584  -2.4554828526   0.8703309321   1.3308204630   2.4632286752   1.2843375714  -0.1511884637  -0.4739841295  -0.7665076964  -0.1116042708   0.3608014972   0.1843682643   0.4148058770   0.9915860364  -0.7328207092  -1.0691801884  -1.6234763614
 0.6055110446   0.1013468480  -1.1787122729  -1.3790253692  -0.4881243912  -1.0729405763   1.4561510353  -1.4717588046  -0.3060822548  -0.8804226530  -0.0932097622  -1.9439678669  -0.2987850848   0.5127067515   0.6388864266   0.7947709333   0.3789030125  -0.3964355369   0.6591439880   0.5693416923   2.6656396281  -0.3667309298   1.8043209698   0.7686296769  -0.0667290339  -0.1024819413   0.4630211204   0.5708393601   1.3248614455  -0.3131695974   0.0873300832   0.1531018404  -0.0085731555  -1.2606751349   0.8577091512  -1.6565497775  -1.2891827361  -0.0075590805   1.2253868290   1.1689022980
 1.0959482063   1.5610446218   0.8750127854  -0.4086222429  -0.0590980213  -1.2982166823  -2.4441851867  -1.2385122548  -0.8765499568   0.9402875818   0.8787127279  -0.3007406165   0.2021618473  -0.4869372185   0.2451501507   1.9419943759  -0.5902349235   1.9959178325  -0.6300704476   0.3960746384  -0.0408484267   0.9629014837   0.4100803750  -2.0383605419  -0.1165842911   1.1616570100   1.3404678210  -0.9577656820   0.3941862136  -0.2308195020   0.2865090439  -0.0324329921   0.8249875128   1.7159890604  -0.6728645589  -0.9260842285   0.2920505756  -0.2807136984   0.0981196841   0.4639077641
 0.2085248122  -0.0592649110  -0.8479161590  -0.7969353162   0.1773953487  -0.7876328160  -0.1750922465   0.0376648812  -0.8401878796  -1.8854433056  -1.5839476388  -0.3052959252  -0.8984069522  -0.8637053680  -0.7901003351  -0.9836317955  -0.4638725989  -0.1780161996  -2.0617569232   0.2343753853  -1.0569516574  -0.5448194647   0.2976350579  -1.9418210361   0.2451561994  -0.7722073210   0.2748495695  -1.0777285924  -1.4757200823  -1.7340408525   0.8444257376  -0.2013276232   1.0630465302  -0.2647518475  -0.7903711448   0.8337679432  -0.1949102459  -0.0738630461  -0.6501785932  -0.3216065329
-1.2747247485   0.9577818692   0.0811582507  -0.3035411814   1.5019635001  -1.8236880637  -2.1331891015  -1.2981257144  -0.3981635827  -0.1482387468   1.2798596804  -1.6498567221  -0.4464525581  -1.2353102591  -1.6425740312  -0.5739315569  -0.3931226504   0.1533734916  -0.0243628556   1.6311923343  -0.0717780205   1.0833063752   0.2264100497  -1.3360152505  -0.4972450988  -2.1367581160  -0.6731564164  -0.7613335975   0.3837934021  -0.3253511519  -1.7025590115   0.2308517951  -0.1713656824   0.4779278702  -1.9157881535   1.3336815092   1.2245359632  -0.8320748758   0.9067522709   1.5062056018
 0.0422031851   2.2423698795   0.6339722051  -1.3580972489   1.3302528532  -0.5937239939  -0.1536135689  -1.3832152681  -1.7119922115   0.2491078888  -1.5658628870   1.3667942964  -0.2222041408  -1.1227412776  -1.2719863505  -0.8186474113  -2.0328929984  -1.3878600945   0.4299634779  -3.1580723384  -2.6197205119  -0.4670452990  -0.1330436810   0.6094860244   0.7831914165  -0.5412038721   0.3557561918   1.0103364653  -0.2203000320   0.2363933640   0.0508729282  -0.4846795552   0.2466951080  -2.9009309303  -0.8063366803  -0.6403420378   0.9724435901  -0.2677706987   0.2805449507   0.6175437466
 0.0678535547  -0.2348029577   0.9947841111   0.5420798466   1.6547910835  -0.1523725966  -0.0739750231  -1.0721159621  -1.2204380195  -0.5371284387   1.5033463797   0.6302213029  -0.3369566947  -0.3965792899  -0.1778090896  -2.2072317489   0.6696639179   1.8766150347   1.3426578440   1.0117029489  -2.2236602984   1.6267654543   1.0450871104   1.0205660016  -0.2324223270  -1.2303552043   1.6902112735   0.4155463755   1.2371429483  -0.6973038659   1.5704983301  -0.8956300781   0.2475267016  -0.6866659662  -0.7742696621  -2.1135292566   0.6280200904  -0.6193999684  -1.6750702586  -1.7847244788
-1.1366306078   1.2806422417   0.0194492593   0.4803645364  -0.8685485925   1.2809334348  -1.8609191079   0.5174095737   0.0308549128   0.3270117684  -1.2381249092   0.5463301133   0.8138818492  -0.5780980488  -0.4250232423   0.1087582488   0.3225497881  -1.6726524990  -2.6015933000  -0.3564242768  -0.3785887910  -0.3847990771  -0.0853387970   1.7455959092   0.3515205037   0.5587737764  -1.6858438100  -1.0539981523   0.2520350955   0.3050565270   0.7893177462   0.8874063800   0.7025213683  -0.4004858896   2.2620659492  -0.8386272554  -1.2777752691  -1.2044863641   0.8212367787   0.4021232397
-0.4737196287   0.2682891758  -1.1513112896   1.2517803547  -0.3733904181   0.9144554092  -0.1566260042  -0.7928243470   1.2474955877   0.0734708921   0.6966474506   0.2719514497  -0.6752363994  -0.5603265174  -0.9745212119   1.4874206036  -2.1158056110   0.5706908917   0.8314576291  -1.3565531635  -0.2375080387  -2.2564205438  -0.9947206204   0.6266281235   0.2169954054  -0.6991952345   0.2118319822   1.0405923716   1.9181307753   0.0438680462   0.0776044785   0.4683000505   0.3830010403  -0.8040487024   0.9700502688   0.7420145073   1.6602095929   1.0245865018   2.1414059521  -0.7465602596
 0.9380408146   0.5413971147  -1.2980708244   0.8834777869   0.0009431893  -0.0364995533  -1.1876343609   1.0035919179  -0.2068749758   0.9484550025  -0.1708059733  -0.1853961498   2.1573451348  -1.1480137760   3.1184565478  -0.2176594706   0.8863307369  -0.8515753989   0.2675270181  -0.9968280724   1.2955859458  -0.3134170062  -0.0972635654  -0.3543784427  -0.4243489354   0.6852601878   0.3957095203  -1.4644846958   1.2772211080  -0.1424635796  -1.0825372383   0.9918788896  -1.9922446576   0.2184249972   0.2170827334   0.5868003210   0.6966126145  -0.4777469259   0.6058277979  -0.4845318973
 0.0377655263  -1.3058469565  -0.9107122500  -2.0454676091   0.3163093383   1.1486494089   0.8635262703  -0.1996860493   1.5451556479   0.3896060147  -0.2121954933   1.0789678861  -1.0322519827   0.5535505286  -0.3934397136   1.7649774747  -0.2760565199  -1.1397423626  -0.0998006120   0.5405022080  -0.6462479208  -0.6460208338   1.1847478283   1.7283294306  -1.0603738646  -1.0842939833   0.1994739798   2.1295880323   0.4173686650  -0.1951915588  -0.5384011053  -1.0466730268  -0.3999076427  -1.0199303822   0.4093500100   1.2166487716   1.0403162428  -0.1616229629   1.3280207486   1.6849212671
 0.3277641527  -0.1760848844   0.0245976522  -0.0682720251   1.0194791771   0.8496994680   0.2366739379  -2.0027053380   0.6166681158  -0.2684345610   0.2933579088   0.4593292522   0.1076572621  -1.1370898211  -0.3647358118   0.7105860394   0.6648056224  -0.7449665472   0.7506313278   0.7491785783   0.6708109032  -0.3406732132  -2.1694671222  -0.1592544867   0.5734611177  -0.1739252894   1.9425694098   0.8446710875  -1.6930912446   0.6446109502   0.0648689250  -0.3558383092   1.7954264377  -0.8363817683  -0.2215044905  -0.1981476481   0.9825162507   0.2409019868   1.2139970510  -1.5347937759
 0.5809726712  -0.8516205415   0.8813694782   1.3476670690   0.8229654536   0.1654690634   0.7025803485  -1.5643643986   0.8928256820   0.5619204291  -0.8451160790   0.5664036956   0.0087863341  -1.1375454208  -0.9994918089  -0.6952539251   1.0009320225   0.0389255615  -1.5868289123  -1.4971215204  -0.9622375993   0.7898575790   1.0350234024   0.3295947527  -0.1232528854   0.0974909974  -2.2763451352  -0.2448537377   1.8077810153  -1.8143535415   2.0051487546  -0.2644682313  -1.7327810071   1.4610722510  -0.2364819845  -0.6257897460  -1.5121406503  -1.7358308473   1.5090676166  -0.5062583614
-0.0962021449   0.8330102718  -1.3094920904  -0.6171218835   1.2525351869   0.5316954429  -1.4970187526  -1.1098528605   1.7267811461   2.1349276622  -0.6413103908   0.6567808197   1.2379893962   0.8637923396   0.6062558064  -0.9646417531   0.5579548225   0.0741461680  -0.1181830016   0.5451255830   0.8621643081  -0.2051183834  -1.1184928407  -0.1758195158   0.2546398920   0.3212753138  -1.1572119349  -1.3834153223   2.6228211740  -1.4838993597  -0.3359862311   0.3053891613   0.0073593265   0.7337760252  -0.0053623028  -0.1423110274  -0.0864099603  -0.5757625066  -0.0489638520  -0.1975928754
 0.2608470904  -1.2116247314  -0.6440891049  -1.4119585096  -1.4322797021   1.6930614662   1.5335349563   0.2200024964   1.0376789772   0.2138936608  -0.4136477709  -0.3063276843   2.3243651504  -0.2712057216   1.9273010325   1.6377209803  -0.8182988777   0.2425075203   0.1784621074  -0.1575347951  -0.4440930113   0.7268999093   1.0261511607   1.5455473915   0.0837986119   0.6780986232  -0.0567327845   0.8761969064  -0.3098721108  -0.1673018679   0.9955923587   1.7224809178  -0.6024765546   0.4062823429   0.7061028918   0.4073138977  -0.4356197811   0.4778021681   1.6023837983   0.7899894274
-1.8727767653  -0.0563345187  -1.4271716290   0.6528915278  -0.1894103009  -1.1215640230   0.0987759750   0.4480770764  -1.4635144789   0.6246546361   0.2025252916   0.2175000903  -0.0295809464  -0.8855209789   0.2907601169   0.8648277885   0.4754344072  -0.2109553000  -0.0932986957  -0.0487081171  -0.3050061946   1.4629386685  -1.1571985446  -0.0224185932  -0.5264029147  -1.6162246069  -1.0367103905   0.6357725514   1.0124067531   0.1759523169  -0.3722623637   0.3117521693   1.3698339855  -0.8410256812  -0.1005046241   1.0181230920  -1.8386949854   0.7173508983  -1.4492504222   0.6154134546
 0.8459297158  -1.2341800180   0.0420552255   1.2241028163  -0.2539553430   0.6083969804   0.1885352398  -0.4799086900  -0.2434215305   1.4357947535  -1.3196217784   0.7479445362  -0.1646952409  -1.6235326078   0.3225772268   0.3394935698   0.7551311042  -0.4338699817   0.8215923294  -0.1838011223   0.0475009744  -1.5858034315   1.5963950790  -0.5418965790   0.0593214229   0.9739450906   0.8012772825   0.2622839784  -0.7198422680   0.2248508032   0.0552455761  -0.5434181299   0.0726460511   0.3530095213   0.5834212874  -0.3928713170   0.9520932330  -1.0968411023   1.7691367075  -1.1743619716
 1.1681899514  -1.3739126337   0.2467006361  -2.2706192745  -0.1698941112   0.9119679149  -0.3651397954  -0.5694581161  -0.1815086936  -0.2942761271  -0.4815962305  -0.6034358162  -0.4431371696  -0.4803539892   1.3960980034   0.5773509765   0.3254416993  -0.2528038327  -0.2000041412   0.0487697655  -0.2884708670  -1.5343080475  -0.2213052772  -2.4610948847   0.5452321958   1.2852774935  -0.8159637198   0.6046030714  -0.7008666534   1.0580521221   0.9169318152   0.8455185549  -1.0836205697   0.3260548984   1.6869512953   0.4621634806   0.0145462084  -1.2048836202   0.7245807453   0.5954115083
 0.0629752658  -0.1790002774   0.8861443878   1.2661422616  -0.6411450467   0.7333043385  -1.2275341485  -0.5988915988   0.1601700943  -1.3802776305  -1.5110043216  -1.4028952467   0.7652398129  -0.2202413661  -0.1453086653  -1.3331956901  -1.1178883346  -0.6233226231  -0.0528621934   0.6042153872  -0.0527038704  -0.1943028986  -0.9168096845  -1.3124631125  -1.3321131783   0.8970839301   2.9597114966  -0.4026069466   0.3554115723  -0.9794130093   1.5842991155   1.6135782479  -0.5985311807  -1.3714722930  -0.6624115191   1.2318026635  -1.1008413710  -0.2749731570   1.7203452240   0.3905840650
 0.4476748930  -1.1440703592  -0.9112998610   1.0578345090  -2.0579429107  -1.2347310943   0.4028808318  -0.7573559048  -1.5346146745   1.2398716445  -0.4273043980  -0.2411486270   1.3451302577  -1.0531519695  -1.0768358411   0.5051281648   0.0586368892   1.3235004493   0.2613318729  -0.4139533550   0.9169196769   0.7742636120  -0.1832380085   0.6259700715   0.5920159464  -1.8059623711   2.3918966756  -0.3075084483   0.1703571264  -1.2444057443  -1.6639257776   0.0463975203   1.0541721497   0.7173343202  -0.0677804840   0.5909579245  -1.0055897045   0.3996580215  -0.7041437735   1.7771753232
-0.9594603620  -0.0684828569  -0.5571391143   1.5425220662   0.4271030068   0.6777256405   0.8891099462  -0.7323188432  -1.2246325497  -1.7832231083   0.5099343782   0.1258764000  -0.4400152323   0.7131345138   0.2188756385   1.1768788529  -0.3202821471  -0.4857658979   0.7294995377  -0.3027388825  -2.7480732964  -0.8587828369   0.7137486706  -0.7572894548  -2.0266228620   2.3646619511  -1.1997811533  -1.1644678329  -0.2936092819  -0.5897515370  -0.9243764734  -0.0200107919   0.7974719193   0.2200987851   1.1456721434   0.1292853241   0.9721512421  -2.1057769878   0.3514165430  -0.8457415552
 0.4697051934   0.3016800045  -0.8888402007   0.4101167657   1.8838664041  -0.4484404685  -1.6223181465   0.1107335753   0.3338604222  -0.9197415055  -1.1670559424   1.1494816907  -0.8829288088   2.5666391558   0.3408116357  -0.4791442294  -1.0086254867   0.5677125144  -0.6203731972   0.5241617665  -0.6292913680  -0.2913476320   0.5695474077  -0.3253169426   0.3478408580   1.6781486185   0.5729301012   0.9561162866   0.1234772598   0.2032081140  -0.2684194670  -2.0148144370  -0.6556263715   0.5826800238   0.5612339792  -0.1285980721   1.7714400055   2.0848988699  -1.0502323036  -0.2342768936
-1.7483794094  -0.2867758324  -0.2022880915  -2.0262125113  -0.1942212054  -0.7315907617   0.5710559387  -0.3256924721   2.0717279147   1.6535934634  -0.5319189330   0.3922797374   0.3560097986  -0.9081634877  -0.1968317591   0.5575268977  -0.2404415419   0.5978871840  -0.0097059855   0.5859629771  -0.1325767633   1.0131009407  -0.1183280333   2.8206990289  -0.0414390111  -0.4179362622  -0.0017220319   0.8020012808   0.9614724019  -1.1864499119  -1.5673476770  -0.0879058263  -1.2125895895  -1.7120465909  -0.4463069878   1.1573201602   0.6817257679  -0.9524192065   0.2166144048  -0.1302152653
 0.1851770056  -0.1086603707  -0.6705867484  -0.5128367572   1.3611580223  -0.6535449981  -0.6314280371   1.4029831123   0.5713279709   1.0792817962  -0.9654184651  -0.7150089409   0.3748994487   1.1892781725  -0.0944088508   1.0364002026  -1.0914807906   1.1875615073   0.4178784550   0.1330949546   0.4861849269  -0.3583057896  -1.0666935025   0.2974041598  -0.7176537281   0.4135613283   0.6371826424  -0.2875657586  -2.2717964159   0.3991384749   0.7473152911   1.2522092650   0.1293640787  -1.4481197225  -1.1830830136   1.4383789870  -0.0972762105   0.0013685791   0.2259070178  -0.6095995394
-1.0967778061  -1.1197054454   0.4020590608   1.6721189700  -1.2460006024  -0.3358936770   0.1170668518  -1.1881096466  -0.3975534647  -0.1757152449   0.9736412520   0.1627989767  -0.4294554670  -0.4411552435   2.6409307928   1.3281973587   1.4667649840  -0.6377193694  -0.5323256846  -0.3965563788   0.3519585366   1.2519645027   1.2894059986   0.1969837537   1.8730044703   0.4634773294  -1.5377344485   0.8349071976   0.4898664737  -0.7635337506  -1.3668119810  -0.7542687321  -1.2741806833  -0.1191096381   0.4275790636  -1.0668692649  -0.3967073616   1.9438762980  -1.3356527960   0.0523421411
 1.6323032975  -0.7198931935   1.9489812400  -0.2978274033   1.9996480471   1.3535498825  -0.2230102023  -0.3411273472   0.4418896974  -0.1883148781  -0.0347049635  -0.9663592694   1.4108201823  -0.0577524965  -0.9657291779   1.0488115970  -0.0864282355  -0.1405358872  -0.4240307373  -0.9598773204   1.2060564050   0.5116456520  -0.1619501267   0.0044621444  -0.1066839024  -0.4200441420  -1.1770417046   0.2349119324   0.5465534096   0.0845032375   0.9922249813   0.2731336405   0.2492027924  -0.5426062375   0.1320170266   0.5845478016   0.0748618233  -1.2229249409  -0.0051119655  -0.2177780706
 0.9945890902   1.2238533211  -0.3047202007  -0.2183640512   0.8205573570  -0.6152213755  -0.7007036467   1.2577442023   0.8977806770   1.9204570624  -0.5376022821   0.7864283122   2.0940920737  -2.6244478839  -1.3409716999  -1.1084578028  -0.0225515030  -1.7712465228  -1.1260358572   1.2767141814  -0.9430098805   0.1233047723   2.6221345928   0.9718352874  -0.6050875700   0.7531253048  -0.9128667094  -0.1657325438   1.1849722458   0.9862864396   1.3715755064   1.0681176336  -1.1470527591  -1.1899672966  -0.0128942656   0.7275375121  -1.1380313183  -0.6356627542   0.3948478904   0.4499930760
 0.4403801393  -1.4136835351   1.4892589700  -0.3813486967   0.2332629867   0.4052524968   1.2377306569  -0.8668218105   0.5077481242   0.9588053254   0.0467824035  -0.0251839060   0.7064480455  -1.1273393302  -0.5252323709  -1.0414876831   0.5411452308  -0.5754875080   0.0505952521  -1.4548009072  -0.7603105281   0.2300795132   0.6872617240  -0.2023871562  -1.3596582632  -0.1969330662   2.0059575733   0.4836116381  -0.3039256980  -1.4083079815  -0.1040965883  -0.3502626722   0.6980883784   1.2631899397   1.2258819115   0.5740554185  -0.3536718038   1.9660669601   1.1372978753  -0.4381684550
 0.0492090712  -0.5031700854   0.9271889723  -0.2842528706  -0.3324420444   0.3114133392  -0.2793911255   0.7780663006   0.5861923406  -1.6629358865   0.7596896233   1.2907110767   1.7696128272  -0.9445075405   0.2831570803   1.1245582391   0.1488242597  -0.5048442136  -1.9060852829   0.7033282401  -0.5320765007   0.4623131289  -0.0774744402  -0.1545257640  -0.7261484309   2.2204630950   0.2531233743   1.1368107651  -1.0005700086  -1.8804303387   0.0447552123  -1.1469770656  -0.7967198359   1.0571589980  -0.6815336880   1.0530965653   0.3271275261   0.0560346983   1.0761233705  -0.5268182604
 1.0526356842  -0.9382782141   0.5011807637  -1.0137513481  -2.3685408726  -0.3823872543   0.7005499834  -0.4628582302  -0.6259874419   0.5110150053   0.7855855762   0.4925697896   0.8165620162   0.3206969867  -0.7134605350  -1.0039278491  -1.6323040697  -0.1268940739  -0.3437978936   0.7256508239  -0.9631941458   2.1956230391  -0.9656002234  -0.3371883519  -0.1493840122   1.1028624971   2.8638096402  -0.8705285064   1.1420969068   0.5424201638   1.6975214311  -0.3282679819   0.0248539103  -0.6979248827   0.0656943539   1.4293406253   1.2522613755   0.1025198758   0.6454692206  -1.0457262362
 0.0959664202   1.4143212482  -0.4291501585  -0.2312337698   0.1585127437   0.5125720136  -1.0072627232  -0.4057963137  -1.3456646293  -1.9221147666  -0.0665498652   1.6093966593  -1.2887447448   0.7150259647   0.0771738575  -0.5756938205   1.2590691434  -0.8429156299   0.6606174276   1.4546242628  -0.3991690061  -0.8267500373  -1.6222194390   1.1908705089  -0.8870796272   0.5582578739  -1.0282636105  -0.7040468357   1.7354077816  -0.8671786879  -1.5381826671   1.1289388553   0.5116981136  -0.2723244769  -0.9987379420  -0.0336583753   0.6851803772  -0.4311166833  -0.1175526613   0.9996939422
-0.5083341903  -0.0232193210  -1.2162080080  -1.3288651530  -0.2531085507  -1.2242125698  -1.0120186651   1.5030701420  -1.1217465490  -0.2834826347  -0.5518843669  -0.3059852599   1.3318676326  -0.4416901760  -1.0416857719   0.0589623035   0.9577161446  -1.6650772114  -0.0834791912  -1.4536530419   0.4788595292   0.0492444263   0.3705964374  -0.3836697513  -0.7268240536  -0.0799656712   0.2275143225  -0.0280933943   0.4921585946  -3.0811872996  -0.6351726328  -2.2459234763  -1.7782437845  -0.2198933689  -0.5615067695  -0.0039595964   0.4017407437   1.2210436425  -0.1195099520  -0.4220679629
 0.2300039673   1.5022405379   2.5017259200  -1.3944055744   0.2473677887  -0.5277963608   1.5466411337  -0.2848674449  -0.7699654086  -0.1675080286  -0.3611277789   0.2092590568   1.2924184055  -0.3868099692  -1.0220716544   0.8365743048   0.4611410492  -1.2422002576   1.1740233655  -0.8663670756   1.4581527097   0.6565575564  -2.2357922041   0.6239760816  -0.3936071133  -2.7256918127   0.8966905057  -0.7487943173  -0.6209000550   0.8269876412   0.1198480411  -0.1090243304   1.1082029544   0.4469853432  -1.0456664945  -1.7586226105  -1.1222025544  -0.2233498523   2.0058732562  -0.7386918610
s2
 2.1736407626
 0.9281209505
 0.1871840552
-0.4079106607
-1.8337898289
 0.3035319753
 1.2086983083
 0.0757450003
 1.1981168936
 0.7093719775
-0.6671168611
-0.4042008511
 0.6512115739
 0.8391988383
 0.2403083482
 0.6893346124
-0.8285803205
 0.6495970565
 0.5323081192
-1.4310045965
-1.9178319231
-0.3272222265
 0.7179231147
-1.6275486029
 2.3156290491
-0.2568504033
-1.1597514141
 0.4822043816
-1.1503828362
 0.6811529948
-0.4165134126
 0.3622492606
-0.5683467636
-0.0732581861
 1.4385154293
 1.0609320076
 0.8179999893
 0.5730775614
-0.0212961398
-0.5110566092
w3
 0.6460386050  -1.0971238006  -0.3584505775   2.1755520484   0.1613612346  -0.3692449481   1.1245573341   0.6488531932  -1.4193189698   0.3989264352  -0.2428182738  -1.4888055413  -0.4288725792  -0.8725703548   1.2441469795   0.0986786443  -0.1105758709  -0.0739880143  -0.5175665178  -2.0290331587  -0.8387566305   0.5847245448  -0.8107503719   0.4193472898   0.6805605286  -1.5732046454   0.1973549091   0.8045214345   0.3345249265   1.2732274068   0.0482397068  -0.4501050636   0.9562353186  -2.9018935820   1.9308355439  -1.4917921488  -0.0722160398  -0.3300646547   2.3562237919  -0.0143122380
-1.2496342576  -0.5783285749   0.5539800997   1.2698117939  -0.8262558978   1.7031389490  -0.3533301467   0.5633615196   0.0398381294  -0.4441624374   0.5521458755   0.4730598984   0.2366389841  -0.1812625562   0.5227023470  -0.0450838830   0.0874896758  -1.2204805903   0.4594904212   0.5793910380  -1.6098390843   1.6058024635   0.2963325407  -1.0487637655  -0.6167937872   0.6692037565   0.9137907392  -0.5814959157  -0.4659240484  -1.4555675242   0.1242702258  -2.2157114207   0.7191068672  -0.3120705002  -1.0129327958  -0.4892715493   0.4715788438   0.8314269269   0.6030314892   1.0431719105
-0.4664865418  -0.2282433369  -0.3344673216   0.1718378394   0.5502068926   0.9269593104  -0.8193660285   2.0876228477   0.4149277230  -0.6362234430  -0.1235225217   0.0996764570   2.0755868397   0.6228002880   2.1434839915  -0.0834516803  -0.9559762051  -0.3611279682  -0.4218778546  -0.7699074882  -0.9951389317  -1.0732417849  -0.6074849323   0.3605467313   1.5610174793  -0.4009839383   2.5190219501   0.7973979001   1.5815295722   2.1732641009  -0.3474717289  -1.3559375098  -1.1457033207  -0.7956542663  -0.4316893724   0.1209394318  -0.2952056000   0.1802794109  -0.7548769965  -0.9469632693
-1.9024795990   1.1130962744   1.1360617683   0.1892169624   0.0043333999   2.3132926272   1.4192844446   0.4303440544   2.2205893862  -0.4920188487   0.9829066135  -0.5498344933  -0.8061799484  -1.7248287232   0.6903471204  -0.5463658092   0.3482539405  -0.8735884365   0.0535155052   1.2144139543   0.4819260161   0.3605068657  -0.3122686021  -1.3914488310   0.9733303052   0.9826716484  -1.1016699119  -1.7171400805   0.7761187739  -2.7309210151   0.7515173620   1.0376220594   2.4095091830   0.5491845922  -1.8926639328  -0.6401970991   0.0636919705  -0.2809786813  -0.5080121887   1.5319891705
-1.0643898152   0.5226970525  -0.1300534143   0.0443964885  -0.1674502051  -2.2001435912  -0.1799045286  -0.8703598055   0.7205855670  -2.7074836596   0.6166867983   0.3775203770  -0.6077136934  -1.4562135450  -0.1273297953  -0.8963751554  -1.5620781063   1.3681843943   0.4015920506   0.1380173397   0.3208534568   0.5854134254  -1.1974119884  -0.2998791798   1.4790609638   1.7386160730  -0.7422485584  -0.2849839976  -0.1183738306   0.0883341786  -0.2039258342  -1.2182405378   1.1079365604  -0.2596824936  -0.6737440352  -1.4593443441   1.8894835884  -1.6103136853   0.0819480138  -0.6321538789
 0.3526899764  -0.3074571420  -1.4837639139   1.3884797078  -2.3917844324   0.6238268497  -1.3471929533  -1.0148864036   0.7056823744  -1.2648329418   0.5807528003  -0.6908138269  -0.1606536756  -0.9418543903   0.7061203343   0.9941555882  -1.3952768345  -0.4147838730   0.5583159103  -0.6593354925  -1.6901118755   1.1075893099  -0.8682144589   0.9340184496  -1.4621412074   1.8510300400   0.2113219124   0.7432479252   1.6867470498   0.4979036902   1.7131712898   0.6952938704   0.5339166659   0.8616077288  -0.2298957261   0.3547700658   0.7767806838  -1.9217842913   0.6990031489  -0.1324644673
-0.4808135235  -2.5160769103  -0.3881092711  -3.2665855927   0.4700530448   0.2263838508  -1.1904591646  -1.0383033895   0.1760614087   0.0617566056   0.7069314868  -0.8807690495  -0.6749186137   1.2638558707   1.5871585102   0.5698998195   0.8360318663  -0.5698227379  -0.5058693912   0.4291519804  -0.9867028394  -1.4289552386  -0.2981699762   0.0679482339   0.7466408619   1.6077174390  -1.1695674285  -0.0179342903  -2.4628836063   0.0495319110   1.3296581912  -0.2701864963   0.7803214953  -0.4710551487  -0.4057340401   0.5948141742  -1.0367305340  -0.4431167174   1.3013944047   0.0008126996
-0.6842922821   0.8132150058  -1.0161070672  -0.9520955706   2.5511907078   0.4804430667  -1.2571913180   0.2676163875   1.1854014879   1.0711532381   1.0185524319  -0.9063449239   0.3418869036  -0.5130182024   0.5116830662   0.4535011492   1.3310436285   0.8513415844  -0.4619234562   1.7649531305  -0.2174938377   0.3931354008  -0.6860126486  -0.1570959947   2.2689493240  -1.5766894671  -0.8352407138   0.3291189492  -0.4183700882   0.9331931995   0.7141073418   1.2686997718  -1.3292854920   0.6836876587   0.7273197824  -0.0882881735  -0.3557059442   0.3334485663  -1.4938215713  -0.4873417045
 0.7080190687  -1.2932926828  -3.2146993394   0.0819535736  -0.5163395182  -0.9600537551  -2.5565758573   0.8505364836  -1.3732994004  -1.4458540261   1.5282055855   1.3662741937   1.9461251595  -0.1305267779  -0.6356106220   1.1520691344  -0.2872010156   1.3371283684   1.5668368936   0.0093696523  -0.5454410553   0.2837275705  -0.8693029860   0.0728482651   1.5626414932   2.4730587005   0.5317924385   1.4667642977   0.2360879134  -0.5920230962  -1.3046569486   1.4822454769  -0.3541343184  -1.3148449510  -0.1130448806  -0.3411888233   1.9803616581  -0.5816310971  -0.3934075415   1.3809832183
-1.5551607845  -0.6887968609   0.1094792820   0.1845489631   1.3621264884  -0.2175004206  -0.8727107810  -0.3274866087  -1.6467493209  -0.6375992335   2.2610850439  -1.2640898092  -0.7228891817  -1.5571162618   0.6620242642  -0.0906002869   0.0766905159   1.9693187524  -0.3454478503  -2.0651824332   1.1243747848   0.0976054479  -0.5510269622  -0.4457893688  -0.8179530715   0.6626644705   0.0970170766   1.2489692567  -0.1800125669   1.3211540537   0.5452578737  -1.6568023434  -0.5426845397   1.0095617271  -0.3129137134   0.1405012344  -0.5662425873   0.8881749934   0.2756192455   0.5432206777
 1.3169530580   0.3589470074   0.6699514677  -0.8030226305  -0.1464393397  -1.7599961810  -0.6260684863   0.1958553999   0.4094094100  -0.1635449950   0.2547772406   0.6270191831   0.5538233755  -0.6992700221   1.2617318279   0.3932956511  -0.1541281868   1.4640778981  -0.0079502342   1.0049757119   1.2632128700  -0.3207874222   1.1024482088  -1.3931448929   2.0410234419  -0.0591187578   0.7639387886   0.1723359367  -0.4614192393  -0.9975340512  -1.3699253377  -1.2737226317  -1.7407788520  -0.0794902684  -0.6424219314  -0.2733567317  -0.8339667931  -1.0719682864   1.8534812605  -0.0923002338
-0.7647300218  -1.6556490672  -3.0193306360   0.5688474590  -0.1990131095  -1.2641314233  -1.7234821073  -0.6172675849  -0.0511373540   2.8628531805   0.1165135716  -1.1564390515  -0.5635086524  -0.1959205383  -0.6827756007   0.8899836484  -1.1006281689   0.2013179037  -0.6034252338   0.4760475238  -0.2052587884   0.6232112714   1.0434574159  -0.1400062549   1.2948559758  -0.2710911716   0.1379981902   2.1638468733   1.6544880455   0.0726809564   0.3558773723  -3.0067529739  -0.7269707755   0.5693479048   0.5574583092  -1.6363874957   0.6495751215  -1.6071063274   0.3892874432   0.4161869990
-0.5959792341   1.2127939569  -1.0423833710   0.0949926642   0.7010453240  -0.1517502066  -0.4448377180   0.0775984743   0.3975991125   0.1782672825   1.0497179140   0.7649115926   0.5010205611   0.8304509077   0.7048169277  -0.1553859911  -1.2002047545  -0.7481042119   0.2650768377   0.6072197848  -2.1920836264   0.5156538677   0.8016653159  -2.4929517274   0.2376952919  -0.8695606748   0.8459456547  -0.6867243984  -1.1487577348   0.4494760294   0.3018137647   0.6626284531  -1.5504090846   1.7993255392  -0.3891354001   1.1862116375  -0.8794358313   0.5829345682  -0.1571422603   0.9397758478
-1.5817377640  -0.6711323224  -0.4500441079  -1.1855863542  -1.1615507434   0.6105570891   0.0451354802  -1.0527553030  -0.6881160992  -1.3055430778   2.3543892907   1.2956399383   0.1179549630   1.9901868356   0.4459392982  -0.7343049559   1.6906117147  -1.0499407329   0.1300021507   2.2316865149  -1.5084833418   0.4705272631  -1.4237758120   0.4561913747   1.8232081031   0.1075544754   0.3113256088   0.6213641993  -0.7077377490  -0.7861956322  -0.8450970659   0.6740255169  -0.6359837213   0.1640952550  -0.2609065685  -0.1222018117  -1.5879628675   0.2829654801  -0.0669297842  -0.3246343833
 1.2271727436  -2.1608816038  -0.7665957550  -0.8898631994  -0.4680773065  -0.4361680700  -0.7567748189  -1.1605856033  -2.1879633917  -0.1187664040   1.7583545467  -0.1965043527  -0.3066688159  -0.8146565924   1.6213723827  -0.7463767053   0.0717154820   1.9261531321  -0.0004581625  -2.1730713153   0.7345830307   0.0396499399   0.1609877357   0.1828276502   1.2374926890   0.9212857572   0.1822702849  -0.2027448405   0.3515404397  -1.9920271209  -0.7842397236   0.8806536691   0.9486434821  -0.2600975723  -0.8983759648   1.6061745765   0.3313642727   0.6889070512   2.5872452994   0.1629670012
-2.4517604211   0.3402812378   1.0626878524   2.5663746352  -0.7790432555  -1.2332953880  -0.2133068727  -0.8982692150  -0.9553443998   0.4500623675   0.4567811070   0.4558592400   0.2104688667   0.2866409990  -0.6436041496  -0.3534550348  -1.6690995530  -1.9013752498   0.4883653221   0.4539269492  -1.5086864486   0.1467586577   0.6004027240  -1.3197923108  -1.1130682490   0.3978427508   2.0241457390  -0.5307993054   1.4370488984  -0.1674729883  -0.7265801216  -0.6012509258   0.8481865450   0.2001885528   1.3553577401  -0.1300190657   0.1062694555  -1.0269361687   1.3808219513  -0.8280457008
 0.5511759236  -0.1073173636   1.8341806772   0.5031133317  -2.0479721908   0.0307853750   0.4816871563  -1.9756567288  -0.6835660244  -1.3897635670   0.1071674718   0.2062177619  -0.3370818846  -1.8735629237  -0.1773601381   0.5455566670  -0.3761980192  -0.5797789398   0.1536083781   2.1845319872   1.2661896185  -1.7394585633   0.4081021890   1.6851608311  -0.1092527784   1.5325892967  -1.7513168981   0.6780659305  -0.7747449474   0.7153077396   1.5327843196  -0.4055181714  -0.1778331713  -1.4822029408  -1.6155927030  -1.2580014100  -1.0802589584  -0.3863366255   0.4677544727  -1.3609649367
 0.2179774554   0.7508057418  -0.1608216503   0.3842257971   0.6522663683  -1.0763703718  -0.8010880021  -1.0720966932   0.7106897785  -1.2071535743  -1.3500391500  -1.1990223241   1.7064472948   0.1353462326  -1.1722575520   1.4388028637  -0.7696103709   1.4732095346   0.4902313722  -0.1103851845  -2.0915848234  -0.8610943964  -1.2375022648  -0.8717228762  -0.3073180615  -0.6652098345   1.6603435555  -0.8790096362   0.4957699016  -0.2820436981   1.6081146268  -1.3999119857   0.4437533111  -0.6901259438  -0.8477725268  -0.9332301162   2.5135476708   1.3589992256  -0.2472442781   0.8024183097
 0.8968624399   1.5624349486  -0.5909261308   0.5058910431  -0.1853204418  -0.7749702732  -0.4243253107  -2.1845796022  -0.6696708685   0.6433216557   0.1116097782  -0.4571956138   1.7756987209  -1.6114176309   2.0202356884   1.2770169626  -1.0241418345  -1.3485970639   1.2360219211   1.8466498221  -0.9901181352  -0.4588178985   0.2535285769  -0.1229364216  -1.2960023835   2.1110690963  -0.5018599717   0.3606329291  -0.9147084877  -1.4215511776  -0.7163522097   1.4600624309  -0.8679794136  -0.4029999230  -0.8003917737  -2.2900251066  -1.0069226581   1.3552118406   1.2116926912   1.0165087119
 0.7145490346  -1.9764525852   0.4882977075   0.5935129396   1.0139224040   1.5473229647   0.1708554937   1.1946061204  -1.4105454886   1.6748708182  -0.2237257771  -0.4801888246  -0.0747983234  -2.0312906237  -0.6036768211  -1.0722974198   0.0480021368  -0.5309641765  -0.0570551393   0.2832535194   0.0474867849   1.2179871578  -0.9398723311   0.2689636113  -1.3626249710  -0.3986962842  -0.8184711933  -0.4752169637  -1.7412327504   0.8987775824   1.2356410923   1.6077568886   1.2223354669  -1.5429608266  -0.3582694878  -0.0915616128  -0.6834649476  -0.9445022324  -0.3086346211  -0.4429309637
-2.1429236564  -0.8612600194   1.6397770201   1.4536895175   0.7504994603   1.5090512593  -0.5993103578  -1.1852698422  -0.9535301379   0.6619520563  -0.2183249355   0.7074841402   1.0837862265  -0.1223573069   0.2849429622   0.9421646711  -0.5404629659   0.1809461091  -0.7761280753   0.1532138752  -1.0877232439   0.2914039516   0.3681608273  -0.3893034204  -0.4748441125  -1.1236119137   0.4095296268  -1.4578361281   0.4933590960  -1.4730357408   0.5240871114   0.1901640234   0.2695970269  -1.4383020901  -2.1882106267  -0.1192168266  -0.7308599132  -0.5386430674   0.3092521713   0.0784272154
-1.8244158628   1.9239567778  -0.9664168781  -1.1961520228  -2.0827528071  -0.4459161294   0.7931287971  -1.6800640743   0.5127926802   0.1550246870  -0.3735372470  -1.0813743140   1.1506023214  -2.3946953462   0.6854148958   0.9179033072   0.1093836623  -1.0871062245   0.1555098910   0.7296154873  -1.2286930689   0.7203205428  -0.4956458606  -0.8228159649  -0.9624708153   0.8409853838   0.1021476277   0.3272496266   0.6360867135   0.7995907771   0.1364567733  -0.3861783604  -0.0842890398  -0.6236071044   0.8481173154  -0.0930399013  -1.7088464413   0.9258998514   1.0577168684   1.0678028363
-0.3132963249   0.1545176641   1.9521835013   0.4784686738  -2.7165914499   0.0661190462   1.4802030067   0.4943064560   0.3992889432  -0.6695792799  -1.4146359534  -0.6412670645  -0.2658003727  -0.3918902720   1.2222006962  -1.0744628014  -1.9746733372  -1.4601254453   1.0555724612   0.1114587311  -0.4829549064  -0.4506362948   0.2113752067   0.9953524153   0.2871776326  -0.1835891210   0.4809242661   0.8582107224  -0.5541928452   1.2687606248   0.1461414214   1.2539422244   0.1432042221   0.4735327322  -1.2320443451  -0.7600650137   0.0483016374  -0.0946382297   0.9063094687  -0.2116838986
 0.2669419822   0.3620857477  -0.5002169104   0.5454155455  -1.0046672586  -0.2833225484   0.1880683833   1.3883831820   0.7896983434  -1.1052825370   0.4931027364  -1.6402212781  -1.2210001943  -1.2394980837  -0.6231435164   0.2291728654   1.5336787862   0.2706715259   0.3256373749  -1.8747397855   0.5317310526   0.8755392067   0.3685653986   2.5085939427   0.4412404989  -0.1748470382  -0.4880407435   0.0875240855   0.0226310863   0.1765192623  -0.8069407673  -0.8157606702  -0.7699359126   0.9866747610  -0.3417074930  -0.8068572960  -2.0521964357  -0.7612190331  -0.4644205421   0.3988085158
-0.6596069796   0.5164107761  -1.4351323509   0.3803936058  -0.2549900943  -0.7277233130  -1.3459065955   0.9417083183  -0.7400008129  -0.6312124606  -1.3910690504   0.7096317002  -1.5397730201  -0.8940494519  -0.2767283762   2.1719710984  -0.0057687732   0.6075126912   1.3754736089   0.5303195230   1.7450418570  -0.6491555236   1.0674914029   0.3508423327   0.4451751343   0.7066493772   0.5211801347   1.4261759531  -0.6964785837   1.0870246730  -1.1163600738  -0.2269899461   0.2270805680   0.5824034863   0.0380496706   0.5457971494   0.6255353301  -1.3036714105  -0.3460397668  -0.2384769964
-1.0548215496   1.8801726195   1.1571843668  -1.1194367666   1.4296786115  -0.4612667136  -1.5836382840  -1.6766828392   0.4532311819  -1.2621384509   1.8814177503  -0.9778896912  -0.1426851691  -1.3233757384   0.8317955278  -1.5512537209   0.6018294971   1.2941555656  -1.4736770505   1.4844490794  -1.8076599382   0.5385652519  -0.8353688077   0.5296653865  -0.3439087553  -1.2415417612  -0.6164162641   0.1670972628   0.7480554015  -0.7973006877  -0.2743967842   0.0880252234   0.4000560018  -0.2039769810   0.0182567286  -1.0114933272  -0.1308576382  -1.0162292602  -0.3494948326  -1.1791010727
-0.1380871004  -0.6670656029   0.1808698084   1.2012755417   0.8271114429   0.0879153444   0.8723298401   1.6082684303  -0.4515619691   0.2409035927   0.4425794360  -2.1898666714  -0.9556068927  -1.1225078254  -0.5258431147   0.2436483472   0.1516723607  -1.9280811991   0.8202421953   0.9993808660   1.0109205648   0.5502023694   0.0519597540  -0.2918078894  -0.0270000517   1.7402110573  -0.4285887323  -1.4612147290   0.5889081958  -0.5688949824  -0.6947047229   1.4606413241   2.1020929206  -0.6119792706  -0.1250139593   0.9439701202   2.7537155317   1.5077286469  -0.5920489238   0.8922245252
-0.6263549742  -0.1389201685   2.2093999236   1.6569884901   0.8603972431   1.3091022532  -1.3156552069   0.7763376473  -0.1455072144   0.2811575718  -2.1772172508   0.3359723377  -1.4951042623   1.3837347244  -0.6930422544  -1.3714373753  -0.9069368401   0.4198369450  -0.4714427248   1.3227645926   1.1078565133  -1.9383160871  -0.8181649850   0.9084645964   0.8219644200  -0.3771885426   0.6919324466  -0.0442489947  -0.4318667788   0.8427831943   0.2452791676   0.4772224457  -1.4914514084   2.4236304785   1.7104253979  -0.0909035405   0.8819277395  -0.9459122736  -0.9224767126   0.1966411672
-1.4935450999  -0.6400463009  -0.9289003432  -0.2158389558   0.6550043265  -1.0532808064  -0.4158695745   0.2552450470  -1.0858154564   2.2837344978   0.8625452940  -0.6021410722   0.2934114964   0.6732735617  -0.9970032507   0.7375838447  -0.1319785599   0.1792148204  -0.3615795293  -0.2198173816  -0.5113183389  -1.5316528032  -0.9172696902  -0.5879342093  -0.1602245326  -0.0454412574   0.9822086653   0.0881553632  -0.4066369799  -1.1043383672  -0.3991060132  -0.7376291910  -1.0734381201  -0.0274679747  -0.2616182411   0.5494307491  -1.0969001223  -1.6743021925   1.9675877434   0.5675791917
-0.9448804194   0.3855062571  -0.9256077257  -0.2492437685  -1.2003426244   1.8849886414  -1.1864963373  -0.3274071736   0.3459997253  -0.6179622836  -0.1512342844  -0.1084086760  -1.2774494846   0.6260623121   0.9273072408   0.3258064200  -0.6453448622   2.5433443732  -0.5019173188  -2.2644308253  -0.4752813165  -0.1974911390   0.3690215309  -0.2138694099  -0.1111577586   1.7306547168   0.2898832447   0.4972672035   0.1567080938  -1.4990164163   0.6420484223   1.3252906573   0.6582117294   0.0737997496   2.2086439987  -0.6347497333   0.7743924520   0.7115528818  -1.0556189966  -1.8380048799
-0.8284323289   1.0475086454   0.2691426239  -1.6014072480  -0.7996139326  -0.8582443944  -0.1779451868   0.4897255352  -1.0492828873   0.6152377728   0.4660786152  -0.6556177234  -0.2604813888  -0.7031605168   0.4253939278   1.5375427899   0.5183283548   0.2082585047   1.1952557008   0.7637009913  -0.4903456644  -1.4347132804   1.1981319621   0.5060682971  -0.2810167064  -0.2729024043   0.8255841341  -0.0172097215  -2.0927474132   1.0370282594  -0.3831926066  -2.0913834885  -1.2127116364   1.0541300663  -1.5930832418   0.1352795258  -0.1476367653  -0.4882931888  -0.1040282466   1.7420362996
-0.2872914278   0.1876487885   0.5883046176   1.4592433120   0.4782857720  -0.6894933302   0.0008571799   0.4142981109  -1.1182353106  -0.3376260356   0.4832518003   0.2488704588  -0.1400818556  -0.7160226784   1.1079066294   0.0762984022  -1.5688913309   0.8460984157  -0.1553869711   1.2058974166   2.7454398883   0.8895169923   1.9393559846  -0.8825566390   0.3017277117   0.6429341097  -0.4312455360   0.5289207364   1.8396572168   2.1289440255   0.2823525481   0.3446042407  -0.5640860972  -0.1550904569   0.0595890862  -1.2124215892  -0.8142417851  -0.3639869206   1.1678130102  -1.5734504658
-0.4967155006  -0.0514989904   2.2265812642  -0.7378995899  -1.4471674178   1.2325055356  -1.2838895724   1.9168193012   2.3838629484   0.9975365957  -0.5462759744   1.5395850752  -1.5857171201   1.6545952546  -0.8072909069   0.5568156729   0.0058346324   1.3508587944  -0.2109442611  -1.0637937158  -0.2754104890  -0.1541354577  -0.2935382407   0.9413710289  -1.8884389585   0.5730271557   1.3377737337  -0.3163831988   0.3046888763  -0.8628190810   1.4744017130  -1.1449867236   0.5293188368   0.6652105997   0.4670434812   1.5464717910  -1.1426823739  -0.1906466782   0.4615832837  -0.3727952571
 0.5229065268  -0.5496847605  -0.4877030349  -0.1399279954   0.3420802289   0.1290723314   0.9252882910   0.5299531419  -0.0214077165   0.8029064287  -0.3927421459  -0.3179331328   0.9399957392   0.6033007222  -1.3403396952   0.1911229436   0.4042108621   0.3211833827   0.9437852677   2.0739767299  -1.1633976748   0.9874487124   1.9600422510  -0.0929599453   0.0834019649   0.1169470211   0.7939981177  -0.2496414199  -0.4638365442   0.5595501485  -0.2081517418  -0.8032175447  -0.1831459452   0.2667738450  -0.3369543068   0.1727186875  -1.0015996871  -0.7781505616  -1.3990868197  -1.1592689822
 0.4035739714   0.6489236820   1.0472159888   0.4856143180   1.3077145944  -1.2685828219   0.6223725396  -0.7049534467   0.4022327027  -1.0795626309  -0.0722740067   1.3923866438  -1.0444091134   1.7297091529  -0.4333307037   0.8422651073   2.3771255041   0.1279862763  -2.5273146868   0.2593244164  -1.3182855263  -0.6018111191  -0.1012818550  -2.1510289071   0.3104654482  -1.6024435403   1.0072007616   0.2106960333  -1.4220572678   0.6472537292  -1.4920698913  -0.6992246965  -1.3726176893  -0.1310381639  -0.0744420561  -0.3038586688   0.0432416237  -0.2704965053   0.5103067749  -0.0825728598
 0.4810659591   0.1073644959   0.2480011572   0.7012985663  -0.0959357594  -0.4949042392   0.6324648829   1.8978173197  -0.4158418610   0.5731828917   0.0616926408  -1.7100270303   1.2827582663   1.6203715099  -1.8528115443  -0.6819433593   0.6885710482   0.2848633524  -0.0826581215   1.2358787871  -0.0144831817  -1.1262951653   0.5508449009   0.4134221180  -2.1268009895  -0.4834841129  -0.8732404646   0.4268170317   1.0494253014   0.3470245769   1.7440698632  -1.3407838431  -0.8117907830  -0.3174709828  -0.9567814084  -0.1193926580  -1.0779611578  -0.4562257670   0.9698077720   0.4188862979
 0.2974838798   0.9319947083   0.4956621982  -0.0856655621   0.9333148976   0.0649716895  -1.8764729435  -0.6335942825   0.9329939112  -1.2698752568   0.4954341921  -0.0117469008   0.0675835528   2.0487285734  -0.0197943622   1.7967637534   1.2975660484  -0.0330495883  -1.6362637319   1.4542479456  -2.0505238216   0.9068157821  -0.1300642493  -1.0669614834   1.2084549874   0.3456813191  -0.1211864717   0.2753848932   0.8542225581   0.3196151546   0.0279137316  -0.9655134074  -0.8409714646  -0.3199306958  -0.2811511071  -0.0426553269  -0.9849616606   1.5101220595  -1.1983233656   0.8990375361
-0.1180317635   0.9242457633   0.9455779091   1.1014888475  -1.7756110819   0.6537085330   0.2877090647  -0.9397692492  -0.5377823747  -0.7362201925  -0.2425043405   0.4459476854  -0.7913555846   0.4889248917   0.2315270168   1.3751288085   0.4330156723   1.1887963177  -1.2385763929   0.7232577696   0.1134049841  -1.3541191624   1.0996104115  -1.4455969594  -1.5555318324  -0.3421750695  -1.4473957658  -0.6774335816   0.1652510841  -0.8436037107   0.3001501577  -0.7949292513   0.1365060527   0.8959265467   0.6519039076   0.6731980122   0.8004489708  -0.2316998755   0.3033863335  -0.3183981073
-1.0527940392   1.2048871627   1.2710827015  -0.3457395724   0.1602083963  -0.8811510945  -1.4663529690   0.1291525609  -0.4834023524   0.6842824982  -0.0167354597   0.7533022057   0.8927144323  -0.8557235122   0.7321203720   0.4032281649   0.4943384976   1.3242549816  -0.9504755047   0.5559003177   1.0104038244   0.8776006851   0.7422627526   1.5913052639  -1.0857540863  -2.1062889267  -1.5348705271  -0.4826672345  -0.4085483458   0.1917504870   1.7779288644  -1.0775113928  -1.6448331096   1.6886738707   1.3921857936   0.6236450722   1.8848620950  -0.7059864418   0.2777765367   0.4943933651
-0.6359032628  -2.0898029145   0.1201752165   0.7998721719   1.4676129731  -0.2735767332  -0.1477764548  -0.5339869013   0.8891507114  -1.4878020853  -0.0708445294  -0.8739622307   0.6940794855  -0.4800074633  -0.6530081748   0.0949438256  -1.3218176876  -1.0171505020  -0.0600125635   0.5841718347  -1.3145049678   0.8359462484   1.1176596151   1.0366031665  -1.6489532416  -0.4586476609  -0.4477994463   0.2291661630  -0.6853082316   0.0447058142  -0.9723673096  -0.4703727995   0.2686590089   0.1552795939   0.3211157352   0.6566872661   0.9080693301  -0.7775392412   0.9062723320  -0.2236766412
s3
 2.1367463257
 0.7706994465
 0.3723013193
-0.5258502103
-1.8467880627
 0.3840628453
 1.2494454957
 0.1716405913
 1.1438665815
 0.5974575643
-0.6406083434
-0.5720415331
 0.7489090673
 0.7668126231
 0.5934381173
 0.5591812627
-0.8549906542
 0.5985594603
 0.4395228456
-1.4456199357
-2.0053336515
-0.3459082245
 0.7007402434
-1.5026483987
 2.6542160482
-0.0759101159
-0.9006545289
 0.4477980592
-1.0455593850
 0.8742904052
-0.7500009632
 0.6268200136
-0.4160918095
-0.1305378427
 1.5410897039
 1.0159336449
 0.7705508762
 0.7005268420
 0.0190148030
-0.3410513687
w4
-0.2188900318  -0.7267205448  -0.6108933853   0.8818094215  -2.5719482520  -0.2535701888  -1.1785422381   0.5633324927  -0.8712542536   0.0227047266  -0.2371653417  -0.3465726531  -1.8034913397  -1.5753266705   0.4690679446  -0.2483858362   0.3811118557   0.4896236699  -1.8826133991  -0.2472959007   0.5290081378   0.2249754057  -2.0780540772  -3.1895716048  -0.7402100169  -3.0208913640  -0.2560385927  -1.1314350839  -0.1700484204   0.3111456793   0.2265548773  -0.7874132278  -0.5394447875  -1.8050687275  -0.4653275400   2.1225408407  -2.0163269257  -0.3351813778  -0.2943786649  -1.1063825118
-0.1740960954   0.1386008720  -0.4868097865  -2.0940095274  -0.9850649156  -0.5582169075   1.2641331015  -0.6026435438   1.7875222972  -1.1509797857  -0.0975407415  -1.7819592777  -1.9367417673   0.7414439769   0.0269613434   1.0646929856   0.8139674597  -0.7978606565   1.0468024064   0.5646760294   0.6740427664  -0.5895028399   1.3550147868  -1.3555841321  -2.1533324686   0.0781002612  -0.6944141441  -1.8817327951   0.7128113973   1.0358630097   0.4638542924   0.4839081552  -0.1906389273   1.1570654190   1.0118329766  -0.0558070126  -0.5968529382  -1.2279558589  -0.7937202862   1.5768142837
-0.7546225228  -0.7833069133  -0.9246391904   0.8057911023  -0.4039922546  -1.0355213495  -0.2674917586  -2.3200306667  -1.6747923908   0.8462471819   0.3034956294  -0.0342802837   0.0965877209   1.3499488295  -0.7809941561  -0.1534407773   0.3326237957   0.7454262681   1.2207284001   0.2220473342   0.7760889087   0.8247241659   0.5568193100   1.7762723008  -0.5882852593   0.1045060931   0.4646157175  -0.1922032538  -0.0348862889  -0.5022576325  -0.2370172608  -0.5056760319   1.2842070637   2.1970757176  -1.7020214944  -0.5099171187  -2.3002980727  -1.3031606548   0.6647191000   0.7834198733
 0.0216870487   1.0466442567   1.1750956073  -1.1913805226  -0.3067448841  -1.4852381271   0.8063971451  -0.6158444625  -0.7801559260  -0.0544896773  -1.4908858179  -0.8797063335   0.8335982612   0.8146625285  -1.0650857971  -1.4912624418  -1.0281233450   0.2104254290   0.8702336164   1.0790870000   0.3185331485   0.2018631436  -2.1315343081  -0.6780722860   0.1959889149  -0.1882026567  -0.0351286520  -2.1649742459  -0.4175321004  -1.1825570067   1.5735684796   0.8779318515   0.5638720897   0.6021316455   1.3446004786   1.1356413666   0.1279419702  -0.5309400006  -0.7864957157   0.8774577375
 0.0704587186  -0.0824552231   0.2060051741   1.0801786196   0.8878815166  -0.7578135241  -1.6022600871  -1.1719449455   0.0911256242   0.5733689504  -0.7404742720   0.7479114065   1.0390440786   0.2255528422  -1.1881558803  -0.4759039248   0.2929619398   0.4935122325   1.6446462766   1.1521388715   0.5535757680  -0.0624513804   1.1077302359   0.5312799429   0.9478530496   0.2833849173  -2.3752994961  -0.9355669661  -0.8827725445  -0.9907819019   1.3314381104   0.3926761052  -0.1152840334  -0.1746823803  -0.2003449834  -0.3427127613  -0.2086283353   0.0963432544   0.6678205117   1.4642114897
 1.0789238768   0.0390052218  -1.1799046203  -1.3220058276  -0.9808111838  -0.6943493098  -0.7739176623  -0.7075481432  -0.4704412475   0.3286038453  -1.0128958360  -0.8554915560  -0.3643891274  -0.1057520574   0.1969497597  -0.4839719067   1.2584539243  -0.5317678866  -0.9927477964   1.2497282178  -0.9709724465  -0.4852963759   0.0792418728  -0.6877103621  -1.2067166815   0.5468038086  -0.2765361057   0.2904179689  -0.8546279759  -1.4325677521   0.6139290904   0.3606977415   1.8569168223  -0.8123730566   0.7529625279   1.0772620172  -1.1484193745  -0.6971181334  -1.0565560794  -0.4337689732
-0.8082868247   1.2042340693  -0.7141463194  -0.6635959109  -1.3203311431  -0.2431260354   1.3573183545   0.1853030128  -0.5040747972  -0.7370947979   1.3190987359   0.8739251869  -0.1899118560  -0.6289041562   0.4580478161  -0.1894621835  -2.3169316462  -1.3542940990   1.0177112993   0.4655690403  -0.2928333398   0.0102629837  -1.5789876963  -1.1335936491  -3.0994310955  -0.9465029330   1.7001897870   1.2934955162  -0.2020291765   1.4298099784   0.1882404765  -1.6751351728  -1.3135334468   0.8096847576  -0.7927329113   0.6208160829  -0.3852264149  -1.5536153011  -0.6036039214   1.2786097763
-0.9160773439  -1.6241945463   1.9766772053   2.8269992873  -1.4819887710  -2.7558147261  -0.7910046330   1.2758700576  -0.9672555612   0.6314034859  -0.9238496550   1.1568637230  -0.9622699652   1.0567469197  -1.6471385153  -0.2428338758   0.3156437919   1.6009498986  -0.2076248852  -0.0938353439  -1.5409848300   0.3291943950  -1.3897964036  -0.2882590356  -0.7546432039  -0.6808265047  -0.3868582326  -1.0874829555   0.7695596459  -0.6268838699   0.9537510930  -1.1335405687   0.1492497042   1.3533763757   0.0462179856   0.8166022384  -0.9676171561  -0.1432356136  -0.5198447837   1.1077604687
-0.7584248912   1.3141834590   1.2331244487  -1.7309684275   1.8025393031   0.0411443372   1.3789090150   0.0449567455  -0.3357955375   0.3559121249   0.0440877908   0.7291175900  -0.6029905588   1.9025119175  -0.7121024554   0.0457704523   0.0820022326  -1.7759488590   0.3518943359  -1.7544590825  -1.4480639248   0.0784541029   0.4879866532  -0.2007817733  -1.6332049985  -0.8864814633  -1.5112690462   1.5194920799   0.4595890828   0.1781779570   0.1296946591  -0.5594659152  -0.3310673200  -1.0548175492  -0.8457102560  -0.4904999364  -0.2294959057   0.0436856225  -1.1385673817   0.0771372267
 0.0135700003   0.9263200096  -0.0250555031   0.2573119569   1.6579855186   1.3849080829  -1.2164620726  -0.4679718475   1.1184485938   1.1777175752   0.8627991580  -0.6654941148   1.6536302729   0.5002089823   0.0838904924   1.8062611416  -0.9869015734  -1.2234084557   2.1490977123  -0.1077027839   0.0463597564  -0.8572240828  -1.0381481875   0.2411542076   1.8107241742   0.0007275963  -0.3653920873  -0.7092006928   0.0513721498  -2.6956724232   0.2528243105  -1.0154773514  -0.8640697225  -2.1689956607  -1.0531793841  -0.5295720846  -1.7730836362   0.2484402537  -0.0856999671  -0.0232227218
 1.2129266446   0.7259811086   0.8208717569  -0.9139061020   0.4501696316  -0.1877618732   0.7091165362  -1.0789997231  -0.1203306595   0.1315089629  -1.4231563771   2.3406512024  -0.9986230647  -0.4926286121   0.2343613332  -0.8682093602  -0.4664980771  -1.5302131100  -0.4532497251   0.0043423081  -0.7591343919  -0.1860958482  -1.0987415589  -0.9991895585  -2.2767533295  -0.8503547339  -0.3633457888   1.3230194403   1.3875630146  -0.7952130917   0.6782585650   1.2159696012  -0.9931737546  -0.6494306121   1.1189699741   1.7105721520   0.8672702093  -1.0739305487  -0.0742714929  -0.1502376926
 1.2376069700  -0.5653740897   0.8390386791  -1.5845675735  -0.8853554516   0.2980969715   0.0251288090  -0.6821334082  -0.6790857105   0.0808309178   0.8764873849  -0.8703919877   0.2566918746  -0.9143511130   0.2913195110  -0.0057045132  -0.0876490574  -0.4586846917  -0.6140334441   1.7687501720   0.7449355275  -2.4920689003   0.2479139674   0.9301366667  -0.5934319002   0.1068408687   1.5905725357  -0.7579324794   0.0060665748  -1.0719664737   0.2580067281   0.5586132429   1.4620232235  -0.0225229748   0.7046417844   0.8807182314  -2.0363151747  -0.4968244766  -1.4428316760  -2.0495920911
 0.5085845635   0.2668534424  -0.6320158146   0.5398876128   0.1315173072  -0.7159471275   1.5400745360  -1.2133701351  -0.1377290483  -0.8521245002  -0.7649647816  -0.9912303325  -0.0783333789  -0.7019405747   0.8181288947  -0.5513956119  -1.0453814140  -0.4500935902   1.5953595884   0.4456308645   0.4154937404   0.3176415397   0.5335995839  -1.2762435697  -0.0148591243   0.2028336193  -0.6780280161  -1.1322918173  -1.6765272937  -0.8371024962  -0.0987706428  -2.4828116047   0.1557448419  -0.8563592553  -2.0398341671   0.0647358231   2.4528468106  -0.1495988118  -0.1273735937  -0.6483344802
 0.4556293028  -1.4903984410   0.9824368277  -1.9943352134   0.9725988631   0.1262951942   0.3646669763   0.5215266378  -0.8516653685   0.2015500811  -0.8705629031   1.1900350393  -0.8420897610  -0.3391908862  -0.5549590640  -0.4415276467  -0.5540930649   0.1795494123  -2.2778207820  -0.4571097234   1.0094300150  -0.0127109748   0.3467992512   0.0028763980  -0.6873515547  -1.1225623134  -2.3793727778  -0.5384986991  -0.6046208102   0.1764779131  -0.1435670820   1.1338000024   0.9114943091  -0.5316579043  -0.2946092920  -0.3546765287  -0.5501299720   1.7213302794  -1.8066060597   0.1984260746
-2.6965647465  -0.2665598058  -0.4660317361  -0.6350944654  -0.5478267659  -1.7847625991   0.7163020893   0.5687230830  -0.8877102775  -0.3171034960  -1.1199683351   1.9375140348   0.0289043079   0.6229563536  -0.2825519357  -0.9720036923   2.0728199553  -2.1914149884   1.6161208182  -0.4028564697  -0.9988727481  -0.2851508989   0.8601695959   0.6657282852   0.4136400533  -0.3121673396   0.7751705005  -0.9134138108   0.1069617345  -1.2705158276   0.2021771538   0.9594343165  -0.8543879791  -0.4171320644   1.1780839777  -1.3452403513   0.3035276045  -0.1042980010   0.8139075104  -1.8794440335
-1.1700300316  -0.3389797394  -1.4275788695  -1.4028610475   1.2289087274  -0.0209141035   0.3929226506  -0.3515759987   0.0856774888   0.7537590704   0.4616250347   0.8291926238   1.3493793049   0.2126033204   2.3240503025   1.0960572753  -1.8775812965  -0.6932175561   2.0500766707  -0.5168387534  -0.6462571436   2.1770459630   0.0509236829   0.1730759441  -2.7114800720   0.5390600361   0.4218245198  -0.2271147255  -1.0518676847   0.3593312376  -0.6089034063   0.0509052036  -1.5749643931  -0.4206758705  -0.8964195379  -0.4033030399   0.1250782356   1.0324944309  -0.3934044459  -1.4056377757
-1.8326874696  -0.2050195676  -0.0596232304   0.8314357711   1.1954036734   1.5360191455   1.0021311787  -0.2605346101   0.4221824906   0.1618725296   0.4821502283  -1.6398200719  -1.6274188457   0.1145402458  -1.0002925652   0.6879985614   1.3101323203  -1.5933945051  -2.4953982041  -0.1594991350   1.4102192342   0.2383135045   0.9468908150  -0.4000504447  -2.1258196885   0.1465993316   0.8495338398  -1.0550462304  -0.7727303408  -1.3542689380  -0.6801050903   1.3042361551   0.8950071678  -0.9654706372  -1.6498359424  -0.9698652676   0.1051319694  -0.4852548491   0.7050967841   0.4810030019
 1.7903458555   0.5331303510  -0.2004813935  -0.9439846918  -0.5734955908   0.7529518601   0.5948824369  -0.9362769643  -1.1896196972   0.0661902721  -1.8427483282  -0.2510233740   0.8921001030  -0.5357204952   1.2683666257  -0.6633294000   0.2418256057  -1.4286075599  -0.1795960848   1.4722790155  -0.2204206570   0.3132122618  -0.7757764926  -0.6219029795  -0.2703923551   0.0241544042  -0.4356711433  -0.5644073024   0.7835661652  -2.1070779204   2.3179184949   0.1111158425   0.9469055751   1.5420937739   1.0719846581  -1.4382685596   0.3360412380  -0.7301891637  -1.3936820024  -0.9253407777
 0.0480764371   2.0851529523   1.4368335342  -1.7521773474   0.5642221002  -0.5861898579   1.1186533150  -1.0851269065  -0.0073291831   0.3220662176   0.6367873574  -0.6250149056  -0.4947596650   0.3350765145   1.6398301484   0.6125832055  -0.1835130978   0.8898061223   0.0716659210   0.1937795098  -1.6634117873   0.9495942081  -1.3149388711   0.2393593249  -0.1828233121   0.7730544199  -2.4557997785  -0.1966912735  -0.2678440340  -1.3821345028   0.4312902073  -1.6584256287   0.2855320761   2.2051369838   0.8722619352  -1.0984045774  -1.2020379659  -1.0494140229   0.4462344480  -1.2696006051
 0.4614767361   0.3542196683   0.1760466469   0.2629874577   0.0526217174  -0.1136185843  -0.5255910644  -2.1580767083  -0.6295492466  -0.0009041308  -1.1030042703   0.1365738189   0.6936269531  -1.5668368924   2.1388181245  -1.2506450780  -0.9134285873  -1.5624512011  -0.6866867794  -0.4966562937  -0.2075497662  -0.2533449823  -0.5477026234  -1.2514138334   0.0502846216  -0.0091869499  -0.6921684877  -0.7616899792   0.7075470036  -0.4593068301  -1.1209292470   0.1432978897  -2.0345319291  -1.6143347782   1.5219645097   1.0561089690  -1.0689740852  -0.4668210865   1.2934563805   0.1134990900
-0.7615962630  -1.8075937108  -0.1492137677  -0.3955391572   0.5808263007  -0.2355830521   2.1896126814  -0.0516871137  -0.2678650977   0.1054198680  -0.2174092793  -0.4838891148   2.3331045210   0.1583070523   0.9410021018  -0.0781155466   1.2032974589  -0.0097526982   0.7202268404   0.2497199504   1.2929730888  -0.6503965841  -1.5758714962  -0.0775387564  -0.3482563482  -0.9932284529  -1.9450200841  -1.0824717447  -0.1593616170  -0.5037181887  -0.1613886564   1.5600076447  -0.7963695481  -0.4007896357   0.1489047363   0.7854591064   1.9497715532  -0.2325399475  -0.6763602471   0.6083313081
-0.3171304122   1.0170563532  -0.6543295196  -0.9557274654   0.4607927250  -1.1408336979   1.3831985299   0.0020329727  -0.5510074553  -0.6046444014   1.7554124585   1.7331730348   0.2647460823  -0.4004682420   1.0639936696   1.5726202631   0.2069241527  -0.1393352031  -1.0439890782   0.7840259353  -1.5582807748   1.6257426026  -1.0627899125  -0.5253623361  -0.3855788528  -1.0777002764   0.3518060517   0.9017218678  -0.0737085435   0.5539760183  -0.2156390161  -1.2528448550  -1.4115434415  -0.8690963844  -0.2136869014  -0.6900279847   0.8601574568  -0.8687940414  -0.3020859354   0.7372641394
 0.8616115838  -1.6342238816  -0.9698582558  -0.1210591315   0.3299254540  -1.2857621660   0.1962632685   0.1518647808  -1.4021325159   0.8360479242   0.4069986898   1.1948333281  -0.5374428857  -0.0361855854   0.4931686751   0.0900218258  -1.6543102869   1.0672975863  -0.9686823916   0.0828685041   1.0745659537  -0.1274632243  -0.5548485021   1.7948641151  -0.8711893595   0.0487002573  -1.0492672509  -0.8509339769   0.0479229003  -0.3768450262   2.5594859848   0.5683286582  -0.2210834569  -1.4170731797  -1.1407595333  -1.5849253159   0.5656436043  -0.2437044493   0.9811367710  -0.2929877718
-0.9708244315  -0.5735105884  -0.6874430450   1.0336294836   0.1571955177  -0.8959697502  -0.0187736989  -0.6115031427  -0.0356333104   2.5324733687   0.2482238982   2.5367788650   1.1785059374  -0.5740335002   0.7486517547  -1.1328830284  -0.1721854275   1.0221144269  -0.3262486511  -0.3253313343  -0.3747671178   1.3613906868  -0.5470700533   0.5764465624   0.6995584262   0.4506774821  -0.1919923310   0.4242874025   1.2155930020  -0.7868588336  -0.8786822889  -1.2058938974  -1.7258920248  -0.6794846051   0.8880134745  -0.2510213407  -0.2211103020   0.6640828248  -0.4599638102  -0.3998276473
-0.6053978697   0.9442600582  -1.5084983152  -0.0016538265   1.5554811580  -0.8988625350  -0.2864836016  -0.8484716907   1.0697900595   0.6314844995   0.5760940314  -0.7323178451   1.2596624514   0.7749581005  -0.2199092401   1.3535524909   0.6951923913  -0.1326042510   0.4443723117  -0.4856503140  -0.9914366824  -0.7581931019  -1.9801883218   0.6245241604   0.6357974422  -0.1238200900   0.6494200459  -0.8230862344  -0.2385551967  -0.2133953379  -0.1056606062  -0.7720071521  -1.8863661188  -0.5438770309  -0.3440166369  -1.0318734394  -0.1041675172   0.7218339660  -1.7497185577  -0.6470673419
 0.1426177511   0.6158584954  -0.7317844212   0.7189583317  -0.6252113563  -0.5373593502   0.5680152243  -0.3910174501   0.5697710617   0.7988298725   1.0471691590  -1.0676745610   0.6918440992   1.1649221454   0.4264166057   1.1699828361   0.7169186782   1.3484065492  -1.9802806831   2.2528736278   0.5750073030   0.7377084691  -0.1340089804  -0.2413106604  -0.9450332540   0.9340927527  -1.9032676185  -2.4895290255  -0.2568034369   0.4188740312  -0.9410439357  -1.3070754021  -0.4523317340   0.3975845161  -0.5837958375  -1.1087909956   1.1000356778   0.5983550142  -0.8397089760   1.1501118540
 0.1036079297  -0.7355645359   0.0303128959   0.8225758588  -0.6595591924  -0.2240242803   2.3964877681  -0.6183718665  -0.7278633052   0.5297190509   1.0455000701  -0.7786028388   1.2186501194  -0.1254010461   0.5520756581  -0.4553903889  -0.2210004670  -0.1677728826  -0.2398523046  -1.8699720822   0.6187528148  -1.7941764690  -0.9952520506   0.6826864424  -1.4999426619  -0.1081791106  -0.4823463275  -1.1854890799   0.0390739886   0.4294391398  -1.1299711073   0.5585050458  -0.0021413283  -1.9433673947   1.5527160218   0.0728886782  -1.3669571464  -0.3320772957  -1.6231635656  -0.2088212506
-1.4346707100   0.4057458840   0.5914399973  -2.6716271263  -0.4394030666  -0.0424569734  -0.1774146074   1.3433804459   0.7862528688  -0.6121154754   0.8726891915  -0.0416699993  -0.7358633388   0.0271027520   1.5520527714   0.8093842426  -0.2203951766  -0.0471724816   0.5836736944  -0.3656797659   0.9424658762   0.3863790463   1.5709245017   0.1919209431   0.0420051190  -2.1878742801  -1.4528960477   0.1503105134   1.1847267553  -2.4905837329  -0.5981316865  -0.0764001034   1.5134519757  -1.7553875501  -0.8841964729   1.3998860675  -1.0327749049   0.1482128419  -0.0140406667  -0.1875463656
 0.3293916431   0.6369470909  -2.3416342194   0.1967282086  -0.4138486107   0.3358415137  -0.6374287312   1.2376373240  -0.8691462015   0.0343292077  -1.4893874147   0.1890789168   0.5021723674   1.1808948226  -0.3248010906   0.1677565032  -1.4300901347  -0.1861072162   1.6963439161  -0.2741668647  -0.5911527692   0.3271711526  -1.0634794228  -1.4961217180   0.7123141524   1.6128226055  -0.7166935225  -1.1551732607  -0.1560144391  -0.2609039441  -1.9825087146   0.2742734155  -1.1041659703  -0.5972958329  -0.9164888675  -1.7300651426  -0.4324216531  -0.7376279033  -0.3224907504   0.5221311775
-1.0761488508  -0.4019767145  -0.9978808133   0.1561838226  -0.1024267565  -0.0466806511   0.4890097611  -1.6740567900   0.2285018205   1.0455548232   0.3230837426   2.6536393677  -1.2907055056  -0.4406004117   1.2243585527   0.0150849607   0.5200313286  -0.7392707083   0.1032210033   0.6854785939  -1.9083186222  -0.6188278242   0.5173733230   1.6291639073   1.2458208847   1.1619109417   1.3603361945   0.2018815124  -0.5028316330  -1.4774716599   1.2071127653  -1.5607537110  -1.4056606723  -0.2466165437  -0.8662867620  -0.6169985115   0.2418678241  -0.9437254655  -1.0312304172   1.4480211826
-0.3517049600   2.2206616894  -0.3248890726  -1.2554367629  -0.3334330907   2.1468791008  -1.4449390994   0.5684950559   0.4858761053  -0.3383256657   0.5328911953  -0.1482066426   0.6494064450  -0.0501090798   0.4519139859  -0.0876905896   0.1323955084  -0.9334059389  -1.3724584402   1.2166212042   0.4233253031   0.1888046874  -0.5416380005   0.2960604313   0.1799729397   0.7590705877  -0.2630510093  -1.0734434686  -0.8220269419  -0.9998579714  -0.3141526210  -0.4827345529  -1.0821627076  -0.9549467982   0.0899342668   0.4284712595  -0.7220261106  -0.6531269817  -0.2546067310   0.2625927310
-0.8493334962  -0.8431973473  -1.0618998392   2.0303172749   0.6577259049  -0.8613100930  -0.4790841467  -1.6757018851  -0.2858567405   1.7350099052  -0.3504192503  -0.5494316828   0.0281258959  -2.1238313285  -1.4716146569   1.3431584776  -0.2745496620  -1.3414428747  -0.4617185746   0.1490541660   1.0790923144  -0.2870441950   0.1958095850  -0.4850794617  -2.3221040378   0.4841050169  -1.3514349637  -0.4095946558  -0.6204453835   0.6839820720   0.7379162843  -0.4144802259  -0.7162698233  -0.3600253221   1.3130934915   0.7310103762   0.2557677639   0.2324642605   1.4353158432  -0.4008479340
-0.2737000964   0.0417882367   0.9478891395  -0.4691525538  -0.7909446702   0.8054355990   1.2440488570   0.2040484798  -0.5381953579  -1.5895727577   1.1578237028  -1.6560197084  -0.6042460622   0.5576521786   1.5240607153   0.4921792334  -0.0341962824   0.1428516366  -0.8034654753  -0.6697804702  -0.2090053844  -1.8034752625  -1.1388493080  -0.6221978273  -1.2305886161   1.4426999835  -0.6203760749   1.6214144648   0.3657012317  -0.3887802351  -1.3547982988  -0.5869812957  -0.2544958698   0.5456657201   0.2199592404  -1.9330321802   1.1739259653   0.0218877851  -1.5505280596  -0.2248053749
 0.6433241242   2.6305712773   1.8270632401  -0.1753782493   0.2599309409   0.7365367804   1.5652006740  -0.8662018093  -1.8378357427   1.0684298230  -0.1025753937  -1.3603010574   0.1092835145   1.5468290940  -0.2329314093   1.3576861277   1.6520560774  -0.3052267682   0.1858232510   1.9623148853   0.5902121304  -0.9740411413   1.0056530611  -2.5008374014   0.1145283121   0.1004000466  -2.7796352397  -0.2213486967   0.6874612629  -0.5348534112   1.3326481193  -0.0636623767  -1.4798140170   1.0821933881  -0.8121980405  -0.4197553306  -1.2499119040   0.7485692329  -0.3689174436   0.0446388449
 0.6543789172  -1.0520402421  -0.5431683992  -0.0844459769   1.5519682756   1.1307823972   0.2710622422  -0.3982293281   0.0490686112  -0.9228439463  -0.6310747858  -0.2569947953  -0.4145268439  -1.0166860476  -0.1049259091   0.8639260659   0.0162895201  -0.8199388218   0.3451356983  -1.2955184994  -1.6502773456   1.1961554524  -0.7451436568   0.6222999556  -0.8505396563   0.1886950831   0.3081283894  -1.2223517783   0.0662605620  -0.7247341491   1.9834378773  -1.7244514819  -1.0649310491   1.0284950420  -0.0171951880   0.3499269847  -0.5165537875   0.9285668945  -1.0960754884   1.3576410822
 0.9563859456  -1.2442337715   0.0899499736  -2.0319173064  -0.0284248244  -0.0375930590  -0.0088306672   0.5581397178  -0.2580475251  -0.0627767286  -0.8821024102  -0.2829712937  -0.4463187311   1.3114389433   1.7388676415   0.0966230877   1.3936990583  -0.7714657887   2.3683458398  -1.2393232012  -1.2747415127   0.6390169111  -0.1582166357   0.9911839199  -0.5979126264   0.0423472690   0.2342216709  -0.6431606158   0.6979980486  -1.8376881090  -0.3580883707  -0.1210900390  -3.4652583346  -0.3682154305  -0.6925871706   1.4552506876  -1.3981004961   0.3331538658  -0.6792142421  -0.3898557224
-0.5876049129  -0.1701160205  -0.7298570666  -2.2877119057   1.3739110701   0.0362667038   0.2381415320  -1.6526707367  -1.1054599163   0.0806674429   0.0427767024   0.5659869515   0.5490670655   0.3832857705   0.9844080932  -0.9820316471   1.2908856117  -0.4493897158  -0.4090614889  -0.2984112940  -0.9020727998  -0.9257172832  -1.3948960477   0.5162226901   0.1182595079  -0.0531583597  -0.3528324173  -0.0659265532  -0.2392438601   0.6453539108  -0.2809224763  -0.7276319010   0.2809351914  -1.1793661080  -0.2453343477   1.1037244171   0.2570366760  -1.3927054158   0.5225110075  -0.4585426783
 0.8587364421   0.4904955165  -2.0610104258   0.9235402744   1.3541670762  -0.4587413976   0.7008746487  -0.4519014615   0.6395635536  -2.1816845379   1.3484559891   1.3949920233  -1.5060055932   0.3875722451  -0.4463069678  -0.5733270884   0.1947094416   0.5885817239   0.0434638299   1.3286242735  -1.4104991376  -1.0375935214   1.5298745048   1.5284922560   0.0366672154   2.5519966596  -1.7301589150   0.0821369470   0.0783365543   0.0105497242  -0.0446623700  -1.3770040151  -0.9641000189  -0.0371867228  -1.1627637119  -0.0888847622  -0.7424014195  -0.6821100253   0.7543865740   1.2411629134
 0.2743199687  -1.1002836996   0.3696576474  -0.1242086038   1.6947744728  -0.2856726020  -1.3384992995   1.7175685828  -1.0453675331   0.5935605420  -0.3773619232  -1.5026871503   0.5329494316   0.1743342355  -0.6461141577   1.0607095476   1.5725426969  -0.5578396802   0.2667512683   0.1231080923  -0.5191375135  -0.0632405757   0.9087810567   0.3872564033  -0.5414378556   0.8453502918  -1.3883960482  -1.5450418202   0.0331369907   0.1039495462  -0.4694764792  -0.4635372609   0.0049749166   0.3561404657  -1.5533098324  -0.2462797307  -0.4451925030   0.8947013071  -1.4629206182   1.6906223072
-0.7062110004  -0.5641372782   1.7072436071  -1.3277925913  -0.6843940130  -1.6892531358   1.4749289796   0.1653563272   0.1377293439   0.3691055673  -0.3107503961  -0.0759162722  -2.0004503462   1.2925253992  -0.8246070323  -0.0068448116  -0.1820663524  -2.6110229698   0.4289055014  -0.9765538270   0.7100389233   0.4125872325   0.5899038614  -2.2303935841  -0.5630605136  -0.1953524769   0.7250341433   0.3305024525  -0.7695015651  -0.0410973656   0.2622008827  -0.1879532042   0.3067473316   0.1837649404   1.9734180251   0.6430630268   0.1482373273  -1.1595054119  -2.2571094078   0.4272102446
s4
 1.8568152094
 0.7140593826
-0.1881826044
-0.5693529602
-2.2111317237
 0.0054011794
 1.0285248090
-0.5879143993
 0.9350281232
 0.5950509444
-1.2199054923
-0.5206538178
 0.4029747353
 0.5461324826
 0.6125523475
 0.4998018595
-1.2055808600
 0.0057665263
 0.6760074253
-1.3873842334
-2.1402136877
-0.4731915760
 0.6310950304
-1.7356011791
 2.1271667823
-0.3829147222
-1.0383849457
 0.2488391071
-1.1561381980
 0.1938140669
-0.4143463973
 0.1969089626
-1.0283494871
-0.1182667081
 1.2633322759
 1.0135234743
 0.6717308203
-0.0599052618
-0.1560096117
-0.6449313330
w5
1.3352835042  -1.1585750889  -0.0739438885  -1.1869888119  0.0321184569  1.0640330403  -0.0867704317  -0.1874070764  -0.4445619721  0.7209224500  0.1531663153  -0.0124828835  0.3236959741  0.0990359426  -0.8249575866  0.0367779947  0.0201876150  -0.0976323856  0.0757708311  -0.7514185930  -1.2453449821  -0.4460255476  -0.6187855828  -0.7002965822  -0.0547291567  0.2234379863  1.7359527502  0.4238321444  -0.8183937872  -0.1767601537  0.5016788344  -0.3609538700  0.2040243922  -1.3454180186  -0.0997800119  -2.2161682999  0.8451652807  -0.2623839274  -0.3733969605  1.0574228265
s5
0.8540609578

