layers: 5
str: {2,40,40,40,1}
w1
 1.3474308227  -0.3367225619
-1.0729023120   0.3299613928
-1.1513892877   1.1373632380
 1.3201440480  -0.4037853694
-1.8241056442   0.1582285815
-1.1201342905   0.5911737170
 0.1343294580   1.2275856910
-2.6726994092  -0.1091711635
 1.6276924776  -1.4462402257
 0.1976330697  -1.6063878721
-1.8448359659  -0.2180381922
-2.9929614629  -0.9499798562
 0.4653738807  -0.6223056408
 0.7812603888  -1.0692262204
-1.2323120179  -1.8123203593
 1.3080251689   0.2931856478
-4.4899339192  -0.3868823323
-1.9169360674   0.5700545739
 1.6751999075  -1.0038268307
 1.3945318703  -0.9011520008
-0.8257698192  -0.1560483471
-2.0041646824   1.3797070122
 1.3780209646  -0.3150903044
 0.6874405950  -1.0289306691
 0.0335121141   1.7779404010
-0.7153509838   1.0025399219
-1.7969424426   0.3983382193
-1.7898918815   2.8679943346
-1.2729963170   1.1878338553
-2.1202105129  -2.3074862481
 1.1165446832  -0.4270489130
 0.7345747356   1.6002969978
-4.1035393343  -1.7053075500
-0.9658543799   0.7514876299
-2.0653638671  -0.3173444218
 0.3980407884  -2.7339229699
 1.9504820335   0.0857753472
 1.5066036435  -0.9703545123
 2.5227841709  -0.8357308241
-4.7365498923  -3.3996513287
s1
 2.3123655882
-2.5551646927
-0.6405390029
-1.4070562769
 4.1895368205
-2.2539378742
 1.3868154049
 0.2137010997
-0.8992458484
-1.6398764438
 2.0487338996
-0.9313211958
-0.3017881081
-1.4167091172
-1.3435517760
 1.8138721111
-1.7922137097
 2.4301694658
-0.2255036307
 0.3443449407
-0.3735536136
 0.2217342099
-1.9664204917
 0.8620312261
 0.8128750500
 1.3849365815
 3.1652833065
-0.5639242065
-1.7449190335
 0.0093071464
 1.9845220666
-1.6047044340
-0.4904074872
 0.2681989385
-3.1705176342
 0.2760940273
 3.9830042189
 1.5172771220
 2.0461060418
-1.1779967646
w2
-0.3561233907   1.9616078500  -0.1997238562  -1.0772559608   1.3600770339   1.2741172039   1.1549381643   0.3059035713  -0.1010804039  -2.8766527525   0.6662870143   0.3896317231  -4.2762312911   1.6526925971   1.3187092648  -0.9669076559   2.5201573796   0.8350388057  -1.3781332955   2.4718952896   2.0904705609   1.1924746778  -1.3391798751  -0.5568508662   0.8293895991  -0.5956125187  -0.2161949356   0.8561005606   1.0403992307  -0.2387256951  -0.1254808458  -0.8639719493   0.6662152367  -1.9010272752  -0.0493032858  -1.1357044788  -1.2525076651  -0.2236686996  -0.9772492290  -0.7589950725
-0.1415129932  -0.7082934515   0.8704552093   0.0328407301   3.6779067328  -1.5078408346   1.3603726922  -0.8201527927  -1.6992977183  -0.4853777696   1.5208891775   1.5931727651   0.2048080614  -0.9856279915  -1.5168055260  -1.5018968736  -0.0433339818   1.5649146466  -2.7106069831  -2.1110096075   0.8494598645   0.5988476835  -0.6868994970  -0.0802548756   0.8881222746   0.5638187246   2.0932317248  -1.3944580042   0.5768878346   0.8917623725   0.3542891693   1.1724041211   1.6004570767   0.2191429997  -1.5991507896  -0.7337429319   0.8375694452  -0.8409829173  -0.4099894438  -1.4844975666
-0.0988936183  -0.1154611166  -0.5420117834   1.5262986398   0.1245044105  -0.4010344094   0.0809827333  -1.2071853303   0.5722183265  -0.3096018901  -0.6726983962  -0.0016093824   0.2275694466  -0.8780873967  -0.6637900901   1.3990816879  -2.1339052748  -0.0747089664   2.9697968436   0.2927880822  -0.6634607910  -2.6663914347   0.7046593489   0.4945926661  -0.1245063743   0.4881143483  -0.1973127243  -1.9156591506   0.1817542050   0.5307876508   1.7601871164   0.8597352742   0.2789175015  -0.7421736395   0.1953563313  -2.3360990691   0.5058827045  -1.0237703745   0.4680055983   1.8981820328
-1.2553413491  -0.1571863975  -0.4298613614   0.4399676701  -0.3466210094  -1.5099549093  -0.4385756756   1.3645782640   1.2488360511  -0.0531234631   0.2050722929   0.2166175603  -0.7005834319   1.2646636634   0.7138298455  -2.5636552279   1.1944459923  -0.9412743749  -0.2390022190  -0.9309693639   0.9649977097   0.7795882587  -1.2251236876   0.8279907691  -0.0651200183  -0.3503084680  -0.2528165173  -1.1344034509   0.2397778452   0.1719967459  -0.7470907182  -0.1436290742  -0.0446678264  -0.8950379048   0.4126989789   0.8338819448   0.3921126192   0.3450193570  -0.9279082114   0.2109400288
 1.4419063681   1.2204463191  -1.8721951022   0.1808859539  -0.5830720083  -0.5493072250   0.3592616623  -0.9048311419  -0.4906917848   0.5050158405  -0.7312191420  -0.7016511872   0.5730309279  -1.5320553020   1.0571176813   0.6384958451   0.3003222579   1.2389999694   0.5552996655  -0.7651183880   0.1308370995   0.8465573320  -1.6656677890  -1.2489060892  -0.3724868194   0.9450610732   0.9290807181   0.9220914193   1.6876101910  -2.1520432430   0.8196363490  -0.5075617413  -1.4363012616   0.4711328586  -2.1547755554   0.7568215236   1.1232466602  -1.1034387960  -2.1851008594  -0.0343525165
-2.5629196091  -0.3501517998  -1.3092315709  -0.7122502371  -0.0837627405   0.4369845819  -0.3779098635   1.1995278384   1.8486054994   0.9899823510   0.4901682016   0.5401442481   0.1319580023  -0.9266287591   0.7180590242  -2.5456724860   0.4752215533   2.0460058595   0.8229034086  -1.7079643844   0.3862770888   0.2827976718  -1.4443341020  -2.1005583780  -1.3019715739   0.6176626444  -0.3870888146   0.4226401997   1.1794738865  -0.2434978060  -0.1431697044   1.1599812996  -0.7217556166  -1.4695544716   1.7332013674   1.5665279968  -3.8329611638   1.2430062620  -0.2823498091  -0.3140599279
 0.4295645334   0.2206642696  -1.3351226010   1.0245353896   0.2407552565   0.5470765336  -0.8695763391  -0.4383209392  -0.8568716615   0.4345902983  -1.3586644286   0.5718764757  -0.7713383746  -0.9710186774   0.4304167681  -2.7022210516   0.7973689394   0.2516481615   0.1781564950   0.5898213246   1.2798739317  -1.5589246292   0.0601893646   1.8704887818  -1.3335656585  -0.0831386592  -0.6530691223  -1.2606060040   2.4129424869   0.7967461749  -0.3461159402  -1.3394692161   0.1732191777   0.1131567793   2.4537035502   0.9280615850  -1.1582027077  -1.7619168750  -1.8557053994  -0.5464679674
-1.4207443788  -0.0253051929   0.3317183404   2.0272883728  -1.4576878066   1.0113608290  -0.8363610884  -0.3402064218  -1.1236941802   0.4691631776  -0.3726699437  -1.7192035524   0.8335370625  -1.3887566863   0.2226629006  -1.8198911302   0.8084318633   1.5099992421  -0.9069200050   0.7084152125  -0.4076798725  -1.4520934637  -0.2164898243  -0.2521411310  -0.5083182821  -0.9887313880   0.6402379419  -0.0974635234  -0.8601852542   1.1694770387   1.1025650867  -0.4998325114   1.3631172283   0.4664322090   0.2491528223  -1.6496403639  -0.2467178136   0.2561724778  -0.4670208699  -0.5082092846
 1.1619366200  -0.8106399449  -0.7007970606  -0.2652016413  -0.3539764862  -1.2287102861   1.4436421358  -0.2666143147  -0.3225171771  -1.8846001200  -0.7828482540  -2.1182001213   0.4954461990   0.8699957251   2.0015609509  -1.0436271862   0.4136959397  -0.5263124124   0.3650076312  -0.3693560523  -0.5662645871   0.6631736738   2.3740935067   0.9619960248  -1.2450284753  -0.3063101243   0.0292011731   0.2086627959  -1.8728077442   0.2439606656  -0.3335396749  -0.4275972914   1.6067338361  -0.6767517108  -0.7887418524   1.8063651202   0.7615671353  -1.0121394109   0.7615458891  -0.7573386919
 0.4147054670   1.1061398725  -1.0817527578   1.4942772260  -1.4389148641  -1.3067775655  -0.2838969062  -0.5939030397   1.2376356209   0.0401011938   1.1605905259   0.3096914868  -0.9961692896   1.3781622413   0.9629754329  -0.3467652006   0.8028125974  -0.6449859658  -0.6759575994  -0.0956214175  -1.0941785326  -1.2786609331   1.1727649705   0.2589554208  -0.3272991168   0.5828128186  -0.7230021904   0.5664828891  -1.7194128582   0.6852653527   0.9380793541  -0.7242154271  -0.6943816928  -2.5968303857   0.8785961542   1.2388939706  -0.0982947660   2.2676044642   2.0257115208  -0.1343495177
 2.5742006776  -0.3800314200  -0.2776352453   2.0468802472  -0.1602356236  -0.2787384357   0.5386963230  -2.6849456411   1.7817940795   1.2087790372  -2.4307256246  -0.7270614154   0.0864862701   0.3819579859   0.1610667187   0.3392682334   0.3142038394  -1.1823056386   0.0199903872   1.4023140941  -1.6496538561   0.3839508767   2.6764138037  -0.6974633896   0.7542103827  -0.3168080574  -1.6382725539   0.4977650774   1.2216726766  -1.7567743691  -0.7336283836   2.3420274154  -1.9491535590  -1.5263804210  -0.8654446833  -1.1475916024  -0.5811908009   1.0010211015   0.6670687921   0.8191464745
-1.4065290345  -1.0548174326   1.6557190847   0.7619868772   1.0736228386  -1.1583559662  -0.5810548091  -1.5695918133  -0.7175116818   0.7168944699   1.1454673539   0.4349121728   1.0402272115   0.4715709193  -0.8160066906  -0.1821124617   0.7144920417   0.4376879087  -2.4614779508  -0.9320256831  -0.8932794155   0.0720321602  -1.8023130356  -0.2923711733   0.0933092322  -0.1237645986   0.9351193130   0.3220340553   0.5375056772   0.4079330488   0.5542065405   0.4568083232  -2.0065344313  -1.7802511765  -1.0027253597   0.5213731852   0.8049430797  -0.3216820970   1.4718205753  -1.3698695235
-0.2685777925   0.3361954357   0.5260475083  -0.4780055330  -0.8894463615  -0.5935193917   1.8738704369  -0.2756636769  -1.3573916283   0.4652523478   0.6473663420   1.9222634436  -0.9908605123  -1.4050603451   0.4448424849  -1.9598348618   1.2948430964  -0.8349766292  -2.0875615517  -2.0923881942   0.7868738505   1.1120327948   0.6767608884   0.7012131335  -0.0832670992   0.1482814927   0.0158395512   0.4518665775  -0.0623608778   0.5899369072  -1.9479993018  -1.1292886374   2.3275701629   0.9668370608  -0.3776627762   1.8906666303  -0.5287048413  -1.2562826408  -2.8962050153   0.0051164028
-0.8946953352   0.0806846168  -0.5120723604   2.1728656355  -0.4097404598   0.8542826776  -1.3662377456   0.7061747774   1.0780755478   0.2480846092  -1.4894372542   0.0047211539  -1.7917692930   0.8848866486   0.2108549981   0.2046186937  -0.0861638716   0.5616845056   0.6177178707   0.7352730231   0.2037764230   0.9831452244  -1.1066296760  -1.0379215560  -0.0044742732  -0.5915665803   1.5384961816  -0.2915234862  -0.3636817275   1.4487855384   0.3990626570  -0.0136869369   0.8850461630   0.5155105777  -0.4483082111  -0.8756077786   0.2880017657   0.2921889688   1.3640520198   0.5790184725
-0.3820837634   0.5534712460   0.6027310027  -1.2466951900  -0.6963341985  -1.1066580775  -0.6585151011  -1.3337304597  -0.9163030205   1.0329534782   0.4276482772   0.4214994255  -1.2414396394   0.3895926309  -1.9070406503  -0.6924685432   2.2661466499  -0.8825919441   0.6348228154   0.4294065046  -0.0200383053  -1.0133050760   0.4232950287  -1.0151368891   0.3501697491  -1.4288139864   0.1404320245  -1.7529017267   0.6563542544  -1.6881750589  -0.5983071358   0.6888539383   0.3929453328   0.0779876434   0.5285010384  -0.7140879790  -1.8463970721   0.1432981608  -0.6125720534  -0.7693478873
-1.5783005163   0.7186067598  -0.6631035401  -1.3144989918  -0.4049602741   1.1812144773   1.4187092075  -1.2858578365   0.7819916995  -1.1219962396  -2.5426183380  -0.1858170647   1.6954876174   0.1012304852  -1.3611594523  -0.9899399117  -0.5989557052   1.2642434897  -1.3554623525  -0.8581072244   0.3490015938  -1.8954909731   1.1192019546  -0.4205441063   0.8718675630  -0.0861777945   0.0794602381   0.4899750904   1.4296414918  -0.2300897732   0.9229245327  -1.3169672059  -0.4940108419  -0.3395100202   0.7151765124  -0.3756200406  -0.5182955927   0.1120614598  -0.9652680250   0.1112096361
 0.9567740937  -0.4131625202  -0.7168390815   0.5715661910  -0.4379447352   0.2563181497  -0.4112864143   2.0376556928   0.1846230956  -1.2631282115  -0.8449528578  -0.8844560171  -0.6704431154   0.8173898501   1.0047226013   0.8266147051   0.5975776433   1.3528571001  -1.2945000231  -0.5709999150   0.1528548293  -0.2424524023  -1.9320787457  -0.3388680532  -1.6423965352  -1.3161837774  -0.0436660907  -0.6001422761  -1.0356832068   0.7677633115   0.4795992046  -0.1939019530   2.3526637887  -1.1895120256  -0.0474003785  -1.1071702046   0.2092335147  -0.0490927746   0.2589472155   3.2839038100
 0.0798629515   0.2476493549  -1.1130594354   0.3044487787   0.9261973252   0.3091889339  -0.4983405265  -0.2704285628  -0.2562636782   0.4485839038   0.4307169145   0.9087831420  -0.0908296663   0.8999724597   0.8041037847  -0.8426221597  -0.7181532733  -0.4645440544   0.7515910993  -0.6076248062   1.2321152573   0.7755239252   0.8864886797   0.2003527501   0.8343513176  -0.6043655147   0.2433106461   0.3049645283   0.6891345695  -0.0814330574   1.0291512176   0.5008438267   0.0615704882  -0.2697541249  -0.0043045639  -2.0949011644   0.1889905134   0.4742191404  -1.7129633210  -2.0015809878
-0.6065589957  -1.1687029021  -0.4291110486   1.0055624319  -1.0904950543  -0.0804835643  -1.4433899863  -1.6537881801   0.2375036843   0.8808452449  -0.4916354635   0.5368371982   1.4563870664   0.2835891693   0.4028366525  -1.0757493745   0.4463875997  -0.4471133026  -1.3531181232   0.1473486583   2.6893384610  -0.1670436599   1.8668072484  -0.8534755489   0.4351431926   0.8154263006  -1.0519150254   1.0867460821   0.9932194334  -0.7044531525  -0.7989235397   2.6045963826   0.3938624187  -1.0215043901   1.2386933383  -0.6283779416   0.8427388168   2.3461342683  -0.5921876663   2.0940445878
 0.6072955332  -0.3588030592   0.6710824047   0.1476343993   1.1024114856  -2.2867524507  -1.9151764976   0.3488813514  -0.1701782994  -0.8927515531   1.5138796736  -1.9190549475  -0.3423294013  -0.0257633687  -0.5529564605   1.5247200327  -1.0779470256  -0.7898044729   0.7482452002  -0.8972562024   1.0105573557  -0.1131073609  -0.3538895683  -0.4622639402   0.8367524137   1.2260634257  -0.6108481211   1.0027309542   2.2019457890   0.0290111861   0.5880559674   0.0396075669  -2.4119624887  -1.3208371209  -1.0029571493   0.7927172538   2.2682993470   3.4403424049   0.6620544201   0.8370884474
 0.9144703091   0.9157156262   0.0329361892   1.2174186140  -3.1345035349  -1.0794655614  -1.8439187762  -0.2373548064  -0.5253558128  -0.3124319202  -1.1022966803  -1.7333583993   1.9639884864   1.1148323516   2.0860223858  -1.0153217669   0.0868913937  -0.3713963731  -0.6488211159  -0.9473289291  -3.7009526747   1.9614487657   2.4470463512   1.0500089823   0.0730809694  -2.4464785661  -1.5866488013   0.2505219474   0.2503169994   2.1187136874  -0.4746288721   0.7146574163  -2.6922912792  -0.9701970862   1.6391518862  -0.3733696176   1.4482112652  -0.2067015494  -0.7096706544  -1.5512254052
 0.6436720255  -1.1619526864   0.1707279900  -0.3270797486   0.6142568681  -0.9429671585   0.0650268786   1.3370124020   0.1812284219  -0.2993485388  -0.8116666383   0.9310985230   0.0161210987   1.7976618982   0.2265326001   1.1154915158  -2.1029724735   0.1027313274  -1.3819844465  -0.5536771069   0.7175000897  -1.0890408852   0.2318381315  -0.8955697746   0.1147268973  -0.4147151465  -0.5351003385   2.0674666492  -0.9562158415   0.4033607749  -0.3346074050  -0.2464343163   1.1597713467  -1.3835342382   1.6990540377   1.0104770055  -0.5836526018  -0.0620352226  -0.9498899804  -0.1671797762
 1.4549262811   0.4339580821  -1.0477315931   0.9827250938   1.3740942892  -0.4328574330  -0.3432377410  -1.0465644984  -0.3861865613  -0.9702997363  -0.1661830013   0.9951347043   2.3359796819  -0.0836859259  -0.6509128278   0.1307566977  -1.2929139236   0.2772103097  -0.0778262783   1.4468091871  -0.3459317417  -0.9886705956   0.7769883134   0.3914385093  -1.9907924403  -0.9395099690   0.6082169981   1.1483867129   0.3079155018  -0.8346052628   0.3566318550  -0.5828141077  -0.1953572397  -0.6587459099   0.4983442729   1.0559062377   1.7619776113  -0.4612866338   0.0304766945   2.1825626905
 0.0968286787   0.8754679220   1.7093399469  -3.1633499516   1.8437613304  -0.5285274786   0.7984759292   1.7897802992  -0.8073430715  -1.3440522043   2.3410295245   2.5965384650  -0.3489088343  -1.2708448033  -0.2734271050   1.5661911147   1.0235606071   2.0496103672  -0.7385590968   0.0216429723   1.8481989487   1.9977633641  -2.3408693988  -1.4266138118   0.6941854009   0.6295886516   2.9338072823   0.1411972063   0.3699387625  -0.2663399808  -0.0791525591   0.8359079475  -0.2574020530   0.3145349563   0.2111030395   0.2740035682  -0.6522873149   0.6898298284  -0.7915772230   0.2103342697
-1.7077921386   3.7073985024   0.8104165031  -1.2202705186   0.5601238618   0.5099475772  -0.3227161665   0.7403869091  -0.8908363922  -0.3837730716  -1.4368471965   0.9616078691  -0.2882288626   0.7185479114   1.5868342922  -1.1977004175   0.1385713409  -1.8769966412  -1.4131800188  -2.2776060606   1.2708610864   1.5001813994   0.3499883763  -1.3692694430  -0.3986061099   0.3477941280  -1.1095099891   0.8943644372   0.8203466564   1.1484884891  -2.6083873846  -0.9321727518  -1.5449540282   1.0408879394   1.3771878017  -0.4377269422  -3.8263151623  -1.5140940801  -2.6625744949  -1.9174126619
 0.9664031914  -0.0848215623  -0.1838707346  -0.3400629943  -0.7784691528  -0.1515267359   2.5504331305   0.4684744948   1.9983509648   0.9681598788   1.9075833159  -0.1396425153   1.5653135893  -0.6482137171   1.4078108755  -1.0538316931   1.3969434139   1.0022547748   0.2981176941   1.0668945088  -0.7399701283  -0.2661990200  -0.5646262432   2.4787416822  -1.5825724962  -0.4915587238  -1.7546044323   0.8247280096  -0.3865887809   1.1477527543  -0.0612608041  -1.5246144671   0.8851661303   0.6801288626   0.0641907503  -0.9744275874  -0.1508976777  -1.0096008365  -1.0291215674   0.4189847820
-1.1838892071   2.1127342382  -0.0009602068   0.2543532202   1.7483660906   0.3669439001  -1.3869427377   0.5941110938   0.5316654516  -0.5954380103  -0.0761349437   0.1773027786  -2.4286136038  -0.2726420171   1.9086048029   0.6749222854  -0.0883294574  -1.8073840188   1.8145518437  -0.5580637400  -0.3368144529  -1.2464981519   1.4149669564  -0.0649644855   0.4825824377   1.4139285118  -0.2880946076   0.4991488595   0.1483753527  -1.3972509995  -1.6322017046   1.5121036863   2.3410489876  -1.6003011434  -0.4747109296   0.2311076956  -0.3196641272   2.4456421093   0.6437737833  -0.2228640154
 0.2460435708   1.0174224600   0.8938340072  -1.3449670485  -0.0741871161  -0.0833343184  -0.5886483731  -1.3008854962  -1.8534884894  -1.2311994060  -0.2947598491   0.0673852463  -0.9892216015  -0.9716566501  -2.2821519338   2.7070689706  -0.4376658008   0.3648513950  -0.3022535689  -1.0956023481  -0.7876151092   0.2332626073  -0.6512422882  -1.0477741282  -0.3062012961  -1.4043587059  -0.3739845554   0.1057168552  -1.1346461420   0.2946352147  -1.5266480185   0.6712852148  -0.3785141093   0.2893332243   0.2943402225   0.0089303167  -0.4794083269   0.6490187995   1.9609082096   2.2164252919
 0.7690363868  -1.9046917939  -0.8886373843   0.3572316814   0.6166513509   1.4216852906   0.0362181270  -0.0290272083   0.0965424164  -0.3158214289  -0.6080185803   1.0631791179   0.0750188474   1.4235179816   0.0834807428  -1.4488881878   1.1940209259   1.3875699297   1.0580093582   0.3599082860   0.5286089102  -0.5630095813  -0.9396104883  -1.4747079490  -0.8908561557  -1.1145111390  -0.6526078653   1.1465056693  -0.1315240524   1.3210502989  -1.0364413010   0.5767432771   1.4523226948   0.5761819526   1.1856286038   0.3075743512  -0.5169555302   0.6968997932   0.2391034983   1.3445268326
 0.0727866460   0.3882409542  -1.5379972915   0.4997787526   0.0967014345  -0.1670285459   0.1552567661  -0.4148610451  -0.9456416419  -0.7124120256   0.3182845172  -0.8622643630  -0.0639212525  -1.6138254929  -0.6301584424  -0.5799950483  -1.2283309779  -1.4903394575  -2.1043295138   0.8094783601  -0.6140075160  -1.4975647326   0.0208852067  -0.6004044048   0.8794140365   1.1826158314  -2.8042455281   2.4674573836   0.5155506006  -0.1283252715   0.0727781137  -0.3667603025  -0.1608272160  -0.1940758461   1.4508929908  -0.1151865350   0.9394969012   0.1734451710   0.1648866873  -0.9108086240
-2.6193653766   1.9088225642   0.0085318632   0.1537889569  -0.2710809522   2.0380292244   1.5799652197  -0.8291639809   0.3447694814  -1.8837783428  -0.2470374425   0.6391716858  -0.2307544632  -0.1463734316  -0.1829863241  -0.2084322706   0.9538944053   0.1191828836  -0.5304719679   0.3822573282   0.5601802724   1.2431495652  -0.6510304808  -0.3396498766   0.5056179078  -0.2703193207  -0.0284522932   1.0356596110   1.3939858267  -1.5712968547  -0.6639032427   0.4945785867  -1.1904076230  -0.8016997915  -0.6767609435   0.3948798134  -2.0250272927  -2.0847627084   2.2860242828  -1.9692375140
 0.6836371080  -0.9170285675   0.3952905353  -1.5664316116   0.6785784888   1.3827284074  -1.2016671097  -1.7669897803  -0.2338466198   0.1625853852  -0.1945889126   0.6300524370  -0.5230216529  -0.4166848043  -0.9954421370   0.4132879848  -1.0749225498  -0.7873390358  -0.0298277764   0.4650545019  -0.8702828126  -1.5549914388  -0.0432055875   0.5767613437   0.5465344706  -0.4765094788   0.1431294557   0.9575482380   0.4940100148   1.2811308362   1.2888460028  -0.4893060375   1.1254177490  -1.0861473941   0.7055975844   1.1018956777  -2.3189330466  -1.4080548668  -1.7233939105  -0.3910445950
-0.9166566276  -0.0805236266  -0.1246068099  -0.8469622545  -1.5502052194   0.7728852229  -2.1675659306  -1.1544527053   0.1989566441   1.6048774897  -0.8156968161   1.8750674209  -1.4477094312   1.4275046267  -0.0175582859   1.4540070322   0.6374301281  -1.2336267185  -0.3382071513   0.2303929816  -0.9057860129  -0.1086663593   1.0197027579   0.6608870059   0.1956504273   0.1981611898  -3.1823836546  -0.3057563911  -0.8240470109  -0.4837368324  -0.6603369353   0.9370133239  -1.2850543218   0.0060053767   0.0292616168   0.3734942819  -0.1422440368   0.5148049694  -0.4958583264  -0.6565601609
-0.4973869073   1.5914850464  -0.3354142233  -1.1661628419  -1.3465728336   0.9729598399  -1.3806586565   1.7630448758   0.4159110101  -0.0625704434  -0.1309402474  -0.0275184594   2.6288288908   0.3928932502  -0.4921974910   1.4242260041   1.8433285791   0.2312104557  -0.3035521738   0.6456756513   2.1259129370  -0.9188955194   1.4895111307  -0.6579234708  -0.7841746364  -0.5397230769  -0.9370649888  -0.5457703083   0.4623272761   0.6831038080   0.0397420264   1.5756957952   0.7934724561   0.8365325280   0.4428170378  -0.7722850816  -1.7497871207   1.3546508558  -0.9423585143  -2.6279680009
 0.9585484326   0.6775462103   0.1762827928   1.1513813404  -0.8710226034   2.4884125449   0.7420152580   0.0951854948  -0.5825775565   1.5489528350  -0.0467726260  -0.6588397795  -0.7223785761  -0.1241247495   0.5561344842  -0.1475454519   0.2961236258   2.1186183816   1.3518891514   0.5370799645   0.4527996905   0.2315984231   0.1780548546  -0.8636818462  -0.6996698510   1.3092002454   0.1803280444  -1.0190530443   0.7519309190   0.5286955532  -0.7096507014   1.5427763859  -0.4781968387  -0.3325677733   0.2238863697  -0.4539630589   0.7565468085   1.2585817500   2.4012297210   0.8399726877
-0.9125959488   1.2535667938   0.4918709970  -0.4896906715  -1.0003270050  -0.2743346223   2.3488094220  -1.2200409446   1.5884581125   2.1285626283  -1.1802836022   1.5520110339   0.9524118537  -1.5188656804   0.3401920689   0.9723304575   0.4447261085   0.2230778220   1.1796152541   1.1835362916  -0.1093110768   0.2019611375  -0.8270258622   0.7030976862  -1.1557515098   1.2984302365   1.2732756402   0.3688687003   0.6300350537  -0.1555441976  -1.3839850189  -0.0742979727   1.0076379256   0.5986456048   0.8981760032   0.1541528283  -0.0817798161  -0.6128774685  -0.1489200131  -0.4134620796
 0.5802660468   2.4100321923   1.2421234553  -0.8346918233   0.4702939426  -0.1553664494  -0.4786970788   0.1742359964   0.1522410712   0.0593454527  -0.4755943122  -1.2465791108   0.5667665852   1.5503427787  -1.0149251843  -1.1694431618  -1.4557190440  -1.1871789963   0.1037418359  -0.5085058004  -0.5707832718  -0.6315801103   2.9643646610   1.5120915315   0.7217620733   0.0629073037  -1.4069484760  -0.7374156898   0.0095564584  -0.4214103866   1.4478911406   0.9333536079  -2.5417901197   1.0873413560  -0.4258462001  -0.5686557505  -0.0210509672  -0.1911470201   1.9015006640  -0.2249530861
 0.7400633133   1.0579386837  -1.0115809813   0.8330560915  -1.1649675244   0.2465614056  -0.8874531568  -0.3296975524   1.4041603899  -0.0996314647  -0.5439536820   0.9089941623   0.1386459922   2.5248978326  -1.5275538582  -0.3274065708   1.5175040370  -0.7865630820  -0.2575123062  -0.2235341747  -2.4051720030  -0.8787327952  -0.5437581628   0.2802559056  -1.3234626800   1.2483097461  -1.1389808421  -0.5148930603  -1.6604792336   0.6464522814   0.3329311594  -1.9575306359   1.4877979564  -1.0543392775   0.2959256505   0.3167141771   0.1492720515   1.3557693229   0.9699505134   0.9919716262
-0.1552414982   1.3314624942   1.2651076570   1.2783298818   0.7085479142   1.7235278193  -1.2533967320  -0.8143568731   0.3624406453   1.9616152018  -1.4668959567   0.1111184899  -2.1114553914  -1.1919807400  -1.4226739884   0.0787612950  -0.9147698213  -0.0695821836  -0.8280894967   1.4791854384   1.6346361509   1.2208713653  -2.1536290651  -0.8709055775   1.4580870991   1.0163442015  -0.0962095207  -0.6577207872   0.8699252231  -0.1156814639  -1.1052277706   0.0343265530  -0.6634901203  -1.5581706107   0.8601993219  -0.9728322822  -0.2620156905  -1.2963636479   0.7209956565  -0.6661675748
 0.8166700673   0.9104782103  -0.1439045000  -1.6160671463   0.3091147952   0.0330156870   0.1804365335  -1.0618467727  -0.3000936646  -1.8771305318  -1.8191946078   0.3501935905   0.3623580793   1.7529005749  -0.6575576215   0.5631360676  -0.6685340564   0.0447767508  -0.0531247045  -1.2419050686  -1.0949251441   0.3879156503   2.3716869006  -0.9822619896  -0.0866951837  -0.7152093945  -0.0081775450   0.1280875310  -0.5801208445   0.4608338770  -2.1323367501  -0.1690214240  -1.3155397437  -0.4571732757  -0.9470169782  -1.2577653403   0.5691660522  -0.9689458124   0.5638229654   1.3686174878
s2
 2.1162301268
 0.9286132350
 0.1251913420
-0.3626709392
-1.7004237572
 0.1901686511
 1.3881258342
-0.4454178622
 1.0134983650
 0.7342115321
-0.6732763145
-0.2251978344
 0.4090365297
 1.2493892701
 0.6597964947
 0.3742404419
-1.3043578739
 0.5442483530
 0.5525430158
-1.6339179148
-1.7329435142
-0.5315287949
 0.6365520168
-1.4759470320
 1.8887567235
 0.1522133673
-1.0238044397
 0.2499631117
-0.9539308714
-0.0248727782
-0.5648015614
 0.0102565024
-0.5324393976
 0.0277881352
 1.4121365249
 1.2191923597
 0.7805119828
 0.7344856263
-0.1032262380
-0.3990136678
w3
 0.0764191944  -1.1283798904  -1.4696657217   0.4512689394   1.3018998396  -0.2972674916  -0.0646752261   0.1765653677  -0.7704353866  -1.1586795453  -0.9074821787  -1.5590874416   0.0405027316  -2.8229289559   1.0023604331   0.5544329157  -0.5130464792  -1.2587758131  -1.5135401383   0.1326230773  -0.7898038218   0.4884561098  -1.9542770173  -1.6215455052  -1.8121135901   0.0760597169  -0.9723075653  -0.4758674633  -1.0659407560   0.2224348717   3.0287397594   0.0762228737   0.0112833090   2.5746947383   0.6111811552   1.2979276521  -1.3766544747  -0.2914734572  -0.8066395653  -0.8893183906
-1.3757775897  -0.4900024602   0.0286246247  -0.7638366587   0.7806441218  -0.5543288061  -0.9351800227  -0.5665845873  -1.3500822509  -0.7341413770   0.0562449861  -0.8077541152  -0.5182915592   0.1179696523  -1.0673751457   0.0224098103  -0.8037847342  -2.1831659072   0.0861203024  -0.9374431943  -0.0375784191   0.9788957522  -0.2636249018   0.2867706212   1.1442582286  -0.8373859277  -0.2598493420  -0.8339448467   0.0948663245   0.3084359365  -1.8535212760   1.7168595229  -1.1030156438   0.5975479254  -3.2101447097   1.2499368114  -1.0825480635   0.8830129020  -0.5471113035  -0.1696969019
-0.4927732065  -1.9769492919  -1.3331339204  -1.1137272317  -0.7720824082   1.1304040119   0.2253445816  -0.4949524363   0.6962788053  -0.3599872413   0.3177274965  -2.1951719002  -0.4015926641   0.1830674292  -0.4555748600  -0.6267578905  -0.3555373922  -0.2024148017  -0.2012151663  -0.0697400008  -0.7825347048  -0.0998166912  -0.2321732037  -0.1434563258  -2.9260446275  -0.3011895676  -0.1529975743   0.9343793384  -0.4831501782   0.6024708369  -0.4438418809   0.2861918545   0.3276435435  -0.2396686528  -0.6478341510   0.0874193332   1.2023656662  -0.8740281116  -1.5068042447   0.4042592976
 0.1608211955   0.1984656605   0.6910559906   1.3855442335   1.4344701471   0.5928132765  -0.6584100591   2.2019015723   0.8291648194  -0.5693317104  -2.2927318883  -0.2040726383   0.5559788956   0.2106340667  -0.0940542876   0.9574400319  -1.6351629283  -0.5485062372  -0.6542229469  -0.6879785349  -1.1889201583  -0.3519020725  -0.2624879110  -0.5053919383  -0.8412526795   0.1624491413   0.0107342060  -0.0385397278  -0.4837281608   0.8411497249  -1.3821659954  -0.4459041366   0.5612293551   1.4997634191  -0.9554019591  -0.2747791572  -1.5537200513   0.4442110604  -0.8820401936   0.5104588008
 0.0846773113   1.3969245935  -1.0739236662  -0.0811908818  -0.8756889010  -0.7969888549  -1.3734873817  -0.2720930314  -0.0473452220  -0.3819782329  -2.1511572454  -1.3343978721   1.2232909036  -0.4799408075  -0.3948529945   0.6994234314   0.4131139102  -0.0252225310  -0.5023286616   0.9751710108   1.4915935535   0.2409297860   1.7024190340   0.1207658505  -0.7813689364   0.0163907485  -1.0240229031   0.5811812672  -2.1863675661   1.9096437855  -1.5669642426  -1.4243117087  -1.3329271789  -0.0179951318  -0.8539181314  -0.1069343801   0.4204146142  -0.3466785155  -1.4062137466   0.5344025907
-1.6451540424  -0.3647084305  -1.4747199838   1.8885399217   0.1556545798   2.7264266995   2.7601240854   0.5145340933  -1.0922485103  -0.5796763033  -0.5695935458  -0.7040175344   0.9496718569  -0.0082843182   0.1434187108  -0.0075681304  -1.1007107028  -0.3763467885  -0.7092456225  -0.9545191294   0.4630270260   2.2131072894   1.2130858069  -1.0576201086  -1.0534382491   1.3884470486  -1.5895673082   0.1393762442  -0.8836155604  -0.1270189604   0.1193121545   1.1577642968  -0.6446366978   0.4531282100  -0.8742259738  -1.9424678659  -0.2023945383   0.4814994634   2.1245729390  -1.1856060928
-0.6504853184  -0.8065913099   0.3710389932  -1.3019426009   0.5477878904  -1.0843874643  -0.5840337628   0.5016790448  -0.3229292110   0.1327720981  -0.2757274762  -1.8850942237  -1.0873851079  -0.7774116332   0.2132295548   0.7640272089   1.2114241691  -1.0629333715  -0.2726603614  -1.4612331696  -1.1011790448  -0.5659631406   0.9356763320   1.1014917819  -0.3911857476  -2.0210039719   0.0255991762  -0.2278176212  -0.1463472325   1.5216196118   0.7520835408  -0.2719157745   0.6644507403  -0.3875806848  -1.1131124088   0.7508737766   1.1832556974  -2.3635876532  -0.1764659395   0.4599867771
-1.0826597268   1.3157055447  -0.1502818136   0.1954072248  -1.5019632337   0.3253741747  -0.3740254632   0.1416590342  -1.3664670126  -0.9239347480   0.6200815576  -0.7574393477   1.3514424127  -0.5925309155  -0.0679533490  -1.1567386989   0.0556030639   0.3907217657  -1.4631702989   0.2020486784  -0.5742417415   0.0512767379   1.0924133209   0.5414336318   4.1951393486  -1.3402308380  -1.4083813868  -1.2723929406  -0.4055282136  -0.2195053473  -3.7312095497  -0.6606836855  -1.2513263615   0.6332126783  -0.6292585970  -0.8968133678   0.2115030110  -1.6386764811  -0.3045592101   0.3133060203
-1.7593994431  -0.2830953787   0.5670643694  -1.1696530358  -0.5133801043   2.4261855784   1.0984848909  -0.3368765145   0.9603702457  -1.5206679308  -0.4279306892   0.6695629303   1.7729523523  -0.4955744401   0.9872404323   1.3928952260   1.4857518991  -0.7564070851  -1.7097037635  -0.5927292202   1.9038411618  -0.8178718406  -2.6324814276  -0.2879371996   0.4494131774  -0.0214504799  -0.1373140892  -0.5398035288  -0.1783302275  -0.6698042569   0.5881918132  -0.4141454316  -1.1731650795  -0.3848180658   1.0130252978  -3.3643712736  -0.2298797773  -0.0618949312   1.6200938426   0.7232464767
-0.8616534423  -0.6493433861   0.0827055540  -2.0538160668   0.1508972851   0.0200734663  -0.1734318462   0.3234440819  -0.4467691433  -1.0735869586   1.5059155177  -1.8117485378  -0.3843090463   0.6589125448   0.2280083097  -1.5703197873  -1.6956200481  -2.5318645002   0.2768055090  -1.5076840718  -1.0483366870   1.0516958366  -0.4729602569   0.3824556997  -0.5449818504   0.4136015054  -1.5126063312   0.5325680661  -0.1413610221  -1.4393318694   1.5789346242   0.8948832922  -1.3487464885  -0.2721708980   0.5104687503   0.0000979721  -0.4937455641  -0.6215407335   0.7949965151  -0.9220290406
-1.3931628900  -0.1534939602  -1.4717015662  -1.2015904434   0.8230870004  -0.3062779039  -0.3373737681  -0.8132582386   1.3764339853  -0.5585997191  -1.0969311151  -0.8504825435   0.1231209640  -0.0497139963   0.2105547408   1.2447754471   1.2024544497  -0.4594260197  -0.2481236216   0.2632939951  -1.3566158851   0.6625638116  -0.8749659608  -1.4731420723  -0.8930008481  -0.3887285738  -0.6682937488  -0.8595806275  -1.0391597387   0.5042337386   0.5224696580   0.9684978245  -0.1396890726  -2.0717863626   0.7971863882   0.6806368651  -0.9962363525  -1.3121544425  -0.0781025034  -1.2246512485
 0.3615728202  -0.9719990717  -0.9736759913  -0.9796049182   0.2937770174  -2.3168585010  -0.8759538548  -0.6003177708  -0.0689472162  -1.6326308311   0.0332909343  -0.1993320602   0.3688848428  -0.4347687895  -0.4831330214   0.5214398263   2.0147243668   0.3838954881   1.0600953924   0.9672094551  -0.5852373510   0.1158211268   0.0038390752  -1.7919858789  -2.1109539352   0.9793039853  -1.1387472752  -0.3637224935   1.4309566673  -1.2000828919  -1.9765772097   0.1469948089   0.0872724149  -0.6958689342  -0.4479337830  -1.5615485774  -1.9400291139  -0.0589114397   1.2684587719   0.2859080430
-0.4362479141   0.9155631289   0.7711061372  -0.4002077919  -0.1288758269   0.3884574288   0.1863449265   1.3053222013  -0.3896462638   1.4420333298   3.7004715328  -0.3498824540  -0.6611772792  -1.3052585934   2.0403973054  -0.2735404229   0.2687593798  -2.7990308182  -2.2462130343  -0.2819605832  -0.3987635217  -1.7517111913  -1.7877979399   2.0021315098  -0.0572788011   0.8132756014   1.0869420757   0.6218452147  -2.3056375262   0.6696318235   0.3678155519   0.2365529687  -0.1588440553  -0.9496254010  -1.0610534505  -0.3732677320  -0.0952607316  -1.4620337323  -0.5427063806   1.2096159374
-0.7988762566  -0.5860359474  -1.4410267017  -0.8693427572  -0.0027588733   3.0147584820   1.5440847613  -0.1005156845  -0.1331724982  -0.2098405538   0.5410962106  -1.6926570304   0.5119886910   0.6813174134  -1.2644407064   0.5220845574   0.6362403172  -1.4311425522  -0.7323246855  -0.6008729071  -0.1582120675   0.6589984600   0.2185361117   0.2865014419  -1.5078315984  -0.8944344299  -0.8378269133  -0.7891069610  -1.0703442844  -0.1148319157  -0.1385046434   0.1391476080   0.5813135439   0.4210709052  -0.7917182548  -0.5350961223  -0.5663759877  -0.1374887095  -1.4406268060   0.5078484987
 1.8832083283  -0.2564836964  -1.7065605101   0.8093474630  -0.8267103181   0.1726316549  -1.6450829632  -0.2553648748   0.6642009980  -0.6206399063  -2.6851967657  -0.5472150239  -1.4206565647  -0.7098870335  -1.8577911035   1.4224845644   0.8140079785  -0.1161040542  -1.0478398493  -0.3525910458   0.3109473351  -1.5696451048   0.1245071100   1.0041473661  -3.3183661299   0.1869346321  -0.7952726591  -1.3105760227  -1.9220638244   0.3902246182  -1.4233735618   0.8323269947  -1.3999064595  -1.5709539908  -0.1865695465  -0.6368070902   3.1568882081  -2.1857363730  -0.3956369433  -1.5803526441
 1.3215084002   0.0689897715   0.8304626766  -1.3836764624  -1.7697011861  -0.1875915665  -0.6935415121   0.0887012918  -0.6711675854  -0.8886096942   0.0575518525  -1.1289591370   0.1537713173  -0.2428972864  -0.0506190821   1.0898197371   0.2327026435  -0.6960388482  -1.0876441408  -0.9391496821   1.4540404639  -0.6196755984  -0.5780864438   0.4409686388   1.5279281253   0.7708619059  -2.3439175670   1.8005604004   0.3841018077   2.0497787334  -0.9649844477   0.6526953700  -0.7714052101  -2.2731345684   0.4925068240  -1.3827987942  -2.9033275670  -0.4515964131   1.1049962023   1.0464916320
-0.9545805097  -2.4200693723   0.6577565529   0.2694046825   0.4148137761   0.8047451756   1.1602808779   0.1166758135  -0.0958072807  -0.6351568460   0.8383170705   0.4920701198  -0.6085334607  -1.0756691080   1.1399251330   0.9471218301   1.2830591544  -0.5751557886  -0.3513856320   0.0881088327  -3.1632245070   0.0216622966   0.0710162489  -3.3642399917   0.3050644167   1.2980012851   0.3007497226   1.1023082512   1.3765340562  -0.9471835941  -0.6786383748   1.8709727051  -1.6245821836  -2.3928779863  -0.0699452380  -0.1441549924  -0.0273171002   0.4516742745  -1.1395384883   0.2603721565
-1.1101864858   1.9186738956  -0.6413209005   0.1611398245   0.3111563561  -0.2355228782  -0.8305660316  -0.5915636294  -0.7782593645   1.4668527931  -0.4330218188   0.6343292809  -0.8720153844   0.5066598909  -0.2025193689  -0.5118151904   0.7492721412  -0.6388000865  -1.0958835272  -0.8817065665  -0.5206991021   1.5434556002  -0.9713407035  -0.3033335687   0.5846328792  -2.3406490459  -0.4663352496  -2.2509183519  -0.0305930350   0.1674615792   1.7050820667   3.0386067470  -0.7897651534  -0.8563940646   0.9357888078  -1.5099308627  -0.4724533820  -0.2220019911  -0.0264072533   1.1601054079
 1.2358674936   0.2377423352  -1.1441336168  -0.3899401216  -1.4553557996   0.3160903971   0.1561218797   1.6871649134  -1.3269459867  -0.0101998678  -1.3714004465  -0.5573030262  -1.5414497213  -0.5084164425  -2.0639322170  -2.5105873952   0.0293120386   1.1585959508  -2.2805323884  -1.1811958116  -0.6348070709  -0.2494577718  -2.2305249151  -1.1550572377   0.9620582452  -0.1577723510  -0.5204038115   0.8578372565  -0.0980462487  -0.8023816763   1.7782219370  -1.1914461487  -0.6543953166  -0.3945852319  -1.1855407204   1.2257596421   0.3745450266   0.2222715107  -0.2833854352   2.9039453733
 2.3970963669   0.7872289298  -0.8825062207  -0.1438277879  -1.3374764088  -0.7935890817  -1.8092851254  -0.4988042412   0.1432790418   2.3046225862  -1.3746507308  -0.6317299833   4.2061707399  -1.3127145977   0.0630306814   1.9373041453   0.9957345331  -0.4002824346  -0.0821939007   0.2765954103  -1.3757363088  -1.1988715447   0.8083089940  -0.1367385615  -3.2924865683  -2.4851705809  -0.6181352733   1.2464846636   0.2866566572  -1.5310431100   0.2042104364  -1.2636213997   0.0648924497   0.6436219095  -1.1964513114  -1.0846549598  -2.4697615913   1.2043255987  -2.8964884927  -0.4911376568
-2.2308298258  -1.3175172082   0.0785881577  -0.7538017131  -0.0279201475  -0.8771554640   1.6407649212   0.6533254124   0.4810930533  -1.1291167616   0.4844932612   1.6084167030  -0.2238273439   0.2277360278   1.7166754531  -0.1823986131   0.4346912737  -0.2529432883   1.5591953902   1.0410650944  -1.8750204329  -0.0092686881  -1.0379548208  -0.6574531059   0.6454711358  -0.6053477619   0.8922503861  -0.6943791225   0.3906497274   0.7102829658  -0.0496746207  -0.1117507545  -0.1191994126   0.5461215133  -1.7285609976  -0.3747102132  -0.5802161130   1.3289430401  -0.4517242256  -0.4824040237
-0.3377258533  -1.0605708375  -0.7591757187   0.6843340018  -0.8365020968  -0.3054222370  -0.0471702232  -1.6239344656  -0.3080494135  -0.1575064911  -1.1312821782  -0.7376634353   0.0202539443  -0.0671380422   0.0613458439  -1.2886286567  -0.7650914839  -0.0432119613  -0.2509974426   0.2002493145  -0.0430989250   0.1733884342  -1.0364536587  -0.9764504756  -0.0979386913   1.0427102567  -1.1102979799   1.5640375445  -0.2635476672  -0.2643046253  -0.1637996087  -0.7657265219   0.9817950821   0.2126908755   0.2321715915   0.0505451144  -0.9658808418  -2.3094299230  -1.0216712796   0.3921837208
 0.6153968001   1.3663673934  -0.6033411613  -0.2876481805   1.7040443947   0.0689197673   1.7782219527  -1.0555151491   0.0465555953   1.1471968119   1.3120780611  -0.3791173154  -1.4025247033  -0.2726148135   1.4735341144  -1.5485006797  -0.0091000964   0.2211792799  -0.6825729449   0.0288867454  -0.1620223568  -1.0060215027   0.4043716528  -1.4244130141  -0.6984334790  -1.7805781028  -2.6527220097  -1.5238281400   0.6790909888  -0.0190690999  -1.8243655049   0.0579924738   1.2739002737  -0.7298701466  -1.1195736727   0.2656714609  -1.2986157535  -0.6169683109   0.3311362457  -0.2334673389
-1.0724447145  -2.1303764016   0.8523061003  -1.5166107316   1.8989169236   0.3918430188   0.0629237099  -0.2476929342   0.4695013205  -0.0586288366   1.2862717934   0.5062080258  -2.5471251067  -2.9824619061   0.8504779323  -0.3549318261   1.8580972903  -0.4884786061  -0.0273847576  -0.3502979079  -3.5550349042   0.3941658721  -0.2871741975  -2.3134237476  -0.0379615469   0.2638011649   1.5369109969   0.0033190711  -0.6799182826   1.4142039029  -0.1001442435   0.1436742900  -0.0931884959   0.2293650318   0.6017443424  -0.2499975843  -1.3077308320   1.3511632474  -0.5983995174  -0.6033324543
-0.3972747496  -0.3629592850  -0.8480603892  -2.1569406777  -1.5846717100  -1.0333632162  -0.3860872253   1.3215222336  -0.8653662453   0.4969313931  -1.2782055623  -0.6016471478   2.5782052582  -0.7327497448   0.2490148661  -0.0303105646  -0.5572339361  -2.7614256758  -1.0434784523  -0.7402197224  -2.2670690920   0.5279489763   0.9003495341   0.4074667306  -2.2774820948  -0.8399807341   0.7624244833  -0.2217446741  -0.9901172387  -0.8083940149  -0.4109228304  -0.9905175047  -0.6619740695   0.3728875001   0.3345587259  -0.2419094919  -0.3787346628   0.3267038376   0.2601145427   1.6058953212
 0.3720249280   0.0844775645  -0.5316479168  -0.4921115758   0.7570989864  -0.3600702230  -0.2288855455   0.7632828773  -0.0564142542  -0.7990693804  -0.6137087175   0.5438036148  -0.7138977391  -0.3174167509  -0.0849664197   1.1997964920   1.0873944185  -1.1764251819  -1.9412851988  -0.3092761744   0.5264550981  -1.5458057415  -0.8783054422   0.5879194176   1.2709376465  -1.1201400457  -1.0209882049  -0.4166930195  -0.4905663898   0.2218654040   0.8325268956  -1.2253437923   0.0582686422  -0.4087335329   0.3017262249  -0.0173172450  -1.7221603790   1.4766242890  -0.6420809291   1.0221437174
-1.1295640237  -0.6961697383  -0.4835844097   0.2968791421   0.1695909832  -0.6642446507  -1.0815701965  -0.9544920872   1.7016590467  -1.7755085080  -0.5552536500  -1.5902560529  -0.6724533918   0.0119579217   0.2965512418   3.0540935758  -0.2133361399   0.7944237147  -1.0478144001  -0.6898533985  -1.5102245146   0.2573475426   0.9681572945  -2.7845914148  -0.1037706887   0.5244348215   1.6152377546   1.8570033414  -1.3940998756   0.2352204727  -0.1728460345   1.4008484017  -1.4290947563   0.9458712808  -0.6782567577  -0.3584223210   0.5398605533   0.1295236871   0.8981654263  -0.1698407270
-0.5317764851   0.7377451119  -1.0704374690  -0.3003452763  -0.6558380878  -1.2211752894   0.8224593438  -1.3734115130   0.7643005364   1.0287443372   1.7468050009   1.7556527895  -0.9191070179   0.3542435398  -0.0972510281  -0.5587833414  -0.6112719784  -0.9485156937  -0.6662243764  -1.0367736562  -0.1999978257  -0.4845809637   0.2715365103  -1.5726168614   0.6847843539  -0.9522059500  -0.1466773334  -1.6665901322  -1.3978005883   0.1448474987   1.1156772232  -0.1039650052   1.5201996903  -0.5659864668   0.3806955892  -2.2969313643  -1.5066446248  -1.0568845141  -0.4341973577  -0.6285707429
-0.4089810354  -0.7145735054   0.0172480657   0.0133430685  -0.5931445149   0.5088358033   0.2268856937   0.4092884108  -0.6270366826   0.0211355357  -1.6129365632   0.8124837568  -0.3194572156  -0.2286566671  -0.2292351269  -0.3796698889  -0.2660740091  -0.0233806185   0.1000366925  -1.8512641605   0.2698455246  -2.1417025460  -0.4116731504   0.2780110150  -0.7410796849   1.0576265592  -0.6021070222  -0.3542629258  -0.9074663811   0.2767495684   0.3756338732   1.3514003551   1.1341989268  -0.3722418411   0.1126183290  -0.3357057934  -0.3556784633   1.3242631686  -0.6797373243   0.4652119891
-0.2740082651  -0.7691748962   0.9808481970  -0.1635535535   2.0359986115  -1.9812753223  -0.4994095707  -0.3283826909  -0.0027292997   0.1999238493  -1.8885513816   1.6574153785  -1.4890591134  -1.2010552995  -0.0781794100  -0.0294204195  -0.1304755357  -0.5947779730  -2.0190788169   0.9209816600  -0.1484868241   1.1008197222  -0.8062183895  -0.6069679533   1.3752847147  -0.3436546460  -0.5291409248  -0.0678202848  -0.7105026245  -1.7558210710  -0.6215658993  -0.6155179938   2.1122136229  -1.2502717193  -0.0512151620   0.0099599148  -0.1979703150  -0.4568727813  -0.1618627177   1.0118380674
-1.4255175148   0.7930390035   2.4664274593  -1.8591417442  -0.3966698060  -0.7908564505  -0.3168097475   0.1692265837   0.6734257769   1.3315616500  -2.5756478960  -1.3339817726   0.3841229354  -1.4576592998   0.6260553089   0.9459659318   2.8167231894  -1.1545920549  -0.8418178806   0.6530718779  -2.1411828972   1.0854110274  -0.5250049190   1.5758749261   1.5186721458  -2.9327921470   0.3060091028   0.6316678313  -0.0949677695   1.7858998850   0.2691415165  -0.1801105535  -1.1305821214  -2.7849556545  -0.3354932370  -0.8793831511  -1.0621848082  -0.8320715079  -0.7088031963  -1.0031041326
 1.2082537755  -1.2583026628  -0.6698191564   1.3076165864  -1.0593353049   1.7327753913  -1.6467916791   1.0008701040  -1.9755256020  -1.4872694519   1.6644274935  -0.0575489091   0.0184370499   1.1996268521   0.4816151813   0.5294466429  -0.9363361869  -1.4559989407  -0.5387526283  -0.3107324328  -0.0274078928  -1.1462035918   0.5481958528   0.0021830419   0.2756945265  -1.6027033575   0.3599043046  -0.6641248173  -1.0411919341   1.6910098561  -0.0682622584   1.0466886759   0.0955422333  -0.0765018152  -2.0265907461  -0.6319281268  -0.8996030823  -0.4045306496   0.6287051830   1.1923249762
 0.7034067711   0.3165949759  -0.2790140266  -0.4658938826   2.1466293487   1.7801369812  -0.9731031356   0.0409512212  -1.4751233910  -0.4149657124  -0.5329867016  -1.0015924123   0.7882140925  -1.3654182840  -1.1357085037   0.8070863616  -1.3836206710  -1.4400324287  -0.7194535371   0.2771251137   1.0514062056  -0.3907927365   0.0364019009  -0.9508630656  -1.3467592588  -1.9164049621  -0.5277143477  -0.4111314966  -1.0576342121   2.1132865565   1.5240551307  -0.3215014485  -0.5085147977  -1.8273261139  -0.3537208763   0.1963145377   1.0410339477  -1.9287127755  -1.4908236645  -0.5114796013
-0.2204044303   2.3154089466  -0.7946337320  -0.0473834830   1.0178343494  -1.0571365720   0.8740092752   0.4144826133  -2.4686897003  -2.1466874177  -1.2473384019   2.0721113267  -3.0277060513  -1.7208113789  -0.0001552144   0.5003923791  -2.0085466637  -0.8068532839  -1.7157194926   0.8002423550  -0.2893782511   0.7609926247   0.9867337883   0.5595445349  -3.0332075786  -2.7314844425  -1.3564696849   1.5958090481  -1.3515304815   0.1109224571  -0.0970284783   1.5242161179  -0.1601210378  -1.5324864231  -1.0011280606   0.8975116183   1.4725432698   0.7859596785   0.9142011243  -0.1927953875
 0.6514463984  -2.8257931544  -1.4660970618  -2.0148535949  -0.6762933389   0.8602028390   0.0567394798   1.0360397111  -1.0831273812   0.8584026851   1.4289475454  -1.8570807315  -1.0602036726  -1.0568992994   1.1703380404  -1.0002824701   0.9270427926  -1.4312586271  -0.3623212647   0.6675049935  -2.0580234913  -0.4662541405   0.6381142947  -0.8965177357  -1.6643647976   0.5854706703   0.6737328555   0.8041028007   1.6508503156   1.3493631817   0.0397593357   0.3628179146  -0.5813897705   0.2252882577  -1.5423256469  -0.9897466186   0.8881001899  -1.1128104026  -0.1140260790   2.2623331267
 0.5475623822  -0.1210393510  -1.1781660847   0.3695759945   0.7657844255  -0.9114086630  -0.8704544291   1.6247927864  -2.1271367598  -0.8451116247  -0.2637230205   1.4609544633   0.8354692036  -0.8673827276   0.9507795740   0.8536634807  -0.0060598308  -0.7372294842  -0.8810034929   2.5200784556   0.1736723972  -0.8119075502  -1.4177192750  -0.9013573964   0.6715815943  -0.3628290474  -1.2971245770   0.8272567144  -1.8112645238   1.5676358839   0.7928699879  -0.4536358259   1.8456547845   1.0325221064  -1.2241909648  -1.3379172395  -0.1388361629  -3.1590879042   0.5362327654  -0.1298715940
 0.5717502601  -0.3630823822  -0.3513789508   0.3694974020  -0.7646307694   2.2030641437  -0.0517283838   1.0324107736   0.5104715858  -0.2041026937   0.2432244798  -0.6183130001  -0.8371169176  -0.0843942695   1.5092640548   0.5678147819  -2.3412545239   0.6663423348   0.2181039039  -2.2300740828   0.0155996427  -1.1189613922  -2.3760988524  -1.1223664403   0.1410852504  -0.0975833607   0.7962309582  -0.2692433827   1.0998653998  -1.0606457340   2.5403166848  -0.7061460911   0.5685877916   0.1550328103  -0.7919484718  -1.1254624778  -0.1626989448  -0.7447365653   1.9634126174  -0.4005432268
-1.4107512651  -1.6848673633   1.6002386110   0.1453442661  -0.8537194654  -1.0356954706  -2.9823083787   0.3079095239   1.4170556559  -0.0279321007   0.0593004890  -2.0722771565   0.3378391751  -1.1643099302  -0.1441607259  -0.5810728507   0.8214490954  -0.3672139701   0.0934469561  -0.9874470523  -1.0441702195  -0.7622087115  -1.0872638937  -2.5936166251  -0.5706885738  -0.5893251237   0.3102023284  -1.0254574469  -0.6968358526   0.1708387897  -2.3165232114   1.3289474698  -1.1349956265  -1.5201812979   1.0129094336  -0.1866666470  -0.7922809649  -0.9772555370  -1.0643715953   0.0723234491
-1.0361867184  -0.0748697502   1.3739114108  -1.1217837818   1.1910360602   0.2392973832  -0.3997543465  -0.5807746900   0.0504566524   0.0808170282   0.7019309090  -1.0301659611   0.2353808816  -1.1003645593  -0.0463238923  -0.2293041832  -0.4717198305  -1.8003438850  -1.1387002650  -0.1861566515   0.0188414648  -1.4551830652   0.9788785260  -1.2995218214   0.3024503742   0.7867872582  -0.0439160819  -0.0750735403  -0.4829554108   1.6932240862  -1.4994981817  -0.5643927352   0.0232698329  -1.4014783864  -0.6968212434   0.2030383675  -0.3751300385  -0.6605832670  -2.1404361650   0.6759076493
-0.2530271674   0.4513806559  -1.5461899274  -0.4595764050  -0.6903418643   0.1697078871  -1.2987933868  -0.6590584658  -1.2164800030  -0.4233468333  -0.2887557811   2.5374684963   0.2774024316  -2.4405702133  -1.7424112090  -0.9387638048   1.1420505589  -0.8675654013   0.1836485856   0.1939446617  -0.5834542110  -0.1462878549  -0.3955317727   0.6539020636   1.2323866802  -0.9500559156  -0.2961151104   0.3845306020  -0.2485493193  -0.6884276019  -0.0922572090   0.1270203060   2.4048162788   0.0949893365   0.5014975257  -0.7578750364  -0.7193464075  -0.4526743753  -0.0178058245   1.7289465925
s3
 1.9949129048
 0.8216208243
-0.1984808091
-1.1356950527
-1.9150009580
-0.4053294624
 0.9630130044
-0.1559447412
 0.5509037959
 0.4284086053
-0.7288543689
-0.3804439625
-0.2368234332
 0.4503040624
 0.2792818197
 0.1639621523
-1.0444773718
-0.1407274860
 0.1958244401
-2.1521053874
-2.2265607519
-0.8370087347
 0.2430397036
-1.9987733609
 1.8148696085
-0.1513655677
-1.3304546193
 0.3182733470
-1.0736498320
 0.3806993715
-1.2309670682
 0.1878972582
-0.9652472568
-0.5915234799
 1.2316537102
 0.5641323204
 0.3743760129
 0.6044551695
-0.5905071815
-0.6670050199
w4
-1.3449207631  1.8710323177  0.5930822523  0.1949680456  0.7991512038  1.0009888410  -0.6772738533  -0.8975095163  0.8540656564  0.0053343003  -0.7118950292  1.7166899191  -1.1539101522  0.9429824546  1.4501389157  -0.9883715035  1.6507386746  -0.2648477207  0.5697277653  1.4157410744  0.8552540253  -1.5612175096  -0.3026154074  1.8722303525  0.7406304549  0.1385498645  0.8499721194  -1.1927471958  0.1958925040  1.5411003938  -2.4156586116  0.4233053003  0.6126029084  1.7782699895  1.0698434882  -1.6578971845  1.3462479814  2.2385882000  0.3260284786  -0.8151044052
s4
-0.2330192717

