layers: 6
str: {2,40,40,40,40,1}
w1
 2.0464109347   1.4363736612
-0.8894774234   3.2435022909
-0.5788069770   0.9526856407
 0.2580365672  -0.8675972467
-1.4076300567  -2.3916352613
 0.9813683617   1.5167713134
 1.5003711806  -0.4145644581
-1.1312276045   0.1668983758
-3.3184376841  -1.3265826461
 1.4403740184   2.3843093098
-2.3172949539  -0.5832391892
-1.1171502833   0.4348836633
-1.8897292775   1.1542660461
 1.6735464756  -0.5896283830
-0.5550897837   0.9205388616
 2.3966184867   0.3544838987
-1.8378622787   1.3498581256
-2.9390944313  -2.6859164009
 0.4379833436  -0.6978264398
-1.8914676996   1.7452716273
 1.2540120162  -0.6724236017
-1.6427858703  -0.3491444633
-1.7411594423  -0.4984158108
 0.6301912208  -1.4081362836
-2.0606292102   1.7168137341
 1.5172848870  -0.3130646590
 1.0101495488  -0.6645177776
 1.9217131479  -1.7711022409
-2.3540952340  -2.5286325906
 3.5028179929   0.8075069113
 0.1026050448  -2.7872724302
-1.3809114168   1.1012382898
 0.1750165628  -1.3210965163
 2.3625221619   0.7228174991
-1.2335916821   0.9840402293
 1.3694657103  -1.2185762119
 0.7563310977  -1.2263593148
 1.4110386305   1.2165368090
-0.5438835820   1.6948372904
-1.0625006512   0.7448055765
s1
 2.6543580316
-0.6433456610
-0.9169118971
-0.2941680645
 1.6470323387
-0.9171926331
-1.3934179489
 1.2912895059
-1.7517225588
-1.8710930854
 0.8538071917
-1.2233786947
 1.6804334922
-2.7399542244
-1.0623005387
-0.9623331314
-0.9035208066
 0.4204856832
 0.4828642646
 0.9767962604
-0.9138876277
 0.2090690784
 0.1092189585
 0.8571888458
 0.7232492308
 3.1985696116
 1.2810536819
-0.8188981992
-3.5267180892
 0.9877386381
 0.1485010398
-0.0693542089
-0.9526527386
-0.6383996758
-3.6009454772
 0.0703325090
 1.9249136458
 2.0041947402
 2.5661584060
-2.3944808806
w2
 1.6190468630   0.7940310752  -0.9835214661  -0.4916840954  -0.7906611523  -0.2274697513  -0.5722585273  -0.1088130205   2.1083974785  -0.0530862396  -0.4464756417   0.1873537045   1.4065817032  -2.0818649689  -0.5879834657   0.3682269539   0.5615435017   0.0815920722  -0.2948393514   2.3550338184  -0.4862315713   0.0443747951   0.9830390081  -0.3887539428   1.8393385793  -0.0087245538  -2.1607876298  -1.7340650962  -0.6207874781   0.4255474625  -1.2497436102   1.5316261119   1.7317074763  -3.4740226301   0.5545130254  -0.6839480596  -1.0764485855   0.0517281709  -1.9748415709   1.4321435481
 1.3641166877   0.1614945865  -1.0504005967   0.6764066004   0.7011407695  -0.5411360624  -0.1135933477   0.1935324197   0.3389667977  -0.6113152042   1.5973019255  -2.3841797330   0.5095151357  -0.2254446376   1.5025163518   0.0344136877   2.1411145967   0.3620448352  -0.0843472981  -1.4392378166   0.4284129802  -1.2364685332   0.0887486935   0.2586377563  -0.9746199415   0.9809561273  -0.3703173657   1.0425973191   0.8403869168   0.7355082836   0.0901843155   0.4373373153  -1.3532367826   0.6747072359  -0.4511719657   1.5850833898  -0.1063077920  -0.8883778893   1.0480675588   0.7712929069
 0.2702273963   0.2912518115   1.5583066492  -1.6492520908   1.0192929306  -0.4539631529  -0.3872977268  -0.2264462832   0.4406988556   0.5033248283   1.9716591190   0.3699140768   0.4763943270   0.6416043406   1.0409861484  -2.0908339084  -0.5346454013  -0.7906554813  -0.2671048063  -0.6568990696   0.5196683968   0.4920837381   0.8843272975  -0.2492996428  -1.4771899409  -1.4307466960   0.8217597672  -0.1826523219   0.0025922827  -2.0275899584   1.0197779799  -0.2873363817  -0.0085231685  -1.9281752779   0.4664595981   0.9831473660   0.1940413616   1.6340966553   0.9168211273  -2.2196982315
 0.4992148403   1.0889847277  -0.6578700865  -1.3223879408  -1.1512108707  -0.4679281823   2.3124514973   1.5721256837   0.8132769603   0.9997030538   1.0456004466   0.5794024746  -0.0547579104   1.2375019369  -0.5660123326   1.2712528078  -0.7414078665   1.0253354955  -0.1826203334  -1.4339943542   0.7559262681  -0.4371288648   0.9447788061   0.5622930768  -0.7400877679   0.1149932985  -1.2738461350   0.8542597669  -0.2823538782   0.6490289836  -1.1475386956  -0.7751668505  -0.3670046893   1.0599646648  -0.3284808251   0.3203812730   1.5497100351   1.4391664451  -0.4721587255  -0.7963443733
-1.6780619607  -1.3931323795   0.3872361082   0.6592407894   0.0154229553   0.6200530204   0.0378518452  -0.1096822206   2.9349575708   0.9288894638  -0.8233271225   0.6188228557   0.6587520371  -0.2636010433   0.2352775512   0.4914845452  -2.5709765964   1.3892882131  -0.0147912071   2.3590337236  -1.1994376330  -1.4251507882  -0.6059232489  -2.4539586586   1.7046866313  -0.1786803769   0.8891094914  -1.2141685912   1.5069513038  -2.6374118399   0.9617132906  -0.8736102765  -1.3185915418   0.0781613740   0.8705505123  -0.7119883909   0.5454288231  -0.1335450002   0.6956383519   1.6910344956
-1.0681121562   0.7835956933   1.3613088346   0.7245719736   0.2146780295  -1.0310184752  -1.7260462309   1.5083413644   1.8075104332  -0.7134008177  -0.2161343649   0.2877731074   1.7253510878  -2.4323584842   1.1441000795  -0.6141397723   0.3923977345   2.4272436849  -0.2942625601   1.2654661715  -0.6018421783   0.8900488911   0.0786174749   0.0610349751  -0.2720897817   0.2336700557  -0.3843753854   0.5643039409  -1.1226998323  -0.7791929132   1.0720376200  -0.7956522455   1.8960970380  -0.1812280211  -1.3860163542  -0.4817817094  -1.1424270196  -1.8194770368   0.9975421544   1.5499844519
-0.8911623065  -0.1847468330  -0.3676349901   0.2472666916   0.3258224893  -0.1621776834  -1.3272371705   2.7782142833   1.0893147100  -1.1986903796   1.0126387538   1.9901521617  -0.3891049530  -2.1572332124   0.6131458790  -0.9336696627   0.5243253459   0.9646432000   0.3887969194  -0.3985391358  -2.3938548611   1.4536781204   0.5720859127   1.2163054918  -0.8225338136  -1.3930492328   0.7021682450  -0.3961261623  -0.2085305138  -3.3356629513   0.6571795468   0.4595560430   0.1825304349   0.1623900528  -0.7199016102  -0.4054259027  -0.8449255998   0.6203956362  -0.1756273833   0.1003311997
-2.3579396591   0.8663870794  -0.9740089637   0.2370032215  -1.4009801420   0.3835833382   1.5656533155  -0.9906540153   0.1400491919   0.8594213525  -0.4675196557  -0.6723741653  -0.7683742853   1.6893003059  -1.7960712088  -0.3463652300  -0.8489825004   0.2701604654  -0.9404997287  -0.9781529576  -0.0305091892   0.1326275548  -0.3989290805  -0.1513759147  -3.1128741473   0.7779485369   1.6028625590   2.9760390043   1.6841983180  -0.5889901070  -0.7724469270  -1.2965720291  -0.1344494423   0.1937668403   0.2314986563   0.8405347042   0.9930085276  -1.1035108809  -1.5088015174  -1.8225360400
 0.5614629763   0.3202309121  -1.0932924412  -1.5410600086  -0.6412126970  -0.9947341847   1.5070956242  -1.5091630103  -0.3755014316  -0.7533554021  -0.0003798778  -2.0132087578  -0.4040563248   0.5123343540   0.7935946566   0.7466963611   0.1919200360  -0.6065684575   0.4245494511   0.4802105447   2.6223008648  -0.3705020629   1.6954582045   0.5258797591  -0.1604073893  -0.1547102133   0.4294941709   0.5519241564   1.3779069062  -0.4930383244  -0.2132985599   0.0487627096  -0.2394589145  -1.3238820361   1.0554588415  -1.6734159179  -1.4568286106   0.0103894091   1.2786302860   1.2266713223
 0.9752954643   1.5088412206   0.8749834304  -0.3231864928   0.0812078626  -1.5149596180  -2.6055541486  -1.2316834549  -0.8366697588   0.6297843931   0.9517645393  -0.3061524717   0.2729004943  -0.6169509117   0.1878521794   1.7735938031  -0.5454268867   2.2846898169  -0.5819176254   0.4539012460  -0.1076089252   0.9858152931   0.4325717690  -2.0942026394  -0.0705463215   1.0188791035   1.2054176589  -1.1132924807   0.4473939009  -0.4108551969   0.3139891109  -0.0184225330   1.0262332391   1.5521959381  -0.6824887739  -1.0610950733   0.1996899382  -0.4148025368  -0.3470564112   0.4819769208
 0.2085723261  -0.0591002546  -0.8478459316  -0.7969365113   0.1774388188  -0.7876124419  -0.1749918127   0.0376132895  -0.8402167537  -1.8854221694  -1.5840372315  -0.3052864409  -0.8984159825  -0.8636412617  -0.7900398052  -0.9835228498  -0.4638173811  -0.1780490878  -2.0617616233   0.2344022256  -1.0569220454  -0.5448455507   0.2975935600  -1.9418683989   0.2451886113  -0.7721607122   0.2748637577  -1.0776963695  -1.4757149652  -1.7339113460   0.8443225587  -0.2012922960   1.0630137908  -0.2646242318  -0.7903295937   0.8337735702  -0.1949184830  -0.0737750799  -0.6501263807  -0.3215547803
-1.6435644589   1.0005514806   0.2146453947  -0.3585684938   1.5319932067  -1.9499612595  -2.1607546700  -1.3441942547  -0.3684199894  -0.2853642780   1.2013884239  -1.4138378355  -0.5021089121  -1.2641685987  -1.5718440308  -0.5897957875  -0.2242818529   0.1396717334  -0.0889831554   1.6878120173  -0.2117844970   1.0592690739   0.2387289762  -1.5260294587  -0.4392399884  -2.5695019386  -0.8418765640  -0.9044973399   0.7776132491  -0.3460060922  -1.7544492853   0.3373898845  -0.2575098367   0.4527944061  -1.7966395085   1.1195329135   1.0315693083  -1.0914289981   0.8514527589   1.7314097113
 0.0091248444   2.2349282835   0.6322639209  -1.3724833448   1.3065892510  -0.6071186627  -0.1833771689  -1.3943674073  -1.7148023067   0.2369281374  -1.5694977531   1.3620289062  -0.2311144470  -1.1403149763  -1.2685051845  -0.8510749343  -2.0314163633  -1.3922765731   0.4016597183  -3.1673928184  -2.6347068269  -0.4731027099  -0.1410219893   0.5786745651   0.7711410677  -0.5789492657   0.3210378747   0.9836077002  -0.2222117141   0.2000363334   0.0242673190  -0.4926370547   0.2322692264  -2.9318136749  -0.8043525990  -0.6691556598   0.9371431050  -0.2994306920   0.2445657300   0.6193442817
 0.0960048612   0.0950070880   1.2954667938   0.3360086964   1.5372404547   0.0242207878  -0.5611561084  -0.4766736839  -1.0954034940  -0.3181275803   2.0920106067   0.8716842491   0.1754441582  -0.9350903176   0.0569226111  -2.6704451638   0.9647427410   1.8195293724   1.1561832165   1.4365132007  -2.5800035331   2.0912748506   1.3723680519   0.8198419842   0.1563820169  -1.3703201513   1.4680250303   0.0743721761   1.2164805279  -0.8829100533   1.3471657060  -0.5337925185  -0.0129321458  -1.0873220969  -0.5335315910  -2.3655309800   0.5290930256  -0.5409167252  -1.2410259441  -1.5279206578
-1.6348901300   1.2333092880   0.1840578560   0.2408584564  -1.1538408073   1.1947523276  -1.9033554026   0.3566777439  -0.1016197575   0.4349405918  -1.4581372168   0.8698188707   0.6381087248  -0.6179870636  -0.1915008563   0.0850336687   0.2468575081  -1.9385541500  -2.8766914649  -0.5453145352  -0.4419420105  -0.4776939965  -0.1257630217   1.4364812495   0.1636299119  -0.1287208688  -2.0311521012  -1.0613557589   0.8158361295   0.2821099761   0.6345571463   0.8129420159   0.5461028064  -0.4641678602   2.7702904718  -0.9589349116  -1.8618790625  -1.5421186850   0.6670663201   0.6910425928
-0.5949532912   0.1470657747  -1.3606740991   1.4156380280  -0.1981835209   0.7379447716  -0.2930139262  -0.6290746093   1.3767251495  -0.0986056711   0.7717050590   0.2764071563  -0.7612710571  -0.4999411043  -1.1760729704   1.3356888579  -2.2322997239   0.6971002285   1.0670531881  -1.4400380613  -0.1550648347  -2.1516485881  -0.8423391551   0.8434874498   0.1306634018  -0.7554215604   0.2588276739   1.1269590026   2.0056288830   0.0366660977   0.2206917051   0.3441498229   0.5176223158  -0.8723672039   0.6497922340   0.8536660464   1.8719271346   0.9385397983   2.0894515381  -0.8751095604
 0.8394641186   0.5518613509  -1.1612114580   0.7490288098  -0.1394466776  -0.1136214337  -1.3870905282   0.9694891586  -0.1380349935   0.9262615009  -0.2526858045  -0.0051449638   2.3965484878  -1.5072022855   3.0630469407  -0.3767653598   1.2462593294  -1.0535388589   0.1445996401  -0.7239499352   0.9341235066  -0.3713837060  -0.2034050183  -0.5385769262  -0.1351742946   0.2177828171  -0.0061808721  -1.9609170653   1.3813378802  -0.4088819202  -1.2523858185   1.2231875377  -2.1580467070   0.0645617528   0.2403082899   0.1430209415   0.4504484248  -0.4408068683   0.6457153427  -0.2998441106
-0.6724742509  -1.3332432705  -0.8842702839  -2.2034933033   0.0314859773   1.1866345786   0.8224417760  -0.1213184208   2.1452566946   0.5787403956  -0.2080435890   1.3555809224  -1.0672336139   0.4648540281  -0.2801924756   1.7365988095  -0.3777159141  -1.3319699770  -0.2519324353   0.5237939147  -0.7436107503  -0.5374142012   1.4290715343   1.5838268289  -1.1088193057  -1.6296284979   0.0467138603   2.0502926754   1.2088403500  -0.4991450557  -0.5845149453  -1.0887969124  -0.5483257361  -1.1387596418   0.5197574722   1.1209779375   0.8533894204  -0.5386812283   1.4723256211   1.6694723858
 1.0819493593   0.1313680883   0.0177029401  -0.2150926372   0.8164281642   1.0408256393   0.4530623363  -2.3525889850  -0.3380691136  -0.0626642024  -0.0824862435   0.1105588349   0.0272052448  -1.1143743868  -0.3205939221   0.9578231122   0.6602405982  -1.0192429731   0.5787397883   0.7950528147   0.6207363814  -0.7029335635  -2.7492366598  -0.3574187535   0.6353491740   0.1682424898   1.9891154568   0.7500385296  -2.5323379880   1.2415811125  -0.3006890848  -0.3914206040   1.4890333285  -0.4605904172  -0.4138800050  -0.2437294661   1.0180393507   0.6264515547   1.3836963554  -1.5697169028
 0.4266898742  -0.6974066223   0.9727689675   1.3476343224   0.9372178486   0.1251255870   0.7096032683  -1.5519299730   0.9283880729   0.4455844695  -0.8261030531   0.6657509999   0.0383539548  -1.1432734461  -0.9405263044  -0.6919875398   1.1217729955   0.0865201172  -1.6323043202  -1.4035239793  -1.0267681740   0.8145211630   1.0562878934   0.2456800309  -0.0129462821   0.0509879734  -2.2878178889  -0.3211985855   2.0163856939  -1.8160260250   1.9401301538  -0.1524125474  -1.7767181117   1.4576964590  -0.1794519433  -0.7193226407  -1.5511685811  -1.7963936686   1.5803066640  -0.4183262025
 0.0098081732   0.8040733038  -1.2607682199  -0.7521013222   1.2250647980   0.5791453391  -1.5137964347  -1.1467490728   1.7650886724   2.1923007863  -0.6752491855   0.7861993831   1.5512456354   0.6807095513   0.6396371880  -0.9086357696   0.7979883036   0.0216732885  -0.1881290423   0.8992676699   0.6410405928  -0.2472663630  -1.2014600764  -0.2183041534   0.6134255310   0.1573689500  -1.3728866378  -1.7625918796   2.6304378566  -1.5531165527  -0.2961289523   0.5958455540  -0.1156622683   0.7533209568  -0.0116970149  -0.3784599140  -0.1381175022  -0.3630072961   0.2654403270  -0.1566111523
 0.2712947155  -1.2107505069  -0.6438721334  -1.3839337405  -1.3998311318   1.6946123564   1.5513091750   0.2384444238   1.0583528019   0.2140578958  -0.3935824170  -0.3040954202   2.3253861195  -0.2445586459   1.9284469721   1.6532324364  -0.8206148963   0.2739567335   0.2098833781  -0.1585038748  -0.4138871299   0.7425877222   1.0474903204   1.5777819126   0.0825312936   0.7121434228  -0.0245584883   0.9099062477  -0.2860979739  -0.1518510821   1.0275089019   1.7235948979  -0.5706697379   0.4182416691   0.7066084301   0.4398855848  -0.4038816443   0.4906813653   1.6031992812   0.7900465128
-2.0006666879  -0.1003291340  -1.2379731273   0.6608065166  -0.1875062984  -0.9852447011  -0.0436469109   0.8122495838  -1.1026607316   0.7888115584   0.6302767862   0.5279297608  -0.0139940220  -0.8251845761   0.4533945889   0.7144393977   0.6021799534  -0.1497092784  -0.0302936019  -0.1011967831  -0.1788859111   1.7765175289  -0.7810729130   0.0616351686  -0.5844637683  -1.8396660934  -1.0901984202   0.8815393448   1.4198973380  -0.0657499561  -0.1401922569   0.4129811870   1.4950229160  -1.0923237729   0.2267787459   1.0773650315  -1.8873069840   0.7375919592  -1.2950375499   0.8155046979
 1.3704071262  -1.4394809077  -0.0985333992   1.2292213462  -0.2344919706   0.8048091382  -0.1321219770  -0.2007647030  -0.4629513751   1.5999023299  -0.9906124741   0.4879553700   0.3680457611  -1.9579317173   0.2488947275   0.1293014462   0.8512459672  -0.4082215587   0.9178976371   0.1548938984  -0.0961306009  -1.4013510424   1.4708072650  -0.2737961525   0.3658314037   1.4155207856   0.8041103093   0.0548078757  -1.2475027926   0.0655537412   0.2791813215  -0.3515698498   0.1458936529   0.3555920502   0.2796336407  -0.3680209174   1.3077387461  -0.8048862880   2.1149204123  -1.2615665078
 0.6874522144  -1.2728267297   0.5396686251  -2.5205017634  -0.5257749215   0.9480517580  -0.2467403456  -0.7253116852  -0.3651730794  -0.0338384361  -0.7327549143  -0.2173872709  -0.6845183899  -0.3851842242   1.7504295061   0.7116735953   0.2814743767  -0.6023161466  -0.5086230140  -0.1572025709  -0.2889717365  -1.6443168134  -0.3199867881  -2.8555856946   0.3202495044   0.5381052230  -1.1100834072   0.7130764712  -0.0760941958   1.1428361348   0.6372223614   0.7635111019  -1.3073215722   0.4468569575   2.3469493546   0.3792982146  -0.5588004299  -1.4437232472   0.7005563197   0.9906377683
 0.5790192607  -0.1320674208   0.6983797517   1.4436126392  -0.3292581587   0.8245370535  -1.0053569583  -0.5943753364  -0.1036859697  -1.3189213180  -1.4841828649  -1.8126605297   0.9343965373  -0.1022185090  -0.2079036121  -1.1127274662  -1.3298804040  -0.3991009731   0.2357847008   0.7290872331   0.1781475449  -0.1748804160  -0.9774480006  -0.9529280075  -1.2178440016   1.8655348769   3.3841014239  -0.1849255965   0.0240379515  -0.4720554634   1.8267239570   1.5970173185  -0.4285180282  -0.9846353126  -1.0339777964   1.6075024711  -0.5919361912   0.1073673506   2.0624532848   0.0803514090
 0.4230320681  -1.2244790957  -0.9229081663   1.2471831567  -1.9777932322  -1.2575830869   0.4997092700  -0.7889975695  -1.4965089274   1.2378828747  -0.4346079379  -0.1998690658   1.2972362289  -0.8937214069  -1.0677489751   0.5694586725   0.0322706468   1.4600423844   0.3888521589  -0.4494331852   1.0223162417   0.8010952285  -0.1517114743   0.7413956212   0.5497852249  -1.8208146519   2.4883252327  -0.1979091087   0.2392563061  -1.1983193776  -1.5234118265  -0.0081679108   1.2770472383   0.7835974759  -0.0245572686   0.6876384419  -0.9444982661   0.3176877331  -1.0171688339   1.8038405452
-0.8849287767  -0.0988342156  -0.5815943022   1.7188488170   0.5163941769   0.5470647650   1.1322023460  -1.0055413109  -1.4402505623  -1.9020709589   0.1711070151   0.0394322515  -0.5659150106   0.9592592198   0.1653426376   1.4110921992  -0.3651615753  -0.4564641153   0.8300720696  -0.2580158976  -2.6373357480  -1.0308983689   0.4742529836  -0.7751139871  -1.9711067194   2.3472116356  -1.1982331126  -1.2328351337  -0.4044695911  -0.4107823610  -0.8851624033  -0.0830847599   0.9980027199   0.5346204372   1.1291516417   0.0987137504   0.9526855829  -2.0745275174  -0.0780309654  -0.8641153906
 0.6632600070   0.4392919670  -1.1417770622   0.4848556133   2.0791978067  -0.4799851987  -1.6455836296   0.2762823759   0.5950647388  -1.0441075539  -0.9824703400   0.9052763143  -1.0564307561   2.8389148724   0.2122442640  -0.5608052571  -1.3462513394   0.9216439716  -0.4920120907   0.2938660737  -0.2906424575  -0.1719842559   0.7203394263  -0.1098535122   0.1008756118   2.1263486358   0.7922830113   1.3381795348  -0.2513505705   0.1259519163  -0.3327836846  -2.2735327515  -0.6082721159   0.5567365988   0.3392269881   0.2563632151   2.0303532326   2.3290376297  -0.9043674200  -0.5402621009
-2.2670120653  -0.1793343963  -0.0313039301  -2.2172852468  -0.4443014765  -0.7685548677   0.2203535178  -0.1343944549   2.5982636241   1.6237258919  -0.4027536636   0.6592637778   0.3932192297  -1.1439715291  -0.0543606414   0.2297782671  -0.1257586650   0.4910935778  -0.3006741213   0.5982716040  -0.4033134738   1.2171673274   0.0952759401   2.4791735404  -0.0250465938  -1.0527018257  -0.3937989775   0.5547000867   1.0971628066  -1.8566432533  -1.8917746548  -0.0359293436  -1.4138559715  -2.0843860558  -0.1897514928   0.8475182655   0.2261032538  -1.2670932005   0.0655524741   0.0663970945
 0.5330073909   0.3726569582  -0.7797090872  -0.5607430764   1.5769319519  -0.6534066313  -0.5961061244   1.4641370141   0.8439639104   0.7898096905  -0.8236335190  -1.0508261430   0.3121010164   1.3550455339  -0.1393451297   0.9951685667  -1.2957708796   1.7211379229   0.4036054792   0.0922389199   0.6065592171  -0.3227182481  -0.9630718392   0.2667889932  -0.7457812868   1.0120146947   0.8802948367  -0.1542871783  -3.0204679527   0.3502753497   0.3114070263   1.1295049094  -0.0947956523  -1.4812339868  -1.4913990248   1.6171609586   0.0942530588   0.4670489765   0.5561529708  -0.8803413923
-0.5304915604  -0.9627453118   0.4006288561   1.7291854984  -1.1327293047  -0.1668476223   0.5678734596  -1.4487417373  -0.5756618696   0.0536215112   0.8041437432   0.1716465873  -0.3890178715  -0.0333928096   2.6972228927   1.7440134256   1.4921908472  -0.4931578969  -0.4487290413  -0.1952667214   0.5456001941   1.0758948818   1.1253136766   0.3897318022   2.1025650895   0.7759400939  -1.3052492319   0.8903427739   0.2714023025  -0.3209462730  -1.2494642296  -0.6143781950  -1.1847271323   0.2863944146   0.4159126683  -0.9174255777  -0.1765202181   2.4366769762  -1.0520389660   0.0097224258
 1.6607198458  -1.2840706414   1.4912297563  -0.2151068536   2.0151165787   1.3205805798  -0.2123236000  -0.4524920622   0.4209369757  -0.2883993018   0.0039704875  -1.2495722593   1.0817807485   0.2095473206  -1.2745238162   1.0151370539  -0.5064549913  -0.0492412968  -0.3426773855  -1.4290583668   1.5844924599   0.3244023292  -0.2197032500   0.3405050758  -0.6235311318  -0.1955250171  -0.9292061285   0.6341951673   0.3453688103   0.0029024600   1.3699858665  -0.1333647180   0.4712442960  -0.6364969143  -0.0858548987   1.0045648939   0.3219896868  -1.3185119809  -0.1623828345  -0.5671682350
 1.3324832661   1.2481632523   0.0486811908   0.0385090058   1.9015189169  -0.9610763293  -0.9079604462   2.0379290221   1.0528865290   0.9783520453  -0.0236016553   1.0924711607   3.1059323743  -3.3819461003  -1.2046655668  -1.2203458153   0.3462567929  -1.3280944720  -0.5796838224   2.0911149216  -1.4133191987   0.8421290125   3.1155548627   1.3171609479   0.2149560292   1.0677049519  -0.9976948045  -0.5098340359   1.1674463201   1.2097882470   1.9738134260   1.7386084314  -0.7659096195  -1.2216608737   0.0545501995   0.4945915582  -0.8669375328  -0.3499795220   0.8335259174   0.7125436293
 0.3748103146  -1.5452024686   1.4436503963  -0.3343860858   0.2917894999   0.3474498222   1.2244403779  -0.8449358628   0.5804446643   0.9022431303   0.0691841489  -0.0314503049   0.7193698846  -1.1334098165  -0.5772081082  -1.0633380737   0.5392851139  -0.5216578552   0.1151352920  -1.4678029457  -0.7321377521   0.2549426172   0.7244508404  -0.1181789652  -1.3793438572  -0.2069960352   2.0000598498   0.4913832215  -0.2231709701  -1.4611489068   0.0226260717  -0.3633440618   0.7729059596   1.2394343731   1.1758915566   0.5880924408  -0.3039224643   1.9053330743   1.1012863313  -0.4767704818
 0.1223933168  -0.5564041954   1.0088851627  -0.5752931547  -0.1990628786   0.2270754125  -0.5679328900   1.0882119804   0.5342808068  -1.8984454327   0.8764318478   1.3744074437   2.0343032963  -1.5019003559   0.3525276383   0.9295325352   0.2123744812  -0.7911665529  -2.0610895327   0.8512632189  -0.9538540992   0.6300845848  -0.0055050845  -0.2201642821  -0.5941882803   2.1411760710   0.0739659259   0.9373511618  -1.1654511945  -1.9512391459  -0.0083782707  -0.9859862503  -1.1660328078   0.9023731194  -0.7157027070   0.8559923865   0.2357536356   0.1012039604   1.7456038951  -0.4873870491
 0.8133778366  -1.4539274929   0.0297524694  -0.8759457426  -2.1776632128  -0.7047047214   0.7244673462  -0.6109120594  -0.6187055858   0.1417706504   0.5870534305   0.2255511685   0.5848303304   0.3470902984  -1.0862525870  -0.9989215619  -2.0305445725   0.0217484586  -0.1460273947   0.4620600372  -0.8716264156   1.9977953888  -1.0424012152  -0.0404687166  -0.4266986929   1.1674805498   2.9966194343  -0.7980326695   1.1412811852   0.5691137979   2.0052059547  -0.6653959373   0.2033725551  -0.6722628095  -0.4100638003   1.5916505910   1.4963183986  -0.1879640405   0.4170772940  -1.4816118380
 0.0939568068   1.7460382357  -0.0604265374  -0.3438862143   0.0566569848   0.5425409715  -1.1331946609  -0.3608852706  -1.4396971252  -1.8158370687  -0.0553832397   1.8694641058  -1.1757468442   0.5819800555   0.2749352393  -0.6618810004   1.6918643228  -1.0216924001   0.4760841600   1.6981844682  -0.6789461276  -0.7461025949  -1.6532087083   0.8457484604  -0.6053718924   0.2314677489  -1.2746717576  -0.9828916261   1.7599705258  -0.9329079705  -1.8406852882   1.4285479631   0.3102719677  -0.3313756876  -0.7652312333  -0.3950978650   0.4286524660  -0.4398909746  -0.0707727268   1.4108798490
-0.5157503937  -0.0251051708  -1.2176065974  -1.3267359103  -0.2533539077  -1.2252059500  -1.0164351629   1.5055664140  -1.1152953990  -0.2835039312  -0.5485727116  -0.3030045313   1.3307353377  -0.4426102118  -1.0422069137   0.0544213469   0.9556741446  -1.6613603526  -0.0819736952  -1.4578608760   0.4802867418   0.0537592350   0.3775854899  -0.3816971928  -0.7310678023  -0.0846608125   0.2274660713  -0.0226821823   0.4965164176  -3.0850211812  -0.6335701916  -2.2488599019  -1.7738194225  -0.2246945384  -0.5596872710  -0.0008770934   0.4015054542   1.2122893786  -0.1272607061  -0.4224180195
 0.2510969259   1.4099523736   2.4466448071  -1.2687763652   0.4516492316  -0.6930023126   1.7104757488  -0.4739189823  -0.9723030775  -0.3243210952  -0.6547359226   0.0664990091   1.3448299890  -0.4318748272  -1.1724071741   1.0290490222   0.4391632117  -1.3643434923   1.3644708046  -0.7741149894   1.4250909514   0.5199637196  -2.3830125172   0.7197623153  -0.2912821097  -2.5613426336   0.9617416085  -0.8196663638  -0.6076665583   1.1279683225   0.2207626034  -0.1242064463   1.2354106317   0.7311022708  -1.2895170917  -1.7755336539  -1.0098265430  -0.2370138591   1.8932187559  -0.8568349868
s2
 2.1003197603
 1.1037141728
 0.3240840748
-0.2694634610
-1.8337663243
 0.3002717759
 1.1946115970
-0.0534442983
 1.1180434133
 0.6031763785
-0.6670624398
-0.4999773138
 0.6151307409
 0.9233533144
 0.0420702545
 0.6791828141
-1.0336510307
 0.5525382502
 0.4788219376
-1.4106929046
-1.9178031229
-0.2944683656
 0.8948548999
-1.4813451895
 2.2031313198
 0.0811081586
-1.1006732730
 0.4428892472
-1.0063549897
 0.4474307753
-0.3201691048
 0.6240586105
-0.6209063935
 0.3802393470
 1.4358797749
 1.0028585175
 0.6219937001
 0.5322606976
-0.0212907685
-0.5153295807
w3
 0.9364906261  -1.2010583551  -0.1396019489   2.0592069990   0.5045499459  -0.2193611632   1.2703315767   1.7839199432  -1.2606147212   0.1857720632  -0.2428993222  -1.5365063203  -0.4326459203  -0.5299423005   1.5400852954  -0.0290315527  -0.5432021548   0.4100593636  -0.9049000974  -1.8931631668  -0.7890763672   0.5727191810  -0.3739825628   0.0699823369   0.7156618892  -1.9471981687   0.3685321573   0.9136040738   0.0685941206   1.8873633251  -0.2427885561  -0.4148390383   0.9996959616  -4.0413102954   1.9550936202  -1.9348591939  -0.2448159011  -0.4187910579   2.3584816538  -0.4444199437
-1.4784355950  -0.5901619108   0.7557734891   1.3057983886  -1.1293116069   2.2934499247  -0.0553190332   1.6550475088  -0.0912995974  -0.4522188473   0.5521772886   0.3919435572   0.2324188126   0.4556169279   0.1934461613   0.1043371165  -0.3378734339  -1.2083333221   0.4560349657   0.5419859303  -2.1390902499   1.5451096900   0.2516119606  -1.1589729091  -0.9712015352   0.8636354135   0.9454194325  -0.4366762040  -0.3274829404  -1.7101619647   0.3722358578  -2.4836972131   0.7577481099  -0.5670179981  -1.0754981122  -0.6857886858   0.4713751677   0.7754738865   0.6023532681   0.5629572729
-0.4334673088  -0.5149323719  -0.5331949598  -0.1726656116   0.4801514375   0.7369012427  -0.9117948795   1.7395518244   0.1255626807  -0.8948161637  -0.1235342497   0.1286239758   2.0713773698   0.3700627173   2.0443217489  -0.3135585764  -0.9455644083  -0.6208416465  -0.6592390566  -0.7814575357  -0.9942263659  -1.3711498855  -0.6224486116   0.1859470386   1.4352164792  -0.5424036466   2.4542356006   0.6749593057   1.3677662148   2.0412465260  -0.5646560272  -1.4933849743  -1.3988886431  -0.7318704916  -0.7314790347  -0.0246625613  -0.5233310929   0.1228112293  -0.7525857071  -0.9927522943
-2.1026030739   0.8968713405   1.1767253659   0.1211552977  -0.1798897343   2.3827603241   1.2905602093   0.2629479827   2.0559758449  -0.7201434233   0.9828509032  -0.5443085745  -0.8018504791  -1.6959068611   0.9061711137  -0.8502699751   0.2358282453  -0.9509662116   0.0387030951   1.1908853905   0.3666528970   0.1393664011  -0.2614460207  -1.7281393447   1.2397925808   0.6350437241  -1.3826884868  -1.9024872585   0.4993571275  -2.8972884287   0.3832970995   0.7613694214   2.1624331731   0.7506505159  -2.0997017957  -0.5590108637  -0.1149691704  -0.3850067873  -0.5083148606   1.2979608253
-1.0597507805   0.4391927108  -0.1276746345  -0.0487443277  -0.1714835551  -2.1904464846  -0.1771555779  -0.9266716302   0.6330483911  -2.7685641254   0.6166858228   0.3781138723  -0.6081365920  -1.4293738082  -0.1297829509  -0.9796202725  -1.5951355493   1.2867369619   0.3172877658   0.1385463885   0.3134786316   0.5011516133  -1.2077356607  -0.3845962273   1.4326040509   1.6191680102  -0.7721594844  -0.3190997744  -0.2009094044   0.1038912324  -0.2857461128  -1.3555452194   1.0632818043  -0.2729520585  -0.7587133216  -1.4964018240   1.8056013189  -1.6093869695   0.0819365866  -0.7300188841
 0.2571185994  -0.1604807525  -1.5066911175   1.7056680016  -2.7252300227   0.4468637281  -1.6399581070  -0.9661419367   0.4830316940  -1.3184412565   0.5808369929  -0.9276498091  -0.1606198348  -1.0251919776  -0.2727176775   1.3821746231  -1.6506417405  -0.5933143437   1.0707782874  -0.9395137045  -2.1698265069   1.0859836020  -1.1513220670   0.7337050872  -1.8405815569   2.2689904247   0.1189174963   0.8020765551   2.4034562592   0.1851353348   2.7234614410   0.6636375939   0.6805026573   0.8167181816  -0.1640303292   0.3907623443   0.8036180773  -2.3236010624   0.6997678575  -0.2605607118
-0.5454466964  -2.5696065152  -0.4364352456  -3.2797129747   0.4218419584   0.1714777906  -1.2410788851  -1.0361225737   0.1334680554   0.0066977963   0.7069300311  -0.8996252294  -0.6749525488   1.2104207810   1.5575431732   0.5319567393   0.7821390699  -0.6114503641  -0.5261779345   0.3911690648  -1.0404092768  -1.4848243042  -0.3585369777   0.0456203443   0.7230648916   1.5909050802  -1.1780751730  -0.0178985045  -2.4569414675   0.0134832858   1.3152363597  -0.3230578618   0.7766834653  -0.5267694041  -0.4546825116   0.5410739682  -1.0652810548  -0.4874536097   1.3013555804  -0.0202374520
-0.6104960158   0.8264682301  -1.3994858954  -0.8893018647   2.7418747923   0.0135753188  -1.7151390151   0.5866676157   1.2711773198   1.1424271628   1.0185477244  -0.9124993003   0.3363213957  -0.6494395960   0.5263554432   0.4111763493   1.4175372398   0.6720066209  -0.6308462973   1.8048451148  -0.0117171356   0.4040558185  -0.6457837539  -0.1912543560   2.1647119837  -1.5701477364  -0.5038229520   0.6136500742  -0.4226111485   1.1260076331   0.6967989851   1.3816105398  -1.4109469183  -0.0725132982   0.7226052796  -0.7505078730  -0.4330888199   0.4791166945  -1.4956194384  -0.3283923706
 1.0463413690  -1.1851199894  -3.5873948433   0.2638832309  -0.6149538253  -1.2093008790  -3.0729876770   0.8016797098  -1.3229447632  -1.3331570077   1.5281828028   1.3642713835   1.9476309300  -0.3942937024  -0.7303896933   1.0533193751   0.0940484285   0.9129911304   1.9097218771   0.0015417528  -0.4627615776   0.3694435233  -1.1374633264   0.2020223723   1.8873046020   2.4927674818   0.6519031520   1.5110353678   0.0841521963  -0.7726061980  -1.1768448872   1.7129294817  -0.6801049703  -1.4060867523  -0.0493709095  -0.4761711326   2.0393205313  -0.2809530197  -0.3946116814   1.9581520988
-2.2378341463  -0.7830548086  -0.2639521794   0.2227382972   1.2077600736  -0.7047960333  -1.4164770190  -1.8643921448  -1.8239830025  -0.6179353393   2.2610997078  -1.3147353369  -0.7170846204  -2.2147730192   0.5650762507  -0.0135340701   0.1747316504   2.0342499160  -0.1719165327  -2.1070563743   1.0855110319  -0.0142604232  -0.9267103773  -0.2532576422  -0.6559886410   0.5730722733  -0.1888018413   1.1712420442   0.1199796004   1.0075637673   0.6802562440  -1.7879944945  -0.7739077262   2.4314259905  -0.4214757485   0.4312312528  -0.6219248785   0.7628700848   0.2737704149   0.8213437903
 1.2904312404   0.1426728929   0.7654854966  -0.9666225814   0.2246963026  -1.8262620448  -0.6977038770   0.1795765328   0.5664098731  -0.2041786072   0.2546663883   0.9660994249   0.5537456218  -0.6987065857   2.1944833061   0.1189401246  -0.1500982492   1.9108202811  -0.3077296145   1.5699753314   1.2820229949  -0.3597684001   1.8142522811  -2.0151076638   2.4256348789  -1.1357010998   0.7579032032   0.1627231030  -1.1252700220  -0.7839463896  -2.3589127231  -1.3132417558  -1.9956635395  -0.1004818859  -0.7885944715  -0.3142294829  -1.2753262049  -0.7533077797   1.8528116856  -0.0159720707
-1.4639301031  -1.5683840927  -3.1381635439   0.6882331134  -0.2408541874  -1.7880602957  -1.9335570502  -1.4441356651  -0.0440493506   3.0422306630   0.1165267753  -1.1467775247  -0.5651935396  -0.3685098120  -0.9135622003   1.3334614393  -1.1049570707   0.5989838728  -0.6336190053   0.4845646563  -0.1095478727   0.7112163356   1.1025757072  -0.2403436899   1.3626508049  -0.2211527021   0.0750636941   2.2300025615   2.3393521541   0.3195903926   0.6960837958  -2.9554626703  -0.5720178261   1.4530745214   0.6439045962  -1.6296231489   0.9015882159  -1.8925142131   0.3896658177   0.4320263608
-0.6109283181   1.2663997213  -1.3636308295   0.3763391809   0.7802094563  -0.1832007798  -0.8268087415  -0.1963575117   0.6337142014   0.3083933563   1.0496850976   1.0924765706   0.5031547748   0.7343845780   0.7698613733  -0.3000415189  -0.9601698987  -0.9459022048   0.2177369940   0.5355983853  -2.1556843871   0.5978082611   0.6125598464  -2.3981029067   0.5029446573  -0.9839373633   0.8441456680  -0.6690673276  -1.2499001035   0.3774127758   0.1596132296   0.8380473899  -2.0114466149   2.3752910576  -0.3862665294   1.2343532874  -1.2712316143   1.0600949562  -0.1592623461   1.2847336100
-1.4811628594  -0.5683408365  -0.5254510656  -1.1443739696  -1.5695844387   0.7104665095   0.0941460930  -0.9906781653  -0.6025347084  -1.2524261506   2.3543822611   1.2656996593   0.1176167221   1.8698568648   0.7663207589  -0.9414740195   1.6732409021  -1.1910311386   0.4891953495   2.2063410349  -1.4072729909   0.5210940217  -1.5103184572   0.6406959325   2.0672652880   0.3046805494   0.3480935330   0.6249422858  -0.8509657428  -1.2015601613  -0.9974833851   0.6297868046  -0.5384039110   0.1848795018  -0.2066959703  -0.0821182425  -1.2698866969   0.3365246354  -0.0667308455  -0.1066692216
 0.9852532535  -2.3538097653  -0.8057045557  -1.1523762171  -0.5780756765  -0.5427870669  -0.8336096535  -1.1084846141  -2.4269294182  -0.3805604082   1.7583519433  -0.1791322747  -0.3062338598  -0.9189214771   1.3025383797  -0.8224463989  -0.2813898004   1.8517645802  -0.2422544811  -2.1658947058   0.6168970151  -0.2137225957   0.1366194430  -0.0412068608   0.9192674808   0.9165456263   0.1149571433  -0.1974635810   0.2537155766  -1.9716290311  -0.8144805739   0.5725696970   0.8828952381  -0.5402871758  -1.1460154270   1.3460325588   0.0865210540   0.5931762009   2.5873917850  -0.1143707290
-2.6513293737   0.2722647781   1.1094128843   2.5168843187  -0.8910645161  -0.9597639114  -0.0042851021  -0.4814092320  -1.0940504457   0.3669010344   0.4567939104   0.4385787725   0.2055751968   0.4629012976  -0.6676358117  -0.3929135400  -1.9836995977  -1.8584654107   0.3870344239   0.4276933903  -1.7228481006   0.0762955748   0.7149336614  -1.4264031386  -1.4456625272   0.4575019017   2.1233974966  -0.4057572146   1.4262080749  -0.3350094292  -0.7403658496  -0.7667111660   1.0066120862   0.1146865604   1.2953897687  -0.4204831119   0.0696364530  -1.1156984508   1.3811218619  -1.0708434045
 0.5425215124  -0.1160496131   1.8289674632   0.5024474915  -2.0577417467   0.0234550285   0.4762727267  -1.9754601335  -0.6882772138  -1.3978848677   0.1071674140   0.2018757957  -0.3370525407  -1.8803675671  -0.1761039621   0.5343927010  -0.3841034369  -0.5878148979   0.1570736188   2.1753805984   1.2586591293  -1.7482876477   0.3994770418   1.6801219693  -0.1063642662   1.5256247408  -1.7531763217   0.6773714860  -0.7790422376   0.7024612222   1.5273125783  -0.4139209940  -0.1847457063  -1.4885716153  -1.6228097670  -1.2635045719  -1.0889283191  -0.3921519526   0.4677228087  -1.3636851132
-0.1189188667   0.6581943412  -0.7260250611   0.4429427092   0.7131794202  -1.9145699744  -1.4299703194  -1.2904998272   0.7078367010  -1.2018134569  -1.3500763592  -1.1990639355   1.7053536234  -0.4313514572  -1.0850329546   1.4585290959  -0.6531111555   1.5635456481   0.4677447544  -0.0979153574  -2.0392124134  -0.8888410161  -1.3271239360  -0.7399161778   0.0978059644  -0.6923405681   1.7385012113  -0.7499316883   0.5800935450  -0.4123730926   1.5182053931  -1.1919293620   0.3251865755  -0.7927610195  -0.8706215898  -1.1964366599   2.5407945485   1.1785416935  -0.2498020401   1.1289423393
 1.2744793843   1.6528758867  -0.6998375047   0.6118612327  -0.6267336231  -0.3221751721  -0.2269535509  -1.7776917668  -0.6233344209   0.6740916490   0.1116404686  -0.5843634744   1.7682961221  -1.5514068843   2.1991671561   0.9703756371  -1.1794448050  -1.6920833588   1.4971152009   1.7447926552  -0.9373934659  -0.4225699865   0.1406923081   0.0973428761  -1.5929930601   2.2372183930   0.0820414230   0.6902280364  -1.0483166530  -1.6972864311  -0.8121444127   1.4251080721  -0.7148776448  -1.1041330006  -0.7390075840  -3.1014583675  -0.7889454357   1.5011391079   1.2111024892   1.0946354429
 0.6433144662  -2.0732456578   0.4166550583   0.4784276925   1.0317798382   1.4742803465   0.1098196575   1.1567548038  -1.4573820581   1.5920614419  -0.2237292534  -0.4150882677  -0.0746394309  -2.0904794178  -0.6285790199  -1.1469662839   0.0108526606  -0.5917878403  -0.1945135636   0.2708350631   0.0295792676   1.1231948563  -0.9986378250   0.2044570673  -1.3985848734  -0.4339338523  -0.8411898466  -0.4872058541  -1.8197246564   0.8927199946   1.1389444307   1.5562672648   1.1343988193  -1.5822829607  -0.4624593911  -0.1730374987  -0.8241102779  -0.9291991608  -0.3089267997  -0.4745792424
-2.1570427601  -0.7318137903   1.7674957484   1.5852371536   0.7319845181   1.6468387313  -0.4756113732  -1.0967826028  -0.8533229798   0.7730747580  -0.2183183590   0.7045499062   1.0845898090   0.0191268848   0.2813950329   1.0726163285  -0.5470124859   0.3251765087  -0.6376511846   0.1448972536  -1.1004711059   0.4202987867   0.4082425577  -0.2730298180  -0.4701318884  -0.9944927330   0.4259440842  -1.4355078414   0.6267950071  -1.5140443056   0.6578806754   0.2739147642   0.3954059274  -1.3090436147  -2.0592120717  -0.0036149937  -0.6015266135  -0.5400336355   0.3093212626   0.0702583371
-2.5846120366   1.9777720854  -1.3330972357  -1.0911595627  -2.1483123804  -1.2844873804   0.4363984797  -1.8891023386   0.5791666083   0.1568437397  -0.3735322773  -1.0934572964   1.1563811858  -2.9099219276   0.5140850500   1.2672972768  -0.0984961433  -0.5452088042   0.1993719848   0.7268390578  -1.4059262638   0.7610298584  -0.6000177251  -0.7159282757  -0.9092042664   0.8773186429   0.1841834301   0.5311924065   1.1715014356   0.7983420371   0.3768023421  -0.3558506992   0.1980287639  -0.6044580500   0.9036277503  -0.2594453641  -1.5771045788   0.5643705266   1.0574863679   1.4047357794
-1.0443960689   0.1263309340   2.3712104633   0.9835717517  -3.1057521372   0.1843307073   2.0447270254   1.2945733676   0.5140691825  -0.6639088864  -1.4146460425  -1.0323024903  -0.2634571435   0.0100825274   1.6362988401  -1.2556143411  -2.3618534756  -1.0170354912   1.1488266645   0.0568607357  -1.1227185316  -0.4165421723   0.2120101194   1.1574606245   0.7652613836  -0.2931886519   0.4666146357   0.9722819863  -0.7582163128   0.7350342771  -0.0331373973   1.1485458484   0.2612546758   0.2336426240  -1.0878255386  -0.6788353092   0.0412397495  -0.3397215142   0.9059892466  -0.2796389717
 0.3921881719   0.3153619510  -0.4044877331   0.5771483862  -1.3074838552  -0.0845651415   0.3348963790   0.9947988085   0.7127466229  -1.0998934045   0.4930792714  -1.7612043090  -1.2150926841  -1.1344730948  -0.4736194272  -0.0968368124   1.6898741808  -0.0511969662   0.5167962232  -1.9429923421   0.6806552804   0.8159365750   0.2985990935   2.5792800706   0.7602998301  -0.1600492541  -0.6885477955  -0.0888279512  -0.2433494638  -0.1599096787  -0.9772316314  -0.8473646722  -1.0293217851   1.4272804284  -0.3814643310  -0.5039983551  -2.0300723462  -0.6142636782  -0.4635327381   0.4665499951
-0.7025055704   0.3372505451  -1.8353272445   0.1712171326  -0.3194323671  -0.9094029826  -1.7703866458   0.8716860200  -1.0715826327  -0.7829463648  -1.3911007144   0.6205420784  -1.5396622705  -1.1879670525  -0.6269061602   2.4388353324  -0.0662683493   0.6419808174   1.2737022752   0.7891504389   1.5334207269  -0.8025457160   1.2301504184   0.3169006194   0.2793864355   0.6685567408   0.5419304074   1.4187337238  -0.8543643275   1.0657666480  -1.0819443193  -0.3597884518   0.3116405659   0.4515181355  -0.1504651059   0.3875062876   0.8227619647  -1.4555863297  -0.3470857065  -0.0823226780
-1.0089643000   2.0110441362   1.2299880264  -1.0544577638   1.4878664103  -0.3862357293  -1.5225800938  -1.6613298962   0.5439954227  -1.1462398929   1.8814217992  -0.9211726681  -0.1421767403  -1.2455262623   0.8568848069  -1.4285965882   0.6719287828   1.4251440285  -1.4092549714   1.5506875077  -1.7498153397   0.6717823131  -0.7367803354   0.5996163607  -0.3111487215  -1.1523513503  -0.5710518437   0.1898409270   0.8395846012  -0.7361846448  -0.1891635040   0.2048257090   0.4919883507  -0.0965398133   0.1368354059  -0.9484333683  -0.0103376605  -0.9724572391  -0.3494589909  -1.1285899297
-0.0436488379  -0.6449810089   0.2413719285   1.1804591142   0.9295590541   0.1470462224   0.9402731812   1.5433037048  -0.4183142367   0.2877620675   0.4425734238  -2.1203900062  -0.9557894523  -1.0806296274  -0.3985567219   0.2316856433   0.2415609147  -1.8800072473   0.7647585613   1.0845806015   1.0946117495   0.5913992500   0.2193768252  -0.3447082819   0.0196771254   1.6907388230  -0.4213980204  -1.4722849679   0.4974145046  -0.5145206365  -0.8105355772   1.5947110903   2.0624665143  -0.5473027584  -0.1024272902   0.9881539478   2.7088168752   1.5930900633  -0.5923816251   0.9215762518
-0.6526442107  -0.3618103333   2.2283058849   1.4606420263   0.8264382625   1.2472116779  -1.3630005939   0.4187070316  -0.3853694835   0.0700671945  -2.1772309508   0.3041976070  -1.4923095764   1.3034280121  -0.7180036275  -1.5783535799  -0.9044065152   0.2892456601  -0.6644355723   1.3366444166   1.0738717196  -2.1633493811  -0.8636769185   0.7447082901   0.8961506876  -0.5704603539   0.3743992190  -0.2515581225  -0.6317013007   0.8005262959   0.0606278688   0.2753145436  -1.7213935918   2.6693016397   1.4939380555   0.1575254010   0.6859214175  -0.9858304072  -0.9219198734   0.0940155993
-1.4922038230  -0.6223484813  -0.9308445666  -0.1969311786   0.6598321332  -1.0555552406  -0.4160151330   0.2428562765  -1.0682970316   2.3042827887   0.8625465219  -0.6021369640   0.2936366472   0.6736006476  -0.9947042686   0.7563383206  -0.1125887780   0.1951209136  -0.3423149328  -0.2197780445  -0.5039757290  -1.5125686632  -0.9190357584  -0.5676100866  -0.1431399807  -0.0367036153   0.9875181544   0.0915806756  -0.3889116364  -1.1032330140  -0.3820017099  -0.7231783664  -1.0663530795   0.0019669435  -0.2428955220   0.5682710835  -1.0779239082  -1.6716081666   1.9675822355   0.5886328812
-0.8275675828   0.3843048674  -0.8478019572  -0.2486824119  -0.9794912396   1.9340915648  -1.1306438185  -0.4144730173   0.4340900468  -0.5458194540  -0.1512430131  -0.0597947120  -1.2776574462   0.7073692855   1.1478407286   0.3426933583  -0.4723700572   2.5730592163  -0.5754440151  -2.1759047628  -0.3525882192  -0.1357703665   0.5270230936  -0.2443686598  -0.0349106779   1.6761507810   0.2921623072   0.4912748652   0.0481340451  -1.4159358513   0.5174945138   1.5328803498   0.5583761699   0.1827480008   2.2533591885  -0.5562733154   0.7292286934   0.8290495693  -1.0560394142  -1.7845955170
-0.8673485101   1.0195755771   0.2499474964  -1.6349643550  -0.8532674013  -0.8595375460  -0.1721434964   0.5456998259  -1.0904704302   0.5707668464   0.4660774856  -0.6660160272  -0.2589498200  -0.7088662179   0.4119683813   1.5092353527   0.4508621706   0.1726473530   1.1953882175   0.7408235940  -0.5203901586  -1.4741981336   1.1594210588   0.4760430416  -0.3108953566  -0.3238361252   0.8174427575  -0.0284458148  -2.1057514609   1.0257145135  -0.3962933459  -2.2095809455  -1.1974778927   0.9875027458  -1.6276655158   0.1067628009  -0.1497540177  -0.5026891263  -0.1038003916   1.7216230843
-0.4175913683   0.1013781429   0.3969904122   1.2732410554   0.7227438826  -1.0615358904  -0.3075632522   1.2271498877  -0.9981800796  -0.5361480290   0.4832196349   0.4940703345  -0.1454269168  -0.8037747037   0.9756281858   0.0200515562  -1.7688824084   0.9854725271  -0.5674749903   1.2551654069   2.6395728001   0.7869960066   2.0014723519  -1.1668777391   0.3239293612   0.4706404905  -0.2911635321   0.6400432722   1.7978970414   2.4410267379   0.1715411192   0.3155812760  -0.7147472432  -1.2133383113  -0.0679853028  -1.6692758491  -1.3261546658  -0.3186846033   1.1671276672  -1.6520010471
-0.5772373040  -0.1047890255   2.2530928492  -0.7384062251  -1.3370690368   0.9564235612  -1.2343770063   1.8961994396   2.4661693942   0.9459748492  -0.5462783525   1.5320842574  -1.5860774106   1.7251702517  -0.8214964007   0.5682483589   0.0221389003   1.3305277337  -0.2823544994  -1.0735786785  -0.3324426732  -0.2156000771  -0.2911266385   0.8473855409  -1.8993800529   0.4850963738   1.3664550224  -0.3052449955   0.2419734078  -0.9157935336   1.3652882480  -1.1129795673   0.4604023753   0.6113205010   0.4139783194   1.4975408105  -1.1341146671  -0.2536749891   0.4612848048  -0.3897900203
 0.4394792242  -0.6398486218   0.0382175059  -0.2521392542   0.2374470076   0.4918965980   1.5162819554   0.7596785106  -0.0236526025   0.7339087726  -0.3927861040  -0.3135123691   0.9404884424   1.1165263607  -0.8040269655  -0.1064896439   0.2721146164   0.5256539245   0.8296426798   2.0595759799  -1.2149764913   0.9693744291   2.1873732357  -0.1145085839   0.3539140828  -0.0162730765   0.5426468548  -0.5042547319  -0.6619087492   0.4881010772  -0.6889869692  -0.7110586250  -0.0078366890   0.2938340669  -0.3319504026   0.4779131928  -1.0531541252  -0.9289251844  -1.3974350013  -1.5155003241
 0.3886006038   0.5605782238   1.0280836792   0.1526144401   1.8365358424  -1.2596827104   0.6749555441  -0.7203487827   0.6614727300  -1.0559891799  -0.0723112585   1.8490711492  -1.0455003732   1.7984572152  -0.2600221188   0.8368986893   2.5816008606   0.2739868366  -3.0105439856   0.4564269156  -1.1117300749  -0.6004094605   0.0921686361  -2.2389161002   0.2550021804  -1.9375752357   0.9899613152   0.1712410900  -1.7149997584   1.1098878680  -2.0201020109  -0.4579174596  -1.6269352667  -0.1395145940  -0.1912396432  -0.3393818899  -0.4311243278   0.1141074883   0.5089880612  -0.1925291891
 0.7825503651   0.1191487599   0.3708763116   0.7179515423  -0.0872659911  -0.4490998663   0.7228133127   2.3159915374  -0.4430821698   0.4868884705   0.0617468572  -1.9873559441   1.2801687438   1.6918669942  -2.4278077215  -0.5061129878   0.7074664103   0.0378462659  -0.0630101358   0.7567865504   0.0236470665  -1.1200472157   0.1179892624   0.6672690198  -2.3868166330   0.0727932623  -0.8802914299   0.4073871695   1.6023391686   0.5882155504   2.4246469312  -1.1986172974  -0.7688188639  -0.8577762779  -0.8539420194  -0.1150533452  -1.0881430272  -0.6147256740   0.9720377883   0.3028177468
-0.2423219553   0.8689964025   0.2726312460  -0.1002080551   1.3161754691  -0.7656673242  -2.4034207044  -0.2954753140   1.0488864254  -1.3701073125   0.4953477226   0.2419567040   0.0686624972   1.9696341511  -0.1430958616   1.9022664778   0.9778278019   0.5986731841  -2.6250432409   1.5825044836  -2.0853080341   0.9155087607   0.5002736528  -1.5312257735   1.2966927784   0.0181287659  -0.2132579336   0.4419777481   0.9534908103   1.3115557519  -0.0672513922  -0.9697723544  -0.5962569466  -0.7177200558  -0.3239701749  -0.2772881409  -1.4310488114   1.3811187552  -1.1948656857   0.9524194929
-0.2806597707   0.8849632483   0.8853061099   1.1852252753  -1.7822383065   0.5605999615   0.0344069727  -1.4527459228  -0.6261129059  -0.6884433536  -0.2425268955   0.3709539265  -0.7863887706   0.3225134342   0.1658181862   1.4800398622   0.5642018147   1.3052403474  -1.2598514629   0.7081687088   0.0579657662  -1.3851261590   1.0889662701  -1.4036298894  -1.3168145324  -0.4540067666  -1.6906840274  -0.8248518651   0.2167018583  -0.8546411131   0.3488652383  -0.8563620453   0.0037877725   1.6062272741   0.6297403165   1.0571068514   0.7968884442  -0.3208501932   0.3035590087  -0.3022942212
-1.1089643617   1.0713699585   1.2137286842  -0.4550139049   0.1336919031  -0.9445886959  -1.5365151278   0.0529724492  -0.5763721490   0.5762755728  -0.0167437563   0.7401398399   0.8926988160  -0.9091762058   0.6663066197   0.3100264020   0.4426077178   1.2525068333  -1.0667441406   0.5491593360   0.9529377342   0.7394744175   0.7174604492   1.4821506254  -1.1144473062  -2.2168669072  -1.6012100701  -0.5399338745  -0.5071105621   0.1685207423   1.6985728778  -1.2076318798  -1.7355975544   1.6377897442   1.2572849497   0.5675039933   1.7855576155  -0.7637133688   0.2776587586   0.4096337912
-0.6499177587  -2.1092738710   0.1099057960   0.7839796529   1.4603030120  -0.2375349746  -0.0999300847  -0.5241703057   0.8736086572  -1.4934827207  -0.0708438027  -0.8719122357   0.6932581063  -0.4702681938  -0.6492576141   0.0735773602  -1.3364167604  -1.0353970481  -0.0930426695   0.5812493462  -1.3207510146   0.8157437345   1.1231254799   1.0299212985  -1.6784999114  -0.4673979766  -0.4216464549   0.2349982644  -0.7075838230   0.0361539414  -0.9958899170  -0.5115090001   0.2595253939   0.0967523761   0.3011983211   0.6011643985   0.8919900494  -0.7823345354   0.9061953954  -0.2562461467
s3
 2.1283094991
 0.7197675395
 0.0729966880
-0.7506078059
-1.9310973822
 0.3625261489
 1.1935610997
 0.1895906039
 1.2323805370
 0.4832056387
-0.6795969611
-0.4768826348
 0.8332721706
 0.8167335198
 0.3404838516
 0.4953648790
-0.8638523146
 0.5718640677
 0.4857724689
-1.5408461994
-1.8762558878
-0.3016853636
 0.7364036297
-1.5648425342
 2.5015489721
 0.0577919023
-0.8597019198
 0.2181800535
-1.0264438682
 0.9353801723
-0.7894852133
 0.5251398491
-0.4780331646
-0.1549130316
 1.5428963785
 1.0214664380
 0.7861409521
 0.6660692064
-0.1198606240
-0.3610751485
w4
-0.6526462049  -1.4400603054  -0.5847845382   0.7215714290  -2.5903529120   0.4266938212  -1.1870657075   0.6335589503  -1.3323910603   0.0235283472  -0.3200967095  -0.5783173567  -1.9245340783  -1.6695261312   0.5011557957  -0.8147791837   0.3859861986   0.1939839574  -1.9864491371  -0.1768834758   0.5058763408   0.0350650531  -2.6844952651  -3.2844469445  -1.1242737366  -3.0438234671  -0.2415008887  -1.0934154302  -0.1735706973   0.3091916820   0.2142256975  -0.6198599505  -0.5594570127  -1.6215936332  -0.9037336587   2.4170062273  -2.4097229294  -0.2143423901  -0.2682690273  -1.1376602505
-0.0933553408   0.1696951222  -0.4753841239  -2.0821111525  -0.9595473057  -0.5825572946   1.2635104878  -0.5813684069   1.7608701238  -1.1562311868  -0.1445930500  -1.7665224123  -2.0313162530   0.7140852709   0.0962599644   1.0880924292   0.8134854560  -0.8162723631   1.1282620417   0.5652571783   0.6764124417  -0.4278190632   1.3260775892  -1.3821763844  -2.1307649845   0.0797097037  -0.7155334650  -1.9963219521   0.7141875102   0.9895954022   0.4611717099   0.4428702715  -0.2509083993   1.0142445977   0.9670367199  -0.0576996503  -0.5678274530  -1.3853141804  -0.8338874293   1.5763453834
-0.7548632768  -0.5128378326  -0.8484283666   1.2251806867  -0.4058950308  -1.5076804381  -0.2658714698  -2.5896449993  -2.3392042621   0.5654870206   0.3416453521  -0.2638647978  -0.5134117080   1.4288008146  -0.6968000513   0.1877384097   0.3308758687   0.4282608676   1.1999587497   0.1531612798   0.8527937731   0.5695730853   1.0578114562   1.6549640674  -0.3885373869   0.0969419006   0.3228322570  -0.3181676970  -0.0360682526  -0.6442650432  -0.2386592265  -1.1951109012   1.1248509655   1.9645941921  -2.5974825399  -0.8772992427  -3.0366506224  -1.4388333136   0.4890568227   0.8133503358
-0.4351784985   0.9126896246   1.1463501391  -1.4825512748  -0.3055526758  -2.9235788900   0.8018850672  -0.0115298593  -0.8387128162  -0.2116956161  -3.3089394208  -0.8876682285   0.9609690473   0.1122741135  -1.0774466635  -1.5743220061  -1.0302129829   0.1382889632   0.6943442857   1.0637492435   0.3121704777   0.1725749873  -2.9897448608  -1.0217129457   0.5035763657  -0.2098437266   0.1107692658  -2.2265331937  -0.4171218454  -1.1472951084   1.5633527726   1.1909545842   0.5706227527   0.5451535863   2.4978370742   2.0572467711   0.9122481416  -0.3475827238  -0.8485329993   0.8653906936
 0.1076193141  -0.0421273787   0.2742671231   1.0230178246   0.8970056985  -0.8591574200  -1.6052691280  -1.2255804014   0.0069254920   0.5504127528  -0.7455471143   0.7420401091   0.9597336615   0.1920457381  -1.1631963084  -0.4459364978   0.2930143091   0.4597520042   1.6913243241   1.1469742196   0.5538346624  -0.0453315482   1.0614080851   0.5250990983   0.8803808947   0.2841527909  -2.4525601154  -1.0214898640  -0.8830698443  -1.1047892700   1.3300116406   0.4304546890  -0.2345341533  -0.2698082334  -0.2095785755  -0.3613679062  -0.2387224863   0.0472764110   0.5986775651   1.4600757785
 1.0470196903  -0.0177089332  -1.1697074498  -1.4049083169  -0.9820146969  -0.6419791247  -0.7753850793  -0.8740781650  -0.4686633165   0.3303666876  -1.0257268666  -0.8365282218  -0.5284688212  -0.1057446561   0.2169259852  -0.5441515785   1.2587775184  -0.5429481286  -0.9996559204   1.2483539454  -0.9734897113  -0.4991309260   0.0625077514  -0.6776332811  -1.2937300912   0.5454591933  -0.4304534219   0.1404225400  -0.8549051984  -1.5844435810   0.6099888671   0.2413072129   1.6920426350  -0.9648735130   0.5835268936   0.9697762853  -1.3102382037  -0.8320017480  -1.2071198124  -0.4359306942
-0.8515935673   1.1402134988  -0.7032075705  -0.8616224788  -1.3312616134  -0.3665908405   1.3555620469  -0.0298102993  -0.5723983583  -0.7331528910   1.2825315264   0.8279727523  -0.3945043164  -0.6621988561   0.5180005330  -0.2290661358  -2.3173457360  -1.4280047312   1.0295382590   0.4628272393  -0.2944309677   0.0038524269  -1.6833449108  -1.1807201934  -3.2660647519  -0.9489849129   1.4447106114   1.0377210198  -0.2026986961   1.1414343604   0.1735894148  -1.7943890668  -1.6444803305   0.5610796524  -0.8991666114   0.4602844359  -0.5258435006  -1.7487263888  -0.8554657011   1.2749523724
-0.8310602757  -1.7672449735   2.0570512122   3.0235526382  -1.5034982030  -3.3060598159  -0.7978525157   1.5372743917  -0.9250977143   0.4844454294  -1.0464927883   1.2493496071  -1.2050418902   1.1444989729  -1.3087136865  -0.3126197773   0.3135186689   1.2535889062   0.0011687575  -0.1274594440  -1.5434969155   0.3354327890  -1.0210359323  -0.2970479685  -0.7146820842  -0.6760110908  -0.3110651080  -1.0418160955   0.7704112422  -0.5618888446   0.9415687767  -1.5785117814  -0.0364058691   1.2190391422  -0.2633112183   0.1399306921  -1.1616059233  -0.2649413847  -0.5037170509   1.1033928460
-0.7167170337   1.3148708138   1.2617620071  -1.7154995375   1.8091695740  -0.1716393114   1.3792441508   0.0201076203  -0.5168960457   0.3386900700   0.0586963799   0.7278029390  -0.6975191789   1.8994406083  -0.6991428314   0.1279269009   0.0815324482  -1.7510229255   0.2970361011  -1.7635964054  -1.4448838320   0.0848624523   0.5482172331  -0.2449509738  -1.6526121459  -0.8830469022  -1.5608337019   1.4613992801   0.4602541651   0.1267505692   0.1269905764  -0.6086764828  -0.3756137566  -1.1052857300  -0.9229678034  -0.5882793354  -0.2881314289   0.0122444062  -1.1963545549   0.0814358770
-0.2879245550   0.4872336540   0.0694904470   0.0208130315   1.5807236434   1.5679932121  -1.2176338530  -0.1597400415   1.5747887131   0.9444369027   0.7764900088  -1.6524972865   2.3065870542   0.9466675421  -0.0241808996   0.8587458566  -0.9863936383  -2.2586322080   2.9874113526  -0.1224244770   0.0179725153  -1.6528339174  -1.5859079613   0.7236404369   1.5694910130  -0.0755465590  -0.4664636469  -0.7339663376   0.0412172802  -2.8362048666   0.2515584886  -1.8933140296  -0.9727563574  -1.9484955752  -1.0660612145  -0.7264685284  -1.9834650967  -0.1763770313  -0.1981603882  -0.0732660925
 1.3265966294   0.6558564630   0.9034516627  -0.9250790018   0.4520357753  -0.4261335727   0.7036778139  -0.8051122890  -0.2955399564   0.1006555843  -1.4627589169   2.2708847369  -0.6663535209  -0.5567713388   0.2585247597  -1.0149992467  -0.4692140648  -1.6510472278  -0.4474245490   0.0087445481  -0.7663539968  -0.1661552561  -1.2585205141  -1.0359292294  -2.6910716727  -0.8555785756  -0.3191030205   1.3699382830   1.3877465933  -0.7362055120   0.6729999660   1.5004095730  -0.9169740948  -0.6353029848   1.3403483387   1.6866429458   1.1584617383  -0.9872094715  -0.0058961846  -0.1637001302
 1.1553113335  -0.6659223445   0.8688158439  -1.6856658797  -0.8857616226   0.3308022205   0.0242051050  -0.8079464253  -0.6586025619   0.0866498493   0.8700854526  -0.8497949208   0.1333354641  -0.8959162096   0.2965959603  -0.1242966744  -0.0875202980  -0.4370477237  -0.6255760039   1.7660033721   0.7402165219  -2.4985534712   0.1839969540   0.9512632246  -0.7219829809   0.1042755931   1.4276485326  -0.9190628301   0.0057645951  -1.2361146778   0.2581158828   0.4480791183   1.2981745995  -0.1682830619   0.6053690719   0.7611197978  -2.1754734681  -0.6533020092  -1.5983930063  -2.0544185793
 0.5586822086   0.2941676426  -0.6243730546   0.5633656862   0.1353977284  -0.7753032960   1.5390596260  -1.1886809762  -0.2053945140  -0.8566639722  -0.7635756863  -0.9829644990  -0.1166977414  -0.6940542755   0.8413833859  -0.5090956003  -1.0452912848  -0.4538048142   1.6394524988   0.4458554787   0.4203235975   0.3639996207   0.5934354762  -1.2745797316   0.0056619832   0.2054946152  -0.6432699238  -1.1266227863  -1.6764382943  -0.8210234863  -0.1073203840  -2.4085085387   0.1503640969  -0.8636279971  -2.0355497808   0.0958249449   2.4608239897  -0.1203699697  -0.1006274615  -0.6498598885
 0.5134921778  -1.3558743792   1.1044558800  -1.9882138270   0.9779385041   0.1273727383   0.3611230378   0.4735226150  -0.7927053577   0.2021113098  -0.8704973787   1.3218240645  -0.9411785460  -0.3465273413  -0.5260190863  -0.3665030157  -0.5542518328   0.2770840113  -2.2596907656  -0.4683264362   1.0090232220  -0.0127327180   0.3448450798   0.0120692741  -0.6959720312  -1.1235423224  -2.4375419194  -0.5864744631  -0.6041787131   0.0951304173  -0.1448657021   1.1241589113   0.8146372570  -0.5921209756  -0.3637389454  -0.3394687742  -0.5936957895   1.6892000447  -1.8497332800   0.1976091764
-2.6504699307  -0.1834074910  -0.3518713656  -0.8133914732  -0.5421622709  -2.1139814503   0.7041571428   0.4328312034  -0.8984396806  -0.4535821946  -1.5010161766   1.9648692502  -0.2054182171   0.5052764575  -0.0906861631  -0.9169744365   2.0707465358  -1.9855653526   1.5791418783  -0.4135063879  -0.9990809852  -0.3136363850   0.4830679620   0.6288189394   0.1414568616  -0.3166672644   0.5395735317  -1.2126689680   0.1077840294  -1.5373416589   0.1856175716   0.6453885532  -1.1705939235  -0.7899807305   1.1367916787  -1.2383028876   0.1464596612  -0.3590492459   0.5091540769  -1.8815708696
-1.1823966363  -0.2420805455  -1.4213279546  -1.5408404529   1.2516155392  -0.2687131230   0.3888506567  -0.5496445642  -0.0196598058   0.7099705480   0.3420869716   1.0192950177   0.8626161252   0.0767507133   2.3905974155   1.4862440212  -1.8782537879  -0.4500563154   1.9321408598  -0.5250549826  -0.6428448284   2.3870512976   0.0775221910  -0.1332743768  -2.8260527743   0.5863239840   0.1806966817  -0.5104119555  -1.0495846042   0.1017636269  -0.6190070757   0.1006821473  -1.8383762282  -0.7862739294  -1.0121447496  -0.4820682464  -0.0264395765   0.9403692006  -0.6515969751  -1.3892454451
-1.8688108633  -0.2899097620  -0.0121798888   0.7384375704   1.2011162120   1.4555661836   0.9988593122  -0.2379191256   0.4535615211   0.1919671929   0.4826837142  -1.5973439277  -1.6526351552   0.0735275410  -0.9920748576   0.5649447528   1.3101146500  -1.6256545114  -2.5263595182  -0.1655669013   1.4042467609   0.1993928287   0.7730929810  -0.4030253515  -2.1898262157   0.1441520796   0.7637242243  -1.1319346270  -0.7725989588  -1.4483864854  -0.6608270504   1.2813053876   0.8427810664  -1.0359370879  -1.6277260600  -1.0033121165   0.1219222444  -0.5218840841   0.6390525933   0.4702931719
 1.9516502478   0.6077677137  -0.1800496678  -0.9802358015  -0.5755179390   0.6182446438   0.5918385725  -0.8203369659  -1.1901667643   0.0621712272  -1.8674463694  -0.2353861170   0.9326040542  -0.5970677294   1.3598577644  -0.5775288495   0.2406985651  -1.5017640417  -0.1449680553   1.4801179300  -0.2209186296   0.3200574882  -0.7933249917  -0.7003664109  -0.3106355638   0.0275352877  -0.3568026992  -0.4932196850   0.7838366782  -2.0707441744   2.3147709218   0.2348774183   0.9828533066   1.5818689868   1.1555527613  -1.3592736565   0.5247124322  -0.6357869862  -1.3151758462  -0.9232245691
 0.0478645632   2.0844066195   1.4359351860  -1.7547280378   0.5637488616  -0.5859829640   1.1186579944  -1.0854643719  -0.0065622484   0.3219775169   0.6378386740  -0.6242508902  -0.4925979912   0.3353842604   1.6398087259   0.6121676422  -0.1835171619   0.8913298530   0.0702594636   0.1936978206  -1.6637517079   0.9462623058  -1.3158625616   0.2387600166  -0.1840046030   0.7728794368  -2.4568512304  -0.1960745753  -0.2678675670  -1.3828619525   0.4310167088  -1.6586320205   0.2847017626   2.2062766876   0.8732457408  -1.0991282744  -1.2017866096  -1.0479761111   0.4456256889  -1.2697209535
 0.4599805690   0.3536120996   0.1765788502   0.2607434111   0.0527274344  -0.1197709315  -0.5254658157  -2.1519067412  -0.6183259958  -0.0026665416  -1.1018853989   0.1352731407   0.6995527735  -1.5677848763   2.1353106095  -1.2458716667  -0.9134938910  -1.5599206828  -0.6867648519  -0.4985241071  -0.2069873458  -0.2525452961  -0.5532734649  -1.2483584846   0.0428675922  -0.0088876436  -0.6909861265  -0.7605094373   0.7075663135  -0.4569526205  -1.1211175128   0.1412707249  -2.0290903372  -1.6117368047   1.5387594516   1.0549204138  -1.0607328313  -0.4694907576   1.2951239662   0.1137704976
-0.7573779932  -1.8269162052  -0.1200968409  -0.3994928420   0.5816836238  -0.5132882710   2.1678983337   0.1072817320  -0.2994635298   0.1044671763  -1.2145933828  -0.4554233945   2.5990743727  -0.0171565873   0.9606584130  -0.0492284026   1.2009701283  -0.0422955598   0.6762077699   0.2781805271   1.2908451419  -0.6503407363  -1.6085348866  -0.0424237278  -0.9913385599  -1.0162625984  -1.7814089880  -1.0081130713  -0.1583322754  -0.4193356109  -0.1891004549   1.6578317832  -0.7258550074  -0.3769688425   0.4304964786   1.4221081032   2.0565775795  -0.2206649532  -0.6314303436   0.5999973004
-0.4781854867   0.9647417443  -0.5972856443  -1.0038098391   0.4446316871  -1.2460394001   1.3799897006  -0.0216159042  -0.6097962694  -0.6418778032   1.5783459267   1.8160879043   0.0020901656  -0.4551396942   1.0751544423   1.7647708507   0.2070018680  -0.0643345012  -0.7677812394   0.7878734119  -1.5596535058   1.9112418903  -1.1839180754  -0.6568331733  -0.4137019358  -1.0469247381   0.2412359604   0.6516844876  -0.0694639610   0.4160749252  -0.2195006678  -1.3486106053  -1.5584056593  -1.2125097209  -0.3787898507  -0.7013339300   0.7175103228  -1.0798419378  -0.4572056438   0.7470705225
 0.7247309613  -1.6207581633  -0.8216403984  -0.0795885694   0.3283420842  -1.4067928703   0.1953933717   0.1499346138  -1.4732967136   0.7587714643   0.2928000323   1.1591555807  -0.6571334486  -0.0514048385   0.4551533208   0.1235991919  -1.6543841437   0.9971697075  -0.9076909348   0.1012574233   1.0749637720  -0.1533489157  -0.5474185997   1.7097824953  -0.8146235751   0.0606275879  -1.0704217996  -0.8812216705   0.0503623040  -0.4097401824   2.5668855646   0.4533362428  -0.2723945241  -1.5018402859  -1.3426562094  -1.5666011155   0.5002584372  -0.2607998093   0.9385148890  -0.2908656896
-2.9019071277  -1.6780551745  -0.4975593508   1.1696770002   0.0135598803  -0.6418567208  -0.0204279829  -0.2824871521   0.4800563013   3.1568759129   0.0005441592   3.3121709331   1.4747694275  -0.6238013002   0.7624089677  -1.1044938340  -0.1711000307   1.5858504328  -0.0383500696  -0.3196514639  -0.3765827959   1.6937865462  -1.5496286657   0.7970830843   0.9571901791   0.5843686562  -0.2227113536   0.7544785482   1.2272579049  -0.8192531557  -0.8337992664  -1.7961868875  -1.8458207774  -1.5105728689   0.6332129544  -1.3926199819  -0.3965936616   1.3929878899  -0.4578521730  -0.3484483330
-0.6386892144   0.9038333545  -1.4928203698  -0.1158862059   1.5490767842  -1.0377812842  -0.2865451173  -1.0007238321   0.9434377758   0.6069035677   0.5488616553  -0.7903303389   1.1185039936   0.7442441094  -0.1434068028   1.3333397287   0.6953034198  -0.2584206604   0.4649774491  -0.4781435482  -0.9895566467  -0.7778717999  -2.0092605115   0.5869224044   0.5017635543  -0.1237113560   0.4867328737  -0.9851788899  -0.2395223417  -0.3903276672  -0.1234222259  -0.8556508877  -2.0995227224  -0.7230868951  -0.3768481064  -1.1515766889  -0.2541973578   0.6108980278  -1.9092253364  -0.6483604404
 0.2163517743   0.6107421014  -0.6954230187   0.6579992009  -0.6404630629  -0.5755009204   0.5669866760  -0.4495086206   0.5151274597   0.7709360813   1.0720389118  -1.1030018563   0.6792600131   1.1497741679   0.4452169778   1.1725774404   0.7168313317   1.3461376878  -1.9741186738   2.2514089450   0.5727805861   0.6730991600  -0.1888880754  -0.2531888173  -1.0083732766   0.9280443811  -1.9601831076  -2.5295803869  -0.2585719156   0.3617246982  -0.9515400149  -1.2443771568  -0.5522142713   0.3887040760  -0.5672550231  -1.1116410473   1.0939885733   0.5995441985  -0.8820271538   1.1497525095
 0.0759393458  -0.7384506881   0.0319032219   0.8733590040  -0.6596947363  -0.2247798224   2.3979772939  -0.5895792509  -0.7471595707   0.5344870777   1.2619683016  -0.7785914059   1.2764728802  -0.0151573286   0.5496907664  -0.4594343574  -0.2213497593  -0.1684411712  -0.2623811595  -1.8775688681   0.6188414699  -1.7969060842  -0.9260675466   0.7006169193  -1.5535755784  -0.1071448618  -0.4748465117  -1.1490727028   0.0390053828   0.4554715306  -1.1284056235   0.5966358132   0.0340186019  -1.8759316650   1.6177044178  -0.0484972634  -1.3671599307  -0.3006390428  -1.5862556104  -0.2087912016
-1.2848227472   0.3426045482   0.6112805280  -2.8426205428  -0.4156993066  -0.3258284962  -0.1788171222   1.2859650842   0.5206993345  -0.6890931783   0.8716874805  -0.0441542941  -0.9918880834  -0.0390038936   1.5458068519   0.8676257673  -0.2207508678   0.0152430487   0.8631667962  -0.3685881514   0.9406016961   0.7882727372   1.3650559497   0.1089908410  -0.1311940607  -2.1790896709  -1.6949950319  -0.3167261980   1.1901625093  -2.7372458016  -0.5960853762  -0.0255450992   1.2696194935  -2.1850681447  -0.9111208868   1.2336299303  -1.0861150217  -0.5062617354  -0.3057638588  -0.2020862965
 1.0912669843   1.0724313920  -2.2876987350   0.0715083872  -0.3235417989   0.3351132475  -0.6395012587   1.3703425066  -0.7719416684  -0.3676566679  -1.4606058490   0.3742590378   0.1057088510   1.1078949770  -0.2425967819   0.7809842979  -1.4294572158   0.0035241398   2.4118843447  -0.2487037261  -0.5900348879   0.8002256792  -0.7663815535  -1.6394051002   0.8938942337   1.6256757272  -0.6173344309  -1.5859971590  -0.1475525591  -0.1648260633  -2.0064618097   1.1017044118  -1.0189236271  -0.8021285876  -0.9211043563  -1.4458213674  -0.2046683780  -1.5890184389  -0.4014771164   0.5000483235
-1.1049050021  -0.4276585312  -0.9383201564   0.1057308105  -0.1077387225  -0.2090142260   0.4877925877  -1.7405539586   0.0579404147   0.9812260488   0.3108533298   2.6559260923  -1.4507318224  -0.4721268096   1.2633884608   0.0003199002   0.5200370246  -0.8481168288   0.0532566636   0.6834063977  -1.9082006625  -0.6401041617   0.4029661905   1.5597781341   1.1301092638   1.1703902374   1.2563563813   0.1129795021  -0.5026031202  -1.6031050959   1.2181309364  -1.4970008825  -1.5138772901  -0.3787281782  -0.8733697816  -0.7087999881   0.2155138864  -0.9788836066  -1.1170639619   1.4496728802
-0.4331551853   2.1239503689  -0.3217865575  -1.3861572216  -0.3407840414   2.0157044632  -1.4460868725   0.4647700428   0.4033445964  -0.3490691786   0.5369459509  -0.1355908561   0.6193870363  -0.0463862134   0.3526015251  -0.1431938348   0.1322607559  -0.9757333326  -1.4312288179   1.1966362684   0.4194763340   0.0823195097  -0.6659488105   0.2680451531   0.0481439702   0.7525609640  -0.3879560322  -1.1561865785  -0.8227672069  -1.1249795352  -0.3146117925  -0.5501581008  -1.1717541401  -0.9260460771   0.0915209913   0.4022369403  -0.7937122728  -0.6789424813  -0.3733175570   0.2586243618
-0.9615567771  -0.6569082202  -0.9745057741   1.9194401368   0.6624901690  -1.1813008551  -0.4862624653  -1.7203138035  -0.2962078351   1.7252149678  -0.7505841864  -0.5532068722   0.1200848790  -2.3322985226  -1.4800198895   1.4847607191  -0.2780832258  -1.2201780301  -0.5710124239   0.1263015282   1.1140055623  -0.2648969279   0.0147486569  -0.6228315132  -2.5690175136   0.4822589072  -1.4748032019  -0.5433242912  -0.6197099476   0.5553615739   0.7332539933  -0.5449675246  -0.8224497850  -0.5450807149   1.5639481759   0.9890803289   0.2853411782   0.1564206846   1.3047873761  -0.3941854586
-0.5383299449   0.0613647091   0.9879911309  -0.3848513777  -0.7794070980   0.8635369111   1.2424591777   0.1860077919  -0.3695856388  -1.5794466135   1.7725737634  -1.5348925280  -0.5485859023   0.7490842286   1.5960810142   0.4714890961  -0.0357945280   0.1566118021  -0.7811408900  -0.7053221575  -0.2114693159  -1.8130605931  -1.3475004977  -0.7675276092  -1.3681263135   1.4432101502  -0.7843789098   1.5584633914   0.3660822456  -0.5194874608  -1.3716452839  -0.5734326688  -0.3461584926   0.5044466608   0.2593771459  -2.3085798587   1.1995905845  -0.0338739791  -1.5984281768  -0.2273705383
 0.0420105929   3.5581565657   1.3711461862  -0.1907734549   0.2298412859   0.6647184479   1.5622880468  -1.4197131386  -3.0855326405   0.8604504254  -0.0676475426  -2.5028852099  -0.1753014336   1.4760297258  -0.2275019509   2.1269286350   1.6466636778  -1.3436841821  -0.0205301257   1.8846988722   0.6817076815  -1.0838247137   1.7971577027  -2.5500437793   0.4560581725   0.0985373578  -2.7815420659  -0.1283702291   0.6843218745  -0.4922412169   1.3319728728  -0.5903224811  -1.3940707741   1.1224135249  -1.0264733931  -0.5364384707  -1.8419677297   0.9227106649  -0.3478765110   0.0790763672
 0.5237635766  -1.2410177153  -0.5221544810  -0.2822654116   1.5397987470   1.0933409460   0.2703487322  -0.4563588837   0.0758259534  -0.9646203453  -0.6606869199  -0.4132351906  -0.4402117554  -1.0189582332  -0.0807428152   0.6093895976   0.0163868308  -1.0272904837   0.3097424652  -1.2896429173  -1.6566598064   1.0231682174  -0.9501815320   0.5930969480  -1.0073391097   0.1785934037   0.1250739659  -1.3895997248   0.0639070241  -0.9017096846   1.9695675439  -1.8440713285  -1.2487606094   0.9759905960  -0.0563594740   0.2145260679  -0.5684875047   0.8014222647  -1.2699297026   1.3490021209
 1.0203754466  -1.2140629497   0.0996851724  -2.0780915769  -0.0129504369  -0.1021202098  -0.0096832429   0.4751829782  -0.2851628706  -0.1156106107  -0.8659970903  -0.3244765948  -0.6227739855   1.1902678927   1.7347471797   0.1041270128   1.3933168027  -0.7355752766   2.2310896600  -1.2446732355  -1.2737244119   0.6656820652  -0.0817886132   0.9806482750  -0.5415462325   0.0439829029   0.1452243318  -0.7612190352   0.6986565046  -1.8553480434  -0.3878379845  -0.1037091398  -3.3839946827  -0.4276641023  -0.7106459234   1.4410367033  -1.4367574630   0.2435020059  -0.7601715921  -0.3875630766
-0.8507682361  -0.3689522569  -0.7307107887  -2.4327188053   1.3598606494   0.7070145630   0.2332776071  -2.0510920526  -1.2518224724   0.0751387075  -0.0057696429   0.3815728591   0.2647547627   0.3423429112   1.0149548471  -1.2614278867   1.2935229081  -0.6415643647  -0.4537251605  -0.2826460685  -0.9117852098  -1.0423995896  -1.5667002283   0.4304233590   0.0201668673  -0.0687871406  -0.4966750314  -0.2027870983  -0.2428887101   0.4951326908  -0.2843038614  -0.8120532410   0.1219242255  -1.1838308050  -0.7225007292   1.3204280052  -0.0115962723  -1.4006960473   0.3889179418  -0.4753000429
 0.8284009223   0.2750273740  -1.8777704376   0.7184867385   1.3499680051  -0.7256730189   0.7040915209  -0.5154331777   0.3234718876  -2.2209402602   1.3410382015   1.1932723870  -1.6787129474   0.3848370834  -0.3034270882  -0.8037088158   0.1949055782   0.3626458366   0.1017424261   1.3655937810  -1.4130647745  -1.0166411213   1.6385370749   1.5802582242  -0.2033791545   2.5461143506  -1.9479771124  -0.1842036919   0.0773269231  -0.2101932619  -0.0448404415  -1.5772629367  -1.2083811537  -0.3374036701  -1.0831218736  -0.2728805009  -0.8848827540  -0.9333532227   0.5324010955   1.2334685599
 0.3131059291  -1.0914064394   0.3135491513   0.0888945512   1.6970578528  -0.7551668500  -1.3374167338   1.7767783671  -1.3904350842   0.5002820094  -0.3086286063  -1.5481600486   0.4377642775   0.3357468830  -0.5914648109   1.0804807038   1.5716213413  -0.6000536713   0.4361248135   0.0861787517  -0.5134431247  -0.0990742006   1.2870569038   0.3919833901  -0.4839538677   0.8422646089  -1.3825838734  -1.5557329086   0.0331302045   0.0940466229  -0.4666508756  -0.9203286112  -0.0161153495   0.2545233044  -2.0455019201  -0.6275324549  -0.7829550109   0.7883635751  -1.5013353218   1.6888288921
-0.7060621038  -0.5655918812   1.6877706303  -1.4324687910  -0.6884364174  -1.7270621991   1.4738652607   0.0472528969   0.0832667746   0.3930266276  -0.2871052658  -0.1223297642  -2.1791893857   1.3360823811  -0.7592490666  -0.0257960179  -0.1812692189  -2.6438024531   0.5002213668  -0.9784042600   0.7096259001   0.4156394330   0.6426012591  -2.2413881374  -0.6557716856  -0.1942149065   0.5991442461   0.2086834657  -0.7698394756  -0.2143634747   0.2541179814  -0.2699273438   0.0978867641   0.0411530163   1.8332130652   0.5213835615   0.0414994680  -1.2570133804  -2.3840081385   0.4226102923
s4
 1.8663585528
 0.6861018985
-0.3477412743
-0.6205565421
-2.2798506926
-0.1495967995
 0.7711871122
-0.5481642519
 0.8800512983
 0.4945337971
-1.1506671191
-0.6830000344
 0.4391751448
 0.4977757474
 0.3173757487
 0.2447267742
-1.2832459488
 0.0813581667
 0.6751435638
-1.3859282438
-2.0730971332
-0.6047293958
 0.5956091062
-1.7823702877
 1.9643252245
-0.4312323812
-1.0032674171
 0.0041522928
-1.0619540535
 0.1023141311
-0.5385469180
 0.0525589313
-1.0912691162
-0.1153886872
 1.0800892910
 0.9275816322
 0.5262846215
-0.2765173488
-0.1694517986
-0.7684345844
w5
1.8178585802  -1.1244030999  -1.4659615677  -1.2852791669  -0.1930495270  0.9100248073  0.1755881305  -1.2068237450  -0.4189604919  1.4763781760  -0.9694402335  0.1717635822  -0.3992379394  -0.0374557877  -0.4523775266  -0.4914550948  -0.0405185516  -0.6514265292  0.0775624926  -0.7531333763  -1.5097667221  -0.6149287110  -0.5704630809  -1.8867592824  -0.2762042582  0.2405627592  1.7613880802  -0.5371046316  -1.3072482924  -0.1740631562  0.1833615757  -0.9402463062  1.0607451406  -1.8173727595  0.1421258890  -2.0481396908  0.8978138285  -0.3021995685  -1.1933154331  0.9163992117
s5
0.5661669020

