layers: 4
str: {2,40,40,1}
w1
-1.9894647892  -1.0756966641
 0.9803147115  -1.4798494975
-0.5716899325   0.8933255326
-0.1356250463  -0.3045948073
 0.0069820510  -0.5170432309
 0.4979735561  -0.7537158406
-1.1629909486   1.1183959195
-0.4206427865  -0.1485768810
 0.1576339158   0.9423480053
-0.5615256117  -1.0862740506
-0.6047621808   0.6477969592
-0.6407146084   0.3499082795
 0.2009484312   1.3072731132
 1.5399030582  -2.0487917427
-1.5292118270   2.2597742828
 1.9495686545   0.1050651058
 1.1272649771   0.4260271949
-1.2027508430   0.7432989089
-0.6288137890   0.1558492716
-1.5637035839  -0.1826489163
-0.4154118062   0.3119628754
-0.0424208937   2.2383692036
 0.0011270287   0.9869179616
-1.0416549963   0.0393371780
-0.4785953676   1.4879024389
 0.0217128922   0.6244152284
 0.2648612672  -0.1228087173
-0.3246488087   0.2082577638
 0.0235319006  -0.5060706143
-0.3100691553  -0.8593354421
-0.1327765666  -1.8419906778
-2.4897461085  -1.5867458493
-0.9675644795  -0.1178854127
-0.6492772445   1.1785977010
 1.1616071031  -0.3096955380
-0.0205461050  -1.4699243083
-0.9551376370   1.3129173425
-0.9556068925   2.5400993247
 0.6506775850  -0.3186362886
 0.6405410362  -1.3299473757
s1
 1.1734475410
-0.0573845240
-0.9864372834
-0.1270752637
 1.3914434463
-0.3145999478
-0.2518648681
-0.0230295451
-1.0355804071
-1.3195353820
 0.7241795306
-0.9118871884
 0.1182967069
-0.0488600474
-0.5723340754
-0.1965429756
-0.7365326396
 0.9783656499
-0.0128029455
 0.5908232147
-0.4277834316
 0.1696523050
-0.8152644772
 1.2907226338
 0.8904891522
 1.2240128210
-0.0424515697
-0.7041027629
-2.0681766809
-0.2810788268
 0.3839264717
 0.0400975676
-0.3946784042
 0.1567678272
-2.2412556888
-0.0692553423
 1.6850557934
 1.1513935715
 1.9377623340
-1.0614996852
w2
 1.5381627053  -1.5315344001  -0.6139972032  -1.2304369883  -0.7384632872   0.2529026029   0.7985943987   0.6586847181   0.7812789094   1.0398393689   1.3053268145  -0.7357551108   0.3630071998   0.1320310531   0.4321225224   0.5288042189  -0.8820864874   0.1108989942   0.3988871357  -0.2069667335  -1.3856592316  -0.4579977837  -2.2253073796  -1.4338136626  -0.5684323518  -1.4428690116   0.3868105651   2.0012239821  -0.8082130049  -0.7825225076  -0.3938529675  -0.3396507796   0.2458001851  -1.0360098310   0.8742247606  -0.1943254165   0.5000225029  -0.2093142506   0.7017576273  -0.8060773174
 0.5501119752  -0.7556986335  -1.2898458526  -0.7130972632   0.0479512623  -1.1576549419   1.2920950348  -0.1033748468   1.0068132960  -0.2200209897   0.7431542821   0.8340463378   0.1979987987  -1.0773864717  -1.0116895176   0.1341874503   0.2778878773   0.4234853571   0.2231337949   1.4541301150  -2.9361357359   0.0469094081   1.1154405915  -0.2405446203   1.1236730682   0.1360801932   0.9398055621   0.3185089758   0.6770558464  -0.2409872012   2.3620255321   0.0325598569  -0.1388865763  -1.9861199109   2.8059673818  -0.0304885830   1.9676755711   0.1912231761   0.0101049716   0.9361915166
-1.2077919748   0.0584600933  -0.5053075317  -0.0025759811  -0.9670521262  -1.3665660952  -1.2060091585  -1.0875632202   0.1101614050   0.1065592274   0.7310068810  -0.6897364703   0.0506833008  -0.5353185115  -1.7440326201   0.2334280300   0.3911540608   0.5500699066   0.2342647182  -0.0751050181  -0.4301869165   1.2342440128  -0.4864655423   0.2382042626   0.1021917032  -0.8301630699   1.8852935037  -0.5032235861   0.6183803596  -0.9758043906   0.9883938266  -1.1307311138  -0.6537349714  -1.6513088546   1.0473436516  -2.3463571414   0.3253310238   0.2944238164   1.8261404849  -1.4873979850
-0.8867701207  -0.5208879586   0.0499630808   0.8994379929   0.1381418601   0.6938863232  -0.6750453326  -0.1523201825   0.0975119467  -0.2872464639   0.8627388747   2.2036797587   0.8866067246  -1.7478095646  -0.3382806438  -1.2983260546  -0.4400822425   0.7928884412  -0.0433731719  -0.5329727322  -1.2230225385   0.9109640954  -0.3105860643   0.2558861689   1.1109619011   0.1102052148   0.5513718762  -0.3309552552  -0.4892646558  -0.6613102403  -0.2810526388   0.7846901978   0.1592402485  -0.4336848351  -1.0378291937  -1.3223526746  -0.7359992996   0.5137034406  -0.4079526559  -0.9609663749
 1.3114386275  -0.4853357154   0.3521035293   0.7579546466   1.5132142362  -0.9366950100   0.1971331865   0.8780819275   0.3109430545   0.4676000182   0.7360454407  -1.0516602223   0.0732091824  -0.2025491629   1.3299532867  -0.3737375971   0.1475831718   2.5334393385  -2.1279887183  -1.4062805644  -0.8658335824  -0.3283044089  -0.9797296495   0.0607882621   0.6293189569  -1.1066146317   0.2483428752   0.5153236896  -0.4852097020   0.3824722311  -0.0913203649  -0.0121523928  -0.9855161427  -2.0419619054  -0.5756628644  -0.1517794086  -0.4252737145   0.3447743105  -0.1178446313  -0.5389967212
-1.0000390565  -1.4059563171  -2.4833680421   0.0359460844   0.7294748504  -0.0610782442   0.9396119032   1.6783081896   2.4434397775   0.8533798288  -0.0020725144  -0.3184263976  -0.5102673076  -0.0245098009   0.7236446072   0.5009234188   0.6618791443   0.8030534678  -1.5561267207   0.2244501951   1.8368173700  -0.6325701456   0.9578355424   1.1316738647  -0.4797991098   0.6567309509   0.5919857542  -0.6639563405   0.3547875823  -0.2626750422   0.9931778224   0.9662927357  -1.0582953069   0.8605327637   0.3764542981  -0.3792237659  -0.6591572080   0.5448969375   0.6321994313  -0.1932929248
-1.8593641282  -0.0988265456   0.2544249632   0.4278301804  -2.0526016194   0.3474324387  -1.6925130947  -0.9891603031   0.7176272507  -1.6052366200  -0.6799866261  -0.9854669776  -0.4701311891   0.6920880714   0.7997283889   1.0802466411   1.2453018835  -0.0163886437   0.9546906916  -0.9127239780  -1.1546754774  -0.5177531627  -0.9846221621  -0.2551355235   1.4664165090  -0.5215814004  -0.7331911888   0.2148982603   1.6173884451  -1.2586204132  -0.6820556895   0.7516471073   0.7817827467  -1.0445159607   0.5310784704  -0.8068415430  -0.0581197604   0.8356714646   0.8669082063   0.1839193421
 0.9643919323  -1.6889758054  -0.5356036459  -0.0163892391  -0.3344274381  -1.2386110906  -0.5795257244  -1.0237477871   1.1232758399  -1.2588778141  -0.7993173520   0.7977980623   1.5172599198  -0.1493595521  -0.4712169866  -0.2912965854  -1.3460457009  -1.7470660056  -0.7088388814  -1.4751525357   1.1869365080   1.9673844190   2.4394139224  -0.2232786643  -0.6610459420   1.1914972692   0.0387299385  -0.0711536463  -0.6066466969   0.8695724279  -0.2697122986  -1.0942465694   0.9436941882  -0.1075632193   0.5312668132   0.3747225821   1.3769669144   1.3384770979  -0.8814462483   0.2659736690
-1.3754810487  -2.3376738587  -0.1438504292  -0.4750394051   0.2605570940  -0.7440250599  -0.0199591914  -0.3266376636  -1.0978711905   0.5169606944  -0.1489470723  -0.4709872398   0.9887948203   1.1142995398  -0.7690068314  -0.5075989113  -0.1641751523  -0.7258292343  -0.1949144352   0.7291249154   0.4474562370  -1.6161377248   1.5172148979  -0.1284549503   0.8905766977  -0.3270230895  -1.3703643614  -0.3274977930  -0.3312930263   1.6028523688   0.8449457688  -0.0734733395   1.5004423501   0.0326065175  -0.4616026537   0.2917638412  -0.4094596374  -0.3125225061   0.6982503577   0.2843345514
-1.2607423197   0.1446304938   0.2081024407   1.8594039752   0.8622025200  -1.0477412079  -0.9259916205   0.4519373775  -1.0817347242  -0.7371643853   0.5344200004   0.1494065255  -0.0135691433  -0.1561923886  -0.7237884925  -0.2689704559  -1.7006613813   2.2431423790   0.2681465247   0.6010344555  -0.6833128390   0.0855912866  -0.1574943823  -1.6002290400  -1.4881181475   0.9190984961  -1.0657010216  -0.8346926320  -0.2047957359   0.6561506452   0.2884586075   0.3605062182  -0.2894603994  -1.6219236986   2.0241543448  -0.9230315240  -0.6436849748  -0.3104097847   0.6766143842  -0.8706827875
-2.2052161689  -2.2542818739   1.9393158049  -1.1253358547  -0.7140541494   1.0604453436   1.1886966231   0.2723909541   0.0828441345  -0.9876420120  -1.5177909957  -1.0879805222   0.3219279364  -0.6470951910   1.7466302938   0.8715573955  -0.0888706447   0.0383083433   0.3455270333   1.4465894653  -0.4146674862  -1.3497431640   1.0101746240  -1.1697227074  -0.1861627076   0.2418629282   0.3343726074  -0.1117197065   0.7890354763   1.6210564922   1.3658384410   0.0735368593   0.3505645914   2.1757010865  -1.3383882752  -1.3590115844  -0.1805658632   0.1966753269  -0.8835376190   2.4792282145
-0.0722891628  -0.8129503913   0.4979013464  -2.0836364839  -0.4813948919  -0.1560648767  -0.0584073207   1.1024686949   0.6115609811   0.2575596599  -1.5662951951   1.0057449735   1.0177467064  -0.4028858713   3.0508221017   0.1305164800  -0.2561687332   0.9077165876   0.3815687829  -0.8317834259  -0.0295646529   0.6405468093   0.4716256344  -0.5083144670   0.1019589276  -2.0455184021  -0.8452629120  -1.7035811321   0.3169314544   0.2100781176   1.2361403085  -0.8275639111   0.8090029577  -0.3712047072  -1.2763417945  -0.2661421865   0.1158283846   2.1013883335   0.7511742016  -0.8978790896
-1.1445737664  -1.6819113204   1.4261910466  -0.8099211778   0.6785976101  -0.1794428835  -0.5125205384  -0.1559706547   0.5928619718   3.1605872271  -0.2827483804  -1.1081575023   1.2660280234  -0.0420601395  -0.8730717258  -0.1459335341   0.3562243932   1.7753233562  -0.1545544005  -0.9369752544   0.5151924298   0.6488973804   0.7207429267  -0.6328689326  -1.4356964025  -1.6146848297  -0.1404175387   0.0467584988   0.4885897413  -2.3811813710   0.7163969698   0.1033520142  -0.1503672623   0.9716871329   1.9095755881   0.2422468121  -0.2268332679  -0.2551976371   0.5781365840  -1.6640436496
 0.9956258562   0.3107507403  -1.2433274874  -0.5659519897  -0.3060207980  -0.2780446307  -1.1251962234  -0.8382585256   1.0431126469  -0.0513003216  -0.8041486818   0.3693386679   1.5332288825  -1.6857528694   1.6964986076   0.3048757201   0.4201095526  -0.0485740308  -1.7617988633   0.5517327575  -0.8196933560   0.5184886152  -0.3389726067  -1.6225045293  -1.1764263642   0.0159216705   1.1659466558  -0.5243881090  -1.4051057639   0.9924672156   0.4706409928  -0.5439224628  -1.8038524915  -0.3290560736  -0.2897590663  -1.0640811230  -0.0681668257  -2.4277344874  -0.8488037364   1.0144803192
-0.2378563020  -0.1105778401   2.6467803898  -0.7298097862  -0.7346420093   0.6086543774  -0.2592155912   0.4301749269  -0.5495818444  -0.0135014000   2.5818778937   0.7850725401   0.4520026550  -1.5663932206   2.0530815762  -0.3872362565   0.3525419179  -1.6236064703   1.2490192102  -0.7301084671  -1.7656471325  -2.3742791781  -0.1433553173  -0.1119697256   0.5311529531   2.0362883953  -1.0830242568   0.3179614623   0.4847919064  -0.0665584992  -0.1975767877   0.3221149946  -1.3990275856  -0.0557549320  -1.4904084685  -1.0673160176  -0.8581118022  -0.4420105136  -0.1570371024  -0.6742572667
-1.0357357974   0.3520247285  -1.7482980005   0.4939071785   0.5893749906   1.5472595769   2.1286056088  -0.2284404818   0.0778865322   0.7923425250   0.7114582537  -1.2361522447  -1.0442522405  -2.8621225591  -0.4809215987   0.7193044758  -0.8904296017   0.7953356501   1.9403285986   0.3440953287   0.0728408697   0.9085589190  -0.4452608027   0.4957228620   0.6048312693  -0.2761799410   0.0719345354   0.4992745472   0.8199585891   0.4562219224  -0.2883402765  -0.2355802697   1.0241497886   0.4014273110   0.5507680790  -0.0534902540   0.3921257643  -1.6708545862   1.6485548197  -1.0789742177
-0.1485738772  -0.2183359519  -0.4738593618   0.6353348780   0.0497159676   0.2958038922   0.1154103583   0.3299416754   0.4989928927  -1.9756620459   0.3797912941  -3.1033218509  -0.5636112139  -0.0846778793  -0.6200968591  -1.1290591617   1.3749684927   0.7807485904  -1.2161872969   0.4693064371  -0.3970259711  -0.6407591390  -0.5571395239  -1.0376040767  -1.0410015756  -0.4886117605   0.0017921145  -0.4405701158   1.1821361571  -0.0077359165   1.6647020226   1.1091772573  -0.2701106812  -1.6227734247   0.7023694980   0.0728722718  -2.1608105659   0.7671260730   0.5188994477  -1.4024623282
-1.4178321384  -2.7113081831   2.9122663423  -1.0671124201   0.8941387752   0.2091175914  -0.9977573110  -0.3394932153   0.2633446034   0.4932123957   0.0670196727  -0.3954753205   0.6099744812   0.0459849381  -0.1650738017  -0.8341379742   0.4225295986  -0.2699463448   1.5970543787  -0.3091697505  -0.0930644116  -0.0734922370   1.1939474133   0.2275921402  -0.1407680934  -0.2663400894   1.2662577531   1.7191851330   0.7998532577   0.7235928990  -0.3008034598  -0.0021904166  -2.1374944684  -0.9929676284  -1.3462952939   0.7296379111  -1.1140086681   0.4057251427  -0.6461121556  -0.6902635773
 2.2145663549   0.7644918075  -1.8857214722   0.2490025673   0.3758424329  -0.5097763735  -0.3123401551   0.8415826153   0.0694822824  -1.1792857616  -0.0466390032   0.0573595043  -0.5327749863   0.2106039903  -0.4034168250  -1.4412972901  -1.0516778126   0.6299120607   0.1652427580  -1.1102222778  -0.4862991582   0.2772645215   1.2369899579   0.5433703563  -1.2048857171   0.9258242132  -1.5139735603  -1.3090878290  -0.9788822929   1.4057215506   0.4450245232   1.8234453430  -0.2795935264  -0.3559314386   0.7323713956  -0.9738002194  -1.7807587777  -0.6449953659  -0.8938639698  -0.1156304350
 0.3294190163  -0.3786075017   0.0803311605   0.2120012281  -1.1602067466  -1.1838600794   1.4778127714  -1.8208247270  -0.4347564786  -0.0112875249  -1.2306179621   1.2785496003   1.8431255902  -0.1066182587   0.4112731539   0.5680178113   0.3028802506  -0.0496961706  -0.5510322469   0.3288169904  -0.0170482754   0.5604563151   0.0855444608  -0.8813780333   1.0045818576   0.0079175883   0.2260759181  -0.9427672642   0.3240105362   0.3970764916  -1.4931319942  -0.2261076685   0.5325525424  -0.8958522952   0.9381617960  -0.1468306170  -0.6872271616   1.1993172983   1.2111888678  -0.4490913737
-0.8660519025  -1.0847805687   0.0177185684  -0.3635639718  -0.1348095374   0.2012590733  -1.0695412374  -0.6560323125  -1.1060941823  -0.4327536270  -0.3408030906  -0.8526249504  -0.9199685142  -0.7438509954   0.3235555636   1.2512838003  -0.5941175900  -0.3757728986   1.1118924032   1.7652252280  -0.7985296771   0.0564506192   0.1642939553   0.4908259165   0.3230536928   0.9176029764   0.3914185715  -0.3505621620  -0.3266599084  -1.3716641020  -0.2746196117  -1.8333424452  -1.1173564567  -1.1012824785   1.0896167170  -0.2959059290   1.2250527822  -0.8715921155  -0.9104253999   0.9371470651
 0.8183899519  -1.6766536792   0.2304339747  -0.6004347661  -0.4241249234   0.7083880441   0.2113912976   0.5402102692  -0.7289670465   1.4015610488   0.0590447333  -0.5152705988  -2.8760555393  -1.1628782264   0.7747926940   0.5702058038   1.1664085118  -1.6836237573   1.1469737852  -0.2336242690   0.7602598420   0.2865661681   1.5938585077   1.7059513236   1.0580174807  -0.5176848811  -0.9243051124   0.7517468454  -1.1970688951   2.4737278642   1.7336354635  -1.1607865141   0.9885608830  -0.3002541122   0.1894773842   1.6414806728  -0.1872276939  -0.1609944374   0.6102394911  -0.5618378991
-0.5330731052  -0.9964947614  -0.5731998217   0.0780731266  -0.4398865787   0.3771017743  -0.6897411222   0.3643343862  -1.7093132818  -0.2653185934   1.0263332183  -3.0211109412  -0.0816759768  -1.2405653760  -1.3389424496   0.4242314200   0.2821120375  -1.3499633937  -0.2833233915  -1.2895988729  -1.1099252542  -1.2042643562   1.7520697351  -0.3836934162   0.4386263706   0.4869560923  -0.0599220400   0.0364341305   2.2661385817   0.4199660378  -0.4433938936   1.1668266232  -0.7852071098  -0.6815064068   0.7087726704   0.6032870862   0.1141698448   0.1330169016   0.7245183343   0.2915086335
 0.9018076442  -1.3790936865   0.7002440969  -0.1908260027  -1.4651798695  -0.1679308588  -0.3197373930  -1.0280611022   1.0271159660   1.7451797427  -0.8035616283  -0.8507854223  -1.4111419945   0.5624791361  -0.1560121406   0.1289403620   0.1008642919   0.0793111194   1.4824119047   0.9869507819   1.6136957937  -0.8065147151   1.4999350702  -2.1777050007  -1.0096468429   1.3992809231  -0.3329476945   0.7730245158   1.2120721174   1.0124699724  -1.0223718656  -1.0665867948  -2.5525565670  -0.2635457946  -1.6241102295   0.5368161890   0.7035307110   1.0748959964   0.4943838533  -0.3983084597
-0.1218754317   0.9181888088   1.0354068162  -0.4731602504   0.8742140534   2.5858211240   0.8333741298  -0.5286658986  -1.8835493298  -0.0613786902   1.9061915291   1.1672998969  -1.5374291234  -0.5186055098  -1.0926388020  -0.0327794698  -0.9490975197  -1.0094273774  -0.2703178032   0.5650666417   0.9380293517  -0.0147843671   0.6476030420   0.4599459858   0.6867615996   0.0061802672   2.5938637796  -0.6839783839  -0.4878282023   0.0714048952  -0.7702629635  -2.2477734311  -0.6262242110  -0.6073279784  -0.9968159060   0.5831525560   0.6538171525   1.0608562505   1.2997341178  -0.6383012618
-0.0856894937  -0.3595916869   0.4357777588  -0.8424197977   0.9092555988   0.9362369237  -1.9825100718   0.5341770746   0.1686712868  -1.4935848001  -0.9257110112  -0.1885305271  -0.9074259644   0.8683899164   0.4720540541   0.1458908818   0.2487714124   1.0014939854  -1.6501708409  -0.5815639413  -0.4793028094   2.1705641935   3.0166021643   0.0795596299   0.7664114761  -1.0061686221   0.3577756107  -1.9045360709  -0.0087662926   1.0816106720  -2.1635028327  -1.3989025273   0.7287084153   1.2849931419   0.5282157641   1.0767935508  -0.9232374391  -1.3987930381  -0.6715663627  -0.6233616259
 0.6316483694   1.1091213022  -0.5542088220  -1.0143021051  -2.2489064701   0.1529952876   0.8049985354   1.1530113305   0.5398252257   0.9425175994  -1.1171693624  -0.2360727966  -0.2734006325   0.2976981810   1.1427346046  -0.0009211838   0.4074040323   0.7425058249  -1.6190271476   1.7624758657   1.2514381184   0.7407213304  -0.8051417125  -0.6712128894  -1.2215704362   0.0510891129  -0.6097141561  -0.8284838750   0.2730974718   0.4047247389   0.5450463285  -0.5016202773  -0.6185968119   0.7587141806  -0.5883912751  -0.2364855286   0.5704392335  -0.8861551713  -1.0491357439  -0.4036951088
 0.7035017265  -0.3494539715   0.8834288406   0.1171765992   1.4101655700  -0.4941271622   0.4612684842   1.4013548604  -1.1590482571  -0.7078689211  -1.0302405673  -0.1873474920  -0.3406993166  -0.5914130651   0.0906228669  -0.2782757397   1.2149750869   0.4621872771   0.1553999339   0.3073486211   0.7443550514  -0.4162948194   0.9192702464  -0.3124580380   1.2954419045  -0.8232777529   1.2631215535   1.1924502579   0.3520705674   1.0970681682  -1.0660454354  -0.0919275921   0.3594696850   0.5786335335  -0.2274757341  -1.9289583361  -0.0111200321  -0.9460937270  -1.7701473738  -0.1169445038
-0.7542226579  -1.3453909430   0.8197272649   1.5070647895  -0.8121700099  -0.4886179070   0.5355270403  -1.7926093173  -2.3016125438  -0.1132625787   0.7366801026  -0.5807699148  -0.8576531818  -0.7411845424   0.4804249657  -0.8094558188  -0.6524039404  -0.6317709156   0.0822375657  -0.6038966904   1.6468525321  -0.5333887602   0.2722510789   1.7868960540   0.4150518540   0.3263631129  -0.0514695426  -2.1588435447   1.0730027313   0.3285446761  -1.5407763275  -1.3186707464  -0.8528557219   1.3095785895  -0.8073874755  -1.9379688469   1.5131585462  -0.9158813518  -0.2580298994   0.1922857412
-0.3896773190  -1.2482449834  -0.9549540484   0.5948433738  -1.0353775709   1.2417999841   1.3656328999   1.4324794639   0.1361844575  -0.9453016714  -1.4824652628   0.2219398185  -1.8011060594  -2.1103758183   1.1411652146   0.9560974984  -0.4229118733   0.2700052452  -0.7561048856   1.1555542294  -0.1106520599  -0.4630105644   2.2812786121   1.0707268643   0.4084637821   1.1258511613  -0.4911103987   0.3035311855   0.8205448203  -0.1210663114   0.9720220380   0.1445252477   1.2714947647  -1.7395191251  -0.9551842707  -0.2019846398   0.6601892957   1.0112732644  -1.0587349722   0.0494934210
 0.5837945513   0.6893350019   2.1007782755   0.3385150388   0.4387007367   0.2644271400   0.0947049272  -1.8465328776   0.0903936454  -0.2641868795   0.5902473783  -0.4776868299  -0.7956681436  -0.4733918805  -0.9227927917   0.7936150450  -1.5927356227  -0.4353248337   1.1434165607   0.3126434588  -0.1350217976  -0.5042606927  -1.2435621444   1.1970138727   0.6619710378   0.2976505478   2.5996674401   1.2105214641   0.6052651379  -0.7542072699   0.1647330757   0.2353656015   0.0905856277   0.2064762783  -0.5887749270   0.5839688310   0.9079297142  -0.9243969133   0.3029278500  -0.6665609416
 2.5077518905   0.0871297939   0.1326649693   0.5222302801  -0.7581102432  -0.2627250926  -0.9935583772   0.4498342301   0.0117302377  -0.2516789969   0.6001456777   1.0444075164  -1.5569544053   0.4440937976   0.3306518014   0.2063161766  -1.6786210357   0.5756972291  -0.5015602422   0.4787578190  -1.6310059639   0.8187609457   0.5254852457  -2.9960971419  -1.5790580821  -1.6514188452  -0.7250121218  -0.3711734823   1.0435238238   0.2341858381  -0.1991873768   0.1873910180   1.8614571696  -0.6537077404  -0.1931808944   0.3313856290  -0.1065428798   0.2541741820   0.1299953517   1.4928940394
 0.4433516725  -0.7358739287  -1.4543604820   0.0752707085  -0.4297002228  -1.2011827844  -0.7046419373   0.2858261617  -2.4230358470  -1.1523913632   0.1330259951   0.6862655122  -1.1325405896  -0.2343229515  -0.3207969456  -0.1787867925  -0.9936983042   0.6536568774   1.8470610347   2.2227807300  -1.0858710677  -0.5869515920   1.7881189109  -0.3975611594  -0.7342841256  -0.2214432864   1.0258075271  -0.1568119567  -1.3731792388  -2.1312010640  -0.1645192647   0.9346641724  -1.8970425863   0.2984754119   0.3686109910  -0.1343216766  -0.3467511665  -0.0823193574   0.5959043811  -0.7060301595
-0.8177881242  -1.8571928860  -0.4285389328  -1.0921866783   0.3967829205  -0.0234866117  -0.8680295733  -1.1673253977  -1.4777730600  -0.4446430228  -0.0694417219   0.6155546149  -0.6296353006  -0.5167273969  -0.2834494423  -0.1907206879  -0.0231929199   0.4965331756   0.2097762838  -1.1726356054  -0.5308810007  -0.6587554001  -0.7657078897   0.6189672991  -0.3454108949   1.0453819015   0.8476355070  -1.2889387270   0.2606458419  -0.4120272108   0.6323942301  -0.9756769318   0.3448701937   1.6120766207   0.4001628828   0.8088166079  -0.4604218709  -0.8067563687   1.1067368433   0.1029441183
 0.9364722133  -1.0966952490  -0.4630905292  -0.5187599652   1.8202030754   0.5113395470   0.0917575666   1.2325745126  -0.4502937945  -0.0539041311   0.7978710356   0.8949645997   0.5175751365  -0.3957383163   0.1220328632   0.7563129034  -1.4436392935   0.6914015355   1.8393450424   1.0518189591   0.4106769681   0.1997200536   1.6279081724  -0.2216261054   0.1387895341   0.5684283677   0.3804600202   0.4627479282  -1.6715801960   0.5743699605   0.2086948460   1.5201689229   0.2142242305   0.5931644779   0.1708527253   0.0321870132  -0.9430739428  -0.5293380622   1.1841769175   1.6389605296
-0.6381438047  -0.7631584691  -0.5971356258   0.7024574624  -0.1278233525   0.2287048660  -0.1398196028  -0.9887972354   0.3234355398   0.8486476194  -1.4822136457  -0.4385559112  -0.8748151907   0.5009212026  -0.4838454620  -0.1583669391   1.8163595792  -0.6865119291   1.1562846956   0.2315241166  -0.5266470669   0.2724303086   0.0782361750  -1.4312069226  -0.9983364823   0.9480163214  -0.0580149910   0.3451512132   2.1093558992   1.2274252090   0.5114273404  -0.0041876115  -1.2776474689  -2.0298075655   0.7082836078  -0.4697278387  -0.1213623760   1.2642386914  -0.8889495101  -0.2355512530
 0.2363122170   1.0870608819  -0.0785312675  -2.1706242113  -1.8516758777   0.0212585367   0.8907556532   1.3936447286   2.1702371933   0.4598355955   0.2720432710  -2.2748116718  -0.7755855345  -1.4340807015  -1.1772383767   1.3859145490  -0.2721407213  -1.0720561183  -0.2644725224   2.2516713535  -0.0494789732  -1.0761653538  -0.3829303177  -0.5362764840  -0.3907795867  -1.0486215535  -0.5972439746   0.4068052720   0.3390865598   1.1574334043  -0.4327486707  -0.7471884934  -0.0895014201   0.5713873381  -1.6354905963  -1.4570655626  -0.2106255506  -0.2204125253   0.2764774066   0.7049950994
 0.8002299909  -0.7880817136   0.9056745892  -0.4393857246   0.1811821634  -0.9333326211  -1.2785103588  -1.7084444138   2.7209270167  -0.5607798280   0.3175570769   0.8771185472   1.1395348425  -1.5159471052  -0.0312472083  -1.0701980038  -0.6722712551   0.7317084452   1.6339798365  -0.2114322029  -0.6585075819  -0.6188714734   0.7866222278   1.0210769008   0.9701926538  -0.5493189002   0.6103216981  -0.2591232212   1.3302592466  -0.4910552346   1.2413359302   0.4100075161  -0.9203933452  -0.1902989331   0.5044869392  -0.2500749597  -2.4180600781  -1.2254861517  -0.9991344493  -2.1109581640
-0.0368138769  -0.3849071562   1.2478145775  -0.2230654627  -0.6082113686   2.3903307799   0.5015111933   0.0245270912   0.2171480562   0.3811593733   0.9908431896   0.3509567002   0.8211844812  -1.1295055578  -0.5207640423   0.4038060478  -1.1980949702  -0.7391933314   1.1099658433   0.3801448059  -1.0958599803   1.5072660128  -0.4073225371  -0.6351196021   0.0168510086   0.2773383196   0.8428046101   1.2271903476   1.1484242977  -0.8548961713  -1.8041496404  -1.1642798134  -0.3473733179   0.0743528066  -0.3236901669  -0.0193664132   1.3802525456   2.0978940677  -0.5118874021  -2.1281724930
-0.3392304233   0.6971633583  -0.0993928196   0.3589904919  -1.2486295741   1.3225520028  -1.8940572709   0.0001161470   0.1552222123   0.5197240381   1.1624279686   1.0601368948  -0.1196753483  -1.1756923678   1.0001374107  -0.2403341173   0.4054374364   0.4018942363  -1.0209909092  -0.4014957793   0.6129747636  -1.2443574654  -0.0031508496   1.2596625373   1.8044570081   0.3701275386   1.0659112274   1.6683759418   2.0379695793  -2.4331319871   0.9631851242   0.5802570344   0.5684206696  -0.9521722098   0.4603370765   0.9230376949   0.0128989921  -1.0711445088  -0.5438236856   1.2225700502
s2
 1.9989499367
 0.8974992028
 0.0919537793
-0.6160807287
-1.8763715433
 0.1997190392
 1.2610036624
-0.2401375263
 0.8007711404
 0.5878244110
-0.8798938385
-0.7335709173
 0.3779013803
 0.8667080294
 0.6064747006
 0.6431957384
-1.0407064997
 0.1854470641
 0.4932263915
-1.4792916904
-2.0120920655
-0.3327875422
 0.7732628533
-1.6939945029
 2.4554556156
-0.1673037075
-1.0646654300
 0.1717642752
-1.0771262726
 0.4346952406
-0.6140093192
 0.2230952893
-0.7005186595
-0.1178094084
 1.4098472596
 0.8968094796
 0.5772893185
 0.2190420283
-0.1869113834
-0.4185448652
w3
-0.0159172817  -0.6090526429  0.4305460457  -0.8194382744  -0.1722330791  2.1713941238  -0.4895449127  1.7102155280  0.1524310287  0.0409776605  -0.3179220678  -1.2189898025  0.2786448347  -0.5287717316  -0.8227062564  -0.3281900787  -0.6796613249  -0.0582492778  0.5980913327  -0.0150150881  -1.2867371918  -0.7558030586  0.9055643499  -0.5119246295  1.9000921612  -0.2841710913  -0.0679516014  0.2859291524  -0.2736045860  -0.2739308127  0.4031988476  1.2851905234  -0.3511903156  -0.2531913275  -0.4924131313  0.9715942430  1.1781895786  -0.6940570339  -0.3275100191  0.0652723111
s3
2.1799324256

