layers: 6
str: {2,40,40,40,40,1}
w1
 1.8586688352   0.5354637393
-0.5564380511   3.3289542501
-1.9827142627   1.4833759430
-2.0171846873   0.2006121033
-1.8210028590  -2.1167110059
 1.4457545239   0.4590257774
 3.3808857332   0.4872524253
-2.3761829723   0.5362517836
-3.8455073709  -1.7806271263
 1.3665171843   2.5288651709
-2.5285181967  -0.4303893371
-1.0290471424   0.1172678366
-2.8893230192  -0.2483994849
 1.8250456686  -0.7526687722
-0.1218746755   1.8532458982
 3.5216048202   0.8362367526
-1.4771840940  -0.5755781736
-3.8254593260  -3.9099065881
 1.0008656761  -0.4121974829
-2.0307488696   0.0896121081
 1.5226861477  -0.3965642808
-2.0626843706  -0.4541053442
-3.5373831703  -1.3461969906
 0.5991684055  -1.8753782234
-2.4110891370   1.0394091170
 1.6623661600   0.0051784941
 1.6783630580  -0.0239910434
 1.0754775657  -1.9311188991
-3.2784227132  -1.3305532629
 3.4596753341   0.5597575218
-0.3830867675  -3.3733661574
-1.1525974078   0.7419721407
-0.6214611221  -2.1704649965
 2.7281005619   1.4233457424
 0.3129416202   1.6138600980
 1.7823118835  -0.8899389305
 2.2571068632  -0.0422458274
 2.4574594138   1.5325674893
-0.2855510648   2.1718152756
-2.1642206790  -0.2949588331
s1
 3.8961829920
 0.3351924420
-1.5998649951
-3.3887448439
 2.7860960592
-2.9604079115
 1.0383039011
 3.4873731494
-1.0989340744
-2.9046091775
 3.5407365010
-1.6992785781
 7.1010340920
-3.6061753548
-2.5969222413
-2.0087843323
-3.8989733884
 0.5575538220
-0.0546081774
 4.1482761187
-2.3837828719
 4.0468048416
-0.3854925012
 3.2451397752
 1.1194451817
 3.3264152478
 1.6793050392
-1.3324991882
-6.3212830585
 0.5086268178
-0.6648786992
-0.3106581532
-3.4354184608
 1.9901825622
-3.5351830130
 0.7078246549
 4.7628903640
 4.1120306026
 4.2873554803
-5.2492154630
w2
 0.0728059092   0.2245009593  -1.2892477458  -0.2672369647  -0.8124574807  -0.7451027237  -1.1598228399  -0.3338986510   2.7884756557  -0.6250484825  -0.8712530865   0.1513700203   0.3712931847  -1.6572851499  -1.4376087409   0.1945079947   0.0086656370   0.5807072691  -0.1079174781   1.4297574968  -0.0196714723  -0.1521510028   1.3948448664   0.1731015047   1.5226934536  -0.2080674576  -2.0992116877  -1.4982899691   0.7173672128  -0.0474244704  -0.9031905392   0.9846508258   2.1537860161  -4.3273592088  -0.2179165607  -0.7194932562  -1.1109247242  -1.3866711031  -2.5487948210   0.9545873741
 1.3373675456   0.1662198970  -1.0573294148   0.6763857968   0.7291340322  -0.5407456720  -0.1059247097   0.1421115159   0.3463082729  -0.6470457258   1.5791391924  -2.4260541790   0.4959149056  -0.2064749697   1.4606530101   0.0084424547   2.0738760299   0.4437022881  -0.1668144161  -1.4564158565   0.4283917874  -1.2678670706   0.0440178974   0.2825813983  -0.9861925299   1.0242719034  -0.3656120869   1.0439901385   0.8183542429   0.7469255472   0.1207221916   0.4002911297  -1.3747618920   0.6222520170  -0.4634161810   1.5729665657  -0.1318430618  -0.9013106673   1.1387475947   0.7158021629
 0.8216790659   0.1405979947   1.5105286645  -1.5858868625   1.1697449964  -0.3291676682  -0.6438166391  -0.4692489939   0.4762540649   0.4675226495   1.7293273017  -0.1895620884  -0.1040007955   0.4770508802   1.2361515449  -2.4792977433  -1.0467103521  -0.5442471700  -0.3177466010  -0.7515150902   0.1913356953   0.0520448738   1.1856788312  -0.6969824822  -1.3700385070  -0.9186387409   0.8194360086  -0.7516246868  -0.6871227442  -2.1622530733   1.1548785144  -0.2647960457  -0.3432011204  -2.0752775553   0.7722601516   0.6045780084   0.4732213770   1.8234781918   1.3924488818  -2.9749112831
 0.7884551251   0.8338952832  -1.4015638419  -2.1972147237  -1.6625264557  -0.4334897889   3.1963066919   0.8557600269  -0.1366715580   0.8081429451   0.3727997132   0.3350985504  -0.2022782193   1.2912748178  -0.7634316083   1.7202644411  -1.1069820981   1.0578342433  -0.1033626806  -1.4387317889   0.5995232344  -1.1392761740  -0.1977089620   0.4597173683  -1.0981823121   0.3306848563  -1.1483783661   0.6581057500  -1.0583732064   1.4956043265  -1.1950407736  -1.2952997240  -0.7502244541   1.5952759438  -0.5685598424   0.5499227860   1.6957298167   2.0404524264  -0.6814551994  -1.1004310314
-1.2814467582  -1.0976327138   0.8929374339   1.4560466317  -0.2563639058   0.9871589052  -0.4417773248  -0.0652093008   2.7429503701   1.4100100485  -1.2955613740   0.5170951718   0.9706568259  -0.5514597185   0.4990949567   0.7509961906  -2.1866123721   1.0824132083  -0.2778416429   2.5122767510  -1.3033445227  -1.5066227577  -0.3474859113  -2.6754676995   2.1606106680  -0.3295953957   0.6622872974  -1.2318609841   0.7132851904  -2.8535997083   0.7506020939  -0.4332406988  -1.5133697584   0.0009516496   1.1439092809  -0.9923227639   0.0723184041  -0.3568591669   0.6867552230   2.1261193156
-1.2484968717   0.6350934932   1.6186365316   1.1472657063  -0.0963611658  -0.9856689491  -2.3380659834   1.8847106055   1.7364587776  -0.4698796977   0.0038487644   0.2936402284   1.6168069070  -2.7665658470   1.1615097127  -1.1150834759   0.6169721371   2.2563075461  -0.6286338767   1.2618079713  -0.8610887082   1.0753034118   0.1619030483  -0.3256909461  -0.3904195725  -0.1827080984  -0.8535048252   0.6279049669  -1.1029911962  -1.3305912355   0.9588839877  -0.6506139303   1.4833621210  -0.1185155895  -1.2978145966  -0.8163699333  -1.4454947636  -1.7970269312   1.2045984996   1.7125807058
-0.8583557351   0.4268782559  -0.0561025504   0.6295168469   0.1300866476  -0.1779400139  -1.4974014901   3.0047716431   0.3696087575  -0.9061944955   1.0217428490   1.7865287769  -0.2949665607  -2.5878138724   0.7008635004  -1.1821841516   0.7681752457   0.3080808387  -0.1438255703   0.0855858682  -2.9824888591   1.3540082513   0.2094091732   0.8148307724  -0.0934387249  -1.5219076875   0.3089753430  -1.0300934033  -0.4893665256  -2.9632395703  -0.0737072373   0.8017908728  -0.6008924399   0.7083179133  -0.8557252780  -0.9723031326  -1.0688709573   1.0854033447   0.4812537258   0.1094831720
-2.4817807026   0.4497642370  -0.5786182835   0.3386444041  -0.5420470013  -0.1126835761   1.1953347369  -0.5927941260   0.0786079437   0.0363819831  -0.4752113397  -0.4130710857   0.0944091843   0.9407401750  -1.9494529459  -0.4403312521  -0.5026482830   0.6951750282  -0.7086339111  -0.1442748355  -0.4608085835   0.4813779185  -0.0036544382   0.3086560402  -1.9737085490   1.0219594281   1.2161317054   2.6630381369   2.8163860622  -0.2271607369  -0.1513532083  -0.6498468798   0.4516321383   0.2063558838  -0.1150028601   0.2453935114   1.1748359271  -1.1107631106  -1.0438123201  -1.6768378171
 0.4339518835  -0.0209869560  -1.2095622684  -1.2442590363  -1.1841763555  -0.6666347556   1.3231590578  -2.0019821617  -0.3890113470  -0.4164473978  -0.7166748173  -1.9355542147  -0.7663456725   0.9634284732   0.7757260427   1.2257756282   0.5678759234  -1.0120996166   0.7724935515  -0.0572208380   3.1716814755  -0.9566512065   1.6670536204   0.5583440148  -0.2919048787  -0.3008725641   0.4031698893   0.7961774068   1.6953016291  -0.4151313298   0.1706927742   0.0465381233   0.0927645106  -1.2352156741   1.2195157631  -1.6072155171  -1.5660480245  -0.3122357957   0.8420284067   1.3506185224
 1.0169006612   1.3465780120   0.9885661497  -0.4344615333   0.0971074825  -1.6627882400  -2.4691830808  -1.7097117264  -1.2185078106   0.4902724914   0.1781568099  -0.4532814959   0.1542458393  -0.4837199618  -0.1292403148   2.3244443316  -0.5271780913   2.6029904050  -0.6922476412   0.1552959754   0.2391730904   0.4764579517  -0.0246502905  -2.1194161580  -0.1444912024   0.7968100800   1.1868135619  -1.4500368337  -0.0161551293  -0.1606562856   0.2487752301   0.0069604823   1.4666570768   1.7190208526  -0.8867218457  -1.2537788715  -0.1077204240  -0.9044369229  -0.3674474728   0.5193733410
 0.2084135055  -0.0592525917  -0.8478145333  -0.7967843375   0.1773189963  -0.7876041394  -0.1749913026   0.0371635490  -0.8405800980  -1.8853148675  -1.5844390871  -0.3051558622  -0.8987005216  -0.8634013376  -0.7899416570  -0.9831619222  -0.4636954767  -0.1782895092  -2.0617740310   0.2340329276  -1.0566551169  -0.5452913803   0.2972405379  -1.9421022598   0.2450117038  -0.7724452921   0.2747219376  -1.0775504044  -1.4754998856  -1.7338164546   0.8442993574  -0.2013849592   1.0634324958  -0.2645763365  -0.7902723813   0.8337102408  -0.1951549466  -0.0743050475  -0.6509316987  -0.3214502926
-1.9327542384   0.8644383514   0.0843058121   0.1879399031   1.3725766586  -1.9855696362  -2.1815195973  -1.4770399307  -0.5293997986   0.0073851866   1.1006219656  -1.3200286730  -0.6448551806  -1.3122305708  -1.5117651150  -0.5812074336  -0.0512852872  -0.1001949624  -0.2758675172   1.4358586068  -0.1137256980   0.9097491779   0.1446569008  -1.7577693437  -0.6798916614  -2.7708273290  -1.0642052733  -0.7466922080   0.9796906090  -0.3459370283  -1.6620967590   0.3202092520  -0.1216949992   0.3986332528  -1.7233887560   1.1693772625   0.3612550051  -1.4175732253   0.6425520633   1.9319467628
 0.0997849800   2.2242230837   0.6494607711  -1.3553016901   1.3654772899  -0.5590807878  -0.1005095702  -1.3655267485  -1.6786005279   0.2431951224  -1.5371495058   1.3810878052  -0.2144289946  -1.0571867238  -1.2761849206  -0.7835488130  -2.0227897223  -1.3503949419   0.5015834255  -3.1611539390  -2.5515723005  -0.4448346133  -0.1006317701   0.6906765918   0.7907430928  -0.4733602793   0.4127968103   1.0930857321  -0.1948160784   0.2841090451   0.1309995197  -0.4788645109   0.2718625234  -2.8628392744  -0.8246971631  -0.5739005081   1.0453370135  -0.2221965125   0.2931924933   0.6272355928
-0.0724733603  -0.1758034729   1.1813176300   0.7527551970   1.7343079643  -0.1392179186  -0.4854645666  -0.2890506845  -0.8696351563  -0.5660332121   2.2705131509   0.7616753518   0.1931629149  -1.0081405144  -0.0574287129  -3.1677220898   0.9767755100   1.5893259816   1.0154457189   1.4950759738  -2.8384938280   2.4580709917   1.4645570157   0.8904160374  -0.1218655929  -1.5099834823   1.2763456725   0.3483813797   1.3118803002  -1.1977537860   1.5349584266  -0.6720522380  -0.6113960290  -1.0814843815  -0.5767344308  -2.2600215537   0.3970592988  -0.1312624857  -1.1626804531  -1.5440631356
-1.5803408142   1.7091528255   0.2085239003   1.0750993730  -1.5501947064   1.8700291846  -1.1682883925   0.2245599681  -0.5569937452   1.3570772518  -2.2375605160   1.1262423949   0.8530247899  -0.4797692516   0.6185595881   1.1232071087   0.9408095519  -2.5591044915  -2.6417934404  -0.1666420749  -0.4987379586  -1.0262615052  -0.5052514848   0.7222399337   0.4799730380  -0.0446845658  -1.7421394558  -1.0462684530   1.0315517474   0.9815483081   0.7511241445   1.2030583568   0.8098818030   0.3116230999   3.3702219460  -0.7609908156  -1.9971996467  -1.4544165163   0.5442215937   1.2642696116
-0.3979551784   0.2556307208  -1.3799937551   0.8036050809  -0.6715184966   1.0078075101   0.3652298955  -0.9853683493   1.2038667962  -0.0433673682   0.4614338808   0.0071207819  -0.7253362536  -0.4031684753  -1.1437333816   1.8689911765  -2.5462329354   0.9639166931   1.1734031267  -1.4113801985  -0.1059456022  -2.4742955037  -1.4318976377   0.8699238310   0.1467547544  -0.2135710188   0.5626221377   0.7538435467   2.2740209955   0.6002934951   0.3296063872   0.2202294919   0.3528836833  -0.8069070361   0.8561069776   0.8843434747   2.1575244649   0.8221936724   2.5445268904  -1.1524055992
 1.3255714470   0.8613263189  -1.2603305906   0.5660379841  -0.0953899970  -0.0320387868  -1.5019084232   0.9632137128   0.0030699691   1.2056886998  -0.3158662871  -0.4049203510   2.2675154259  -1.3318774248   3.0683465742  -0.1373769840   0.5572749607  -1.1103370258   0.3694522650  -0.8299754696   1.1666835469  -0.2863553961  -0.0688189927  -0.3359198447  -0.2218034466   0.9969943466   0.4658319201  -1.7665480200   1.3641303556  -0.3641406447  -1.6269298689   1.0379074793  -2.6732300585  -0.0886694747   0.2608573907   0.4141991520   1.1807155146  -0.9332847328   1.0892204051  -1.0288627170
-0.0699606350  -1.7959886020  -1.1750499746  -2.1077913225   0.0539877741   1.1341073496   0.7608970320  -0.2572367721   2.1446425901   0.8059054636  -0.3203528742   0.9637624157  -1.3610807121   0.8832616376  -0.6624536109   2.1096260914  -0.3238378294  -0.7130242815   0.3166459819   0.1969927177  -0.2688964718  -0.7295776964   1.5358310373   2.1689163859  -1.3608346794  -0.8097880475   0.3943881241   2.4286553487   0.4070802521  -0.3184160449   0.1629215760  -1.1847042573   0.2932073356  -1.0852798995   0.3735113753   1.5243222521   1.3217397292  -0.0895676742   1.2894669351   1.3722495785
-0.1059181632  -0.4470867550  -0.0207224109  -0.4213682677   0.9688004972   0.7071156682   0.4498999191  -2.0655527564   0.5434326934  -0.7984456598   0.2512586919   0.3549230040   0.0786149755  -1.0235319555  -0.7265234246   0.8143974230   0.4623181546  -0.0754558197   0.9714041202   0.7221567338   0.7520926481  -0.3970532553  -2.4480346383   0.2765040575   0.5011536782   0.0372381795   2.1622928228   0.6890992439  -1.2875961271   0.9121119032   0.3481471391  -0.4638538489   2.1303837811  -0.7925233025  -0.7019150175  -0.0980659396   1.2452723595  -0.0696025358   1.4069270582  -1.6340168544
-0.5606046444  -0.8343710603   1.4827289562   1.9231640664   0.9565431084   0.0495852403   0.4532963803  -1.4913639999   1.2660452061   0.4206198654  -0.7760389447   1.0411116180  -0.0716556041  -1.2653082619  -1.0210013921  -0.8047019372   1.7703429742   0.2407377947  -1.9089907925  -1.5984331224  -1.0703298957   0.8659981691   1.3034628109   0.2822698818   0.2215591024  -0.6885153701  -2.8168357306  -0.2196264046   3.3699945921  -2.0677651671   1.9733084152   0.1356192416  -1.3469688543   0.9048668203  -0.2432942263  -1.1499363563  -2.3183375548  -2.5600443659   1.5783781939   0.3950161982
-0.0282084388   1.2026759092  -1.3636262449  -0.0088009138   1.0897402404   1.2578707839  -1.2055282253  -2.1712018166   2.1278556740   3.4168776903  -1.8024158707   0.8229822367   0.6031262110   1.6499748224   1.7088816771  -0.2415668287   0.7965072852  -0.2132003717  -0.3236184734   0.0788330450   1.1644782336  -1.2227472019  -0.7266138100  -1.1331348206   0.1149093061   0.2571033823  -1.0057115562  -1.0390306639   3.0193727334  -1.3971194200  -0.3867655758   0.6029380410   0.0715407955   0.7178090627   1.3135060550   0.2574786194  -0.4700231267  -0.4642414760   0.3876818570  -0.1088781952
 0.2604341100  -1.2354452091  -0.6574073680  -1.4239539072  -1.4379171954   1.6932068017   1.5386939250   0.2086144797   1.0258428720   0.2141688266  -0.4238579297  -0.3107844694   2.3123689091  -0.2619903350   1.9184502616   1.6445390476  -0.8276869006   0.2362884794   0.1857094890  -0.1710772468  -0.4348581900   0.7157315303   1.0144516034   1.5520195918   0.0677970776   0.6816373564  -0.0496276998   0.8901987345  -0.3155864154  -0.1618942537   1.0113519589   1.7080701373  -0.5838679882   0.4133402658   0.7042642815   0.4175586952  -0.4315409233   0.4773408636   1.5803355572   0.7818416298
-2.9072889873  -0.2738288489  -1.5547946304   1.5365270400   0.1197375876  -1.2730049221  -0.1602388926   0.7162142683  -0.9899842964   1.2382916378   0.4307053577   0.8257065409   0.0834534775  -0.8457106266   0.8049393536   0.8164367680   1.2558041963  -0.2967215929  -0.2151729609   0.0220649791  -0.2747662147   1.7150603634  -0.6826585500  -0.3567082926  -0.5037887851  -2.2998038808  -1.4731366450   1.2683877653   2.4651688973  -0.0360474512   0.1353206276   0.4197891479   2.3115088957  -1.1977145312   0.6207359213   1.3100650925  -2.6707982911   0.4583751896  -2.1071745372   1.3940922267
 0.6673315361  -1.0061944409   0.1450862867   1.0146856877  -1.9892247117   1.5478560209   0.6687175835  -1.3689798228  -0.0563316490   2.6790455708  -3.0042700109   0.6018543587  -1.3494367013  -1.0143328583   1.0021645080   1.1014353286   0.6115463832  -1.4444909201   0.8385317178  -0.9646620279   0.3859321840  -2.8228325908   1.4996643997  -1.1618987956  -0.0500188885   1.1283487982   1.1084789912   0.2929360694  -0.4663396772   0.6110539752  -0.4842945723  -0.5760877643  -0.6464371471   0.2769622522   1.6101976277  -0.2727250936   1.0510334045  -1.2706540351   1.8302795649  -1.3349396896
 1.8082171481  -1.0978311257   0.5452259902  -2.3410874272  -0.5368431791   1.3126797286  -0.2638610751  -0.6567318916  -1.0454121464   0.2304740976  -0.8451137509  -0.6982647308  -0.5909000082  -0.3527793896   1.6355630083   0.8811272011   0.1975225486  -1.6836905663  -0.2627379265  -0.0468606079  -0.2509974064  -1.8308692073  -0.5677440170  -2.6261444632   0.6357028313   1.5545025479  -0.6114755970   0.5077275243  -0.8176125906   1.2489419818   0.6296392756   1.0624405654  -1.4135445195   1.2437041447   2.0073186929   0.3726349241   0.2850282745  -0.9945688802   0.9613961076   0.4051042112
-0.6077162796   0.1502433924   1.1081276900   1.4699576367  -0.5567477269   0.5028213888  -1.4475372528  -0.6528270693   0.2742189332  -1.6718048096  -1.5287946120  -1.1616989128   0.7586467628  -0.4190109297  -0.0166500342  -1.4491282821  -0.8758831761  -0.4418531270  -0.3003937044   0.5800596486  -0.2283710690  -0.1877023866  -0.7788647434  -1.6060176826  -1.3204198119   0.4320910164   2.6725595693  -0.7598732843   1.5238485702  -1.1713691581   1.3850171356   1.8051424424  -0.9207363956  -1.7808450566  -0.8098257380   0.9610750415  -1.5980550718  -1.2209990593   2.0205968048   0.7651583037
 0.3571311784  -0.6569671139  -0.7032391743   1.5712084313  -1.8477410204  -1.4079229799   0.5983044670  -0.5954500222  -2.1899822347   1.0537453767  -0.0363980339   0.1305600446   1.6734858184  -0.9401312806  -0.9536358756   0.4881947988   0.5071829192   1.4863154625   0.2245787978  -0.1866263866   1.0743625097   1.1490460728  -0.3880705273   0.5735682948   0.4787874904  -2.1457752041   2.2454725666  -0.2116900270   0.4412331226  -0.9778596769  -2.0836864893   0.2750418105   1.2170360073   1.3825962518  -0.1365863011   0.6798889083  -1.6267565555   0.5707852680  -0.8616403104   2.5951633077
-0.7112741807  -0.2466514963  -0.5706526353   1.4720943980   0.5082546790   0.9059512659   1.8505199155  -1.7855552353  -1.1680007986  -1.7392409591  -0.4849387943   0.0604612587  -0.8765408448   1.5903960454   0.3718597998   2.2807255031  -0.4280704342   0.0458916069   1.0369391947  -0.9048019939  -1.8951849230  -1.5280400961   0.4201748243  -0.8259159447  -2.3349394416   2.7204174834  -0.6928677909  -0.6003529983  -0.2918423073   0.2728046233  -0.6072927488  -0.1839162910   1.5414044630   0.5419830722   1.2580098698   0.5371629366   1.2579153495  -2.0681896431  -0.4430961266  -0.9133608837
 0.8356179106   0.2871423510  -1.1539149659   0.2999272535   1.9541155750  -0.3430134014  -1.7744047584  -0.0679414151   0.4695764288  -1.0422491519  -1.3426485943   0.9894331007  -1.0529400500   2.6987787248   0.3855269582  -0.5653014510  -1.1977479470   1.1175807884  -0.6533807760   0.2987812884  -0.4631623857  -0.4896003655   0.5945488779  -0.5516202937   0.0758003358   1.7633390311   0.5277617437   1.1007671170  -0.9256250008   0.0521265755  -0.6072161674  -2.1585239235  -0.8060628272   0.5061758816   0.5596510245   0.0308485948   1.8590914778   2.7144273820  -1.2285485573  -0.4695476802
-2.1148139937  -0.6955891266  -0.7374156302  -2.5268926143  -0.1499442005  -1.0720599184   0.4214701317  -0.3231130757   2.5152973584   1.1078431879  -0.1309118828   0.2481860816   0.2350278389  -1.0766463643  -0.7152314848  -0.2414804648  -0.6914723531   1.2723428847   0.0010866195   0.4049758513  -0.2883385183   1.4276242462   0.2015029634   3.0777606993  -0.4864025481  -0.3056045898  -0.0225542273   0.9213011128   1.0525700090  -1.5772410446  -1.3747016893  -0.5862132315  -1.1105143153  -2.4028032858  -0.9218050700   1.3118027243   0.8530854411  -1.2536568492  -0.3875716977  -0.6456561404
 0.7686078781  -0.2677238580  -1.3219772000  -1.2976241785   1.9299848579  -0.7312213492  -1.1203557638   1.4070769169   1.6222810647   0.1659288298  -0.7753121335  -1.5346624031   0.1072063608   1.4404227343  -0.7217324421   0.7371321728  -1.8991118521   2.3401716250   0.7630987893  -0.1544683222   0.7021008397  -0.2625296901  -0.3886333672   1.0297494929  -1.1592922609   1.3658430787   1.0887989597  -0.4915373464  -2.7167906204  -0.2092949092   0.9360474197   0.8074331617  -0.1477685673  -2.2613257627  -1.8475870322   1.9837530818   1.1665949751   0.3312283941   1.1889958709  -1.7360870356
-1.5124893133  -0.2831105020   0.7407530761   2.2879305013  -1.3975150433  -0.4368695028   0.4562364480  -0.7792885751  -0.8286230097   0.1978687442   1.1936936431   0.5807288309   0.1252561621  -0.8507173623   2.6780064123   1.5406812161   2.2325054483  -1.4127389774  -0.6904662472   0.1607018906   0.0214834482   1.6592429468   0.8332799087   0.3043325448   2.5013853068  -0.1282279550  -1.9666144880   0.5055494121   0.3703820782  -0.3251038799  -1.9016153551  -0.3593762366  -1.4896602256   0.3339812277   0.3903114551  -1.3383000524  -1.0292768659   2.3031529863  -1.6905113782   0.7153146357
 1.7481810020  -1.2163191311   1.6054288098  -0.8709790873   2.2098686519   0.8465759795  -0.2356443093  -0.0660738927   0.2174378061  -0.9616533582   0.4715317753  -1.2511052791   1.4099736331  -0.1792127242  -1.9587360388   0.4634436628  -0.6332274690   0.0766755509  -0.3085315258  -0.9836845600   1.1168917856   0.8492395707  -0.4172795569   0.7525942821  -0.1765867107  -0.0541844752  -0.9380823420   0.4050177314   0.0287188963   0.0395137628   1.1148695315  -0.1382888173   0.3019316161  -0.5817130724  -0.9475101568   0.6145743287   0.4955950542  -1.1815365557  -0.3548848393  -0.7701499844
 1.2852377220   1.4044424444   0.1128372996   0.1719891037   1.9919906236  -1.6557759217  -0.6201749624   2.9700413856   0.6722243145   0.8957000766   0.2527555382   1.0972926579   4.3339998880  -3.6739958139  -2.2103144322  -1.2210951767   0.1956468637  -2.9946631048  -1.4709355603   3.4480752953  -2.3024703538   1.8310857022   2.5729195824   2.0964113234   0.4253175034   0.7699234017  -1.2287017997  -0.3900137397   1.0616520581   1.1721017853   1.4740583950   1.7863610499  -2.0761239177  -0.8150460438  -0.8205498931   0.2404561570  -1.0119059701   0.0167687844   1.8301559407   0.5619324043
 0.4736485781  -1.8046324391   1.4202812376  -0.0939381558   0.2870534262   0.2483234790   1.0979975758  -1.1009265165   0.4989353874   0.8938713058   0.0357035881   0.0273226141   0.4970960790  -1.2053748176  -0.7674470587  -1.3006211461   0.7883906931  -0.7391070219   0.0335584343  -1.6941151516  -0.7071304749   0.1102721057   0.7358514347  -0.1296335046  -1.6525458442  -0.6797887710   1.6809641108   0.3810134549  -1.4760766757  -1.6124795181   0.0636014508  -0.4148115740   0.7180940164   1.3345702226   1.1475580439   0.4611211258  -0.9415844431   2.6039342865   0.9390903066  -0.1464916299
-0.2467877284  -0.5312681062   1.0404007416  -0.1274987432   0.3025028994  -0.4722850097  -0.8591857455   1.6202367139   0.3572104894  -2.6315689894   1.6398272415   1.3647172381   2.6085098779  -1.7760625434  -0.1300298637   0.4422232205   0.2112216654  -1.2001612895  -2.4782806955   1.6517964275  -1.5019200568   1.5331924005  -0.1235308179   0.0910043486  -0.3796975139   1.8154832128  -0.3742808080   0.4803465384  -1.0550540002  -2.3668625355  -0.1600969665  -0.9242752424  -1.4790827009   0.8276418787  -1.1951958565   0.4890029933  -0.0321516492  -0.1009605336   1.7290955703  -0.5867906687
 1.1958058580  -1.7593642107  -0.1702557546  -1.7544441219  -2.5007964793  -0.4083736724   1.0211837333  -0.6670168518  -1.1240149626   0.0454269395   0.6252082213  -0.1372714659   0.6106755575   0.5193381198  -1.3726033925  -0.8651264289  -2.3544245139   0.1735499436  -0.0678983984   0.5102899028  -0.8424688300   1.9586760957  -1.4451288399   0.2922833913  -0.4476113341   1.8970070831   3.3365463426  -1.0097851735   1.3265335903   0.8808395542   2.5665392859  -0.8012806092   0.3438270401  -0.2241587061  -0.4849021904   1.8708902360   2.1743638655  -0.2880986833   1.2547721129  -2.1075419018
-0.4024713645   1.6757174035  -0.3817770698  -0.2758397841   0.4655874220   0.1210028614  -1.0683635924   0.1662419730  -2.0912453919  -2.4520397742   0.2857091151   1.6651871864  -0.4930717170   0.3914168251  -0.3903216918  -0.4499873032   1.2666045236  -0.4791658558   0.7507246323   2.1249605038  -0.5463574965  -0.3729863273  -2.1330331866   1.6492606835  -0.6115679905   0.5551743773  -1.0351827604  -0.9792072086   2.8976267250  -0.6291326780  -1.7254419368   1.2351645339   1.4511625804   0.1934578571  -1.4769657808  -0.1487777769   0.8222362674  -1.3152721250   0.0618694206   1.0102314825
-0.5288587686  -0.0289670152  -1.2207877612  -1.3262859497  -0.2853398037  -1.2211594549  -1.0267265594   1.4873185010  -1.1302268770  -0.2830461130  -0.5725544218  -0.3099773397   1.3069120122  -0.4587130031  -1.0448335301   0.0470264917   0.9610608567  -1.6768783322  -0.1027250222  -1.4683141448   0.4709168913   0.0192465628   0.3605106378  -0.4068011775  -0.7301908950  -0.1074092370   0.2022902081  -0.0417382855   0.4819741502  -3.0933940594  -0.6536818987  -2.2529548675  -1.7882336791  -0.2355890619  -0.5646710897  -0.0240729662   0.3768458279   1.2082141189  -0.1390999398  -0.4182334163
 0.0917205523   1.2254979433   2.6081860044  -1.8651572587   0.2201751823  -1.5481636729   1.8583568965   0.4512890012  -2.2999362223  -0.9787793276  -0.3351203801   0.0381130713   2.6411755963  -1.5714470582  -1.7031414716   1.4560520719   0.1268344317  -2.5214727040   0.7519405733   0.4388366953   0.2583171821   1.3377156049  -3.7509841806   0.9696792947   0.2054057891  -2.9394733334   0.5659869096  -1.8634989592  -0.9572946403   1.4605167524  -0.2477537476  -0.0457473525   0.8414176145   1.1484208394  -1.6997534950  -2.5956920634  -1.2167121931  -0.8994880912   2.2757436383  -1.0903460411
s2
 1.7643984561
 1.0836082070
 0.1008176028
-0.6366935033
-1.7397717938
 0.1373707280
 1.0087701849
 0.2461760940
 1.1842016859
 0.3664410413
-0.6671884726
-0.5804066581
 0.7281193629
 0.8498048544
 0.4024700099
 0.6693528656
-0.9016910369
 0.7882860469
 0.5203749042
-1.4331324117
-1.5970244347
-0.3319345827
 0.9543490397
-1.6189661654
 2.4463415357
-0.3942238824
-0.9867448882
 0.7386967441
-1.2106040865
 0.3435470107
-0.3699623973
 0.4470863240
-0.8082136512
 0.1663551819
 1.2383328542
 0.7151404351
 0.7102028835
 0.5799664003
-0.0460095354
-1.1875483470
w3
 0.2901630367  -1.2978348955  -0.0111597075   2.2063834912  -0.1108920710   0.1576789519   1.9253288752  -0.0005635566  -1.6325740349   0.3121157356  -0.2428119801  -1.3023181152  -0.4368948227  -0.4239593123   1.3639784740  -0.0860853460  -0.1339234736  -0.1821598749  -0.7621480693  -2.0425059713  -0.3761750729   0.3226856587  -0.7764935968   0.2779511949  -0.0690867888  -1.6298195879  -0.2733302359   0.5013675026   0.1319905322   1.5602532964  -0.1996275053  -0.5042158732   0.3351139784  -4.5984498454   1.8545903473  -2.2055926766  -0.3454174267  -0.9095473380   2.3498421585  -1.0022090162
-1.8454504204  -0.7209353411   0.9807800747   2.6313044239  -1.7367621479   1.3480081391  -0.0592443331   1.5069501879  -0.1162994206  -0.5158211580   0.5520189202   0.4757537666   0.2323133629   0.2504153218  -0.0864312004   0.5113660303  -0.7169163884  -1.1090781191   0.6505785023  -0.1360677119  -2.0259202015   1.4390194518   0.9122609828  -1.6187250235  -0.6755270230   0.4123412171   0.1068615334  -0.7458630628  -0.0981652317  -1.8750834583   0.2698018285  -3.7377086301   0.6259353153  -0.8284723939  -0.8033349631  -0.3170119540   0.6394364844   0.8615077013   0.6105928827   1.1467023897
-1.7175245701   0.0676880746  -0.5110724330   1.2468774241   0.0966496645   0.9468862691  -1.3706894728   3.3847990231   0.9650245492  -0.4877760978  -0.1237902367   0.3268658233   2.0657151706   0.0788830580   2.8386975378  -0.0139926112  -0.8053479625  -0.1052963066  -0.7999094242  -1.7556128138  -0.3239441863  -0.8082067540   0.2822050574   1.0256937119   2.5132336920  -0.7123446777   2.6079674531   1.4600847069   2.0554587876   1.6673837591  -0.7634853239  -2.0615219909  -1.4349833172  -0.5525297618   0.0524213198   0.1713234012  -0.2393102160  -0.3376010772  -0.7460162746  -0.5656167819
-2.1798730200   1.0023793657   1.0035303456   0.2497880129   0.1835083738   3.0328165964   1.9522377095  -0.5977640878   1.9022272099   0.0941854412   0.9831199706  -0.5760027615  -0.8445981635  -2.6448843444   0.8070737786  -0.6743819886  -0.0631301350  -0.9699714434   0.0437478398   1.5690283731  -0.0275879154   0.2348734317  -1.0029189178  -1.7778874152   1.1819144668   1.0534271701  -1.1285134760  -2.0554025172   0.5058588970  -2.7905185355   0.7723847616   1.6450391407   2.6252103548   1.7820242478  -1.6886382725  -0.3166930266   0.2896852608  -0.9976658201  -0.5117910979   1.9526985645
-1.0319880570   0.6121127168   0.0888698442   0.1252557972  -0.2394060624  -2.1736997018  -0.2012097933  -0.5295185326   1.0522863460  -3.2609017488   0.6166247048   0.3783721126  -0.5704132742  -1.5471455993  -0.1504795333  -0.8105577381  -2.0779423199   1.4835275241   0.4903475779   0.1364493439   0.0153411480   0.6703408030  -1.1980194337  -0.2205234991   1.8777134372   1.7465974775  -1.1971430927  -0.1671057215   0.0030505851   0.1949551131  -0.0799889193  -1.4254021644   1.2075292775  -1.8155169736  -0.5433938526  -1.4400258030   1.9730368445  -1.6623157489   0.0855412310  -0.9774853579
 0.3727757822  -0.3916442336  -1.8251385324   1.6758988013  -2.3719954037   0.1484770849  -1.6086719954  -1.1825963261   0.6089674930  -1.5087455147   0.5807602130  -0.8099646128  -0.1665289932  -1.1614212008   0.5860155453   1.3105355251  -1.7411678047  -0.3372055788   1.0603918607  -0.8434542549  -1.9397627984   1.0270451099  -0.2432595074   0.8113155154  -1.4971539997   1.7274707541   0.3988514927   0.8409561078   1.6021069348   0.5297112476   1.8766666430   0.9030294147   0.4666753544   0.7820002109  -0.3496666763   0.2841592821   1.1102437701  -1.8821513163   0.6970052613  -0.0583848608
-0.5433150003  -2.4874504621  -0.3195758199  -3.4503899625   0.7056881918   0.2647036451  -1.1695546882  -1.0030511030   0.3096956361   0.4083532835   0.7068082724  -0.2787223176  -0.6675749284   1.2597110559   1.2388432948   0.7578188594   1.7455150633  -0.9944146958  -0.9032408961   0.9690291821  -0.7757920907  -1.4229486688  -1.5903467495   0.0616849991   1.0885373927   1.9294084892  -1.7520170333  -0.0347076253  -2.8474342872   0.2752419656   1.5018109050  -0.1362883407   0.7599096921  -0.4576167120  -0.9732740165   0.5841271254  -1.3418872619   0.5484380337   1.3014446605  -0.0569850180
-0.4620951624   0.6277761475  -1.7259702403  -1.6977265204   2.7756633598   0.2513539856  -1.9869166432  -0.1475369149   0.8328590678   1.0213405448   1.0186326288  -0.8491830559   0.3347862010  -0.6747756993   0.6952177917  -0.2147807246   1.2747409574   0.8053130240  -0.8111946086   2.4851365628  -0.1438484478   0.2347262757  -0.2390678798  -0.7329090228   1.9429957960  -1.6079271272  -0.0315789377   0.3501518135  -0.9962749548   1.1691982537   0.3638716075   1.9660721581  -1.3621988974  -0.0110050005   0.3241711986  -0.7424600887  -0.7026043070   0.4643666432  -1.5021458023  -0.4596522591
 0.2446116116  -1.2329986263  -3.3371902373   0.8014636832  -0.5834331444  -2.0214207864  -3.5777885610   1.0831815961  -1.0230169324  -1.2969201695   1.5280445342   1.3775936034   1.9573009493  -0.4356474924  -0.8620292973   1.6084055338  -0.2792484232   1.4009819441   1.8450367330  -0.1954765350  -0.5537425770   0.2899881161  -1.1428104504   0.0346166246   1.6298431629   2.3952054581   0.9543547753   1.7687878652   0.5377896880  -0.8153134393  -0.9564839343   1.3794647206  -0.5689064805  -1.3870240938  -0.0568846384  -0.5893997919   2.1664786091  -0.3281680084  -0.3949219930   1.6402678552
-1.9559547934  -1.1019861768   0.1533723857  -0.4129064999   2.3455039927  -0.0481632262  -1.0452689063  -0.4110554793  -2.0325265489  -0.5897811626   2.2613027578  -1.3142516440  -0.7564216736  -1.6227143494   1.1131568821  -0.3377102305   0.4200474296   1.5738571020  -0.6037594291  -2.5982932905   1.9196865129  -0.2878750511  -0.8395103135  -0.1948255731  -1.2771358198   0.6927717649  -0.2052747904   1.2205006107  -0.3998647108   1.4813051741  -0.0094968131  -1.5539810045  -0.7535742915   3.5070726927  -0.7607748600   0.5989077480  -0.7583993017   0.3489045497   0.2741379673   0.3378538597
 1.6087685323   0.6047369307   0.5295755785  -0.9946419304   0.7915258786  -1.4897833425  -0.4000503014  -0.1544330975   0.5750143839   0.3422892080   0.2547616216   1.0451853312   0.5422990629  -0.3136802478   2.5188040243   0.2747852281   0.1137363847   1.1055769227  -0.4942156418   1.5805095654   1.6439207991  -0.0677475724   2.2335777751  -1.5570147136   2.1176904759   0.3202478658   0.9372256140   0.0728575808  -0.8137304581  -1.1271225461  -1.9387734509  -0.6359032254  -1.8268442488   0.4535371714  -0.8097439990   0.1891213461  -1.3495436618  -0.8323508861   1.8522094772   0.1283580382
-0.8696954545  -1.4975287566  -3.3962660882   0.8003913023   0.1471196905  -1.6218377656  -2.6052634293   0.0586694008   0.5511732169   2.7161680594   0.1164874478  -1.1550825298  -0.5473946231  -0.6956515046  -0.3160256110   1.0631245401  -1.1269221302   0.1415859222  -0.4159591639   0.4045753915   0.1350728274   0.7801751920   1.0346813893   0.7715321761   1.7198795970  -0.2498833699   0.4278024701   2.9772676732   1.6550449970  -0.0838079581   0.2408852451  -3.1411425734  -0.5038868262   0.1332278454   0.7146062508  -2.1631785797   0.8227667783  -1.8487066271   0.3922189945   0.6647911291
-0.7533802032   0.7961799803  -0.8525871677   0.0256284506   0.3452304158   0.1939321603   0.0530591371  -0.6288048492  -0.8707735096  -0.2137474685   1.0495451657   0.7431885674   0.4518473695   0.6241084904   0.4676957600  -0.4557482277  -1.0441472687  -1.1377159457  -0.1792288506   0.8014437394  -2.9955620740   0.1244575864   1.0932700716  -3.6571991383   0.2885370639  -0.8516989824   0.6360440947  -1.9554092453  -1.7111072908   0.1038376548  -0.0845766383   0.9560444884  -1.7698772534   3.2131287027  -0.7811496473   2.7674061114  -1.3142409427   1.0783022000  -0.1542471588   2.1467649589
-1.3496834970  -0.5962040522  -0.5412670649  -1.2944157207  -0.8771339004   0.9810852626   0.5963803756  -1.1392931636  -0.5712512965  -1.0237368867   2.3542615380   1.7028221695   0.1233527907   2.4593686591   0.8252904560  -1.7457028252   2.3695549326  -1.4449373240  -0.8192950824   2.6924007104  -1.0190070964   0.6562804184  -2.4206856348   0.1326309299   2.0720572146  -0.1557200725   0.5984769067   0.4025055898  -0.9467978091  -1.2336843749  -1.7365810504   1.3402746863  -0.8045711495   0.3799451805   0.2322820442   0.0813044329  -2.8342759239   0.5943029780  -0.0668410170  -0.0685921631
 1.0414861859  -2.2185257984  -0.8728206747  -0.9344425099  -0.5552168375  -0.5844110076  -1.0400902688  -0.8856541367  -2.2283437871  -0.3261862663   1.7583355151  -0.2254670289  -0.3109757864  -1.0587064907   1.3930050943  -0.6042374090  -0.1403540578   2.1187375922   0.0059648997  -2.2612088585   0.7684037766  -0.0559105717   0.1210787811   0.3562143309   1.1480080934   0.8706944562   0.3733718856   0.0455481894   0.3483169334  -1.9497546073  -0.7303946820   0.5889009083   1.0958821330  -0.0639402207  -0.8690874779   1.7320507880   0.4345104480   0.4975723731   2.5913342207   0.1885976684
-3.0379780542  -0.0235272379   1.3761867630   3.1388610141  -1.3586411220  -1.1231045376   0.8846925977  -1.4203763177  -1.6669873102   0.8999054221   0.4569587328   0.4313837748   0.1897296676   1.7361112715  -0.9961831414  -0.8090075824  -1.7722349207  -2.6818577585   0.3243001219  -0.0503803318  -1.8202771853  -0.1745839604   0.3835239451  -2.4741267221  -2.1224247704   0.1610541952   1.9329112965  -1.3596439714   1.6016457820  -0.5662719431  -0.8077920461  -0.8683587840   0.6283706724  -0.0443664159   1.3614137409  -0.3376257342  -0.1822923132  -0.8064661727   1.3729533338  -1.0825739004
 0.5585619113  -0.0583737369   1.8493212407   0.5449266871  -2.0410530081   0.0403331334   0.4911595524  -1.9542677489  -0.6402775416  -1.3761213808   0.1071691479   0.2107787979  -0.3365802387  -1.8658667569  -0.1532561932   0.5875312166  -0.3559931515  -0.5358285595   0.1952260334   2.1940041502   1.2816311274  -1.6904179503   0.4172674224   1.7233564283  -0.0685342205   1.5402316716  -1.7489056932   0.7183515676  -0.7339187730   0.7214987335   1.5771339894  -0.3965996659  -0.1434586750  -1.4848419962  -1.5744764060  -1.2539241865  -1.0385448490  -0.3750692236   0.4678503463  -1.3662304659
 0.9066705617   1.1523491906  -0.2785078105   0.7465468233   0.7985689195  -0.7568668337  -0.5147161939  -1.1723773924   0.7880681044  -0.6926632589  -1.3499607315  -1.0917418907   1.7087530889   0.2886812126  -1.2890823052   2.3677232425  -0.4897406070   1.6438412175   1.5480167971   0.0094605339  -2.5924819964  -0.4065696824  -2.1883837255  -0.7663310682  -0.7062161000  -0.2672034152   1.7259804451  -0.8599359337   1.0873183587   0.7432547723   2.0582751344  -0.7854854747   1.1494653111  -0.2554812569  -0.5351161417  -0.4382472067   3.5330068102   1.9929557249  -0.2490785966   1.3709951369
 1.6541572060   1.5913730052  -0.8381903965   1.0615415611   0.6418121338  -1.1503687670  -0.2222651617  -2.8517235044  -0.3373501184   1.3663873615   0.1114541791   0.0923138074   1.7793712296  -1.2271141594   2.6442062870   1.7103101534  -0.2464939522  -1.6374061660   1.0194836113   2.6739217910  -0.6413014542  -0.3106936100  -0.8480356730  -0.2025636531  -1.3287658827   2.5692540152  -0.6748540711   0.0544370035  -1.2845966218  -1.1377547067  -1.0230930883   1.9195190768  -0.9505919513  -0.2403627149  -0.8269894568  -1.9163332320  -1.3757623064   1.9964525333   1.2068075330   1.5864584529
 0.8484850858  -2.1482238874   0.5665942127   0.5958667366   1.0178340026   1.3844366983   0.0489109065   1.0571009443  -1.4184669305   1.5474077041  -0.2237955496  -0.5884476186  -0.0728521282  -2.1835562037  -0.8270639294  -0.9576669726   0.0838653598  -0.5284210974  -0.0850917994   0.4092953109   0.0349532286   1.0705245578  -1.7157337087   0.2708825568  -1.4695872084  -0.4116699714  -1.1007251573  -0.4688644111  -1.9131804558   1.0037768898   1.2531694435   1.5032398157   1.2336356474  -1.6732295322  -0.2954905093  -0.2267613207  -0.7439610492  -1.1650242901  -0.3093101584  -0.5033141450
-2.1352557817  -0.8683207190   1.6332312669   1.4500852915   0.7767750694   1.4857642067  -0.6137840778  -1.1795894632  -0.9539206222   0.6543181166  -0.2183256313   0.7080699536   1.0835258023  -0.1341266641   0.3017975594   0.9275801984  -0.5411739597   0.1611956344  -0.7877681468   0.1617773986  -1.0849387610   0.2850884783   0.3704248704  -0.3886094058  -0.4762192155  -1.1196300036   0.4083609542  -1.4516076827   0.4592569398  -1.4785250350   0.5101824087   0.2036487213   0.2487883898  -1.4505882382  -2.2058270813  -0.1339616253  -0.7843591904  -0.5519828718   0.3089789399   0.0572430043
-1.7889875898   1.8798474781  -1.0806490434  -1.4237072545  -2.1872626594  -0.3867348326   0.6848210719  -1.6457322529   0.2797507468   0.0385206519  -0.3735270889  -1.0747472037   1.1478056551  -2.5503035957   0.6142155116   0.8044777779   0.0686334293  -0.9589370459   0.0127687483   0.8252681823  -1.3117586943   0.6444575346  -0.4353542914  -1.1466601476  -1.0525727176   0.8598524957   0.3172940192   0.2906530067   0.4313701522   0.9119127337   0.1028231992  -0.5078475954   0.0527814042  -0.6413457162   0.7331265851  -0.0926715908  -1.8456566372   0.9816235297   1.0598925343   1.0496580391
-1.1085134706  -0.0612598041   2.3985191795   1.0562652147  -3.3155175591   0.2369003586   1.6957372766   1.3321407183   0.3835279844  -1.6759593457  -1.4146667500  -0.7636146475  -0.2348710579  -0.3108732504   0.8816062963  -1.2952700471  -2.5839061197  -1.4865541354   0.7468711164  -0.7750620515  -0.8609046413  -0.7414703138   0.6689276166   1.6420724728   0.1032658507  -0.2969329511  -0.5996666370   0.6648133686  -0.3560484426   1.1273383206   0.2007856041   0.3480297008  -0.0871053181  -1.3207154750  -1.2274116290  -0.9475614831  -0.2955736509  -0.7470260742   0.9181129633  -0.5661627033
 0.9854172236   0.4879555111  -0.1310436674   0.1294261135  -0.6296530414  -0.0872907268  -0.0185729473   2.0726069995   1.1114355593  -0.9910074201   0.4929259585  -1.6569341111  -1.1997832940  -1.3159679899  -0.4475329531   0.5403832891   1.4412696099   0.3027296880   0.4286892491  -2.0057694580   0.7721830653   0.9756236448   1.3940568098   2.9271258686   0.4854838750  -0.1020763336  -0.6645114933   0.0954645099  -0.0109778958   0.4000129296  -0.7566671246  -1.0804815115  -0.7507764375   0.8550430735  -0.6344968797  -1.0007244809  -1.9929465989  -0.0785110727  -0.4577125794   0.1544535369
-1.3589882816   0.5037742539  -2.1466153097   1.9727618828  -0.6957456601  -1.3196154956  -1.6676826354   1.2491740049  -0.5631029847  -0.7402641723  -1.3914677430   0.9568312876  -1.5447583404  -0.9519522319  -0.0488001620   2.4790324264   0.0400492344   0.4858658934   1.1873632407   1.2739935395   1.9801394519  -0.6988245219   2.0928927334   0.4183084709   0.4967377679   0.7619783671   0.6771912880   1.5581019619  -1.0169236479   0.5484832183  -1.2346235596  -0.1051917952  -0.1512312708   0.5310531875   0.1874326131   0.4985607232   0.2424081189  -1.1768270480  -0.3454999511   0.2650121210
-0.8099847610   2.2138530824   0.8145578385  -0.7937370193   1.8047233270  -0.4105139074  -1.5704814787  -1.3247163813   1.0857185309  -1.2004448074   1.8813547767  -0.9322754588  -0.1214970344  -1.8647870944   1.2753776614  -1.4461262899   0.3706988670   1.4523266137  -1.3117876813   1.9390858907  -1.5086048938   0.8947905971  -0.7662411463   1.5888648447   0.0805785288  -1.2013626906  -0.5253517381   0.7805623391   0.7840441699  -1.0928194581  -0.1090442141   0.3943502572   0.5068888174  -0.3839487991   0.3738483877  -1.0749257199  -0.4176638230  -0.8889950129  -0.3481735287  -1.2359495336
 0.8763701307  -0.9645755553  -1.0621853035   0.4164051317   0.8456000899  -0.3715439903   0.5492852366   1.9811285429  -0.0715590598   0.4681756514   0.4422085449  -2.0775489164  -0.9817733148  -2.9268816840  -0.6796116220  -0.0663634477  -0.0635482582  -2.2234661345   0.2808106637   1.7643687425   0.6579551272   0.2511629099   1.6726571679  -0.2550672386   0.5141125475   1.7783572393   0.7721707897  -1.5005118594  -0.2694620954  -1.6458886532  -1.1281117560   1.4261163857   1.9012910719   0.7037636650  -0.8797339257   0.9318178657   2.2635603787   2.7107774800  -0.5746826391   2.1430725809
-0.4648021958  -0.3878016401   2.3661985028   1.2814283086   1.1378918049   1.4679413125  -1.5349799737   0.0701183220  -0.4161768679  -0.3298460867  -2.1771834342   0.4759734506  -1.5076605588   1.1021702084  -0.2912214655  -1.6397900174  -0.6822126989   0.1242593061  -0.8740318778   1.7007813203   1.3453995740  -2.1913874334  -1.1671337010   0.6295999961   0.8692137618  -0.2625994340   0.0709380572  -0.4514111171  -1.0440046807   1.0655276088  -0.2099042317   0.4597374584  -1.9172228150   3.4988190174   1.5729785249   0.8336425784   0.3308788606  -1.2459814852  -0.9181322162   0.2594021040
-1.4961916529  -0.5381462408  -0.9156709758  -0.1159717046   0.6659889977  -1.0573434579  -0.4208152770   0.3270162230  -1.0570891783   2.3563711640   0.8625458806  -0.6020287136   0.2933776307   0.7160349584  -0.9903659025   0.8496950059  -0.0785435845   0.2660860313  -0.2593258746  -0.2215890431  -0.5062124386  -1.4291645005  -0.9153835163  -0.5569474667  -0.0921101966  -0.0425614903   1.0646552169   0.1381406531  -0.3283005706  -1.0789829583  -0.3074940226  -0.6893334612  -1.0061790281   0.1016499038  -0.1709674885   0.6529567876  -0.9849268583  -1.6613189511   1.9677357154   0.6310431967
-1.2276615795   0.4839476944  -1.1504473275  -0.7240116978  -1.8187394397   2.4883327011  -0.8448773230  -0.3658284708   0.3403777572  -1.1654332091  -0.1510786558  -0.1743418724  -1.2779159918   0.8377840613   1.3819428696  -0.6816326487  -1.1189670809   2.7073557739  -0.7970093852  -2.4048861382  -0.7980283976  -0.1247779530   1.9353997441  -0.9958144288  -0.3078814667   1.6497990267   0.8373824367   0.3945634325   0.1808795575  -1.6546160199   0.1506175938   1.4340710223   1.1421067085  -0.1202502811   2.4089707792  -1.2888505999   0.1984441729   0.3262875601  -1.0537838586  -2.1735385603
-0.8722379384   0.8495830859   0.2412828904  -1.7622232226  -0.8018961227  -0.8864067573  -0.2051685459   0.4500654954  -1.1268735397   0.4897872502   0.4660877701  -0.6800716077  -0.2619889413  -0.7572943213   0.3751720647   1.3469357127   0.3987368859   0.0576021483   1.0405129352   0.6340318624  -0.4362014051  -1.6267636183   1.1964431129   0.4691577869  -0.4330058331  -0.2857437581   0.6867128360  -0.0970417416  -2.1881555198   0.9705693804  -0.4986819293  -2.2118565585  -1.3634867740   0.9642639460  -1.7663687116  -0.0710548182  -0.2573363448  -0.6221177891  -0.1044360963   1.5355293501
 0.4217254465   0.3862865022   0.9625504157   0.9872970646   0.9159655204  -0.2400153684   0.3961512609   0.7745387162  -0.1274452383   0.3031462473   0.4832206706   0.4660653618  -0.1373967300   0.4010218448   1.4070558019  -0.2489427850  -0.9408892678   0.9987125787  -0.7171587291   2.0404203334   4.2702567126   1.0514985937   2.1714171905  -0.1071642284  -0.4824376790   1.0104090229  -0.5315789912   1.1958588673   1.5771005626   2.0648469665   0.4017189975   0.2701852821  -0.7682217044  -1.7659885383   0.0648160844  -3.4712491552  -1.8109923242  -0.4956565122   1.1606030761  -3.4930719881
-0.2056785833  -0.1347972704   2.5710871108  -1.1217615644  -1.1984087618   1.2904616454  -1.2441163296   1.7608921770   2.9177584416   1.0502123558  -0.5462607454   1.6474981443  -1.5979127321   1.9887950526  -0.5325275450   0.3754099883   0.3478680304   1.0472573003  -0.7844345137  -0.7914645842   0.5448162742  -0.3248544142  -0.2322063849   1.2205947299  -2.5672710899   0.6658369465   1.1831019017  -0.0209971513   0.1331363151  -0.9334978386   1.3989721765  -1.4116105360  -0.1407718073  -0.5017796503   0.4250830720   0.4694842775  -2.3130957707  -0.5208333884   0.4561657946  -1.8741739017
 0.8045751772  -0.4095871488  -0.4682813934  -0.2315899865  -0.3697494799   0.9203714974   1.4148884322   1.0951125236   0.1700792368   0.7554087125  -0.3926889044  -0.2776986344   0.9455819296   0.6983968433  -1.7279275815  -0.2100036259  -0.1950423772   0.7371050287   0.8910024279   2.1301136927  -1.8082085800   1.1347237857   2.0603306144   0.0421574098   0.0791382779   0.1397785172   0.8345613520  -0.3195531446  -0.4211681653   0.5670476797  -0.0503687054  -1.1038217164   0.6490161505  -0.2484599220  -0.1270656024  -0.2673606404  -0.8796591977  -0.7122213650  -1.3977972573  -1.1738585885
 0.4006723620   0.4927569342   1.1849459318   0.0516150165   1.4904198342  -1.1324909202   0.6911397474  -0.5517525681   0.2843143303  -1.2276804481  -0.0723116100   1.3239967974  -1.0436971653   1.7980032074  -0.5865223160   0.4476551107   2.5509303525  -0.0025791637  -2.9499267974   0.7356319085  -1.1827743076  -0.7710948764  -0.2211171325  -2.1639042133   0.3055123489  -1.7152695406   0.6356542789   0.1985397531  -1.9075091730   0.5509129766  -1.5414214716  -0.8453259410  -1.4512195580  -0.3023667537  -0.5049873981  -0.4987741705  -0.4874643619  -0.1868981789   0.5101707739  -0.5656407026
 1.2368186634   0.0237692164   1.2282656570  -0.0294884091  -0.1076978521  -0.1546641270   0.7089909172   1.7977560109  -0.6468535654   0.3983444579   0.0617489581  -2.0409671976   1.2920193704   1.8475863574  -2.8893256816   0.0253230689   0.4192610774   0.6392356182   0.5097933724   1.3000935046  -0.3233335956  -1.2702282294  -0.2596539487   0.4270642340  -2.6057378002  -0.2388078443  -2.0342913739   0.3406559495   1.0859665859   1.3252509056   2.7994199573  -1.9633272460  -0.3875210681  -1.1870843072  -1.2402604522  -0.2454987213  -0.2073691089  -0.5540876793   0.9689840449  -0.3959229171
 0.3340968165   0.6676650289   1.1042579589  -0.1909740829   0.7319883188  -0.1681367837  -2.4637380419  -1.0008362529   0.9467786447  -0.7695019316   0.4954502534  -0.1607970096   0.0665347823   1.7376880261  -0.5102042091   1.9391197879   1.8818140008  -0.3798407466  -1.7150965930   1.2548316096  -1.9320961198   0.6342644340  -1.7536908267  -1.3459409685   1.3321321962   0.1458082379  -0.7456414742   0.3835744127   0.8435637591  -0.0687116280   0.2708693257  -1.6311665192  -1.1632285781  -0.2838352974  -0.2016545799  -0.2332785025  -0.9556704815   1.3703775438  -1.1992800739   1.0115479653
 0.1779582736   0.6227813500   1.7828502176   1.2024885526  -1.9929153668   0.2425656292   0.1317390744  -1.3879041069  -1.3990141142  -1.3835948142  -0.2424880351   0.0435804611  -0.8074634936   1.2023745590  -0.5144778029   1.6932876132   0.7804867722   0.7296716145  -1.0863236965   0.5245355766  -0.1828522020  -1.7281520980   0.8701862098  -2.4304721439  -2.5259941977  -0.4605031873  -2.4583087529  -1.4952150024   0.0460119255  -0.3814155517   0.8337733280  -0.9833347551  -0.0406146192   1.1730636287   0.2974290278   1.1766645679   0.7725949296  -0.5950076102   0.3015124414  -0.6347797702
-1.0521869718   1.0726834935   1.4107415106  -0.4593291752   0.0881796970  -0.8179032573  -1.5446711074   0.2357285995  -0.5704839836   0.4994830195  -0.0166506841   0.3472189348   0.8901335191  -0.9691109069   0.5883171935   0.4727299080  -0.1014381753   1.5042836774  -0.6384356118   0.1150371434   0.6831430168   0.7520220171   1.0076423435   1.5933202821  -1.4987920754  -2.2512043372  -1.6559189946  -0.4771074037  -0.1650354001   0.0213263234   1.9903899766  -1.2668926142  -1.4452610001   1.5342848215   1.5857071776   0.4866013765   2.1004487998  -1.3106850303   0.2777183843   0.3555448648
-0.7747839180  -1.9763468638  -0.0813442909   1.0697896817   1.3594128907  -0.4256713228  -0.2927351231  -0.1571668805   1.3614431976  -2.0983802602  -0.0708749305  -0.8708524278   0.7200318191  -0.7597771999  -0.7035315404   0.2300491297  -1.3793164187  -0.8906863494   0.0504309094   0.4527506147  -1.4649715079   0.9573798507   0.9769659248   2.3003997063  -1.2812936159  -0.5072938735  -0.6038302248   0.5812088159  -0.4577370980  -0.1446403181  -0.8689336112  -0.6297156572   0.5087870384  -0.2801063348   0.5704974128   0.4499407103   0.9863448704  -0.9033522784   0.9120764888  -0.1678595328
s3
 1.8741610412
 0.6006723186
 0.6403809640
-0.6532478484
-1.7628523375
 0.3021118892
 1.2626960348
 0.0183005327
 1.1515019099
 0.2106080277
-0.3804270644
-0.4141413661
 0.3585638608
 0.9596580267
 0.4971646948
 0.2346705832
-0.8059090538
 1.0466056446
 0.5900525725
-1.5984267111
-2.0116159915
-0.4214009684
 0.4092485134
-1.3991091345
 2.6073397249
 0.2815018794
-1.1881190299
 0.1944000634
-0.9431084344
 0.9503264502
-0.9429442977
 0.7920892569
-0.5850844704
 0.0177138146
 1.3759970429
 0.8635020664
 0.4950381514
 0.3198790665
-0.1121236125
-0.2203101342
w4
-0.8221785760  -2.8599799501  -2.1500503374   0.9861682402  -2.5970133295   0.6998367815  -1.9380993140   2.0617921295  -1.3435131471   0.0403502730  -0.5608292547  -0.6168995915  -1.7205127774  -3.0707676671   0.5140554644  -3.0956928757   0.3769699270   0.5750676080  -1.8482411762  -0.6613511623   0.4929383151   0.2055655635  -2.7741984784  -3.6274111979  -0.5793871832  -3.0458261071  -1.3527064542  -1.4900193343  -0.1796354676   1.9692424184   0.2457663196  -0.3707789958  -0.9300383739  -1.7382945011  -1.6591699308   2.7530042605  -2.7286000334   0.3719233308   0.0727827876  -0.9987938908
 1.0737199009   0.4608919948  -0.4160137292  -2.4624308500  -0.8733887107  -0.2614460227   1.0439667573  -0.6272725822   2.1448200777  -1.7252109923  -0.7060008160  -1.3552346740  -2.7678033417   0.4845849159   0.0112595999   1.3767840072   0.8021667171  -0.6452278030   0.9097702580   0.5445845461   0.6681692002  -0.6995040773   1.9839226277  -0.7791294048  -1.9468439628   0.2249272781  -0.3960288572  -2.7326754837   0.7537673546   1.1699174276   0.4682893982   0.9423407865   0.1999879977   1.2787214135   0.7361012556   0.7592444075  -0.6957510178  -1.9345798576  -0.7029590072   2.0401547763
-0.7767748942  -0.7341638630  -1.1373441484   0.4525136224  -0.4172451590  -1.2033237254  -0.5791144075  -2.6360602991  -1.7570376248   0.7633453604   0.6159889078  -0.1000479226  -0.4220968035   1.5687941853  -0.4831536820  -0.2478686708   0.3308567104   0.4463592641   1.3544520352   0.0845973044   0.7683525144   0.8165186083   0.5200946886   1.8256253943  -0.5451879072   0.0606257248   0.2851016253  -0.4786799168  -0.0360535970  -0.4098163126  -0.2434918877  -0.4514704251   1.0553060104   1.9096254620  -1.8002852573  -1.4324122880  -2.9195312324  -1.8015366806   0.0214655737   0.7535299159
-0.1541152123   0.8478182421   0.5453897722  -1.8536784753  -0.3076059334  -1.4252818566   0.8932518325  -0.9950620704  -0.8370742325  -0.3514151654  -3.2402152501  -0.9444605248   0.3036242964   0.3716223248  -1.0763410570  -1.7265561326  -1.0244559175   0.9010313908   1.3373962387   1.4031838100   0.2991531496   0.1773160989  -2.1811072324  -0.5090848212  -0.5213820672  -0.3485097860  -0.1105195579  -2.6971627621  -0.4202231190  -2.0267439199   1.5124716899   1.0531990066   0.4070346284   0.1046097245   1.3076190999   2.1251702405  -0.3371568968  -0.5031830725  -1.1532026534   0.8580847845
 0.6527619742  -0.2135488371  -0.1931711213   0.7918038973   1.1503712139  -1.0314634842  -1.6343527710  -1.5431791739  -0.0836715193   0.3649301465  -0.9456424719   0.6764403908   0.4710524064   0.1871307402  -1.1545192380  -0.7295892589   0.2866041953  -0.0072984033   1.4979371050   1.1360080363   0.5509695558  -0.1470603871   1.6390398115   0.7490327599   0.7466844903   0.3617649178  -2.5612930508  -1.3668918451  -0.8967782143  -1.2690333036   1.3082091986   0.5934894133  -0.2594198311  -0.4292005849  -0.2476443092  -0.2857782612  -0.5223886229  -0.1706891664   0.3558791729   1.9405869671
 1.0778993002   0.0269660541  -1.2865617305  -1.1286025652  -0.9917357980  -0.3714282835  -1.0726708564  -0.7408457025  -0.5180584570   0.6530340836  -1.0711071139  -0.8310798467  -0.2489284643  -0.5146311535   0.2437960739  -0.7544003565   1.2581572720  -0.3842362924  -1.5424520856   1.1683938970  -0.9684981735  -0.4819833036   0.0593596704  -0.7630149103  -1.4994188522   0.5950989173  -0.4878322475   0.4349021946  -0.8550502206  -1.2142195140   0.5948032455   0.1964206796   1.9591127174  -0.6613015515   0.3736612515   1.1932480180  -0.9710586779  -0.4294373849  -0.6827602523  -0.4574734800
-0.8377907107   1.0935198390  -0.8390192345  -0.8745963156  -1.3322468152  -0.5211761721   0.9549750117   0.0251097991  -0.7109232190  -0.7525850079   1.2272461103   0.8055361530  -0.5052438017  -0.4221611036   0.6890185317  -0.2448011831  -2.3183325047  -1.3389640609   0.7346046761   0.3804778016  -0.2966792587   0.0020183763  -1.5769851518  -1.1976553137  -3.3850224643  -0.9596026654   1.5211318820   1.1268831819  -0.2057902119   1.3926202493   0.1646776643  -2.1629520929  -1.9398500817   0.4618044664  -0.9222209504   0.0012577727  -0.7224753955  -1.9729276048  -0.8750765086   1.2681131082
-0.9726676768  -1.9379798971   1.8511345526   2.6796576053  -1.5202385227  -3.3120086041  -1.2786113752   1.1687494925  -1.7354298483   0.3628025332  -1.0196640743   0.5734266424  -1.4616613867   1.4583262792  -1.1034298647  -0.5542436104   0.3154578368   1.3410906107  -0.8556955697  -0.2384098956  -1.5498519404   0.3115563418  -1.0280226078  -0.5763144813  -1.5051985702  -0.8091622056  -0.4834610730  -1.2809709707   0.7634571240  -0.4454807490   0.9378266660  -2.4127325396  -1.6429217072   0.7540509555   0.2235193106  -0.0723706908  -1.2829438394  -0.7938277296  -0.6719148927   1.0836231977
-0.8267198997   1.2663024693   1.1240729494  -1.7930743388   1.7734376049  -0.0099956694   1.3069272026  -0.0440886189  -0.4095665140   0.3041009296  -0.0241412272   0.6248316258  -0.7034791787   1.8483739200  -0.6702676886  -0.0102362147   0.0818805215  -1.8232682843   0.2991926201  -1.7581703404  -1.4481760484   0.0800385265   0.4147743960  -0.2425720687  -1.7171935098  -0.9013376732  -1.6011211473   1.3896958942   0.4599559527   0.0594066343   0.1286983670  -0.7332473347  -0.5125671242  -1.1902129962  -0.9237298480  -0.5726317888  -0.3613031810  -0.0589750492  -1.2562663391   0.0704021382
-0.4177189374  -0.1363316400  -0.0983897721  -0.1370000732   1.4200282448   1.2575627575  -1.3076205070  -0.6928275926   1.4871430047   1.6282415255   0.9932177159  -1.5678343113   1.7380150093   0.6496527837   0.0526884589   2.0468056531  -0.9889609342  -1.5405222342   3.1458029249  -0.1606118231   0.0498180648  -0.7735289172  -1.7626740590  -0.9641806483   1.8031312928  -0.3133948989  -0.5539611002  -1.0899184668   0.0828357738  -3.2685334433   0.1880621995  -1.8120056496  -2.1356053052  -2.5862011003  -1.3041421617  -1.7410996578  -2.2723314606  -0.3109136229  -0.5351881500  -0.0396642250
 1.0964658570   0.5876490558   0.4304746354  -1.5902030131   0.1442838684  -0.1922531773   0.5985246297  -1.6465183458  -0.1549711372   0.6694132905  -1.4635850533   2.5276395104  -0.8479017247  -0.6938625560   0.2443078710  -0.9091032916  -0.4584972698  -1.7140594250  -0.8128527102  -0.0296634313  -0.7645896634  -0.2407870060  -1.1373531950  -1.4607350472  -2.4989750759  -1.2654924970  -0.9051301629   1.8609566544   1.3920851303  -0.8391947398   0.6614030443   1.3984474793  -0.8516151446  -0.5986439484   0.9555971876   1.7812277967   0.9007789964   0.0049160453  -0.0259496733  -0.2857264401
 1.2139071884   0.2479621939   1.0339590095  -1.9433134826  -0.9392103952   0.5102949920  -0.1790826942  -1.7975863918  -0.8529155380  -0.0588280365   0.4117218057  -0.9571053865   0.0813664830  -1.1781279717   0.3336138600   0.1123807130  -0.1014288251  -0.5172324679  -0.9232825667   1.5870194167   0.7425847762  -2.5260806903   0.5895747257   1.6608987326  -0.2633800991  -0.0000075297   2.3074115470  -1.9304079610   0.0144467571  -0.8504272434   0.3047935277   0.5109270088   1.6738095669  -0.0557123609   0.4867295855   0.9152123547  -2.1245816122  -0.6002395225  -1.4838670500  -1.8843904892
 0.5284179605   0.1893517635  -0.7306803520   0.4627255759   0.1228523024  -0.8308031639   1.4871552901  -1.2863716687  -0.1991251845  -0.8372851160  -0.7909586894  -0.9942080656  -0.3025679199  -0.7604699747   0.8568739315  -0.5952838911  -1.0455997889  -0.6206527619   1.4865983063   0.4321149242   0.4150486302   0.3064818104   0.5505581503  -1.3089386621  -0.0318911528   0.1763595418  -0.7500184304  -1.1994043157  -1.6771744970  -0.8935925260  -0.1036237351  -2.5234637019   0.0788825767  -0.9399730881  -2.0887004631  -0.0113453643   2.3533887676  -0.2003511189  -0.1876932453  -0.6513598406
 1.4833213880  -1.7769232522   0.5696365489  -3.9597741565   1.1795400477  -0.1694591795   0.3530923058   0.3003171094  -0.0480707633   0.1010951621  -0.8618022458   3.0084240053  -1.1209354321  -0.3047530249  -0.5250238834  -0.2115049037  -0.4862087476  -0.1857028302  -2.5031273485  -0.4550490508   1.0019988829  -0.0387358386   0.0740811548  -0.7340159080  -0.9639286085  -1.3319099295  -3.2269202396  -1.0291659655  -0.5927037401  -0.1348135926  -0.1937451497   1.4320005947   1.0850357692  -0.8638423548  -0.3358852041  -0.0665342981  -0.5031875140   2.7933101430  -2.0243844091  -0.0317897798
-2.5150970595  -0.1817043680  -0.3199802954  -0.9514761719  -0.5537783364  -1.4098680958   0.8468736839   0.2341041534  -0.7257430037  -0.2407582293  -0.9010927516   1.9806168632  -0.2822246066   0.5692066040   0.0193769225  -0.9828377946   2.0740693520  -2.1937467148   1.4805215109  -0.4813067949  -0.9970216699  -0.2876332441   0.8534730269   0.7716063364   0.6232743754  -0.5009545052   0.6075329470  -1.2520251703   0.1096037645  -1.7300206782   0.2095959028   0.5094921139  -1.2664868580  -0.8503665724   0.9456202034  -1.3621856944  -0.0154364641  -0.6157968526   0.2079572210  -1.8775106266
-1.1391101611  -0.3381466818  -1.6776177161  -1.6376898708   1.2307722910  -0.1485911733   0.3158148405  -0.5952285961   0.0452554544   0.6440315871   0.4076620990   0.7590002078   1.0369043121   0.1707492215   2.4148149150   1.0567128323  -1.8780167669  -1.0157487393   1.8413818333  -0.5051217585  -0.6498047225   2.1633894566   0.0884071352   0.1020018870  -2.9997714512   0.5176560895   0.2037834984  -0.4709934085  -1.0606640635   0.1540557791  -0.6214557548  -0.0114071298  -1.6894644040  -0.5901905861  -0.9308531379  -0.6216240087  -0.1163425869   0.9615874621  -0.5939433541  -1.4133898342
-1.8773229095  -0.2928993616  -0.3190738294   1.0444868329   1.0604849599   1.5115674815   1.0483234353  -0.1298741088   0.2755557051   0.2701168338   0.4506553161  -1.8300943739  -1.5156396796   0.2420078123  -0.9416978336   0.6104088310   1.3108027554  -1.6304184559  -2.5491578391  -0.0826412067   1.4133212550   0.2447082202   0.8549931185  -0.5788919291  -2.3386184573   0.0320205963   0.9644532905  -0.8344655718  -0.7722379085  -1.3605736380  -0.6715324839   1.2440280499   1.0401802961  -0.8071179402  -1.6010336219  -0.9332565780   0.2508458281  -0.2739935495   0.8019729244   0.4405852135
 1.8889425154   0.5448709945  -0.2721933926  -1.0314108433  -0.5777595163   0.8553765786   0.5198259554  -1.0515546125  -1.1382093487   0.0513157613  -2.0270189486  -0.3220064007   0.6334991904  -0.6392789072   1.3936301259  -0.6591300144   0.2416971864  -1.4235190135  -0.2593336879   1.4921961477  -0.2223485257   0.2944586028  -0.6536195448  -0.5565124172  -0.2356555066   0.0020321480  -0.4667758281  -0.6529042247   0.7836079442  -2.1467291679   2.2998883245   0.0248201720   0.8870032534   1.4127319579   0.9717445798  -1.4126895256   0.2309189513  -0.8096344170  -1.4448069354  -0.9237153142
-0.0370618274   1.9272372303   1.2649026380  -1.8874429593   0.5245376013  -0.8026266529   1.0891686827  -1.2012132874  -0.2507892846   0.1947400322   0.6131611154  -0.7700189470  -0.6003582636   0.3170131667   1.6290148513   0.4786956565  -0.1837237456   0.7039230660   0.0352710493   0.1885777692  -1.6642755629   0.9438471324  -1.3928862164   0.1487895895  -0.3975317219   0.7303144695  -2.5874902169  -0.4098367987  -0.2699264939  -1.5461149625   0.4279640120  -1.8145181617   0.1058448775   2.0090446500   0.8572027565  -1.2407867987  -1.4011973382  -1.1971234823   0.2387998540  -1.2892937476
 0.4598915703   0.4148554311   0.2407028034   0.3065803552   0.0545881792  -0.0456990132  -0.5262759618  -2.1428965551  -0.5561523850   0.0283760937  -1.1039479087   0.1887782027   0.7360330426  -1.5704584361   2.1709345367  -1.2410782150  -0.9134487414  -1.5067518450  -0.6884869328  -0.5007218061  -0.2075372957  -0.2392501833  -0.5488658040  -1.2256348252   0.1149570410   0.0017208503  -0.6383415167  -0.7473963246   0.7086250731  -0.4211727473  -1.1187471659   0.1401719765  -2.0323879318  -1.5871877399   1.5223551020   1.0668879479  -1.0123063068  -0.4400413485   1.3435989012   0.1175602572
-0.8924730961  -2.0833023304  -0.6840385547  -0.7647779299   0.5785520668  -0.4487089341   2.1820596709  -0.1753275545  -0.3734490697  -0.1193676298  -1.5180532391  -0.5632636528   1.9542740174  -0.0414329349   0.9826190061  -0.2560223121   1.2066284472   0.5751598796   0.9755337981   0.7059919443   1.2822451124  -0.6882013443  -1.6121354523  -0.1044322339  -1.2642808170  -1.0430206316  -2.0434453734  -1.3157602485  -0.1623222602  -1.3504645180  -0.2182878440   1.4616337947  -0.9120387989  -0.7363455914   0.1285199934   1.5876827594   1.6974784136  -0.2313952156  -0.9790943983   0.5918630632
-0.4745349363   1.0160984574  -0.5589035695  -0.9293441354   0.3749233738  -1.6110575536   1.0209626295   0.0093022139  -1.1765073625  -0.7064771649   1.6251143412   1.6270961698   0.5485035488  -0.0161849634   1.3665963680   1.3065254393   0.2056038967   0.0958573661  -1.5866286105   0.7031205243  -1.5658588792   1.6979995842  -1.1186375845  -0.7325145823  -1.1011492264  -1.1790253437   0.4492621582   0.7707766968  -0.0804620378   0.8391748519  -0.2213662142  -1.9209802567  -2.0990247005  -1.0703469270  -0.2109210162  -1.1587419294   0.8301652858  -1.0273889213  -0.3126238711   0.7068552847
 0.1353620684  -2.1840723333  -0.8862464812  -0.2557529127  -0.0074869422  -1.3788911205   0.0693473368   0.0180734207  -1.4064938417   1.2455968318   0.8373971362   1.0220571373  -0.8824366426  -0.1879772712   0.4805920969   0.0246706756  -1.6937300055   0.7683961446  -1.0554480843   0.0771617786   1.0665450713  -0.2489671676  -0.8414993228   2.0362747735  -0.9501871890   0.2079355925  -1.6016133465  -0.6040615089   0.0398559612  -0.5283120439   2.5509126136   0.9554245265  -0.6717457496  -1.9212282172  -1.2317806704  -2.0676030862   0.1178674732  -0.6902472078   0.7242716335  -0.3220481088
-2.8545848763  -1.8807252684  -0.0524289201   0.9955297165  -0.7612937002  -0.7156279991  -0.4700303924  -0.8121743047   0.0518570599   3.1405025685   1.0006616372   3.6970802227   2.7544346778  -1.4322087391   1.0956111727  -1.8629137031  -0.2244127252   0.7502381491  -0.3551707038  -0.4190108362  -0.3954797075   1.2212942735  -1.3523117761   1.6602240447   0.7795100476   0.3632450502  -0.1680908791   0.7169821351   1.2487269949  -1.8486328919  -0.7498993956  -2.1010928935  -3.2695073631  -2.2274217815   0.6324955619  -1.4994793324  -0.7704956229   0.4657301355  -0.6754703868  -0.6544152375
-0.7444414753   1.4676416696  -2.4391134287  -0.5366731971   1.5022055302  -0.5255018984  -0.4206731752  -1.8418542964   1.6673988768   0.1655525446  -0.2908800178  -1.9531493701   0.6644516731   0.8664697537  -0.3568492254   2.2755949726   0.6952222316  -0.8421558026  -0.1124812976  -0.4963678857  -0.9876214649  -0.7308527300  -2.0295351924  -0.2231863457   0.8352071057  -0.7095736959   0.3247041638  -1.4779770560  -0.2497752516  -0.8088449433  -0.1669241157  -1.1586499641  -2.5588428788  -0.5497486450  -0.7052489940  -1.2074942291  -0.5963654119   1.0360747064  -2.2359783731  -0.7070461742
 0.1027676746   0.4432317969  -0.9360505111   0.5124259592  -0.6332178814  -0.6702495283   0.5533372256  -0.5479133253   0.4408583650   0.7398141810   1.0203830327  -1.0132429416   0.3183366093   1.0009548140   0.3903536799   1.0024409998   0.7170128209   1.1544236029  -2.1340015505   2.2408740191   0.5726786984   0.7195721177  -0.1760275984  -0.2649416844  -1.0153396930   0.9155371130  -2.1009159528  -2.6936510368  -0.2576171020   0.2920786487  -0.9626746712  -1.3437950694  -0.4778740672   0.1730202953  -0.6370615191  -1.1876010987   0.8809289971   0.5103718673  -1.0201342118   1.1438707476
 0.1081233870  -0.7484246238   0.3642185299   0.8273452396  -0.6594686678  -0.4524305796   2.6878651793  -0.6375986552  -0.7703873965   0.6771162530   1.2185056298  -0.7986519213   1.2195164155  -0.0079237649   0.5089248617  -0.4680943898  -0.2184063962  -0.5138952274  -0.5439115843  -1.9390153430   0.6313484921  -1.7901474084  -0.9927390208   0.6830177603  -1.3142033076   0.0156335907  -0.7216762241  -1.2293657687   0.0425973421   0.5262037640  -1.1242364186   0.5667886475  -0.0266986480  -1.9702099429   1.7242727464  -0.1699163773  -1.2699889285  -0.5330358297  -1.7035491833  -0.2164524218
-1.4370908603   0.4047767398   0.5026286741  -3.9956808070  -0.6063219825  -0.2316908771  -0.2239710641   0.6849848779   1.4166997098  -0.2348960228   0.7465991051   1.0126205992  -0.3883669976  -0.0317146750   1.5709413705   1.2369922148  -0.2175652958  -0.2538320633   0.4485650591  -0.3973218005   0.9361721038   0.3240544191   1.5281340260  -0.4502803202  -0.0811824336  -2.5185910322  -1.9590922269   0.3645972923   1.2036050741  -2.6461303259  -0.6215244606  -0.2536225057   1.5065034380  -1.7833014835  -0.9418307961   1.4176219610  -1.0438802277   1.0729135349  -0.2055387191  -0.1727625137
 0.2597508149   0.4516106073  -2.4902454139   0.1268054181  -0.4203813156   0.1231674063  -1.0278864215   1.2501158127  -1.3986638466  -0.1605384914  -0.8498944042  -0.1729061933   0.4237852892   1.7286206606   0.1339801147  -0.2400423523  -1.4335143843  -0.2437567433   1.9732992563  -0.3302944207  -0.6033654096   0.3423239116  -0.9061979034  -1.5415836906   0.5297034914   1.6346100252  -0.6719900337  -1.1288115525  -0.1695170759   0.3193422772  -2.0305606398   0.4345283625  -1.0375728392  -0.4196139436  -0.8961293358  -2.5671049953  -1.0699867647  -1.2242386546  -1.0521569292   0.5164457953
-1.9170506229  -0.8330986818  -1.0937607898  -0.0220464698  -0.4632150023  -0.3913820667   0.4861710516  -1.6116025853  -0.1659928849   1.9085561064   0.1005769618   3.1138881782  -3.1342285075  -0.5798248307   1.4275970699  -0.6778980916   0.4956990101  -1.1732313419  -0.1811036788   0.6790475610  -1.9135674582  -0.6047725453   0.7622466419   2.2086573018   0.9518277023   1.5104232587   1.7733370584   0.2306338886  -0.5051284871  -1.5336832614   1.1757637088  -4.5775806327  -1.5269921072  -0.4602767252  -0.8948901699  -1.1663627085  -0.0327237658  -2.1554382622  -1.3745272280   1.8230634411
-0.4165681423   2.2860084820  -0.3698396145  -1.3503193092  -0.4325503958   2.0085594249  -1.4481144162   0.4007872122   0.3627470370  -0.2873899418   0.4124094710  -0.1317402264   0.7768492447  -0.1353317927   0.4815865854  -0.1186380841   0.1270221259  -0.9763864152  -1.4356030173   1.1924178136   0.4218095272   0.2549223186  -0.6282808970   0.1177028525   0.0518125694   0.5793078017  -0.3047707952  -1.3405072295  -0.8221303134  -1.1642228388  -0.3087373473  -0.5146871890  -1.2670772439  -1.0082369330   0.0785621156   0.3719450591  -0.8063574913  -0.5594874586  -0.4037659117   0.2071356772
-1.0710923588  -1.5841124001  -1.3754103046   1.9668200648   0.6380836707  -0.9662739965  -0.4672038476  -1.5734940317  -0.6592836617   2.1259520806  -0.5142639071  -0.6268379855   0.0654693900  -2.3725131736  -1.4275852779   0.0402029751  -0.2754925426  -1.4485723865  -1.2154150100   0.1980489789   1.0681438266  -0.3024423213   0.0433139416  -0.5600246305  -3.3290825685   0.7493877919  -1.8005147079  -0.6925154912  -0.6167625107   0.3044983774   0.7169723204  -0.1174778851  -0.5282010547  -0.4098016353   1.0866649014   0.6432307731   0.2688044261   0.1054263616   1.4444658773  -0.4373176924
-0.2218223071   0.0375427177   0.7374180830  -0.6767538984  -0.7889479992   0.7591117262   1.1118380243  -0.0198988384  -0.5966597790  -1.5848315482   0.9992939940  -1.7181943694  -1.0680680459   0.3876291834   1.6135016148   0.4046314277  -0.0342280595  -0.0003115522  -1.0667847938  -0.6829867456  -0.2092783365  -1.8131134289  -1.0788294450  -0.5797568123  -1.2294770081   1.4195191742  -0.8325969368   1.4067677381   0.3659731194  -0.5450733366  -1.3847662114  -0.8268535805  -0.4494185942   0.3282294422   0.0514977769  -1.9684479745   0.9494818882  -0.0746649253  -1.7129469761  -0.2284409055
 1.3819430391   2.3864379540   1.5770515105  -0.0931307282   0.0365117929   0.4155565322   1.3820419089  -1.8908598001  -3.4350363833   0.7927877654  -0.2004378650  -2.4647388691  -0.9177768273   1.2919605977  -0.2090010468   2.5714218986   1.6513875591  -1.0208032434  -0.2145806341   1.8899249107   0.5944984473  -1.0850221163   1.6505805519  -2.7325207579   0.2315842207  -0.0334419891  -3.8141815115  -0.4785953140   0.6751979311  -0.8131871931   1.2997463936  -0.4565918473  -1.7934617249   0.5964998793  -0.7857266359  -0.7041084328  -2.1536158034   0.5783053811  -0.8936861334   0.1063340217
 0.5000152739  -1.2146495430  -0.7470963565  -0.1440570787   1.4468229932   1.0163391466   0.2577093293  -0.4871978292  -0.1064844250  -0.8889758774  -0.6417392478  -0.4549708622  -0.4996764924  -0.9928329744  -0.0603438088   0.7678653990   0.0156030589  -1.0054704620   0.3018720219  -1.2737948780  -1.6506689161   1.1782967369  -0.8340020911   0.5058172302  -1.0134487936   0.0757156569   0.2523962856  -1.1862291679   0.0652805177  -0.8672345906   1.9760892505  -1.8523999658  -1.2260718740   0.9413920589  -0.0285892530   0.2699471147  -0.6296060378   0.9776345260  -1.2149899241   1.3189678121
 0.8313825647  -1.4487583678  -0.2607924772  -2.1620008063  -0.0631499585  -0.3901011270   0.3082008960   0.3968842695  -0.8424295395  -0.3511907066  -1.3937894701  -0.7072556741  -0.6417698755   1.5606350228   1.6793198221  -0.0752121249   1.3946881555  -0.7162953052   2.2262698325  -0.8813687378  -1.2781048040   0.6367886941  -0.0709061861   0.8394990548  -1.4850547019   0.0024229364   0.0642358763  -0.7032159176   0.6922444105  -2.2171894407  -0.3933784157  -0.0025079475  -2.8974261960  -0.3105554101  -0.3872918568   1.8178164009  -1.3575487959   0.5393600882  -0.9269847211  -0.4096354587
-0.5082745102  -0.4169729625  -1.0644622358  -2.3797129852   1.3442138996  -0.0123023400   0.2237768868  -1.6133144551  -1.1865806798   0.1235053446   0.0457955928   0.6100831979   0.3175726873   0.3025746922   1.0087011431  -1.0931211063   1.3042004306  -0.5899122546  -0.5227748093  -0.2531428854  -0.9022151931  -0.9387353159  -1.4692041239   0.3666266284  -0.1774082497  -0.0714862257  -0.6456162389  -0.0649287821  -0.2407422438   0.5054061795  -0.3113190334  -0.9525640075   0.2176874675  -1.3282486801  -0.3436702610   1.1167971720   0.2144476834  -1.3030860700   0.4502343702  -0.5208824008
 2.4798454495   1.1110114349  -2.7475371272   1.2230173265   2.5624952501  -0.6692285766   0.6817056324  -0.6983824009   0.2363892121  -3.0487539412   0.9966666408   0.9982661395  -2.2712342451   0.2363687295  -0.3206621873  -1.7523023834   0.2742230292  -0.0006039476  -0.3949215335   1.3731171890  -1.4127549284  -0.9733177405   2.6276269953   1.6607475991  -0.1866777730   2.8459982832  -1.5389949269  -1.1123278729   0.0566685868   0.0796503749  -0.0784628365  -2.2219798698  -1.5145644884  -0.1582516715  -1.2165081998   0.0850655432  -0.9157211658  -0.8752672861   0.5129250482   1.6130581395
 0.3744352607  -0.9516768920   0.3519995639  -0.1732043926   1.9140875795  -0.1272477077  -1.3972676765   1.5229469812  -0.8530812207   0.5244937012  -0.4838186427  -1.3493756239   0.2292956814   0.0999554714  -0.6155659644   0.9002386259   1.5677140863  -0.6253426256   0.1519071997   0.1053971610  -0.5218371637  -0.0845867263   1.1175012061   0.6007648441  -0.4918629907   1.0081798119  -1.4560270907  -1.7435162024   0.0294853146   0.1291133323  -0.4759055185  -0.4527182744   0.0452667485   0.3630756630  -1.5999183306  -0.2169119372  -0.4889490939   0.7225642150  -1.4950627459   1.9545117976
-0.7983378953  -0.8149100165   2.3363020435  -1.4762282542  -0.6854526377  -2.3268142008   2.2146052252   0.0035244083   0.0660529520   0.3620575695   0.7249947136  -0.0570289566  -2.3720865708   1.6456441235  -0.7960664677  -0.2788926441  -0.1780442859  -3.9984821280   0.2234087199  -1.1142005830   0.7165937850   0.3752146556   0.6431763764  -2.2476130663   0.3300370058  -0.3314853564   0.5670182129   0.1380055554  -0.7709032672  -0.4010606526   0.2750131200   0.0193861982   0.2056120800   0.1056759005   2.5116984125  -0.4911569877   0.0627232767  -1.8092044291  -2.8498371175   0.4193093276
s4
 1.7427920855
 0.7116389246
-0.4719174394
-1.0886230611
-2.5578598156
 0.1815856481
 0.8100375615
-0.8495457091
 0.8020599132
-0.0709777497
-1.2629008591
-0.7047491020
 0.3112158332
 0.3221139268
 0.2721194918
 0.2626929769
-1.0787716007
-0.0808471422
 0.4563547790
-1.3391164330
-2.5219893187
-0.4981568941
 0.3492170016
-2.1709702408
 1.4779472972
-0.6061323304
-1.0621080272
 0.0313803428
-1.1920682543
-0.2278828155
-0.5717429067
 0.1124016866
-1.2446014176
-0.6965946754
 1.1486341098
 0.8558603510
 0.5705776582
-0.3416776926
-0.2171936469
-0.8076541190
w5
3.2084879143  -1.5926135372  -1.2829955240  -2.3476667303  -1.3946297358  1.2654919014  -0.8623589433  -2.3237958693  0.0734467429  2.1333842836  1.1627904097  -2.1352663008  0.0673751625  2.9473285032  0.8620157217  -0.5109765611  0.4768455040  -0.3038578579  -0.1029596298  -0.8145010719  -1.4085490836  -1.3411603057  -1.2339254655  -2.0419657147  1.7998181560  -0.0238206668  1.6776130898  1.4017245733  -1.8595135038  2.2492741858  -0.5865676663  1.8144207941  0.2006767270  -3.3975442723  0.2076964286  -2.4482612330  0.7844410443  1.0542587141  -0.6222633190  2.1888950202
s5
-0.0476189523

