layers: 6
str: {2,40,40,40,40,1}
w1
 3.0763686112   0.7697926165
 0.1740232170   2.9650024776
-1.9345313959  -0.0435266369
-1.8266700943  -1.2291230768
-2.7610116436  -2.4734120488
 1.3242717576   0.6539574208
 3.4834811582   0.9884356328
-2.0331295896   0.2874149383
-3.0123302296  -1.2856206490
 2.8409280095   1.4675744173
-2.0674523220  -0.4548653670
-2.0197093047   0.3094487946
-2.6222771269   0.0987613293
 1.7680904841  -0.1115617160
-1.1177141849   1.5363571247
 2.9852619398   0.2391932341
-2.4444784038   1.4669692125
-3.9549503784  -2.2986629856
-0.4720649808  -2.0045208954
-2.0816324247   2.0097408145
 1.0074558461  -0.0301512487
-3.1108744283  -0.9489489114
-2.4711404330   0.2406960287
-0.0156487886  -2.3497319039
-1.8999174030   0.9251988880
 3.0029253379  -1.1114395559
 1.6129150532  -0.9156127310
 2.1449302663  -0.1864150902
-3.1456911772  -1.0141682933
 3.4066138355   0.6542903354
-1.8686337556  -2.1732424326
-1.6013181109   0.7599489217
-0.4449483345  -1.1795566622
 3.1436289318   2.2872203218
 0.0746594394   2.2779782295
 2.5739688667  -3.0061662566
 2.4219286346  -0.9924594555
 2.4758585163   1.8872647745
-0.6284319419   2.9703856817
-3.1662583125  -0.1430179856
s1
 3.1818395865
 2.8475514436
 3.3024148799
-3.0061716364
 1.7677831647
-3.4982794027
-0.0151129536
 2.9473563990
-1.0760819644
-5.8468893211
 3.5370005831
-3.6135107247
 6.0776270732
-3.2923042604
-3.8185595852
-2.6565516534
-2.2170994704
 0.7581788078
-0.4498192097
 1.6990797356
-0.4852004119
 0.8396082553
-5.6269586669
 0.3814673330
 1.2650044205
-1.3408951866
-0.9030384381
-4.0665888999
-7.2298397485
 2.7694228355
 2.7384797503
-0.9721106444
-0.9562690169
-0.1144153044
-5.3116237358
 0.3445009240
 1.7638652049
 3.0708314393
 6.4274098286
-8.0023607508
w2
 1.7695432602   1.8807282813  -0.8430943674  -0.8233066238  -1.5170572738  -0.2061646649   0.3202612815  -0.5099170991   2.0203375534   1.4666108052  -1.7740614336   0.8048225015   1.6088851759  -1.4016751485  -0.6957327336   1.5998697117   0.8220715824  -0.2127955860  -0.6534164904   2.9790157722  -0.4068493530  -0.6028165399   1.4304541926  -1.0759408764   1.8496176265   0.8510739055  -2.0773671336  -1.5496603218  -1.5625113246   0.8930620878  -1.9362121698   1.9864832154   1.6789239044  -2.8762614450  -0.0769072096  -1.1961967128  -1.5460131729   0.6464213333  -2.5218252785   2.0694155427
 1.2855650567   0.4155775393  -1.2784686128   0.7279600185   0.5655265676  -0.5563330290   0.2649596916  -0.1903583427  -0.2380119993  -0.6327411289   1.2013926977  -2.6837486939   0.2680868473  -0.1839915595   1.5554937394   0.1853526466   1.7199807276  -0.1966684920  -0.4733460430  -1.6958046483   0.5206121722  -1.7935954252  -0.0244367603  -0.1141120905  -1.2267846128   1.2589425991  -0.3316358316   1.0584688775   1.4153707473   1.1513810189  -0.0701871531   0.1310787357  -1.7290357007   0.8199078684  -0.5159206483   1.6283273060   0.0664846746  -1.2124457658   0.9800884198   0.5614753786
-0.2533139397   0.7103948630   1.6154440378  -1.2849252324   1.1159767714  -0.7635157526  -1.4472916073  -0.0526286155   0.5913379180   0.0380539661   2.0256836154  -0.4700469482   0.6664590524  -0.0655233901   1.0470289310  -2.8032757396  -0.9401734816  -0.5209538221  -0.7587435912  -0.2512420774   0.0803371572   1.1492341836  -0.0798641844  -0.8976108353  -1.0780964724  -2.3089356511   0.2674213585  -0.9674992534  -0.9806834561  -2.4072663004   0.9177686461  -0.3831554979  -0.6281818479  -2.0684486149   0.3050958880   0.1305706926   0.2870991788   1.1907812569   1.4066597107  -3.5465860941
 1.5471224257   1.6267120213  -0.4435789176  -2.4850698121  -1.4747409605  -0.1666375530   2.6142012706   1.4014847783   0.1037518123   1.1354405659   0.9309796379   0.5433581042   0.2314307834   1.0546717270  -0.2524472577   1.4194828280  -0.4465000144   0.6385170429  -0.7053623891  -0.8730103195   0.5674320425  -0.7124452349   0.3465429403   0.0381286038  -0.3982853207   0.0780220845  -1.5831595073   0.4472241401  -1.0002967290   1.5557391967  -1.6216355627  -0.4526992269  -0.9325345924   1.4553158810   0.0903098005   0.1773366915   1.5655075520   2.4919046680   0.2236249323  -0.6348567432
-1.7962519785  -0.8793123264   0.0695159561   0.9469731740  -0.5047629156   1.7785975811   0.1506772443  -0.5319070241   2.8096513464   2.0578387598  -1.4627607124   1.3618161473   0.2141353692  -0.0612849706   0.8472695664   1.2766529299  -2.3470812107   1.5825216860  -0.4561903282   2.3829508124  -1.1373325865  -1.3931830350  -0.5421925082  -2.7252787875   1.6316992814   0.8377261352   1.3013130096  -0.5340525682   1.4454063962  -2.7810166999   0.6806672589  -0.7499924705  -1.5868714803   0.0974473674   1.5036318987  -0.3044315996   0.3261513656  -0.1234483906   0.7397080256   2.0248508669
-1.8100474343   0.6947101532   1.4177498313   0.7880405612  -0.5207992358  -0.9498502216  -2.8194398613   1.7309818123   2.1197460598  -0.5895631595  -0.1321203263   0.7362775859   1.4794928323  -2.8046568612   1.2286956127  -1.2908405507   1.0347846466   2.0772474539  -0.7904844327   1.2649552883  -0.9815626236   1.4485734865   0.1353006202  -0.4376296851  -0.3284711934  -0.9796291210  -1.0961497922   0.5270177336  -1.0574351358  -1.7323905354   0.7849410084  -0.4348491406   1.5535824709  -0.1562487893  -1.1586891405  -1.0667839552  -2.0708602825  -2.0040750344   1.1145866662   1.9148331298
-1.9763166317  -0.0613605085  -0.2409097736   0.5758171105  -0.0915441952  -0.1392066323  -1.6664571516   2.6434541577   1.0285650036  -0.7243796272   0.4805454731   2.1859827805  -0.6316662560  -2.1067539447   0.6856662269  -0.8726773802   0.8876170250   0.7123773165   0.1937181828  -0.3475981150  -2.4650263469   1.5672299695   0.5065455234   0.9233775461  -0.6208613350  -2.1890218183   0.3319319385  -0.4927613256   0.6618075837  -3.6935415334   0.2724118286   0.4470255473   0.0194957103   0.3179006583  -0.5943651153  -0.8369361805  -1.3084781098   0.2796795125  -0.4345289391   0.3450259486
-2.5211629022  -0.1003328333  -2.3218060428   0.3687964616  -2.4480074660   1.4062092316   1.0174302016  -2.1022894483  -0.0292955491   1.6029503407  -1.8964322740  -0.7337752336  -2.7381708457   1.7951492328  -1.3759878891  -0.0994262351  -0.7379668171   0.4828756890  -0.6186635485  -0.6174552151   0.0738103117   0.0580295037  -0.5565096314  -0.0202486012  -3.2694311476   0.6449645751   1.6250174408   3.6752444439   1.5801916817  -0.8929171920  -1.5530923337  -1.4437638487  -0.3525052688  -0.1513102035   2.3217843904  -0.2954333083   0.6958831353  -1.5445644778  -2.7835720475  -1.6973399206
 0.2907625633  -0.6740683710  -2.5891670333  -1.2315176072  -0.6337447713  -0.4895179156   1.4901237853  -2.9470337217  -0.4784498132  -1.1306382295  -1.4354860901  -2.2757496900  -2.3244595180   1.2680628622   0.7828755111   1.3868730529  -0.0945802511  -0.5286086321   0.7770024133  -0.1092960088   3.1308040180  -0.9650523311   1.5860896182   1.1680369153  -0.9674045355   0.0771647515   0.8955297596   1.4750249194   1.2595419591  -0.5610058500   0.3041241866  -0.5217558698   0.1080874600  -1.5927917258   2.2830274869  -1.8281120585  -1.5040482820  -0.8892047894   0.0789081896   0.9392877127
 1.0767320164   1.8244240534   0.9378692650  -0.5846787178   0.0760058543  -1.1944706792  -2.5103841449  -1.1486226278  -0.6868475756   0.8445322874   0.9488673366  -0.1535420306   0.3401733155  -0.5976660989   0.2210453119   1.8422411190  -0.4474594212   2.0631161557  -0.7715212930   0.4088729908  -0.1809909009   1.0342545045   0.6219728083  -2.1994197518  -0.0702300466   1.1224217653   1.2669509596  -0.9717382371   0.4335583750  -0.3076067288   0.2512788360   0.0476884991   0.6999456357   1.6550818521  -0.6562361496  -0.8892791778   0.1392444256   0.1557338072   0.0079339877   0.7651999365
 0.2093262802  -0.0593855514  -0.8482433422  -0.7972327795   0.1769551965  -0.7874551864  -0.1738991595   0.0373564159  -0.8411756219  -1.8853254539  -1.5843613338  -0.3059054375  -0.8986376387  -0.8632062910  -0.7905614925  -0.9828795582  -0.4645812155  -0.1790666050  -2.0612728761   0.2340995698  -1.0563449008  -0.5457539694   0.2973121962  -1.9414204840   0.2448591920  -0.7714620157   0.2754161606  -1.0772315354  -1.4758033042  -1.7328657459   0.8440298799  -0.2018382633   1.0634026492  -0.2635578798  -0.7904702978   0.8344629330  -0.1939388000  -0.0734752937  -0.6501408005  -0.3218129074
-1.0916853407   0.5247679943  -0.3479098897   0.0466677984   1.6315557095  -1.8885901810  -2.2528695947  -1.2923961367  -0.2189744454  -0.1276369697   1.3885063235  -2.2436958073  -0.6849407248  -0.9415960166  -1.8264861040  -0.6106532833  -1.1310325981   0.3276685119   0.3000664132   0.6632012134   0.4817645921   1.2282479274  -0.0845741284  -1.1021599369  -1.2273179626  -1.7381112622   0.0608782842  -0.2853248429   0.1614994765  -0.1255830571  -1.5791874465  -0.4315991122   0.1824321589   0.3794226730  -1.9844406736   1.9539931990   1.9651070009  -1.1475335515   0.3879117101   0.7075655930
 0.1487521670   2.4862868465   0.5450802364  -1.4387086943   1.1292492804  -0.4394658647  -0.0325884793  -1.4783185925  -1.7006660228   0.5512155733  -1.7547115598   1.3603205904  -0.2717742503  -0.9653757214  -1.2722684433  -0.5764446732  -2.0338151356  -1.4780664273   0.4709547745  -3.2522889580  -2.4754034323  -0.5239486174  -0.1354258140   0.6947841565   0.6887775185  -0.3822687576   0.5265342849   1.2079212128  -0.2196344666   0.3379404373  -0.1301155189  -0.5149071602   0.2011558046  -2.6838186957  -0.8179952387  -0.4838495544   1.0934597286  -0.0100074038   0.5454117521   0.6195602643
 0.0071063683  -0.4376852667   1.7798751279   0.4879908390   1.9342170887  -0.3104534257  -0.3605222850  -0.2858283743  -0.7765097977  -1.1400780109   2.8105688531   0.7660464686   1.0941184712  -0.9995804603  -0.4001130598  -2.9602036604   0.5305910688   2.6464762302   1.3908430928   1.2532027898  -2.2889776084   2.2621973223   1.2584704479   1.0900130733  -0.1019250198  -1.5065173671   1.6462699425  -0.1248785450   1.3157884482  -0.9327843118   2.1017257378  -0.8061983621   0.1989955834  -1.4213391646  -1.0975096516  -1.9551097514   0.8860969642  -0.3355881616  -1.5785176740  -1.4616719916
-1.3189458583   1.5264988239   0.1445988573   0.8369991096  -1.4362195980   1.4650675234  -1.5304439231   0.1231737824  -0.5939365504   1.0981617208  -2.0918026008   1.3713647882   0.8606064203  -0.8338787018   0.0879419512   0.7796583408   1.2439587492  -2.5078232612  -2.8877385782  -0.0406359739  -0.8493625904  -0.8743455833   0.2430123829   1.4239309022   0.4141400118   1.0640352620  -2.0582445223  -1.2078717705   1.2457222189   0.6928940594   0.5151612846   1.3466055517   0.5324968048   0.1543865146   2.6203605729  -1.6781747532  -1.8654699911  -1.9602700994   0.7368140968   1.4414237382
-0.5330863664   0.6442690416  -1.2242766417   1.4499950661  -0.0002183452   0.7665678780   0.3212418563  -0.9078830567   1.1440403002  -0.0861445363   0.5624183433  -0.0201332484  -0.6346287115  -0.4437712034  -1.0225595732   1.8000314205  -2.6100851845   0.5177836737   0.7835663992  -1.2499539281  -0.0910345909  -2.6199027892  -1.0118073735   0.5489950571   0.2893641360  -0.3416868478   0.3450332241   1.0753781689   2.2434993617   0.3487141114   0.3505576023   0.2615347426   0.2841884868  -0.7026291111   0.8211482953   0.9781438105   2.1878608354   1.0950117462   2.3067265701  -0.9217831365
 1.0126592453   1.0761375709  -1.7931397097   0.9282094049  -0.7665379040   0.3500606857  -0.8617337900   0.3014163743  -0.5020638210   1.5014596300  -1.3722823846   0.2795791785   1.7929522719  -0.9394080748   3.6807084942   0.7268634067   0.8596745780  -1.5351864230  -0.2084567563  -1.6535353156   1.3314769548  -0.8765030007  -0.1486660207  -0.5732132652  -1.1243482443   1.1991405816   0.9015430268  -0.8936528381   2.0121471809  -0.1915599253  -1.4720667775   0.8103014913  -2.7442627028   1.1072213244   0.4791461452   0.9842948889   0.4127810286  -0.0504086477   1.7399410104  -0.2183808396
-0.3893841727  -2.4534800505  -1.2800279091  -1.4279285416   0.0816136518   1.2804688076   1.2260169077  -0.4550692501   1.7783669753   0.5816462176  -0.6158297009   1.4439816421  -1.2186392623   1.0628373013  -0.2981433349   2.3881323590  -0.5434261259  -1.0451915449   0.3241812857   0.3102505295  -0.2288436815  -0.7882253147   2.0137536510   2.1323183722  -1.2879469200  -0.5138742404   0.8545291843   2.6013223042   1.6705949211  -0.3542345243  -0.6550861470  -1.3995744257   0.2182797139  -0.8037434858   0.8050785761   1.7156902273   1.3365654263  -0.3719608953   1.2660588632   2.6790528064
 0.5357610225   0.5442212824  -0.0586110895  -0.3302009423   2.1875847635   0.6302927461   0.4752452683  -1.9912634464   0.8803056872  -0.9127426232   0.3699661890  -1.0470639690   0.1297489767  -0.7494342767  -1.3819884458   0.7810470394   0.0159744914  -0.4411568628   1.1699141218   0.7378395431   1.2987387453  -0.4732307353  -2.8301433821   0.1338413269   0.5589848683  -0.0287208656   2.1631157446   0.9575896132  -2.8064064407   0.9246029937   0.7753402201  -0.7779475044   1.6106036000  -1.2640635961  -1.1905396407  -0.2230056131   1.8881889996   0.5762088471   2.0256385151  -3.2751981563
-1.1035758813  -1.3570924824   1.1086686720   2.2607607865   1.2409772552  -0.1877687034   0.4886207834  -1.6024428900   1.2736613443   0.2978809477  -1.0234129751   1.1099080453  -0.0107695632  -1.4901707823  -1.1755671750  -0.7535926021   1.4817799958   0.1009948935  -1.0943023068  -1.5283121941  -1.4073538439   0.7768483668   1.7373420085   0.7803925622  -0.0971719933  -0.1246548123  -2.4975003046  -0.4708077096   3.3219390362  -2.7540360151   2.5906334807  -0.1064695314  -1.2038327730   0.7682865192  -0.4496202012  -0.7934079646  -2.1516605671  -3.1268852696   1.1790491801   0.4765011550
-0.3604244586   0.2017375257  -1.4976694409   0.2783270370   1.0652692073   1.8449165841  -0.8323454882  -1.6036890654   2.0826307946   3.4479858897  -1.7930811494   0.8091819175   1.1170646912   1.2116376003   0.7907268405   0.2145105875   0.3423225235   0.1991304010  -0.5409155386   1.2431493290   0.9395377215  -0.7480393249  -0.7974768036  -0.5776295452   0.8231447157   1.1804201833  -1.0748654333  -1.1614138354   4.2376119273  -1.6995308826  -0.3421446900   0.4469173727   0.0582084653   0.7236282513   0.5739746290  -0.2681272952   0.2405872377  -1.0850186963  -0.2330582223   0.2552227263
 0.2470478910  -1.1805679893  -0.9392678007  -1.9485713525  -1.7470709947   1.7007305266   1.5572236760  -0.1436025993   0.5721261125   0.2268923423  -0.8784443093  -0.3093706431   1.9139926193  -0.3152170507   1.9965253634   1.7544319974  -0.7577408407  -0.2425423764  -0.2194855768  -0.0016632652  -0.6381386520   0.2907537327   1.0043537113   1.1307945002   0.0729735288   0.4800364652  -0.3956624593   0.8681733385  -0.4323929049  -0.1864809637   0.6660121425   1.7851279916  -0.9440041378   0.5933667327   0.6678265432   0.0148224787  -0.7610456313   0.7658501433   1.9472043665   0.8686250808
-3.4079292131  -0.7530699521  -1.5346151933   1.2113112202   0.0383187287  -1.2002976106  -0.1631481896   0.5344517524  -1.0123574549   0.4251375612   0.1696213620   0.8218721344  -0.1465122004  -1.0387250684   0.8212118499   0.7466012882   0.4591298724   0.0907572943  -0.1574007950  -0.3030307604  -0.6337718352   1.5483818868  -0.1424809269  -0.1084368317  -0.5509593380  -1.9268117375  -1.1453960059   0.8092585942   2.6996100994  -0.9277969658  -0.3244990244   0.1955489408   1.6247031259  -1.4907013603   0.3386687939   1.4753668885  -1.9961929331   0.3987008259  -2.1056388740   1.6246972289
 1.3748216639  -0.9422904001  -0.1191174782   1.0239957466  -0.7112852987   1.1795177350   1.9977919309  -1.4544672448  -0.8161479349   2.2457360454  -2.4693916778   0.8332514088  -0.4932935714  -0.7555224241   0.7946165066   1.9198882259   1.0619042250  -0.7342524360   0.6830694264  -0.3843550568   0.8075201665  -2.9046959066   1.4502139970  -0.5807469839  -0.3708927052   1.8839719196   1.2715181431   1.0488660132  -0.4741568221   0.8708030475  -0.0296313733  -0.5991445574   0.1442745860   1.0273788862   1.5035569842  -0.1525851539   1.1370386615  -0.9350917612   1.0664480858  -1.1404340889
 1.3837715635  -1.0118970723   0.2556521772  -1.9622035211  -0.3758704805   1.0151284682   0.0281676319  -0.7880863757  -0.4809375074  -0.0012540992  -0.7552893503  -0.1190603387  -0.6394594467  -0.1724668858   2.0975793536   1.0278677178   0.3641193332  -0.3080540511  -0.2829375393   0.0723061813  -0.0468901843  -1.6630631918   0.1738701607  -2.6190979715   0.5066321285   1.5290687574  -0.6341685814   0.8999307315   0.1871147343   1.5535768259   0.7262141393   0.9681429092  -1.0308672068   0.7115776846   2.2093356841   0.6281923127   0.1527827255  -1.4857377154   0.5557343789   1.1734480182
-0.3044682933  -0.3184488404   0.7998920231   1.2552441860  -0.8535347205   0.6435739631  -1.4353685608  -0.6531982165  -0.0765875279  -1.4404886255  -1.6090890941  -1.3768254309   0.6584574055  -0.4394765795  -0.1658543447  -1.5360496278  -1.1029751260  -0.9027354270  -0.2863249061   0.5091456290  -0.3045690097  -0.3253143561  -0.8154272989  -1.5647839873  -1.3937639215   0.6698001120   2.7054712310  -0.5772253069   0.5750114917  -1.3010456586   1.3623268323   1.5187235980  -0.7848718101  -1.4311987753  -0.7467187405   1.0040610838  -1.3109714681  -0.5193204828   1.6343997697   0.5139393428
 0.1605030878  -1.2113073825  -1.1819583541   1.3905493046  -3.0593129988  -1.0335150265   0.0638439915  -0.7373091595  -0.9074683179   2.7862250154  -0.8170087117  -0.9060904920   1.2123196918  -0.6789475894  -1.1862191159   0.6650325365  -0.5936782902   2.0024542164   0.6583000900  -1.1854102270   1.6925963558   1.0641890382  -0.4856133667   0.8603335703  -0.2372483110  -1.7089867903   3.1936567668   0.0810221701   0.3080722136  -1.5507987068  -2.4101843778  -0.6182506806   1.2608353726   0.3363231003  -0.1042309702   1.1298150934  -0.0759521994   0.1911709128  -1.4443618721   1.0623877999
-0.5310543523  -0.8511073661  -0.6083612915   1.6594096054   0.9198278132  -0.0301180676   1.1314249397  -0.8086367770  -1.0732299848  -2.2198789129   0.5393595047  -0.1006423027  -0.5338603067   1.0218171378   0.0855794191   1.3507229803  -0.4663174336  -0.1894745261   1.7574931276  -0.8957043049  -2.2897795723  -0.8780911288   0.6449511926   0.1643007298  -2.4026913332   2.7442851962  -0.7402016025  -0.8433260051  -0.5218835707  -0.1181210452  -0.2994097817  -0.3897340102   1.6021358831   0.0574046196   0.8223037661   0.5386436030   1.4180059441  -2.3683066335  -0.5619659241  -0.9434416344
 0.9334587272   0.9793976891  -1.0053152001   0.0123597986   2.0123986402  -0.3250300454  -1.2536103467   0.1080449927   0.2980818265  -0.9990356042  -1.1492642064   0.9209585950  -0.8226671881   2.7389808894   0.3078307431  -0.2449385528  -1.4513125347   0.7127891749  -0.6471790939   0.6229191900  -0.3177035956  -0.5016623413   0.4325075592  -0.3902890611   0.1715787951   2.0582508550   0.9044189198   1.0627769324  -0.4682207836   0.5547028248  -0.5579553127  -2.2278209780  -0.7403312196   0.4771161673   0.5425041830   0.2201840711   2.3003305697   2.7206947926  -0.9978963564  -0.3598431347
-2.3581571816  -0.5630112998  -0.0105486445  -2.0353427542  -0.9886771834  -0.3075150584   0.3192339215   0.0577086230   3.5063537805   2.9598328538   0.0706058034   1.3364538973   0.5638443787  -0.7119792591   0.6822817032   0.3409342813   0.0857708844   2.0768486193   0.6289839331   0.3573479831   0.2027854220   1.8651776001   0.5528735386   3.4798552697  -0.3007162968  -0.2561961036   0.5267844321   1.2722655199   1.3628269967  -2.0587063653  -2.2639504821  -0.0360767254  -0.9176335094  -2.6183174491   0.3500343544   1.8575762543   0.7846290571  -0.3163547826   0.1432733845   0.6492879420
-0.4613714450  -0.4186987793  -1.0984702753  -0.7143951679   1.6454410224  -0.4156220126  -1.0856415720   1.2500910782   1.5394309277   0.8664967726  -0.9352154830  -1.2232934082  -0.1768934445   1.5233160750  -0.3944342662   0.8510560396  -1.3081733635   1.9527615592   0.5414348514  -0.4342124086   0.9099399687  -0.0397714063  -1.2168759415   0.4268955139  -1.1215010178   0.1000678423   1.0288034577   0.1037538288  -3.0225664669  -0.5202779238   0.7203544334   0.7713313186   0.0564928343  -2.3788581440  -1.2478021426   1.9711880445  -0.0156482221   0.1472781637   0.6934634722  -1.4274418342
-1.4717477897  -0.8716195045   0.8924565320   1.8310667435  -1.3815234250  -0.0667514532   0.4716759945  -1.0691129583  -0.4851945719   0.6707603727   0.4650800152   1.0114241006  -0.0007425283  -0.6347505671   3.1162149637   1.9515823163   2.1105592570  -0.7172668589  -0.6352033664  -0.2968874158   0.0990688750   1.1558413393   1.8877346445  -0.0333955232   2.1559288662   0.5829982689  -1.6667483170   0.7763590298   1.6398371901  -0.4493179969  -1.5591232013  -0.0621385471  -0.9319389674   0.2603428722   0.9626591158  -1.0936328226  -0.9780735182   1.9381814588  -2.5449761787   1.1918882315
 1.3966892222  -1.6707217923   1.5671672599   0.0974806557   1.7830190358   0.9388437028  -0.4226809285  -0.5105570710   0.3009895697  -0.5411762188  -0.1504586822  -1.5026336306   1.0602664028   0.0009530774  -1.4505129049   0.7717136240  -0.9907442337  -0.1277576636  -0.0692698497  -1.4791532716   1.3951262367   0.3046429028  -0.1738326242   0.4613656725  -0.5175361792  -0.6827090395  -1.0336027812   0.1648139349   0.8415196042  -0.1248504600   1.1089125140  -0.4310103715   0.6211766200  -0.8898035486  -0.2897855564   0.9341040981   0.2864658762  -2.2667084825  -0.4966110942  -0.6353473800
 0.7347352793   1.0790599933   0.0859808565  -0.2512506495   1.4980997211  -1.3249390575  -1.2404853313   2.0099227786   1.2177164662   0.5830866870   0.7520391519   0.9178891324   2.6486973755  -3.1531791765  -1.3523897380  -2.4264294544   0.1224127481  -1.7708826329  -0.7632581997   1.3946809313  -1.5108712483   0.7833172080   2.8995114187   1.6709207590  -0.1694600743   0.0430600867  -1.3901562752  -0.6481456073   1.2510284561   0.7108526625   1.8598009023   1.4585175511  -1.0158276281  -1.2367393505  -0.3362890070   0.3483152342  -1.4175956896  -0.4210476243   1.0310839917   0.4968896919
 0.5790243703  -1.7761720423   1.4699598875  -0.7042726202   0.1470902829   0.4234921940   1.1754492792  -0.9266388028   0.5733856967   0.9760899127   0.0301359469   0.2270698268   0.6385531789  -1.2451305283  -0.6402444786  -1.1957707098   0.7301011613  -0.5258622352  -0.0664812842  -1.3870555794  -0.9214136266   0.1886824525   0.9892737722  -0.3809290329  -1.4049515227  -0.2934356747   1.8226162393   0.3818710077  -0.4622793724  -1.2780054931  -0.2013765341  -0.2445955710   0.7962351887   1.0707128492   1.1737263279   0.4466700822  -0.6457929852   2.2257592953   0.8052083373   0.2097258577
 0.1429424038   0.1759151558   1.1984965951  -1.5699691162  -0.4282646853  -0.2106416142  -0.7582443380   1.3951679066   0.4174609258  -2.4761552125   1.0970141436   0.4616507182   2.5793086507  -1.9167895939  -0.4306686625   0.2367211141  -0.3192276125  -0.9046569802  -2.7153467838   0.5434468598  -1.1604249017   0.3406743819  -0.9075232342  -0.8735116780  -0.7556806904   1.6826154683  -0.3070589556   0.1170687928  -2.7963017444  -2.2241834036  -0.5325664664  -1.2969166608  -1.7991553893   0.8780310849  -1.7067539154   0.8230953292   0.0300326952   0.9999215268   2.0967189691  -1.6960762485
 0.9103792318  -1.2981589616   0.3703133310  -0.9005875197  -2.3541448122  -0.4044987133   0.6223863466  -0.5880249200  -0.6571148846   0.3966404707   0.6907490932   0.2726156588   0.6822188832   0.2941224685  -0.8970671492  -1.0766271606  -2.0880630493  -0.1212259083  -0.0835375551   0.4535055839  -0.9378614047   2.1134958257  -1.0483455470  -0.0099584400  -0.3458536431   1.0825091388   2.9210031807  -0.8440144509   1.3240970313   0.4465499269   1.6347773520  -0.6934081541   0.1009971629  -0.8416702643  -0.0298235813   1.7986026349   1.4587885068  -0.1273358714   0.3584445010  -1.1555034562
-0.2896769814   1.4447290006   0.0736713858   0.1625630558   0.5950353793   0.4381182811  -1.8299133817   0.2306842299  -0.7723328418  -2.0143548490   0.5385036864   2.0167647718  -0.9916956687   0.4876405403   0.0693010711  -1.0999502327   1.7319456388  -0.5091461588   0.9201193751   2.0138578503  -0.5522869381   0.0170790507  -1.3212735672   1.5118698991  -0.3786805977  -0.2914804916  -1.4573322711  -0.7846250331   2.1302311756  -1.6592390994  -1.0542364587   1.5897208967   0.6942671246  -0.5249600172  -0.8976034359  -0.2419664531   0.4009047222  -0.7422820001   0.3293321825   1.3305564062
-0.4920977585   0.0014801235  -1.2015375463  -1.3238829284  -0.2659988462  -1.2226127966  -0.9930881032   1.5232947649  -1.1127942587  -0.2481610297  -0.5441707712  -0.3090830909   1.3621598575  -0.4352277995  -1.0459656540   0.0833704758   0.9591997031  -1.6557677221  -0.0884298373  -1.4480538896   0.5002829595   0.0519329852   0.3795668450  -0.3836689724  -0.7237027990  -0.0591602768   0.2435921298  -0.0226436266   0.5010137826  -3.0616733704  -0.6431675844  -2.2446999899  -1.7769906411  -0.2032914459  -0.5721718063   0.0079490491   0.4293066662   1.2384522732  -0.0923520145  -0.4223554851
 0.5213241875   2.0578068186   2.7581985384  -2.5704323098   3.0143518274  -2.3835186715   1.5835984051   0.4265608620  -1.6766582744  -3.5470711493  -0.3046524719  -1.2897314927   2.4962938933  -1.3668817370  -1.8974362760   0.4233757266  -0.1884570527  -2.6991094643   1.3009132523  -0.0741469662   0.7296464987   0.0566140605  -3.5136750869   1.0397858824   0.5420845935  -3.3665050728  -0.4145598737  -1.8783938143  -2.7093976402   0.8929021208   2.0690450490  -0.0404476708   0.7354219394   1.0674853234  -2.5354421985  -2.4752513313  -1.1766811541   0.2812181111   3.2109241170  -3.2127891455
s2
 2.2891673379
 0.8730077855
-0.1472529602
-0.2636123385
-1.4949740998
-0.0558340958
 0.9282424878
-0.4024504523
 0.7795695349
 0.6893400293
-0.6668798293
-0.3309809979
 0.7650156071
 1.0060030426
 0.1051324127
 0.7903343892
-0.9065911144
 0.9474765204
 0.6537346088
-1.6311277636
-1.6549064406
-0.6490172146
 0.6167155827
-1.3043197130
 2.5531802506
-0.5386619429
-0.9918630071
 0.5960267244
-0.9974569034
 1.1797742850
-0.4381294514
 0.6047920384
-0.9365123911
-0.1843346068
 1.2735606181
 0.4201010609
 0.6773014649
 0.7558384872
 0.0029937200
-1.0866421779
w3
 1.0900367451  -1.6074009244  -0.8815294975   2.3978742279   0.2058481496  -0.1254086012   1.4385728513  -0.0762884781  -1.6112043525   0.1988427303  -0.2427072927  -1.5236539580  -0.4391882519  -0.8475734575   1.2785873103  -0.2694690173  -0.6574605004   0.4548956302  -1.4970038480  -2.2005532648  -0.9077690619   0.5812652431  -1.2133403956   0.1959110796  -0.1085247279  -1.7074077223  -0.2573391120   0.6323239998  -0.2488375731   1.7485405946  -0.1911176219  -0.0465065275   1.0587241570  -3.3055064439   1.5991435015  -1.6458970264  -0.2839961563  -0.1428272836   2.3580163070  -0.2707890535
-1.7555626370  -0.2493589337   2.0709461666   1.3919897538  -2.0549062226   2.3678857180  -1.0428007693   1.2049349527   0.5897988271  -0.3494572171   0.5523503846   0.9497155961   0.3429115971   0.0273963767  -0.0116379042   0.0446121559   0.1176032885  -1.7047246811   0.9876920117  -0.4458993612  -2.1600784522   1.6045645644  -0.0446329814  -2.8081904603  -0.6269874573   0.8112031206   1.6262651655  -0.4789570163  -0.2298827125  -1.3256966256   0.5927162210  -3.1294658403   0.8316400050  -1.2181192703  -0.8260924043  -0.5871072057   0.6734382072   1.1477125339   0.6069583578   1.7150235593
-0.8335874697   0.1986574627   0.3825993222   0.9568947161   1.1286651549   1.7949515926  -1.8464836594   3.8852930147   1.2608881794  -0.6423715200  -0.1237812396  -0.2224423321   2.1232947914   1.3145341101   3.4772575289  -0.7198208024  -0.6311604700  -0.6781470487  -1.4222621074  -1.0411124606  -0.8567391849  -0.9724443107   0.1622477880  -0.2680190065   1.4693790066  -0.3068284006   3.6260299141   1.2392661447   2.2012728838   3.7355452317  -0.5858893493  -1.1744874202  -1.1370464395  -1.6880643099  -0.1633545787  -0.7141205825  -0.8481878703  -0.1297068180  -0.7547736100  -2.1596567042
-4.0014709853   1.0364987625   1.8359137293   0.8106827732  -0.1605454809   2.8378364215   1.1571744792   2.2192902722   4.0083096495  -0.7831522634   0.9829585795   0.1013859772  -0.7024478143  -2.5844012089   0.8144764412  -0.6719649866   0.9311676715  -0.5917077290   0.9052114023   1.6023069115   0.3525819125   0.3019028600   1.1176053732  -1.1689133380   1.9791822478   1.1483970053  -1.6963932304  -1.0582965984   0.7297901825  -3.8475956286   0.5971942331   1.1550462981   2.4308951346   0.0573126910  -1.8652930001  -1.8760486009  -0.2668472932   0.1904216354  -0.5136717022   2.6933013620
-1.2649589157   0.6603758698  -0.2882826904   0.2139661191  -0.4954322524  -2.2707771768  -0.2003821306  -0.5004167128   1.1965145967  -2.7061403751   0.6167134002   0.3504910892  -0.6285775840  -0.8768955090  -0.1675105560  -0.7744187206  -1.7699160311   1.5316959840   0.5250834052   0.1298952637   0.0432220058   0.6752338550  -1.1949990318  -0.0147738918   1.5932818148   1.7255642390   0.1669521177   0.3701041169   0.0179862643   0.6055047237   0.2297368115  -1.3243891186   1.6223052663  -0.3336871226  -0.5897926269  -2.2508014259   2.0148643819  -1.6150951250   0.0790698382  -0.8166171265
 0.6351677333  -0.3150942121  -2.0895579262   2.1347148803  -3.4720409921  -0.5380228580  -2.4176567989  -2.5073448989  -0.5404041295  -1.2664656484   0.5808294503  -1.3706341886  -0.0709732113  -1.7036847214   0.8635032434   0.5288419084  -0.8712428754  -1.2714969361   0.3219954121  -0.9267520930  -2.8297068860   1.1411826763  -1.8684524974   1.1874566835  -0.5768281935   1.6352830171  -0.1677383344   0.5159931044   1.3636393525  -0.3835750954   1.7705538579   0.5977612306  -0.2618677304   0.9249779193  -0.3251178204   1.2824539341   0.3494560857  -2.3412847666   0.7093061031   0.9550740649
-0.4661035637  -2.4418861514  -0.1947670576  -3.5048282087   0.7132663987   0.1085118403  -1.2664366195  -1.0338915065   0.2066854028   0.0391430075   0.7069046198  -0.9369968782  -0.6750130902   1.1259759918   1.7642679408   0.2706018307   0.9567514632  -1.0317718620  -0.4228441297   0.6765088295  -0.7916876083  -1.5736712141  -0.5358270933   0.0809124117   0.8599743476   1.6168244493  -1.1990677139   0.0025462219  -2.6026634918  -0.0782215061   1.2675362645  -0.2348490233   0.3237916603  -0.6010677451  -0.5166902974   0.7805318804  -1.3206374044  -0.5253050276   1.3015169961   0.1490148977
-0.4739977235   0.6716364755  -1.3703120208   0.2445470090   2.5591432501  -0.4355838850  -1.7920163912   0.8904274490   1.5304288496   1.4121030167   1.0184748676  -1.3874894041   0.3532399980  -0.2206546555   1.6204653441   0.1247343365   1.6718616416   0.5425159808  -1.1414643177   2.9197197314   0.3903962945   0.6132491986  -0.6358684639   0.3535511329   2.9325211181  -1.7294488672  -0.5454811237   0.7999004590  -0.6666216080   0.7979834812   0.2688464853   1.9654311301  -1.6167299911   0.5717248514   0.7357179519  -0.0441914695  -0.3202513052   0.5212302507  -1.4976299496  -0.3959131819
 0.7542642109  -1.1832114461  -3.5531365220   0.2193881512  -0.4979627826  -1.6902288207  -3.0568048181   0.8471623744  -1.4644412573  -1.5636667827   1.5283729789   1.3858705738   1.9358524497  -0.5518792835  -1.1626713622   1.7519807907  -0.4240958125   1.0088864817   1.7392418450  -0.0073718217  -0.7236073109   0.0498238039  -1.0490681172   0.2145149829   1.5975043411   2.4466325974   0.6047785957   1.5048873272   0.6232543534  -1.3188460174  -1.3730163085   0.9802631664  -0.7521475843  -1.3905216381  -0.3545855392  -0.4276050659   1.8477115321  -0.9610137188  -0.3932657888   1.5656243948
-2.4542886609  -0.3064966594   0.2974763379  -0.2867859754   1.1101963054   0.0970572842  -1.1870031134  -1.6650092870  -2.3217831603  -0.8324646875   2.2612295492  -0.8226877967  -0.6961310090  -2.9600131223   0.4909616389   0.1577528532   0.1793095581   2.0494565037   0.1011805187  -2.7342938945   0.3046663992  -0.1988431475  -0.5277691281  -0.5145859020  -0.9849933025   0.8200635985  -0.9754048244   1.1206029557   0.1034436131   0.8522246296   0.5329669436  -2.3369358385  -0.4928541205   2.3825076852  -0.1134569103   0.7471459755  -0.6425554600   0.6440137299   0.2817939850   2.4915156203
 1.8796429763   0.4398434149   0.9877032982  -1.1574232575   1.6564628986  -1.9668710684  -0.9251719391  -0.7373358870   0.4517948661  -0.1782134003   0.2545786914   0.6018161259   0.5231583898  -0.6947080164   2.0725746163   0.5587192749  -0.4692087538   1.2835750357  -0.2904671043   1.3757105126   2.1648589187  -0.3531750043   1.8007943080  -1.6232012702   1.9248956629   0.0102334140   0.2345377049   0.0116896338  -0.1461771696  -0.8676788963  -2.1564470017  -0.7270952213  -2.1028001566  -0.0603738677  -0.9991253206  -0.9858055430  -1.2253167748  -1.0402351775   1.8456697623  -0.8779898056
-1.5004855150  -1.7705251688  -3.4298009383   0.6400434150  -1.3520607386  -1.7250999241  -1.6925993828  -0.7418372771  -0.2641909609   2.4821211770   0.1167045037  -1.2360026909  -0.6180838838  -0.3326979559  -1.0209326363   0.6428372507  -1.2204690992  -0.3666406906  -0.8648655762   0.4630919742  -1.5039831941   0.4316297094   0.9904735563  -0.1521766206   1.1890307155  -0.3637598889  -0.1489121079   2.5579093390   1.7085634602  -0.3214144436  -0.0933844389  -3.6272118563  -0.7194505932   1.3024094351   0.2608401412  -1.7700430265   0.4416561609  -1.7862713626   0.3928425172   1.4633379384
-0.8603530157   0.5954009926  -0.2329836557  -0.2304271037   0.0157940341  -0.3725293911  -1.4120328356  -0.3077312491   0.0786344324  -0.1684878942   1.0503891114   0.7134440948   0.5106984856   0.6403295971  -0.5528604496  -0.5581170375  -2.4153827182  -1.1789501464   0.6831665213   0.2775432556  -2.9938814383   0.2934309472   0.2431968115  -3.5914014422  -0.1317243325  -0.9062124892   0.3761632288  -0.8864146395  -1.2961603816   0.1345570023   1.0578741786   0.1454963382  -1.7749329889   1.8154258855  -0.7758389481   1.8364374549  -1.3074201881   0.8018069542  -0.1581141145   1.3494303020
-1.7666482534  -0.5715549180  -0.5989567875  -1.1839573251  -1.9581913976   0.4452188669  -0.0878492214  -0.9022355151  -0.5977112996  -1.4709802732   2.3542722225   1.2879733539   0.1213689831   1.7731509630   0.3271040279  -1.0993892215   1.9141604222  -1.0521338965   0.0315650940   2.0201341131  -1.6325093539   0.2904124545  -1.6807431239   0.4454823281   1.9821529203   0.0602149501   0.3549227911   0.6264048966  -1.0152293143  -1.6397210862  -1.0374959792   0.5009076810  -0.6004599818  -0.1044594847  -0.4355556014  -0.3130084614  -1.5968340178   0.0725301329  -0.0670581757  -0.2009771605
 1.3499837256  -2.4230702203  -1.3011772516  -1.1673927294  -0.6188436259  -0.4429005406  -0.7428438405  -2.2147825534  -2.8598992472  -0.1536595478   1.7582359334  -0.2205963173  -0.3113891210  -0.8687424561   1.6536511849  -0.7492913315  -0.3904514847   3.1628561842  -0.9233097554  -1.8720676151   0.9381752585  -0.1339681724   0.4415467100   0.0731103997   0.8062241200   0.8245988249   0.0273349765  -0.7108268522   0.2223033014  -1.9442590440  -0.6298872784   1.0960672685   1.1687004071  -0.2293482339  -0.9524898514   1.4338890605   0.1956249160   0.8810428153   2.5914477418  -0.6032168138
-2.0684213930   0.5822702735   1.7022146192   3.3040245993  -1.2312145830  -1.5192438284  -1.5769253237  -0.7472884468  -1.2027719704   0.3433535208   0.4570907319   0.5903259888   0.1750731251   0.4646858934  -0.6926164641  -0.4686790455  -2.1006236302  -2.8841778675   0.7057617822   0.1486858079  -1.7836670603  -0.0362412912   0.7667151400  -2.5777808969  -1.1063662968   0.3560943095   2.0186588291  -0.5398508477   1.4283899069  -0.7670022402  -1.2660600095  -0.4022690661   1.1877716494   0.5937189634   1.4208658599  -0.5332153143   0.1514502504  -0.7077007577   1.3779068532  -0.8719008400
 0.5573670715  -0.1432779618   1.7959295188   0.5023985492  -2.0548222772  -0.0358222164   0.4148969116  -1.9749460812  -0.6843278826  -1.4350379665   0.1071672270   0.1690639011  -0.3370927338  -1.9408771754  -0.1732639104   0.4634457152  -0.3773875550  -0.6890425414   0.0952201513   2.1081392158   1.1898212811  -1.7872863901   0.2949043633   1.6835489808  -0.1086241794   1.5255676552  -1.7746018193   0.6606769705  -0.7881990629   0.6482534193   1.4754832262  -0.4386871587  -0.2712385077  -1.5501625242  -1.6819745331  -1.2206738491  -1.1615186427  -0.4536713744   0.4677466710  -1.3279894655
-0.3099597697   0.8783181842  -0.1066579908   0.6324520449   0.3861228195  -0.5269960135  -0.5082878372  -1.1625368279   1.0668245348  -1.1029692424  -1.3500127803  -0.8103524120   1.7092433124   0.5933222282  -2.0354397611   2.2140398532  -0.9274309805   2.5508638289   2.1790182210  -0.3927898760  -2.2406930129  -0.7527652631  -0.9776086167  -0.9906162851  -0.5241142491  -0.5095937172   1.7395544436  -0.7652595442   0.8252383258   0.0407897944   2.2345350661  -1.8471545663   1.3558756036  -0.8917131917  -0.4844930627  -1.4667886563   3.0080249816   1.5273310422  -0.2473588491   1.4141263635
 1.4612692657   2.1929944462  -0.5350178424  -0.4630087409  -0.6234932554  -0.8636458000  -1.0658511683  -2.2707829495  -1.1974671949   0.7445621673   0.1109113570  -0.5268390481   1.7663260740  -1.4487835707   2.9274653497   1.3957523789  -1.3257094206  -1.5493316972   0.3462524676   2.6304414453  -0.5321005042  -0.5918228674   0.8967318007  -0.4477219393  -1.4386812570   2.0505978519  -0.5082815818   0.2764889834  -1.5543921021  -2.6631494362  -1.4805488230   2.3081321022  -0.5441042382   0.2583088494  -0.9470076520  -2.7257932306  -0.5125064374   1.7065491551   1.2103466799   1.4604913315
 0.6120563802  -2.2895238177   0.5890657845   1.1207438452   1.1784546992   1.4355411198   0.1235384114   1.1579451405  -1.4134624288   1.4977191446  -0.2234370436  -0.5196530049  -0.0742734274  -2.1314327237  -0.4974940562  -1.5925052850   0.2986159077  -0.8528085014  -0.3024312614  -0.3669530060  -0.3183317835   1.1490889550  -1.4133433435   0.1666624461  -0.9902983100  -0.4450502218  -0.8426563732  -0.4810727193  -1.6659701962   0.8462906163   0.9670145639   1.6211257286   0.9377695553  -1.6612370804  -0.3555546635   0.1154245790  -0.9971888318  -1.1023250246  -0.3072480498  -0.3546959375
-2.2268715490  -0.7297217784   1.7728743025   1.5811477003   0.7643371709   1.6413026243  -0.5887517465  -1.1775475457  -0.9593495541   0.7658448869  -0.2183209618   0.8522151535   1.0842093909   0.0182971510   0.2848921189   1.1002631466  -0.5847375080   0.3295986994  -0.6272451368   0.1830724259  -1.1075381107   0.2741121328   0.4406854054  -0.4044778909  -0.5117810495  -1.1124783671   0.4641142498  -1.3421108809   0.6599827557  -1.2781898006   0.7181993524   0.1564421601   0.4746280562  -1.2705333313  -2.0226482342  -0.1258206715  -0.5934057339  -0.4978958032   0.3092171750   0.2103384073
-2.1094329070   1.9741105796  -1.5053762025  -0.9835421164  -2.8899140389  -1.1045175160   0.8084737966  -3.3820512080  -0.3212469347   0.0993678318  -0.3735944161  -1.0579264828   1.2164673458  -3.9837433354   0.5172098056   1.2996846317   0.6283765536  -1.4350267815   0.1324357564   0.5373539977  -2.1148784591   0.7019523070  -0.6457380641  -0.2874698214  -0.6969944507   0.8109745609  -0.6839513252   0.3367644472   0.8933154100   0.0294091999   0.1364987523  -0.7228642014  -0.4851026461   0.1873549258   0.8574085074   1.0760806649  -1.6510935563   0.5038274697   1.0713860212   2.0047112779
-0.2066530918   0.2573959496   1.9231458306   0.5071367953  -3.0687789532  -0.1810134872   1.4921539394   2.0424628701   1.0451147883  -0.8142640384  -1.4146285918  -0.6665940353  -0.1569064416   1.1429653905   1.6754279779  -1.5605749196  -2.2066815021  -1.9754399978   0.4647509285  -0.5412100929  -1.1516972883  -0.5753125200  -0.0549022170   1.0997723696   0.3234538198  -0.1726515836   2.4406527523   1.5122678660  -0.3906191359   2.7614922510  -0.2464231083   1.1613149804   0.0931977805  -0.4196267434  -1.4500357099  -1.7698237129  -0.2512759369  -0.3119801277   0.9005405068  -1.0962496856
 0.4035881593   0.6183148391  -0.9730770822   0.9206500515  -0.9335431180  -0.7222166431  -0.0413630507   1.7316517498   1.2209500041  -1.0182896974   0.4931542365  -1.7190025480  -1.1997518340  -1.0964572786  -0.4527916246   0.3790285606   1.7650462902   0.4424815065   0.5828740460  -1.8754551429   0.4622784536   1.1747631551   0.3212108457   3.4088353721   0.9191520027  -0.2358156406  -0.0657486461   0.3605745876   0.0990297964   0.0652058766  -0.9187483706  -0.5462209587  -0.7598532213   0.8195113476  -0.2234016820  -1.0150725922  -1.9594249943  -0.8392914434  -0.4651316195   0.3778771960
-0.5645521736   0.6880494936  -1.7547875451   1.0739252704   0.2909917222  -0.9151875417  -2.5347524335   0.9284597327  -0.7759287178  -0.5842592540  -1.3908337929   0.4356004146  -1.5296362164  -1.0004445349   0.0852252822   1.9000201120   0.3716827863   0.7109565898   0.8906802510   1.4163361725   2.2049877408  -0.5361136963   2.4358244743   0.4790177839   1.4486994143   0.6376169063   0.2916971582   1.5508508771  -1.0007289463   0.2439056417  -2.0393025482   0.2011593043  -0.2592206027   0.6113782512   0.1652614736   0.0752462659   0.4578250383  -1.2029740927  -0.3461969376  -0.9507812879
-0.6835397555   1.8294822226   1.1788214803  -1.1581652679   1.7786756582  -0.4288352787  -1.5736135850  -1.8127071615   0.2264050114  -1.2214992977   1.8813913971  -0.9783576244  -0.1754151813  -1.3369049785   0.9416927272  -1.5869663187   0.7886143205   1.2864542225  -1.5068642985   1.4895988059  -1.4888934567   0.5315185680  -0.8308499196   0.4894483766  -0.3297620258  -1.2445594929  -0.7732520453  -0.1972058637   0.7140447104  -0.8549503364  -0.6083571028   0.3205685588   0.2105901345  -0.3012822670  -0.0346758578  -0.8909905997  -0.1629432843  -0.9853000706  -0.3510268454  -1.4650404667
 0.2928573483  -1.0751155276   0.1654828522   1.2159550523   1.0493004521  -0.4881117751   1.6258405378   1.7722391419  -0.3429729957   0.3611634120   0.4428907985  -2.0802574969  -0.8283895356  -1.9547847638  -0.4576481331   0.3602064337  -0.6137398204  -2.4929254284   0.7930988656   1.8669140691   1.3869138800   0.7213872079   0.3950276181  -0.1852802901   0.5269022792   1.5593766953  -0.6288416320  -1.6153665514  -0.0964237028  -1.5105900368  -0.8625172126   1.9452537417   1.9202057580  -1.1252097996  -0.2740259485   0.4776408087   2.8849158608   2.3099196659  -0.5996946887   1.2505019694
-0.5482486506  -0.1563623792   2.2098153851   1.6466181179   0.9684975808   1.2989768377  -1.3212423281   0.8114229171  -0.0936676166   0.2695756480  -2.1772089554   0.3361845510  -1.4994276856   1.3828848914  -0.6878584007  -1.3729448643  -0.9444084067   0.4003362000  -0.4750680435   1.3151350960   1.2025764271  -1.9536620465  -0.8275875296   0.8750195211   0.8116398975  -0.3769182127   0.6661433445  -0.1258115875  -0.4334872084   0.8296945368   0.2031935690   0.5097188019  -1.5201356192   2.3928471067   1.6830338054  -0.1651389269   0.8662692216  -0.9448746843  -0.9237132689   0.0415044834
-1.5019686984  -0.6314752476  -0.9554101314  -0.2219948241   0.6346595566  -1.0461743788  -0.4178041224   0.2650899642  -1.0298114757   2.2939685448   0.8625371934  -0.5969879478   0.2959152585   0.6286123356  -1.0085689180   0.7508712030  -0.0585880795   0.2139291794  -0.3577364916  -0.2158762906  -0.5373560508  -1.5375904935  -0.9144281989  -0.5574590545  -0.1537308193  -0.0437521970   0.9792086375   0.0737923280  -0.3864499807  -1.0996082821  -0.3976319577  -0.7539770261  -1.0942598799  -0.0080631449  -0.2544987152   0.5943674905  -1.0923639627  -1.6740665298   1.9671991790   0.6044565127
-1.0924580834   0.5326460894  -1.5740292441   0.0082373334  -0.1963509065   1.9930278856  -1.1161867355   0.0195770106   0.7092728852  -0.8356663268  -0.1513805188  -0.1382926602  -1.2857795625   1.3436529133   2.0090077154   0.1561615401  -1.0577283226   3.8920553274  -1.9537504477  -1.8657796319   0.2644732152   0.0060788414   1.5393124181  -0.7035413959  -0.2065352608   1.6989305448   0.1924761487   0.5052005789   0.5646191514  -1.0516799213  -0.0193811181   1.8682783327   0.7026621359  -0.6372704900   2.1526561095  -1.5608863739   0.4836571680   0.5763152354  -1.0619358341  -3.4913042605
-1.1254741041   0.8831756045   0.1302525178  -2.3225854799  -0.7417757365  -0.7950793621   0.1721637875  -0.5056366251  -1.4849671615   0.6286595971   0.4658445183  -0.4866012629  -0.2401486929  -1.7532759684   0.6656147896   1.9485327070   0.9520609382   0.1515990771   1.6504405719   1.2676999968  -0.2440413377  -1.5635006476   1.7672677535   0.8895109782  -0.3368649161  -0.1707203517   0.0606390976   0.0391715776  -2.5882899933   0.6422658594  -0.5362928946  -2.2201432097  -1.1406756200   1.2751243682  -1.5307098572   0.2806354479  -0.0890686939  -0.2873459330  -0.0971058820   3.1248319981
 0.5476319891   0.1804823954   0.4591439767   1.5006414425   1.7332351839  -1.0463837630  -0.2699111802   0.5173449279  -1.2148503882  -0.4551055879   0.4832135816   0.1731341794  -0.2028389650  -0.8986893574   1.1211263198   0.4207120790  -2.1196712905   1.5343238367  -0.1961017906   1.3298821519   3.8166588114   0.8597726171   2.1046159624  -0.8226803907   0.0674911457   0.6735203283  -0.5252668130   0.1240242198   2.3155443797   2.2299794616   0.3341880721   0.4214541701  -0.5802350810  -0.1417756379  -0.0125860703  -1.6624527535  -0.8944381701  -0.9070492991   1.1659495752  -2.8800058939
-0.6895457627   0.0817389661   2.3609679603  -0.2892757193  -1.7265307191   1.2069109506  -1.0003582775   2.6390370393   2.4816374676   0.5336450132  -0.5457341475   1.7511280357  -1.4994211701   2.1408489506  -2.2637892116   0.7182010140  -0.6013577442   1.5796168763   0.8634073950  -2.6344974749  -1.0138888482  -0.2114990641  -1.1871723541   0.8132108234  -2.4722072330   0.6517923546   2.1764563827   0.3399042273   1.0018381586  -0.3377686508   2.4363684763  -1.9309582106   0.6345453679  -0.8860040603   0.5401935540   1.3909128799  -1.1780725903  -0.8558661946   0.4648456885  -1.8965197594
-0.5611438433  -0.5639606242  -1.1497790645  -0.2663887767   0.4669810105   0.3534240679   1.2518972365   1.8260795425   1.5106957298   0.5479799873  -0.3928530789   0.2145488421   1.1119099383  -0.7360143926  -1.6098642543   0.0794322663   1.5513702222   1.8929204496   0.7839619365   1.7705990037  -0.7472946909   0.8169601875   3.1499291615   0.3521353393   0.5289852760   0.0935602954   2.2583707307   0.2988876302  -0.4488565477   0.7574300814   0.0439304520  -0.8746301568  -0.3298290976  -2.6750058579   0.0929632225  -0.5776128212  -0.9726561231  -0.8771404281  -1.3909448851  -3.0951858326
-0.0077858979   0.4674153872   0.9081673458   0.7196188503   2.2293213522  -1.5959108722   0.5051522322  -0.7359355710   0.2693908382  -1.4844339705  -0.0725257020   1.1855409916  -1.0461859710   1.3999870486   0.2314996359  -0.0899107379   3.1112675889  -0.7585958643  -3.8701297204   0.3848454250  -1.3875737297  -0.8377228949   0.2069160332  -2.2410062763   0.6164023353  -1.6084699870   0.9753410161   0.1885519470  -1.8639673689   0.8529331428  -2.7082040692  -0.9551664965  -1.9402103683  -0.6805761886  -0.4738955123  -0.6238296398  -0.5659682001  -0.5398021323   0.5099926994  -1.0828939935
-0.2624635417  -0.3869729899   0.2152349854  -0.1929218303  -0.0656333606  -0.3256166559   1.3364440723   3.4467845916  -0.0192313605   0.3870104323   0.0617754626  -1.5671418537   1.3447572923   2.3070843204  -1.8708765647  -0.6899736410   0.3372659929   0.3464269043  -0.4018301936   1.3481046806   0.1622079604  -1.2750594358   0.6034218832   0.2102370190  -2.9024476505  -0.3960805565  -0.1577945831   0.3840250406   0.4826540683   1.6032494048   2.1926970286  -1.4984431466  -0.5319939480  -0.7076628543  -1.0288592618  -0.5543733121  -1.0931317936  -0.2412643867   0.9698025185  -0.1355851901
 0.9253061636   0.7057067111   0.6558654821   0.4714378002   1.0495594212  -0.2019032625  -2.0895265964  -1.0379659676   1.1495372733  -1.0125366186   0.4954324424  -0.4975699114   0.1175605668   1.4795287749   0.3889670811   1.4561995220   1.6882246482  -0.8277195945  -1.6923543671   1.9007127525  -1.8136673949   1.4381999718  -0.6559323156  -0.7979621913   1.9756865096   0.3127367569  -0.8582257087  -0.4167831669   0.5064582741  -0.3425321044  -0.3137054413  -0.5767404283  -1.5326881577  -1.0533749956  -0.5709130267   0.8945069650  -1.0953488764   1.7345881392  -1.1987563531   1.9941141283
-0.1120994994   0.8804462973   1.0261094186   0.5855230041  -1.8584801606   0.4211019954  -0.0808688038  -1.4038959413  -1.2865806378  -0.7893891683  -0.2422132116   0.4803643606  -0.9087265999   0.9516121236  -0.1316642174   1.6994128616  -0.3312684363   0.9452761103  -1.1972082225   1.2536465966  -0.0389829402  -1.4167956998   1.4662031547  -1.9940076605  -2.1695450449  -0.3118683656  -2.1662191014  -1.0179003135   0.4905214127  -0.5810127583   0.3287247148  -1.0204603587   0.2575591759   2.4679496647   0.6039372027   1.0749804632   0.6632267895  -0.1901531516   0.3047899294  -0.3988893508
-1.0647355685   1.1634593468   1.3163620747  -0.3635368649   0.1681193942  -0.8730137210  -1.4398838066   0.1390158658  -0.4751860886   0.6766305299  -0.0167911279   0.7463456754   0.8947571095  -0.8689479738   0.7611847486   0.3974755730   0.4545766988   1.3020030347  -0.9597841400   0.6028370973   1.0143737198   0.8682249588   0.7680490989   1.5958439644  -1.0508628588  -2.1152633257  -1.5283676642  -0.4735688206  -0.3662808037   0.2289474903   1.7895489936  -1.0984906567  -1.6730823276   1.6653668389   1.3922524425   0.6408906406   1.8360781992  -0.7013390322   0.2777632900   0.5085176473
-0.6545248629  -2.1127818780   0.0601054144   0.7490467563   1.5135971214  -0.3029974295  -0.1939549095  -0.5390736577   0.8540432722  -1.5343249969  -0.0708397393  -0.8628060371   0.6901916337  -0.5077721262  -0.6035625928   0.0433367578  -1.2889553874  -1.0334313944  -0.1478683595   0.5827570718  -1.2850738209   0.8069819798   1.1546822511   1.0313853102  -1.6599532020  -0.4631238202  -0.4678652266   0.1905643063  -0.7274223227   0.0100798670  -1.0921467938  -0.4308966993   0.2110288509   0.1364514073   0.3003014991   0.6135102646   0.8460151668  -0.7938059249   0.9060686559  -0.2647938189
s3
 1.9162660136
 0.8421712753
 0.3780208627
-0.6604413149
-1.7244493559
 0.1210744775
 1.1217057051
 0.3777128772
 1.0013973533
 0.4170937085
-0.7354535523
-0.8400985158
 0.3680652954
 0.5944832850
 0.5591640781
 0.5394781606
-0.9235552750
 0.8987445213
 0.5491019777
-1.6618961030
-1.8751670009
-0.3931269392
 0.5440495648
-1.3193417556
 2.6872529418
-0.0998759629
-0.7368420444
 0.4342328405
-1.0416386023
 0.8446368141
-0.7482644631
 0.5680062930
-0.6019594277
-0.1693358776
 0.9978651700
 0.9402504112
 0.7237927160
 0.6721765354
 0.0108041098
-0.3895756839
w4
-0.4796577583  -1.8078811098  -1.1178558266   0.9500029099  -2.5826333856  -0.5579521914  -1.0447196925   1.0394343745  -0.9072592823  -0.6910331108  -0.7649445976  -0.3645547669  -2.3046583781  -1.5741160144   0.2908065686  -0.7097169991   0.4076974282   0.7454005974  -1.2824975690  -0.3484422011   0.4611348550   0.1823084753  -1.5490125366  -3.2040738285  -0.3216806629  -3.0249885882  -0.0831322629  -1.1894625011  -0.1750567294   0.7878600259   0.2146933890  -0.5972700234  -0.9280116366  -1.5210404676  -0.5129368186   2.2070206720  -2.2257101703  -0.3876123847  -0.3316558396  -1.1008909894
-0.1716779754   0.1549180596  -0.5050371560  -2.1491043591  -0.9805909030  -0.6461254040   1.2287957338  -0.6851790182   1.7785649785  -1.0938964101  -0.1412947212  -1.7811592371  -1.9824110184   0.7784531434   0.0523881841   0.9894258281   0.8119036451  -0.8969763510   0.8337471855   0.5677773010   0.6763776041  -0.5907255111   1.2713961257  -1.3511359868  -2.2197848791   0.0797007102  -0.7774389261  -1.9305597329   0.7128852826   1.0256344720   0.4405375521   0.3431342150  -0.1698768980   1.1700336680   0.9330048993  -0.0937877617  -0.7130648205  -1.3237927808  -0.8473715092   1.5755350965
-1.5744376479  -1.0894028367  -1.4376554031   0.0587601493  -0.4795554711  -3.4021577195  -0.1947564198  -3.8040151248  -2.4824819208   0.6853533417  -0.4042684954  -0.5556390397  -0.1021485644   1.2247627402  -0.7338138633  -0.7903212970   0.3429402520   2.1944915091   0.1876694285   0.0056222454   0.7200968043   0.3902911163   1.7416430049   1.3250935688   0.3387649683   0.0633934435  -0.4423491099  -0.2820091858  -0.0338916026   2.2056944979  -0.4515442996  -0.6145955147   2.2907096528   3.3363552763  -2.1440572124   0.0348678007  -3.2129210269  -1.0839208799   0.5410434966   0.7754479170
-0.4584796451   0.9327547101   1.0583201437  -0.9527780845  -0.3116598330  -1.4877481698   0.8044877229  -0.5148307538  -0.8397612151  -0.1103261577  -1.6039046823  -0.9249105724   0.5829781951   0.7877029421  -1.1260900116  -1.5804215251  -1.0218261337  -0.0656962122   1.2035235494   1.0596538314   0.3096735733   0.1340416263  -2.1682242300  -0.7361916491   0.1618054721  -0.1901795861  -0.3591690678  -2.4903789569  -0.4203438389  -1.5884931741   1.7775071700   0.9805397347   0.2294645301   0.7054148086   1.0771131126   1.0976749027  -0.4376035859  -0.7503503965  -1.1032151539   0.8681007267
-0.0813594254  -0.2282371285   0.1573075317   0.9674675631   0.8935008134  -0.8773340060  -1.6103119308  -1.2816869778   0.0536256228   0.4750017004  -0.7597771822   0.7613956811   0.8554587065   0.2527922520  -1.1883983314  -0.6938258219   0.2921291554   0.2385632453   1.4513667029   1.1424683276   0.5513851455  -0.0953862104   0.8575184825   0.4864451411   0.8185799578   0.2809727469  -2.5788583194  -1.1587237841  -0.8836865459  -1.0975924068   1.2603655056   0.1816077097  -0.1537402309  -0.3212504076  -0.2238401914  -0.6483168401  -0.3873570367  -0.1343123032   0.4444701038   1.4586894407
 1.3455970646   0.3464180286  -2.0873693160  -2.2222426970  -0.9877593175  -2.0780761504  -0.9163163016  -1.8409065924  -0.8148814661   0.1850126254  -1.1951685203  -0.9630737765   0.3621848329  -0.1224940472   0.2176747272  -1.9633307165   1.2460206558  -0.1603257833  -1.6567524926   1.2901049697  -1.0580667497  -0.2689752756   0.7061025386  -0.7710097861  -2.2382008932   0.5378559895  -0.3983509033   0.0892898222  -0.8583124424  -2.1827656609   0.8732332506  -0.1763799266   2.1125032587  -1.7920694216   0.7033938846   0.7620570601  -0.9768205877  -0.8290960586  -1.2513256175  -0.4318019687
-0.4053210909   1.0365015607  -1.0247909783  -0.7342881754  -1.3381267299  -0.5956191695   1.2167546897   0.2383607112  -0.5738430648  -0.9717332298   1.2401596857   0.7909344396  -0.5820765119  -0.3583121777   0.8892430014  -0.3892218568  -2.3204829543  -1.9528286374   1.1522697634   0.4188787773  -0.3101616542  -0.0176084032  -2.0338849598  -1.1356542723  -3.4208493332  -0.9459896485   1.6124199066   1.1585835359  -0.2064221765   1.1909772006  -0.2680678378  -2.2068847430  -1.6705064727   0.9415795146  -1.2641245086   0.3162472861  -0.6320167202  -1.7354931252  -0.7695457053   1.2719151333
-0.6555535203  -2.5174526729   3.6501617797   4.3009631678  -1.9347585283  -3.8848226177  -0.7834543569   1.6334439306  -0.7147571805   0.1418545074   0.7871620374   0.7126801320  -1.8765685272   1.0850545900  -2.0790422431  -1.8561105298   0.3266280679   1.2069940113  -0.9330247656  -0.0821737847  -1.5506075005   1.4505660610  -3.4814097569   0.0695447806  -0.7467718380  -0.4128481426   0.2245527150  -1.4781358667   0.8208864527   0.3843231323   1.4014026827  -2.3227320412  -0.2606699056   2.3840783752   0.0354976304  -0.2278527028  -1.2162859664  -1.5481782128  -0.8550016360   1.0927052125
-0.8675590514   1.3744956816   0.7783165677  -1.4327353163   1.7634556950  -0.2500151160   1.3468335033   0.0161094727  -0.6616611498   0.1480278475  -0.0671785111   0.4701361822  -0.5953516383   2.2199374769  -0.5768307753  -0.1323875293   0.0817910267  -2.2136378582   0.5847349338  -1.8011663172  -1.4476285958   0.0329135962   0.2843133658  -0.3562249413  -1.8827157005  -0.8923597197  -1.4633190442   1.3570053059   0.4547173734  -0.0508622758  -0.0114758597  -1.0148520042  -0.6845123904  -1.2543814391  -0.9382840605  -0.8317147908  -0.2873180883  -0.0456054757  -1.3315983604   0.0685696341
-0.7999414060   0.3852219618  -0.9219421514   0.2476221764   1.6155751161   2.4147428335  -1.2432760767  -0.5762023230   1.5962589784   0.6020012223   1.5140689805  -1.6317126718   1.4700127798   0.6044078543   1.9477067787   1.3105321174  -0.9882629784  -2.0901425434   2.6937018214  -0.3418677265   0.0347927152  -2.0552497138  -1.5556517690  -0.2289735465   1.6672622115  -0.0268732378  -0.3813150046  -1.1859502757  -0.0209374089  -3.5278118980  -0.2241296501  -0.5768745493  -2.1606374894  -3.1106502015  -1.3698482799  -2.0473889427  -2.1664315517  -0.8845047703  -0.5736739757  -0.0356660912
 1.4543766181   0.6261084409   0.8539887868  -0.8804710326   0.2788267418  -0.3583510903   0.6250577746  -1.1586625768  -0.1512307379   0.2847198177  -1.7496303676   2.2717682156  -1.2082115276  -0.4694442972   0.3715057023  -1.3335948167  -0.4678706877  -1.7407767012  -0.9031600022   0.2580936449  -0.7570817167  -0.1805454705  -1.6618218428  -1.1377051097  -2.6188197627  -0.8508515120  -0.4159369281   1.2263906386   1.3935949334  -1.2330280159   0.7781759430   1.1686319935  -0.9108694551  -1.1570039906   1.1857995429   0.8085666214   0.8019486761  -1.3863147824  -0.2105291955  -0.1665379738
 1.1275935125  -0.6667174828   0.7001599773  -1.6922985851  -0.8873595765   0.2178748134   0.0171943860  -0.8355542747  -0.6918205560   0.0303050337   0.8618498567  -0.8641369137   0.1335095118  -0.9162915278   0.2885291714  -0.0908011414  -0.0878742557  -0.5691265202  -0.6664152726   1.7373379501   0.7447947985  -2.4940786016   0.1181658882   0.9212474992  -0.6616428009   0.1058729030   1.4282106753  -0.9252232261   0.0057255935  -1.1307940929   0.2459961746   0.4382102424   1.4156775393  -0.0809756526   0.6919141428   0.7335441307  -2.2009907242  -0.6359901307  -1.6041814979  -2.0521515082
 0.8202927054  -0.2046494029  -0.9116212226   0.8409537399   0.1200808552  -1.2499430345   1.5596927951  -0.8920363324  -0.2417475255  -1.1539881748  -0.8697172084  -1.0292322231  -0.6133064556  -0.3046383351   0.9880765711  -1.0525504368  -1.0450660315  -1.3872067175   2.2095624992   0.3471615733   0.4022929161   0.3046145234   0.4270869140  -1.0309771535  -0.5356038770   0.1995602052  -0.7485650407  -1.2741999538  -1.6872041467  -1.1935060330  -0.0658816562  -3.0550158700  -0.3937464602  -1.0754988871  -1.8837402437  -0.4719096157   2.3734795455  -0.6718823539  -0.2966320315  -0.6565915333
 0.7197943038  -2.1337948843   0.9937252152  -3.1375006281   1.2077117706   0.0634102963   0.3475671174   0.4121130456  -0.4139409430   0.2681926949  -1.0649801083   1.9029819683  -1.6715287179  -0.2618315466  -0.4900347576  -0.0913727362  -0.5557997664  -0.3324385899  -2.3938849790  -0.4847585659   0.9838290697  -0.6541049519   0.3630489714   0.5775151243  -1.0931908618  -1.1277560096  -3.8974067300  -1.0912727782  -0.5560717709   0.3823562958   0.0174372740   0.6129872703   0.5170679944  -1.3459668006  -0.4227810684  -0.8397765472  -1.3324494440   2.6910661250  -2.4110392953   0.2070274606
-3.2020741150  -0.0329211156  -1.3199073461  -0.4882818755  -0.5453459726  -1.9560791400   0.9003715723   0.0276311375  -1.1368150625  -0.3821159651  -1.8625333197   1.9397025671  -0.1173394789   0.8350076951  -0.1902173711  -0.9686792014   2.0870962522  -2.4217959260   2.2570007072  -0.4549148244  -1.0071458960  -0.2498872989   1.0248779078   0.6364789325  -0.8315076971  -0.3269821761   0.2687119773  -1.4829201147   0.1049530125  -3.2361466282   0.9319947500   0.5324615909  -1.0086845239  -1.2276169053  -0.1916846255  -0.7085438270  -0.2450605833  -0.5013130279   0.2774001606  -1.8961565218
-1.6961265888  -0.0862713504  -1.6699819382  -1.7589318729   1.2265880256   0.4858004419   0.3393307854  -0.8480905733   0.7561278832   0.5679184514   0.5985445054   0.4895866906   1.4513806951   0.0250233163   2.4715326446   1.4168537076  -1.8787468595  -0.4135443317   1.9626974707  -0.6056217549  -0.6645230504   2.0029052019  -0.4357612564  -0.2394118613  -2.8993625642   0.5374389249  -0.0818074884  -0.7869917425  -1.0670339039   0.0128664351  -0.7755448682  -0.3455457874  -1.8256455000  -1.0607401773  -1.0307696012  -1.0863728152  -0.3914256094   0.8121413982  -0.9384689112  -1.4202889076
-1.8754120454  -0.1979672932  -0.1134741562   0.8821494481   1.2049170148   1.4979422148   1.0014395636  -0.2451972200   0.4743970721   0.1715344597   0.4781650023  -1.6231379183  -1.6520900824   0.1613064757  -0.9641729983   0.5729825543   1.3100222210  -1.7273835264  -2.5344097653  -0.1674890731   1.4075147647   0.2283272994   0.8959600626  -0.4425511151  -2.0919306685   0.1460122130   0.8611442578  -1.0531362065  -0.7731654729  -1.3269301391  -0.6520555281   1.2412656725   0.9613219650  -0.9424860068  -1.6501412643  -1.0506462152   0.1103597818  -0.5097961678   0.7096076252   0.4768963148
 2.5473951529   0.5403010662   0.4877099594  -1.1576700209  -0.5487472034   0.6843719016   0.5481546399  -0.9906272564  -1.3526358905   0.0638624250  -2.2689826414   0.2458552508   0.6952240794  -0.5338434966   1.3402528251  -1.1342867561   0.2409482040  -1.6689286526  -1.0067887145   1.8227840549  -0.2207045775   0.9024093123  -0.9530219556  -0.7744455002  -0.7438308387   0.0303372866  -0.6765483623  -0.7342033358   0.7769302166  -2.1486339205   2.1631112565   0.6501615226   0.9782545988   1.7866509533   1.3744834480  -1.9730901283   0.3675633823  -1.4071553286  -1.5291430101  -0.9349959803
 0.2927252495   1.8100834238   2.3455857869  -2.2387227461   0.3503532893  -0.6052136735   1.1143143046  -1.2097824631  -0.1217487199  -0.2026592508   0.3354220176  -0.2372014001  -0.7791666790   0.3168789787   1.3639541727   0.0136247638  -0.1844369437   0.5819789121  -0.1386950592   0.1731812731  -1.6712867492   1.8952930963  -2.1460269308   0.2152283544  -0.6282881941   0.8211077097  -2.8375231031  -0.7627033151  -0.2598792593  -1.4558012116   0.4496709084  -2.2594194757   0.3287453830   2.7686065110   0.8620243314  -1.9412032677  -1.3667730068  -1.8959793696  -0.0688205783  -1.2758041504
 0.3906042072   0.3262582063   0.1312902154   0.2420349021   0.0526219154  -0.0965279935  -0.5229604846  -2.2050422731  -0.6222531641  -0.0315972032  -1.0845006953   0.1358056777   0.6416446039  -1.5643112778   2.1406951923  -1.2381899488  -0.9134150815  -1.5897937793  -0.6523281715  -0.5460899090  -0.2079641037  -0.2546830666  -0.5826520951  -1.2544281678   0.0656838654  -0.0088738218  -0.7570149660  -0.8321272192   0.7072904507  -0.4498900714  -1.1389418134   0.0755116411  -2.0555025795  -1.5790273162   1.4791223154   1.0722670091  -1.1246514485  -0.4782180802   1.2334969304   0.1138486339
-1.2234425942  -2.1019010965  -0.4652024083  -0.5549240319   0.5832711755  -0.2140024467   2.1182969675   0.0585409975  -0.4654900617   0.1829993383  -1.0366826393  -0.4686723258   2.6797048081   0.0645866399   0.5434986178  -0.0881090784   1.2093172155   0.0529828734   0.3859415414   0.6045462289   1.3315918740  -0.6857760022  -1.8254148776  -0.1766031322  -0.9840382050  -0.9894937449  -2.0960825294  -1.1471332010  -0.1615859310  -1.4033636301  -0.1335204537   1.7884097257  -0.7761914779  -0.5596726411  -0.5413310977   1.3877459737   1.8700122639  -0.2596270929  -0.7004339451   0.6071475756
-0.3265889772   0.8069913019  -0.7657255594  -1.1188507535   0.4399821971  -1.5799434447   1.3454800688  -0.1371953883  -0.7723168074  -0.6403221386   1.7863261854   1.6424354602   0.0258687224  -0.3664536615   1.0813072702   1.2804846201   0.2065736372  -0.3556166890  -1.2392825981   0.7621304461  -1.5618995423   1.5593342787  -1.2085814424  -0.4499364433  -0.7170094741  -1.0596855753   0.1387621339   0.6851315246  -0.0750698206   0.5392326175  -0.3882438692  -1.5503181609  -1.6338561015  -0.9166081411  -0.2697124274  -0.8610914134   0.6269031538  -1.1267291244  -0.5432905713   0.7308701152
 0.8690931000  -3.2345438728  -2.3033334665  -0.8267506475   0.2118290364  -1.3077098961   0.1952645508   0.2031917963  -1.1771881685   1.1389548227   1.7496695275   0.3761809613  -1.2137806051   0.0188492407   1.4323223813  -0.8470981734  -1.6544549641   0.7393462453  -1.1099357549   0.0606647132   1.0683551252  -0.9078431869  -1.4225303280   2.5067771355  -0.9619782633   0.1500042411  -1.0162708915  -1.0556667417  -0.0034880792  -0.7771404766   1.9051017567   0.5494903950  -1.6732294904  -1.6730632276  -1.2505918413  -2.2816312461   0.2434650207  -0.8019964610   0.7777272517  -0.2961799745
-2.0668886682  -1.2649327432  -1.3292365180   0.3932579542   0.0038332916  -0.9966957791  -0.0279037042  -0.9156314061  -0.2414085289   2.8773078524  -0.2167460844   2.8939364080   0.5273547514  -0.6251275718   0.1349545477  -1.5517328015  -0.1729892085   0.6310277453  -0.8183622258  -0.3298043156  -0.4089359255   2.3982669470  -1.0784562859   0.9577652061   0.2339930205   0.4242950940  -0.9718527840  -0.2771240101   1.2374088858  -1.5662160901  -0.4681844089  -2.7352885823  -2.1491632989  -1.4007283408   0.8123962886  -0.3852860096  -0.8166274698   1.1302843158  -1.1783484980  -0.4060041858
-1.7502518532   1.1922127223  -1.8438299328   0.1196128398   1.5246937121  -0.6584969972  -0.3010732418  -1.1905499088   1.1504482996   0.0048767337   0.4345404477  -1.0451971773   1.6697644064   0.7938387751  -0.3096331474   1.4455262956   0.6941390530   0.1095120902   0.2558512727  -0.6389170641  -0.9857150652  -1.1775943405  -2.6678586106  -0.2900151920   0.9127615138  -0.1344341610   0.2340686180  -1.3947477532  -0.2539340241  -0.5634635645  -0.3011601547  -1.5869386229  -2.0962623698  -0.8209664654  -0.4524330796  -1.7175635917  -0.6278183911   0.6775233365  -2.2786006619  -0.6563019098
 0.1156743396   0.5303944715  -0.7338757430   0.6568721237  -0.6524345115  -0.6889623904   0.5627298810  -0.3985759063   0.4725533561   0.7850429674   1.0496504791  -1.0602412796   0.6255875324   1.1408585676   0.4279548476   1.1108435382   0.7169024997   1.3148740599  -2.0251107979   2.2527861839   0.6045313660   0.6922985719  -0.2209931190  -0.2859540650  -0.8995151624   0.9323648878  -2.0138619912  -2.5210446291  -0.2578931417   0.5024832004  -1.0510984013  -1.2361059055  -0.5316565800   0.3743781259  -0.5840924241  -1.1449699764   1.0759426952   0.5402715121  -0.8848001925   1.1468889650
 0.1108751043  -0.6764038725   0.1349434844   0.9374180927  -0.6604087248  -0.3321227905   2.4552150740  -0.5572699159  -0.7636303859   0.6101508442   1.1685449582  -0.7904299962   1.3258649285  -0.1399282568   0.5361121909  -0.4955955375  -0.2209338971  -0.1245922139  -0.1158751446  -1.8390635762   0.6222498748  -1.7933324357  -0.8086490715   0.6610070047  -1.4306993682  -0.1109108715  -0.3041973236  -0.9978415677   0.0387812517   0.5365398117  -1.0008764676   0.6771381666   0.0980320069  -1.9322193486   1.6301779610   0.2039054976  -1.2662295394  -0.1481704924  -1.4407552260  -0.2060252038
-1.3289479083   0.0888290244   1.3864207254  -4.0735240329  -0.1533774366  -0.4501115039  -0.2021394131   0.7559267048   0.9255161851  -0.9230400623   0.5709457346   0.5114541744  -1.6552789318  -0.0212564287   1.3515768666   1.4132269047  -0.2216440018  -0.2698198848   0.2050774764  -0.3996257538   0.8876110909  -0.7197303021   2.6390797428   0.3116356464  -0.4908902245  -2.2089848377  -3.4774635010  -0.4284311708   1.1711185935  -1.8933495544  -0.7321599429  -0.2012050962   1.4228135056  -2.0632815933  -0.9357262631   1.4834397922  -2.2647727219   0.6901585824  -0.6615426862  -0.1830780407
 0.6896205141   1.7015252107  -2.9906458035   1.1180739470  -0.4031123643  -0.8262692537  -0.6907171678   1.3457192590  -1.7633201024  -0.4834334231  -1.6045660885  -0.1325846111   0.7627825960   2.2459343763  -0.0555491251  -0.0594234255  -1.4345137970  -0.3510938037   1.8241484956  -0.5795018597  -0.6211716560  -0.0597432527  -0.5675790931  -1.7855898004  -0.0264108742   1.6056979035  -0.6033212396  -1.0713127191  -0.1738831171  -0.1840340765  -2.5580938477  -0.8254385367  -1.1410467360  -1.1788175153  -0.7250253181  -2.3090738735  -0.2619498217  -0.5074443677  -0.3758404919   0.4906821620
-1.5998409355  -0.5040870840  -1.2663017838  -0.2024049359  -0.1888404860  -0.3228924032   0.4919083365  -2.0287184456  -0.0088977014   1.1251414770  -0.2777907268   3.0739961788  -1.5108597725  -0.4884737385   0.6703541024  -0.1485292403   0.5196803912  -1.2879607019  -0.1301463472   0.6910198243  -1.9165636813  -0.0494017863   0.3379662675   1.4362365825   0.9683944802   1.1266519338   1.0522610681  -0.2183927975  -0.4767304866  -1.8490644450   1.6525681857  -2.7325857395  -1.0921886546  -0.6079304612  -0.8671677585  -0.8769232050  -0.1262521929  -0.8745448756  -1.4156233713   1.4465107324
-0.5296817188   2.1779263897  -0.4457687673  -1.3679441342  -0.3467765139   1.9967277387  -1.4485249865   0.4905252015   0.5141543617  -0.6283775249   0.5307840620  -0.2918567348   0.6625162887  -0.0292767151   0.4353989542  -0.1032589626   0.1322626124  -0.9463870957  -1.2269116173   1.1959374406   0.3950728292   0.0179246147  -0.6749536618   0.1592934553   0.1072719217   0.7528647070  -0.3047943654  -1.2396098941  -0.8324134500  -1.2361929182  -0.3482598228  -0.6537060095  -1.4211456451  -1.0410514227   0.0898910357   0.2230910780  -0.8455875322  -0.7342349594  -0.4175420885   0.2614646573
-1.0534895529  -0.7305285464  -1.2565435936   2.3126103757   0.6399186432  -1.3434191179  -0.5063206607  -2.4211911856  -0.4226532320   2.0837494555  -0.3746901742  -0.7318722333   0.2063375267  -2.0991039975  -1.4324106725   0.9685814355  -0.2802703984  -1.4066705010  -0.7542388081   0.0921556450   1.1721447440  -0.3152097425   0.2624031904  -0.5425230438  -2.9318200488   0.4814472661  -2.0774713278  -0.6780480918  -0.6231484114   0.6023948249   1.1449518574  -0.9862355937  -0.6086823528  -1.5094912270   1.2762508787   0.4952428026  -0.2625594845   0.0042057032   1.1747358055  -0.4185127992
 0.4389083279  -0.5934513133   1.0837774763  -0.7959760193  -0.9966346082  -0.4406263147   1.0553613217  -0.1313258005  -0.3309957851  -1.5691071806   1.8795047165  -2.1511397338  -1.3982417772   0.5457048284   1.9049423869   0.1427759252  -0.0338982275   0.6760812407  -1.9060048603  -0.8732904653  -0.2080979348  -2.4671297547  -1.7466974173  -0.3293013670  -1.0752063124   1.7455373479  -0.8569405964   1.2172164002   0.3123906051   0.6564646970  -2.3758646401  -0.4087251363  -0.8894164593   1.9564978937   0.0570605647  -2.5822063329   0.7129788383  -0.6875072732  -1.8209260470  -0.2255036720
-0.6513644661   3.1383492220   2.3863325936   0.2302136887  -0.1494406407   1.5668230317   1.2295162170  -2.3439231913  -2.0423503767   3.0605541626  -0.2832379905  -2.3705102121  -0.6363869500   1.4068752177  -0.4502014345   1.7565724641   1.5827571856  -0.1923269549  -1.0092281193   1.6188379657   0.5962827598  -0.9345677056  -0.5989685285  -3.5375228331   0.0607267668   0.1002212264  -3.5420531669  -0.8860211327   0.6396556752  -0.1852267134   1.2818650055   0.3538865591   0.0993012403   1.2231872145  -0.9917976893   0.0009728565  -3.0912043564   0.6036526304  -0.9998161997  -0.0169946833
 0.4549103420  -1.7326824581  -1.2311187678  -0.2160207041   1.4718578108   1.0573420954   0.2685742841  -0.4902703604   0.0485782590  -0.5084910854  -0.8813364789  -0.1865707451  -0.8770405175  -1.0341533783  -0.0317397280   0.3721138660   0.0156831705  -1.6703652097   0.8399738369  -1.2544012445  -1.6565023888   1.7182932135  -0.9442133090   1.0175178423  -1.0022733042   0.1647258523   0.2576596735  -1.3939949359   0.0742414311  -1.3651891591   2.7511397357  -2.8884684190  -1.4415970141   0.3276702752  -0.0396395041  -0.0377869687  -0.6495824861   0.5869957800  -1.2597779089   1.3626690648
 1.0927869459  -2.3058439023   0.2084707720  -3.0433230224  -0.0266090742  -0.9478517068  -0.1558235171   0.7312779291  -0.9496636883  -0.6894854565  -1.1460703808  -0.4368897484  -1.1278584378   1.2864025687   1.7863588914  -0.3717655721   1.3927993960  -2.1081193910   2.4469568290  -0.9982646477  -1.2872222720   0.6221084343  -0.1639200951   0.6638529308  -0.9291718254   0.0241505878   0.1236931343  -0.7099389952   0.6915797528  -2.6811844599  -1.7952637018  -0.2526199044  -3.5865512506   1.1565126498  -1.4535614114   2.4891140084  -2.5620052743   0.6115533780  -0.7408288583  -0.3781923554
-0.7515612188   0.1773935315  -1.2852147707  -2.3836378235   1.3304973372  -0.6740453504   0.2958213377  -2.1885464200  -1.4760010894  -0.0524942598  -0.1176834001   0.4690149291   0.9032492631   0.3642203560   0.9487991691  -1.8709814773   1.2929568519  -0.2149296742  -0.5740956738  -0.3133090659  -0.9811987343  -1.0181706373  -1.0702661023   0.2828892018  -0.5051942480  -0.0715823386  -0.2013208845  -0.1362497660  -0.2485312380   0.1707739660   0.2364416224  -1.1827450619   0.6904640209  -1.4815550198  -0.2872742741   1.2626240547   0.1887369957  -1.2592916810   0.4525155029  -0.4391111712
 0.9349250074   0.5132161168  -2.0197694151   0.2338664110   1.2494366918  -0.4091697161   0.6442889500  -0.7624195038   0.6230002110  -3.1807672509   1.2567372659   1.9170409236  -1.8608658705   0.4370841485  -0.5345783905  -0.9296308418   0.1801034447   0.1210078578  -0.4249732234   1.3100220069  -1.4273094762  -2.5149385399   2.0356635049   1.7129801397  -0.4014593600   2.4187099348  -2.8481400383  -0.3413404985   0.0282169893   0.0802137192  -0.8577357867  -1.6203702300  -1.0151199855  -0.1372154672  -1.0415129074   1.0381982332  -0.7214858745  -1.8446026920   0.2238023393   1.2000110102
-0.0906129272  -1.5993198141   0.2447997044  -0.5430749537   1.6731078324  -0.2417395027  -1.3320633375   1.7837538160  -1.1899564696   0.5291068655  -0.4417510973  -1.6288642540   0.5017320229   0.0461431128  -0.6354832082   0.8161084179   1.5662378635  -1.2106802388   0.5378127443   0.1445682218  -0.5174717991  -0.0871070729   0.6755322175   0.2851151802  -0.6934546482   0.8426254453  -1.4588291919  -1.7283840797   0.0304378675  -0.3930881271  -0.7137806405  -0.6174993709  -0.2915975213   0.4599646119  -1.8739806649  -0.1137732904  -0.5491865110   0.8368920843  -1.6245758131   1.6965431495
-1.9740265809  -0.8215247991   1.9944344402  -0.9830372623  -0.6889128667  -1.7533783047   1.9279330247   0.0112956889   0.1353199984   0.0942183492   0.9084040778  -0.0512489088  -1.9935465401   1.5403759613  -0.9262848053  -0.2568314927  -0.1818740573  -3.1046039497   1.7606520163  -1.3465753561   0.7036346949   0.3388561205   0.5090005634  -2.2456330381  -0.0793958434  -0.1625659982   0.2593375776  -0.1558989713  -0.7699673793   0.1643625017   0.2936685240  -0.5323755586   0.1617564145   0.5793889994   2.6953173031  -0.3383893370   0.0967649529  -1.5410216116  -2.7263139203   0.3974448154
s4
 1.7997385951
 0.6664029914
-0.2870652763
-0.8997455412
-2.4365118378
-0.1798127622
 0.8987418720
-0.9500592618
 0.7699948238
 0.0653450003
-1.3230648010
-0.6871317608
 0.2619791109
-0.0541290792
 0.0426162276
-0.0732515377
-1.2035990269
-0.1004895660
 0.1558950486
-1.4577622192
-2.2015028346
-0.6892841066
 0.4098040621
-2.4576096481
 1.5409815454
-0.4171442891
-0.8511584232
-0.3905952240
-1.0817521383
-0.2131381969
-0.5849907791
-0.0677511576
-1.3512133563
-0.8028760206
 1.0984975575
 0.9538095570
 0.6023056923
-0.5839029766
-0.3398330848
-1.1344929417
w5
0.9921314879  -1.1108599440  0.9722702113  -0.8571174205  -0.1162768899  3.2746639661  -1.4412540450  2.6422532267  -0.6884684503  2.1652527884  1.8259103932  -0.0709120220  -1.5318601126  3.0198672797  -2.7879796339  0.7481461653  -0.0049445525  1.7290832117  2.1358611429  -0.6504048362  -1.9942147649  -0.5868546154  -0.1300455614  -3.1345860067  1.9557190191  -0.4749656452  1.8443409525  1.9230890864  -2.0299893583  -1.7409183993  0.6534754521  1.6302714607  -3.1586974232  -2.9444645372  -1.1876378598  -1.8758998623  1.7031077672  -2.9948162346  -0.7645302891  3.3417348119
s5
-0.0189413920

