layers: 4
str: {2,40,40,1}
w1
-2.1782955757   1.3329229758
-1.5778390462   0.7864316403
 1.6823052869  -0.3463002779
-0.8323166986  -0.0860916627
-0.5849412529   0.4683308297
 1.2783204735  -0.6700085922
-1.3110181726   0.9036218362
-1.4032630197   1.1840703665
-0.9861600592   0.3422658834
 2.1016770438   0.7841206051
-2.4172198597  -0.0872438429
-1.3326406728   0.8189840791
 1.2175915182  -1.0259567199
-0.7541752283  -0.7359917865
 2.5688579623  -0.5483152744
-1.6411338827  -1.2088810310
-1.5145507311   0.4264438476
 0.9171451240   1.7660339215
 0.4878427168  -0.0142772782
 1.3729236954  -1.2000975038
-0.7011960012   0.8448471162
-1.6882035050  -1.0652412789
 1.3503803239  -2.8536939682
-1.2361226049  -0.0965115910
 1.6219592090  -1.0611415306
 0.0252458544   0.1661850387
-0.1835977808   1.5706825553
-1.6645009489  -0.4029678922
-1.5404757951   0.6690368864
 1.2444844229  -0.2077430856
 0.7802388747  -0.8885297844
 1.0816037289  -0.2593352306
 0.9337340169  -1.0425996167
-2.5578421995   1.7314352590
-0.4165470660  -0.0984193807
 1.2848766025  -1.5064731601
 0.8353796412  -0.5133736658
-1.7530119862   0.4122274900
-2.3343915640  -0.7402136100
 0.9989813639   0.9747304998
s1
 1.2103949179
-0.4183250533
-1.6083932513
-0.8441461331
 1.4816087483
-0.6982751356
-1.1457710489
 0.4022027450
-1.0099220701
-1.1343918747
 0.3502679986
-1.5025219706
 0.8156431064
-0.9817830671
-2.1928309725
 0.1308232736
-1.3831062580
 1.7894597950
 0.9734911943
 0.9250438983
-1.2375849858
 0.1837128410
-0.2514308040
-0.0183792182
 1.4406819506
 0.4768707124
 0.8736476323
-0.3458285710
-2.0207687932
-0.4178305336
 1.1645714928
 0.5071818134
 0.1865923324
 0.4001854452
-2.3299811541
 0.1661768320
 1.8434071751
 0.7766474659
 1.8886860236
-1.0775760303
w2
-0.2144450159  -0.7697218088  -1.4733638422  -0.0405825753  -2.1798335251   0.0465405136   1.2742569542  -1.3145739654  -1.4234247909   0.2722631500  -0.3060550493  -1.0533231185   0.8583697552  -0.3343437282  -0.5176787676  -1.7273905736   0.7323757908  -1.2305444317  -0.1698837647  -0.8886323127  -0.3386622342   1.1076782017   0.6069702593   0.9760726901   1.8642966396  -0.1557990229  -0.2258335208   0.9269203464  -0.3332812789  -0.2357014039   0.3719371167  -0.1284132540  -2.0387504630  -0.8238006952   1.7370932396  -0.7074612195  -1.4514519489   0.1462664109   0.1085300274  -1.9258190623
 0.3568340443  -0.5231754165  -0.7246892981  -2.5931057290   0.6399956224  -0.6866160175  -0.0182312266  -0.5299814538  -0.1368089134  -0.9221933382   0.8953407599  -1.2239492937  -0.8567638018  -0.8757757425   0.6370224314  -0.5574176216  -0.1408318514  -0.3390134266  -1.3393207241  -1.5740281098  -0.4865203436   0.9516600159   0.9242240397   1.5050289126  -1.1043566248  -1.9584379981  -0.9479378360  -0.4166226866   1.2839174801   0.5431092213  -1.1013360107   0.8252390947   0.5246515379   1.6941996583  -1.3383573811  -0.6133508207  -0.0513160996   0.5193372277  -0.8890738560  -1.2794222797
 1.7888358825  -0.5323111653  -2.8221529364   0.3431872847   0.5992536808  -1.1528426528   0.8851307704   2.9138166329   0.2195088106   0.1934977985   1.3119630549  -0.3570682109  -0.2728941545  -0.2451435506  -2.1002546944  -0.7518549852   1.4406251192  -0.3460892870   1.0261247672  -0.3045558383   1.3196910115   0.5941162616  -1.3065963969   0.9681333034   0.7288712070  -0.2475774815   0.8631835563   2.3884836921   1.3726635376  -0.8865076487   0.2091788917  -1.3713537260  -0.8215419194   1.7723055131   0.1789934358  -0.4867601344   1.5404881275   1.4255207108   0.6765565278   0.3283998167
-1.8538701265  -0.4159785865  -0.4243772346   0.1197186684  -0.4944551485  -0.9798872684   0.5387859721   1.9371881667  -0.5817747135   0.7010746141  -0.7240598574   0.7492264131  -1.8642419955   2.8451762644   1.5328824848  -1.3406234801   0.4854177880  -2.1661524754  -0.4210720831   1.1758069407  -0.9839316972   0.2402536353  -0.1803159381   1.0945717474  -1.8206029105  -0.9544583300  -0.9909916112   1.4753306576  -1.6277478038   0.9518385599  -1.3897151102  -0.3989609132   1.0834745860  -0.0618586537  -2.1668814718   0.0200393360  -0.1728561218   1.3210631026   0.1454925217  -1.0526639346
-0.3770308144  -0.0419378564  -2.1567239465  -1.3631957526   0.1785245676   1.0170795823   0.5613367731  -0.6172177472   1.3377007674  -0.4654228230  -0.9050319708   0.3324884133  -2.4134016373  -1.7408890180  -0.8549200328  -0.4250093985   1.3181086967   0.2148561652   0.6869244923   0.6306147441  -0.7822467205  -1.4648419274  -0.2984202763   0.8198410207   0.6980549890   0.1057587411  -0.8405428209   0.6793810202   2.1580277778  -0.6980057250  -0.3600314068   0.4961433459  -0.1567495662  -0.0646740361   0.7579115077   0.0672726943  -1.9951950327   0.4141066287   0.2026015722   0.4543416063
-0.0210447133  -2.9457896644  -1.5526286684  -0.0731616022   0.6511439120  -0.7694899414  -0.0857256621  -0.0675362966   0.4488476456  -3.3046038835   0.2131274185   0.2013897120  -0.5714484861   0.5862746058   0.3151085395  -0.6924771185   1.1278027398   1.4623901088  -0.8548713931  -0.9585875830  -1.2047212656  -0.9985548202  -0.3887451592   0.3728066685   1.2529678775  -0.0613684502   1.1937390310  -2.0168198371  -0.8696885271   0.7230369985  -0.8632909767  -0.1949693118  -1.3610302767   1.4127194682  -0.2835848394  -1.1195502814   0.0823121487  -1.5854055014   0.5669582651   1.2207406099
 0.1393117701  -0.0707332221   1.0297318081   0.6291854913  -0.2229731428  -0.8723071284  -2.0842934476  -1.6119817283  -0.9990031302   0.6512104908   0.1685040593  -1.8904588653  -1.0614594197  -1.7057051411  -0.0803644479  -0.1054934691   0.4437990448   0.2733496551  -1.6643047699  -0.7139706335   0.2538461148   1.3498912657  -0.3747522458   1.1762553659   0.0853009989   0.5357738228  -0.4582577048   0.8159213271  -0.2562281860  -0.4473260974  -0.9424394426  -0.4939777422  -0.3152041920   1.5660635890   0.3773756480   1.6935418492   0.1820088995  -1.1699194471  -1.7552824654  -1.4861099531
 0.5203827830  -0.2722389249   2.2392013231   0.6312168848  -0.2427711315   1.6848482316   0.1861281552   0.2876071913   0.4704718205  -0.5749489399  -0.3516816826  -0.4419349866  -0.0700926416   0.2301054011  -0.2632817377   0.5252620206   2.0055551428  -2.1735946325  -0.2234912148  -0.5271930542   0.2152518441  -1.2225606561  -2.3762451285   1.8008474380  -2.1247671091  -0.2475687248  -1.5892087502   0.3027781245  -1.1147934817  -0.8413229943   0.8975302352   0.0345215506   0.2614980435   0.2872087636  -0.5561881891  -0.3584131453  -0.6060113340  -0.8325518465  -1.4945248761  -0.8111129856
 0.7430301253   0.3828979936  -1.1336200417   0.0666954463  -0.6408826156   0.7653933445   0.6413434694  -0.0668056637  -0.1961050146  -1.2231633632  -1.3491274204   0.9458852439   0.4967919431  -0.5681451703   0.2757872554  -0.5990318331  -0.9025143226  -2.6780410219   0.3666968899  -0.7729892998   0.4877874817   0.1953603947   0.3164539442  -0.0181964669  -0.2445073073   0.4542800069  -0.0421329675  -0.9441998297   0.1353813607  -0.6863403403  -0.8421843738  -1.2089562488  -1.1001788215  -1.6862823972  -1.2686751964   0.3011089918   0.1654554819   1.6017415797   0.4035271869  -0.6309597559
-0.7287877970   0.2912807957   0.3552418561  -1.2406501207  -1.3624130777   0.7479635296   0.1934760454  -0.1812764653   0.2621049058   0.9083523567   2.9394492870   0.9893433788  -0.4949059594  -0.7986553572  -1.1847865063   0.4916715992  -0.5262845558  -0.6616328860   0.3083819401  -1.7075095051  -0.1392693109  -0.6625982110  -0.0088606099  -0.7285011638   0.3595676638  -0.7633658728  -0.9152161082   0.0671814840  -0.4489409454  -1.6891971097   0.4904333528   0.1869204947   1.3750846322  -1.7297153016  -0.0859214503  -1.4308256420  -2.0119321306   0.1143387747   1.2889551216   0.6744680295
-0.8365248690  -1.8037788958   0.0167570893   0.1327748937   0.5342583440   1.3102944650  -0.9604473177  -1.1155674550  -1.4119808914  -0.7268606177   2.0678358748   0.0517275100   0.3943349729   0.0038260489  -0.6807604519   1.0789541935   0.3252924242   0.1023739043  -1.0804697000  -1.6069064930  -0.2697198290  -0.0521935770  -1.9782511432  -1.1544770392   0.1097848219  -0.2041342455   1.1763918883   1.8741667978  -1.1750512369   0.1672838086  -2.5231624623  -0.1314890573   0.4616091260  -1.1129923650   2.4491036999   0.1771061908   0.1078946751  -0.6859073033   1.6079217081  -0.5052248749
-0.2365817042   0.2977287555  -1.5451141299  -0.5507557541  -1.5381181248   0.5216620174   0.7886931338  -1.0822711859  -0.9800618354  -2.0324934598   0.7822938397   0.7364175211  -1.6080412174  -0.8823763647  -0.9896296993  -0.7048820196   0.4692686150   1.1888497663   0.2220011944  -1.3556466405   0.3039458448   0.7990415268  -0.0000555130   1.1674274145   1.2657456466   1.2772047180  -1.1115546551  -2.7866146348   0.8263860051  -0.2570989095  -0.0139705335  -0.7594361768   1.5585018938  -0.8357363531   0.9354091161   0.8008138775   1.0924668785  -0.9464587255  -0.8300854220  -2.1323490217
-1.5064996044  -0.6502915762  -1.2909930621   1.3413247776  -0.1160112814   0.0906820021   0.1868982484  -0.5521917660  -0.4062931748  -0.1263430221  -0.9622771120   1.5074756847   0.4504171203   1.9828898226  -2.2531828368  -1.0676574081  -1.2428414556  -1.9510361542  -1.8863856771   1.4063658917   0.3444314305   0.3624839340  -0.3680022385  -0.5636579990   0.3687761622   0.4555225243   0.7473441248  -1.0833968003   0.8867974908  -1.4670206928   0.2718550953   0.3828956931   0.4100572342   0.3393414214  -0.7035305931  -0.2031788800  -0.4987182660  -0.1478509284  -2.4077511179   1.3374668688
-1.3777210610   0.3791764598  -0.4226779343  -0.2085588435  -1.9946895034  -0.5560623282   0.4858990933   0.6971599453  -0.3279023272   1.4331233670  -1.3910289869   1.2918781602  -0.5767790029   0.1484290638  -0.5918845615  -0.8876972173  -0.1559685529   0.8523955468  -1.2199555576  -0.5419287173   1.8305994652   1.0198463929  -1.0394259312   1.4121714209  -0.6017315364   1.7471607198  -1.0278178938  -0.9702716824  -0.1467651042  -0.5137133617   0.6525970687  -1.2011826006  -0.5584590687  -2.2222382254   0.3238549442   0.7100998013  -1.3068873980  -0.7107450908  -0.5589928484   1.4427170147
-2.1544962156  -1.7644209956  -0.7195398514   0.3711188745  -0.4591321753   1.1654402404  -0.9762687230  -0.5711408406  -0.1009628421   0.8398908385  -2.4275094317  -1.3136329507   1.2576197844  -0.9303448354   0.2192020910  -0.2248698569  -0.2157846128  -0.6811127917  -0.5044927876   2.3497163022  -0.2756631595   1.5730757083   0.7346084147  -0.1273284415   0.5592027419   0.4340592507   0.1511455097  -1.9562646186  -0.9318124339   1.4597945839   1.3563845842   0.4483196652   0.6310206451  -2.9634575034   0.4903069115   1.4021626786   0.4178779883  -1.7040765110   0.3548972561  -0.1022542784
 0.1284779996   2.2722235528  -1.0277829679   0.6102891186  -1.4111149752   2.1317751957  -1.7709497526  -0.7981313055  -0.3613762013  -1.9139700317  -0.1994205063   0.3183938438  -1.0931590137  -0.1461126129  -1.5371082651  -0.0344497145   0.5661737571  -1.6997391615  -0.5627102889  -0.1324698658  -0.1812239429   1.1471555419   0.7194554803   0.6404607363   0.1276355166  -0.7880151261  -1.8311924620  -1.0425905388   0.5219092986   0.6828079984  -1.2134990039   0.4567147101   0.4996928844  -0.1575193297   0.7445411281   1.0204998242  -0.5454498964  -3.2989080532   0.9978414321  -0.3782006808
 1.0883320803  -0.6154163743   0.1658379071   0.5770985881   0.0938689384  -0.5231390151   1.4170491477   0.3741242619   0.4610773994  -2.1522934957  -0.3201819703   0.6763877882  -0.8334965705  -0.1381789477  -0.2585578083  -2.0068740544   1.6658720966  -2.7192821705  -0.3494635694  -2.0437423432   1.2998320419   0.9535456665   0.0771916854  -0.9919815321   0.8010983242  -0.0012274216  -0.6015040308   0.5348355145   2.0441972885  -0.4904069512   0.8169866263  -0.8769591703  -1.1522395864   1.6477148518  -0.2411102105  -0.7466477990  -1.0266543156  -1.2421846527   0.0369868896  -1.1677057340
 0.8284422301  -0.9956615371  -0.3614690463  -0.9665202138  -1.2413901330   0.4678717335   1.9578813809   0.8492781118  -2.4748499562  -0.2865135832   1.9655682031  -1.1228020603   0.0143487751   0.6623064033  -0.6280289458  -0.0652609926  -1.2324978211   1.5862658615  -0.8293448609  -0.1558299817   1.8498746580  -1.3540513906  -0.3668030930   0.3613652429  -1.3322970769   0.5267268517  -0.9185014522  -1.2229788305  -1.3179170705   1.2297893982  -0.5994527665  -1.9066625437   0.2033582887  -0.5162311500   0.2081775475  -0.8095358586  -0.2265408194  -0.8327238759   1.1811925521  -1.0977167368
-1.4619937862  -0.5803935129   1.0887165245   1.0683566122  -0.2314724718  -1.0203628963  -0.4916161207   0.0566513489   1.0596394659   0.8521530265  -0.8896545109  -0.8483305378   0.8423164742  -1.3695232553  -0.4897169375  -1.2156477813  -0.1960691780  -0.9427406172   0.2992790560  -0.6277891665   0.1793108723  -0.0625336805  -0.4037522412  -1.2528352948  -2.0491738560   1.4131744810   0.6338564750   0.0457793722   0.3113601185  -0.1177496973  -0.8013259086   0.2294160721  -1.7585368301   1.0293196707   1.1060280224  -0.7807741496  -0.3235614448  -1.1065216795   0.8355752957  -0.2628093018
-0.1480883658   0.2713958255   0.9272903923   0.0514236648   0.7451851733  -1.4217599066  -2.7907268215  -1.4453522892   0.7771750098   0.6089423775   0.2837685864  -1.4351947120   0.5983391389  -1.2780897276  -2.9269133968   0.0986144233   0.8015045524  -0.5098063774  -0.9419074125  -1.0725718435   1.0613919269   0.0166246318  -0.0166267305   0.4002090750  -0.5505028787  -0.5923073499  -0.8365928054   0.6578073787   0.2591109613  -1.0179447696   1.7903082468  -1.1882455087  -0.4210600151  -0.3515756065  -2.1195661606  -1.0334728376   0.3437813337   0.1735199776   0.2305273964   1.7451111180
-0.8991598033  -1.6333792713   1.0077664926   0.6060594334  -0.5342191549  -0.2948804085   0.0518580558  -1.3007764016   1.5538798324  -0.2197580267   0.6195532030   0.1227732341   0.4476008619   0.0072718136   2.0562474264  -2.4820983540  -0.7593828861   0.2916128181  -1.9961862937  -0.2613942558   2.0911902106  -0.9410026054   0.7585653397  -0.2431806086  -0.1637151642   0.0841341608  -0.4468292981   0.2981625755  -1.2339836435  -0.9147236126  -0.5050541311  -0.5928504473  -0.9852672497   0.5018235288   1.2934344563   0.4179410138   0.1000313158   1.0507714651   0.9562933347  -0.8989320314
-1.3859129857  -1.3937182705  -0.5995566075  -0.9115541598   0.1527272188  -0.5783789364  -1.0310351405   0.6403026454  -0.4131454243   0.2255870901   0.2000724570  -0.9136978727  -0.5819598974   0.2224859483   1.5350872002   0.3993648700  -0.5312297102   2.1040034809  -1.4324838950  -0.9142802051   0.0278540619  -0.9438542395  -0.4233625066  -0.1087686034  -1.1095309462   0.9505714276  -0.7986242327   0.8162349950   0.6781468432  -1.5878956300  -0.9085017541  -0.6665253077   1.8032716544  -0.5334945723   0.5308073335   1.0455652046   0.2980954283  -0.3140033248  -0.5492608945   0.0976086558
 0.0057431054   1.3178459334  -0.9663635654  -1.2681199377  -0.8321197424  -0.5226124127   0.2538586506  -1.0737574061  -0.1051421664  -2.1011506079   1.7333850906  -0.0663457304  -0.2073289112   1.2580387119   0.1029345524  -1.6486676775  -0.5695744009  -0.7900647722   0.8774225432  -0.9155327417   0.6308577924  -0.9000575081  -1.7759903760   0.4507876563  -0.5641797097  -2.6219121881  -0.0703679175  -0.9483293975   0.3000206425   0.7103303220  -0.4246292966  -0.0610109319  -1.5441479496   0.1952134462   1.2812028378   1.8448731495   1.3067493485  -1.7415582518   1.7236854862  -0.6030674240
-0.8422345218  -1.5226161750  -2.4441568719   0.0062062678   1.0078492512  -1.2761952037  -0.5577454976  -0.2783495246   0.4077884132   0.1843987977   1.5747645645   0.5603604557   0.3700451075  -0.3026369311   0.2016397618   1.0178939838  -0.2757593757   0.3863542965  -0.5809998774  -0.4094071211  -1.5303708831  -1.5650608092  -0.0228983662   0.0323094005  -0.4505004965  -1.6955201556   1.0121874755  -0.0996720302   0.1387040077  -0.5341364202   0.1293972304  -1.4384409718   0.0961060752  -0.3190102052  -0.9994542243   0.2616933760   0.2196747137   1.2957219845  -0.0320008245   0.3586464160
-1.0889050169  -1.3570914728   1.0212529036  -0.7556796584  -0.2243444176  -0.7334760022   0.2530189943   1.3181999639  -0.1274143934   0.8316258212  -2.2348289618   0.3934511379   1.4006946184   2.0507229043  -0.3747550368   0.2473984951  -2.6789070578  -0.1563474949  -0.7485963484   1.0387230277  -0.1629746174   1.9305570296   0.1163148832   0.1303108045   0.5395615715  -1.4295799752   0.7319928061   1.6386965446   0.9790726614   0.6222284585   0.0820087979   0.6531076513   0.9722165480   1.7708414471   1.0229141692   0.7325731771   0.7034331255   0.1722864423   0.3124150156   0.5093025383
-1.0003804117  -0.2219418338   0.9294778575   0.3873910196   0.0818296934  -0.2035068913   2.3894761331   0.0142598914   0.1546846889  -1.0044894816   0.7676306267   0.7570866508  -1.0256133235  -0.1439641441   2.5945640685   0.3096552359   0.9869667725  -0.2718498394  -0.4746223459  -1.5366801769   0.8883074568  -0.3105957521  -2.4191544045   1.7114403862  -1.6316204089   0.7167558931  -0.4235423272  -0.5412259510   2.3138984406  -0.8979271743  -0.9962826052  -1.7262460384  -0.8754416085  -1.2025629680   0.8066269178  -3.3663230302  -0.8113331563   1.1582108172  -0.7452815726  -2.2749461458
 0.0962511452   0.8138311126  -0.5790379477   0.6995203414   1.2537203455   0.5692493068  -1.9199638698  -1.5533521138  -1.2598929968  -1.2193711998   0.3164690246  -2.5932601109   0.9051382719  -0.1536148893  -0.0361560163   0.4617208858   0.0294712174  -3.0036378072  -0.7475760366   0.6315622235   0.9093455636   0.4707064934   0.3782989209   0.5324032337  -0.0247783886  -0.3564056270  -1.5861602724   1.2493435497  -0.6469045055   0.9429001981   0.4970631257  -1.6106768951  -2.2405968571  -0.5423960042   0.4047067589  -1.7594075273  -0.0367810378   0.9103740290  -0.0406192556   0.4640588870
-0.3191958142  -0.0875796567   0.0829346057   0.2628177853  -0.1474562224  -2.4018427336   0.9548319091   2.0357415580   0.2054657301  -0.4183652307  -2.3741152487  -0.9408925342  -2.0215186378  -1.9723822915  -0.1751667799   0.5812133283   1.0469707921  -0.4614059078  -0.0933063229   0.8630714871   2.3298118600  -1.1793562818   0.0866638176  -0.5882761162  -0.1777486029  -0.3035555118   0.7930601985   0.5549704888   0.7492599252   0.8994831991  -1.7645454083  -0.6478611629  -0.6603382926  -0.3048907935   0.3086918291   0.5173697129  -0.9749945325  -0.2317158407  -0.7802682957  -0.9359268924
-0.1210175886   0.7775558800   0.5545113045   0.9227416693  -0.0396641538  -1.9633146609   0.4766427046   0.6852788149   0.7754579054  -0.3371674346  -0.0444655677   0.5334796421  -0.7200938822  -1.3307480916  -0.2748092253  -0.8699809256   0.8392975137  -0.7967293874  -0.3258176372   0.2215926062  -0.7171261777  -0.5355520543   0.9931171430  -0.0191669334  -0.3654814267  -1.2896185260  -0.6387980049  -1.4607504377  -0.3942646566  -0.4849994433   0.8235412889  -1.8946164133   0.2568387212   1.1510697959   1.0339993497  -0.3870921470   0.1510808454   0.3153910738  -1.4447395898  -1.2352483159
 0.5894450257   0.5102437595   1.1380723025  -2.5166734682  -0.4963286221   2.5670400696  -1.4360512645  -0.5615183080  -0.4065347808  -0.0678755971   0.1252569741   2.0051592400  -1.1893731688   1.6393154559   0.2196275651   1.0021114156  -1.0924795283  -1.1774871747  -1.0741019184  -1.0100352684  -1.5000394842   0.7987277393  -0.9075558793  -0.1023783921  -0.6050813811   0.8943567195   0.1320001206   1.2757208534  -0.2040741482   0.4599380880  -0.7720945690  -0.3636440005  -2.4148263999  -0.8150981034   0.2207470787   0.4470116605  -2.2449983079   1.0245180256   1.6544494698   0.9746698661
-1.2422124288   1.1925869288  -1.6713473524   2.5857220716   1.3053776284  -0.1301875414  -0.9125354746   0.7044355700  -0.9973238089  -1.5340716050   1.1347086022  -0.5905077341   0.8213836344  -0.4583409186  -0.7953542815  -0.0781216190  -1.0764336361   0.2808864770  -0.5041307525  -0.3396545152  -0.8950109107  -0.7308374141  -0.2802449048  -1.4575689709  -0.8797114984  -0.6043042675   1.0081670048  -0.0508797254  -1.7644270453   0.9563142684  -2.4772438747   0.4510142762   1.4076925150  -1.9599302508  -0.9653213518   0.8231155938   0.3719865170  -0.3856560415   1.4078483427  -1.1523214798
 0.6378670386  -0.2704445799  -0.9204083269   0.6270065313   0.1410877564  -1.1030964203   0.2023938273  -1.6435001814  -0.0040089456   0.1685477526  -0.2757755288  -0.2513759039  -1.9785314677  -0.1877804739  -0.1819391916   0.5676236614  -0.2068983766   0.6395933863  -1.1961345392   1.4371485853  -0.0872378350   0.6148489291   0.2122635837  -0.8278709483  -0.1478506000  -0.4634674402  -1.6277883402  -0.1413962618  -0.5944667493  -0.2270938849  -1.3892519718   0.2314096799  -2.0124167391   0.1333039139  -0.5835250875   0.4009716364   0.9283557685  -0.1074596377   0.2066159067   1.4372356502
 0.3404322781  -0.8201300280  -0.5989034497  -0.3295503795  -0.4638574104  -1.2606821669  -0.2414249755  -0.4442781943   2.0200453276  -0.0546183338  -0.6094225708   0.1699827930   2.0349514501  -0.9087726418   0.0213273992  -0.4123768072  -0.3991908029  -0.3709603698   0.4743132905   0.4513400664   1.4912818004  -0.9462083369   0.5367093758   0.5027704061   0.1219871624  -0.6164203997  -0.8972860420  -2.9182664907   0.8053152931  -1.1914502395   0.3641849472  -1.3842427597  -0.9037787870   1.0889155168   0.1895283048  -1.6373247929   1.0083686573   0.2538534362   0.0058668433  -0.1740414457
-0.9317490155   0.1972211447  -0.0673861405  -0.2194035611  -0.4074885534  -0.5467862086   0.4813865627   0.9308955197  -1.8269538274   1.4325743545  -0.6185091209  -0.7750318849  -1.5571072107  -0.3334599956   0.2079243539  -0.7593167594  -0.9643677139  -0.2978609366   1.2079960128  -0.6030876398   0.8446076671   0.4345675119  -0.4419122742   1.9979825252  -2.6502252939   1.0674196679   0.0181776072  -1.1666566963  -1.4623380077  -1.2599410022  -0.9718153047  -1.6448159267   0.4708594279   0.8324625958   2.0398623844   0.2877471535   1.0332261156   0.9280175011  -0.8090375854  -1.1128797549
 0.3018659575  -0.6995977924  -0.2491479069   0.5199636040  -0.2764706380  -0.8545592761  -1.6236442615   0.0114810883   0.6202660588   0.7891064867  -1.9582809332  -1.0646202218  -0.3846356293   0.8393194873   0.5337197047  -0.6226100368  -1.3520835901  -0.4065018538  -0.6525291725  -0.4503810130  -1.3518854911  -1.6960206007   0.0310643424  -0.2364922184  -1.1975324607  -0.5991608879  -1.6743766386  -0.6585059360  -0.5089935688   0.6262819011  -0.4565038955   0.1760154716  -0.3510520619   1.3277735259   0.1474029745   0.6098220751  -0.2785360924   0.7549709975  -0.4627183633   1.0063057206
 0.1592694744  -1.7655580618  -0.2884956034   0.1982585428  -0.4409600469  -0.5124172052  -0.0438256658  -1.2021364222   0.8084005465   0.5041734892   0.6606910423   0.7113400644   0.7237563971  -0.0433124065   1.3430491211  -1.4818014121   0.7273185854  -2.1431392133   0.1525267841  -1.2611822198   1.1730106600   0.5160557398  -0.4366870916  -0.1860091156  -0.6486016182   0.7567427359  -1.1553683303   1.1620383805   0.0928466373   0.9444961709  -0.8619838535  -1.1190020603  -0.5209482180  -0.3128508328   1.9902852086  -0.3305968226  -1.6777759596   1.6405375561  -1.7846697960  -1.1819457207
-0.0849509588  -0.0135385225   0.0697691371   0.7942609251  -0.6348091168  -0.4272648030  -2.2852727971  -1.8513586339  -1.7231779777   0.0798793384  -0.0463019251  -0.2884553236   0.1967553414   0.3066245070  -0.4306976369  -0.7950409930   0.2594431244  -0.2666775317  -0.0783480529   0.2850011080   0.8620189895   1.1247487212  -2.3259859927  -0.4500033307   1.1038653464  -0.7713448999   0.2127417336  -1.6241498231  -0.7298794242  -1.4284644764  -0.1039046497   1.4360979365   0.2433457009   0.7210421506   0.2385206598  -0.6792354321  -0.8127790745   0.5354347139  -0.4454650763  -0.3865744758
 0.2374223051   0.9693149279  -0.6381482297   2.1510188542  -3.2198796087  -1.7157151177   0.3721670275   1.2067518603   0.7231957058  -0.5255132583   0.2209785585   0.8484122937  -1.6252374373  -0.1456393036   0.6833228301  -0.0147208666   0.6107866315  -1.5387197632  -0.0931713234  -1.5992399655   0.5001525164  -0.0317980354   2.4935048103  -1.6081190951  -0.5698069000   1.3673165534  -1.5326273262  -0.9700967071   0.1014643757   1.7524786474  -0.0138825770  -0.4296772625  -1.2300026525  -1.5912109473  -0.9386551845   0.0352165623  -0.4463603893   0.1250200489  -0.1361614561   0.1742398764
-0.3166044309  -0.1940911345   1.1070364244  -0.1507478678  -0.1274182928   0.2812010455  -1.6467159739   1.0903830834   1.1315599866   0.7578517810   0.9262840734   1.3191936442  -0.0856206415   0.0463229080  -0.9008124739  -2.6999078567   0.4777680742  -0.2912530408   0.7807207425   0.6387797115  -1.2670007026  -0.8709885206   0.1414327594  -0.7335120615   1.4768747611  -2.3984952190  -0.5243512284   0.9754062498   0.2516203969  -0.7054347352  -0.5855751958  -1.8523359141   0.7493893225  -0.5557966791  -0.4749373405  -1.4813220315  -1.8037412046   0.6333870150   0.4648451929   0.3400953986
-0.7338102037   1.3142852504  -0.0370748566  -0.2222930272   1.8384186087   1.7235413915  -0.3506891568   0.1986135508   0.1361543792  -0.1735471915   2.7302917167  -1.2924543726  -3.1071847074   0.3436358774   0.4897985295  -1.5149836675  -0.3393354513  -0.5223303375   0.5153916075  -0.9292034125  -1.9157615155  -0.8861857046  -1.1528727507  -0.6868464377   0.6077480877   1.3653133577  -1.3034370114   1.6907705360   0.0774667793  -0.6784020804   0.3553744709  -1.2428462305  -2.4200054429  -1.3480984982  -1.2557296405  -0.7175516195  -0.6930363240  -0.4217954135  -0.2040479850  -0.9723545581
s2
 1.6358472791
 0.3223252552
 0.6862027190
-1.2437853742
-1.9893453773
-0.5409754492
 0.9523705469
-0.1599353044
 0.4417675438
 0.4515155777
-0.8650282205
-0.4428129269
 0.2973368891
 0.7795364763
 0.3739941352
 0.4703750215
-1.7928192546
-0.1013225626
 0.2992867896
-1.4723222460
-2.1634576188
-0.7926560074
 0.3853994449
-1.7445619109
 2.3525543728
-0.6753076737
-1.2611312631
-0.2520113804
-1.2928126795
-0.2568920372
-1.1102875374
 0.0234428957
-1.1699355095
-0.6477223759
 0.6925713690
 0.6473182158
 0.5119042434
-0.0707070389
-0.1987311382
-0.3924521956
w3
-0.0378046751  -0.1362904241  -2.2230537745  -0.2710654523  0.1946352899  0.0240276154  0.1603560908  -0.4907283156  -0.1229456371  -0.2253950319  -0.2263840736  -0.0318415020  -0.5947956672  0.1217072763  -3.3036573670  0.4359587936  -0.2878295126  0.2674196153  0.1382785489  1.0816145738  -0.1453582288  0.2893209849  -0.3663044304  -0.1743865956  1.5220227849  -2.5694929886  0.2049088525  0.5840569469  -0.8241332538  0.2524568881  -0.3040650216  0.1000577547  0.2291399609  0.0930971231  0.0227662697  0.1544400154  -0.1436009224  -0.1957871262  -0.2312508380  -0.5666048315
s3
3.6407567110

