layers: 5
str: {2,40,40,40,1}
w1
-2.0544330802  -0.2997690555
-1.3874579289  -0.0651205769
 0.0872837215   0.1211352270
 0.8068287076   0.4609423817
 0.2019804310   1.5706944800
-0.4205990134  -0.0877522643
-0.6759556334  -0.8510475367
 2.3190098427   0.2268481897
 1.7929020431   0.4611345684
-0.1607924564   1.4686950580
 1.2404789039  -0.2687495851
-0.9425507600   0.0763719044
-0.0066916580   0.1434256223
 0.5962257300  -1.8803245634
 0.0786530411   0.9779532269
-2.1436270856  -1.1865645047
-1.9123713524  -0.8766654936
 1.0536913344   0.7361221358
-1.7446195806   1.4349619471
-0.0341387327   1.0020280399
 0.6973509339   1.1644663776
-1.0413459686  -1.2665718921
-1.0841676958   0.1342485478
-2.1406837032  -0.6147604396
 1.0684412349   0.2124142563
 0.7200937257  -0.3316623047
-0.9052749526  -1.6462239190
-1.1594562348   0.2492252212
 0.7168816420   0.9345464794
 0.5728424147  -0.4086087483
 0.4517902844   0.5385717067
 1.2182955533  -0.2531442027
 1.7181722877   0.2716189065
-0.2417807496   1.7307346681
 0.2262187110  -1.7649652201
 1.0794354945  -0.7007883331
 0.9848784443  -0.1462587336
 0.2166986705  -2.0905791745
-0.3554356913   1.1885997713
 0.4929767138  -0.8163952877
s1
 1.4230148434
-0.5224813411
-1.0095448681
-0.2155286679
 1.4451104475
-0.3201916240
-0.2101616161
-0.0482100979
-0.8731933242
-1.3330917758
 0.8955646121
-1.1955350652
 0.2423326333
-0.4625595192
-0.7136026963
-0.2796240436
-0.8348707352
 1.1420982810
 0.1207197685
 0.3897746847
-0.4716483209
 0.2767587015
-0.2036581979
 0.9620589507
 0.8281058077
 0.9724256546
 0.1474990152
-0.5009689938
-1.7047419562
 0.1600613850
 0.6798361212
-0.1499534018
-0.3064064182
 0.1197987296
-2.0976408857
-0.1763702242
 1.4333699117
 1.2841942536
 1.9807646880
-1.5537697303
w2
 0.4675930845   0.0851475908   0.3948029238  -0.9797111523   0.1037121216   1.6670292183  -0.1933425251   0.6246716510   0.5073469579   0.8034366415  -0.3242253670   0.7402930310  -0.7725910340  -0.4911092690   0.0650568227  -0.6697446612  -0.1138078566  -0.1312564332   2.0454773688   0.2440129368  -0.3672821315  -0.8716751238   0.8200514922  -0.8114734479   0.3190008669  -0.6587772186  -0.7086213905  -1.1678909762  -0.5193988676   0.2426863605   0.3993246053  -1.2984414816   0.0530194835   0.5283207467   1.6593587487  -0.7276502150  -2.8672161477  -1.8903504134   0.0141904328  -0.6217710868
 0.3055364075  -0.3583404487   1.2433464753  -0.3838398386   0.7371727334   1.2227274627  -1.4639044816   1.0925442562  -1.3143318767  -0.4112958662  -0.4516796719  -0.0619888234  -1.0541032648  -0.4175133223  -0.0128146576  -1.7514522138   1.2825391889   0.6458666214  -0.1779213728   0.8977368828   1.2113235551  -0.6398112961  -1.5339304494   0.9892338645  -0.2452350342   0.7538970604   1.5655492605  -0.5543834496   0.0718680982  -0.9320497885   1.0445427233  -1.6878687743  -2.3889972084   2.0869602386  -0.8171936637  -0.3929468006   0.2224029386  -0.5601073988   0.0404244712   0.4124654547
-0.7937094763  -0.8714687540   0.7326455091  -0.1151223959   0.6300936865  -1.1190716499   0.7273357043  -1.4231241544  -0.3327991148  -0.3541045386  -1.7017684043   0.2112635664   0.1220124861  -0.2884923670   0.3247024117   0.2140981261  -0.7885063069  -0.7251203322  -0.9358777825  -0.4036492070  -0.2248131271  -0.4932352706   0.3243406886   1.1724846558  -0.7714608838   1.2551074685  -0.3665847315   0.4620998148   1.5445563713  -0.3102093782   0.5366959866   0.6786748578  -0.5186643918  -0.0588971648  -0.1282234979   0.6949350108  -0.3328209441  -0.7072243283   0.7763120715  -1.6933613385
-1.9928788562   0.3001250025   1.1471970642   2.3086380100  -0.1187767616   0.4092588183   0.0482474240  -0.2877251982   0.2874744320   1.2980455933  -0.8133702283   0.9321995104   0.9926889325  -0.9227379015  -0.0742793877   0.5400953633   1.3209222082   0.0639136669   0.3669039544  -0.1977729202   0.2728398360  -0.5493119099   1.1401763578   2.0455182101  -0.1981160381   0.8850913845  -1.1329819504  -0.3003901066   0.2740804536   0.6433286632  -0.7337591036  -0.2801849691  -1.3864196805   0.6770203963   1.8064106665   0.3315389965   0.1071382376  -1.5790816546   1.6458506997  -0.3967355245
 0.0775355578  -2.3071372902   0.0255473576   0.6920070385   0.0330237639  -0.3973304925   1.9881423922   0.1545125986  -0.4516020796   0.1048171150   0.5918089079   1.6832473198   1.1261159113   0.5213994392  -0.3181491157  -1.9177289011   1.2775195214   2.0125855013   0.2176788295   0.8714125103  -0.8291098881  -0.3002273898   0.1145085324   0.1765833523   1.2586046669  -0.8616569609   0.9189619673   1.4313783985   0.4810720904   0.6940862495  -0.6800180799  -1.2348563862   0.6060341508   0.5723255044   2.8405782143  -1.5704567894  -0.2051192944   0.5689271220  -0.1512050215  -0.4798833155
-1.6121724445   1.6361172462   0.5570236524  -2.2235775531   2.0095659998  -0.6572861803  -1.3112411242   0.3813062526   0.1296796286  -0.1103431682  -0.6722007569   0.3670343335  -0.6286117784  -0.9932920012   1.0329213020  -0.4044040365   0.0663942873   1.3577616770  -0.9087284338   0.3899568203  -0.3871891429  -0.4055762839  -1.7771111832   0.7686135664   0.1171954176  -0.0499429910  -0.0768488317   0.9320076632  -0.3554726396   0.1008077896  -0.1257405737  -0.5844858787  -0.5638878946   0.7888319807  -1.1572124191  -0.0408460375   2.3069143931   0.4671689916  -0.6151454763  -0.4954254213
-0.1479439727   1.3452129140   0.0728673555  -0.0892272347   0.3582774463   1.6392153948  -2.0279225096  -2.4866902825   1.2752916725   1.5096423004  -1.7691462447   0.9095538139   2.2544789996  -0.0654143209  -0.9743747378  -0.4949270107  -0.2764117573  -0.2820817378  -0.4425261564  -1.3395188240   1.9901329820   2.0474127712  -0.3407191035  -0.8077232005   1.3200288804   0.5069184919   0.3907017047  -0.9967896464   0.6958844350   0.2332442371   0.8844497553   0.8253812081   0.2571884178   0.9737591691  -0.0363975383   0.3607451825  -0.3884155840   2.3007624908  -0.3866997435  -0.8595859343
-0.5663515493   1.6714128712   0.4961210323   0.5148359233  -0.2447193776  -0.7015647888  -0.1434687038  -0.9003465628   0.1577592628  -0.5303519525  -1.3584280296  -2.2074930933   0.4606019550  -1.1612661374  -0.5707473010  -0.4132453938  -0.0422569860   2.2097711361  -0.0070655799  -1.1452608582  -0.2904248182   0.4658033317  -0.3047219386  -0.1899383070  -0.3666452267  -0.2714098074   0.1006577869  -0.0965441140  -0.3196770817  -2.0202851531  -0.4796654097  -1.6928766811  -1.6212445553  -0.8461226675   0.1879699047   1.7787240731   0.5874139796  -0.7078721341   0.4649769843   0.3801560580
-1.1436476597   0.7524804153  -1.0384860806  -0.8761388268   0.2063602249  -1.1284581614   0.9241877483   0.3572781181   0.2433482835   1.6360009768  -0.0427755570  -0.7247087466   0.5231981256  -1.1647765976  -0.0530761673  -0.8399847133  -0.3317940971  -1.2286613591  -1.5322978877  -0.1522090149   0.4119027502   0.0131345719   1.5289348301  -0.1324807768   0.6748587028  -0.3208594496   1.1261636885  -0.8154016489   0.4337115157   0.4888613687  -0.1674542551   0.3071029115  -3.0017460270  -0.7742120621   1.1185459231  -0.3852720246  -1.3685702115   0.1322850789   1.6424776620   0.5096735003
 0.4872965609   0.1652480613  -1.3239615740  -1.1739185145  -1.0480909846  -0.4325996874  -1.0218047135   1.1325962831  -0.0339580043  -0.7448196021  -1.9251197675   0.2188075221  -0.5764398378  -0.3876780175  -0.8549432985   1.8060214757   0.5271457518   0.0446834503  -0.2679421611  -1.1085718334  -1.0744984331   2.2740126339  -0.2876638661   1.3499885699  -0.7095509140   1.2182275888   1.5554886828  -1.3879390463  -1.5514974213   2.4684733043   0.8423877989  -0.5302427571  -1.6404819541   0.4288647867   0.3669887896  -0.9822647831   0.5991903299   1.7532524990  -1.3012937127  -1.0551891997
-2.3636115124  -0.5837227300   0.1793551250   0.2099062451   0.7118088152  -1.7999859911  -1.1040117523  -1.0367727839   0.2853615147   0.3435400429  -0.6144354128  -0.4411392376  -0.3921645441  -0.8580886803   0.6779291741  -0.3941276216   1.2367597098   0.8142677171  -1.0984889241   0.1411669455   0.5076405185  -0.7757219021   1.6618240893  -0.7646270596   0.5505278724  -0.2052707786   0.1147482318  -1.6926887890   0.3883468943   0.1710418363  -0.9504732080   1.5920545094  -1.1694501847   1.0456421060   0.5560779438  -1.3384782291  -2.0669912936   0.1993019564  -0.3532876662  -0.7313799105
 0.8791631427   1.5144422068   2.3365416546  -0.1818017239  -1.1095499300  -0.9328604153  -1.2487495761  -0.3553950689  -1.6598645390  -1.9854383005  -0.7006343296  -0.1393633843  -1.6706437856  -0.3849773021   0.6253965691  -1.4684720773  -0.0344487659  -0.1424081122  -0.1993178889   0.5831048044  -1.8744401676  -1.2291860519   1.0416222338  -0.7576646703  -0.3892931464   0.3041409281   0.3616429615  -0.8987186596   1.1586642543   0.2115743599  -0.6769229307   1.5144303251   0.0213513629   1.1814056352   1.0802685723   0.8750280276  -0.6564748868  -0.5205250672   0.6614994318   0.5182461310
 0.9414697375  -0.0727901451   0.4961331620  -1.1845158633   0.1530287624  -0.7680807450  -0.5990244624   1.0765683661   0.5624560940  -0.4565022087  -1.2563816854   0.7302512429   0.0631603901  -0.5694437602   0.5264343408   1.4506290737   1.2754942673   0.4641039529  -0.3905668231  -2.7445540729   0.5544910853  -0.9738542728   0.5407039497   0.3953753857   0.8729973939   0.7633431525  -1.0936762949   1.2330665705   0.1577935236   0.8732247493  -0.6285232883  -0.5810573413   0.7676521146   0.4777717247  -0.2321391147   1.6251955285  -1.0707349526   0.7089027514   1.7780577561  -0.2841412986
-0.8692112856  -0.2787266277   0.4082635558  -0.0760504443   0.2504303814  -0.5773882575  -0.6381813119   1.9616017961   0.7693036175   0.9381770715  -0.8722583451   0.5617396038  -2.6706335432  -0.1742613280  -0.7876797138   0.0703073678   0.9968736583  -0.5383008061  -0.6034168386   0.3763489846  -0.3896806117  -0.9790938962  -0.5386794506   0.3451786747  -0.1758861511   1.4919425461   0.0857469096   0.4314074654  -0.6529038577   0.5446307259   0.6385840845  -1.2383897012   0.8586771311   1.1218141311   0.9129767608   0.9860977620   0.7394372365  -0.9862536317   0.7668728970   0.4328861062
 0.2682047396  -0.2358524530  -0.1499069568  -1.2091925573   0.3488032986  -0.5402493841  -0.9003202498  -0.5835261167  -0.6219062593   1.3835280627   0.9425238285  -1.0021987280  -1.7999329297   0.5866561727  -0.9204296125   0.7012528738  -0.7665888329  -0.3643121193  -1.6552344416   1.1757777189  -0.8635959783   0.1997216421   0.2334492976   0.2169596390  -0.8217368545   0.1261769609  -0.9810061634   1.0599336371   1.0114078530   1.4634733718   1.8473008980  -1.0120163852   2.0155059881   0.5818352465  -0.1200461337  -0.9581550083  -0.1017366750  -0.9522588122   0.7961220513  -1.1885440637
 0.2481387711   0.0839764737  -0.7063818135  -0.4239224235  -1.7381694278  -0.9076343351  -0.0804798822   0.6431764676  -0.3608223982   0.9193810160   0.5564122786  -0.4411365122   0.8096950497  -0.1514706332  -0.9909937501   2.2564003224   0.1513126070   1.2501236300  -0.7381345340   0.7257070230   0.3731180735  -0.5916043729   1.0031656858   1.2277947434  -0.7654277656  -0.3793547600   0.0379180996  -1.5772649364  -0.3466487378   1.6620624068   2.2076792361   0.6759308107   1.1645678302   0.1282532838   2.2026688796   0.4834280865  -1.1772773991  -0.4093508428  -0.4722204391  -1.2539554637
 0.5966704679   0.8108358435   0.2674336039  -0.2998854178   0.1280441526   1.5771257264   0.9678672027   0.4028931058  -1.1679736394  -0.7956073614   0.6196322646   1.5946116284   1.4657542984  -1.4159243562  -0.5063782950  -0.7398289109   0.6327213887  -0.2048066315  -0.3877086487   1.3150398492   0.5857157022   0.8712887870  -1.0285135072   0.5619528738  -1.5127900822   0.3725147391   0.2020631219  -0.2845040207  -0.4113755755   0.5988838238   3.4818452419   0.3599847831  -1.4622733502  -0.2321746261  -0.8861400607  -1.5374886805   0.3259091796  -1.1507390616   0.7886382549  -0.6897563767
 0.5007688050  -0.3445056483   0.6748595182  -0.0703142347  -0.1002307226  -0.2076777994  -0.8496797463  -0.8498756727   0.4938472062  -1.8738780164  -1.9879841665   1.3956031315  -0.6613853694  -1.9131600759   0.8196359400   0.1941055625   0.6348789944   0.4373164655  -0.7724730603  -0.2698749231  -1.5145848808  -0.9820605155   1.2690853549  -0.3440168991  -0.0469168302   1.9423524865   0.3563048573   0.8616376528   0.6675501430   0.6300953210   0.4911496926  -0.5215585621   2.5670213526  -1.6553326082   0.0104272226  -0.2501907771   0.4340538211  -1.4990215897  -1.4617488375   0.8856387219
 0.3169960388  -0.9221525910  -0.0769852276  -0.2814946174  -0.7009828566  -0.4673536389  -0.9800554653  -0.0919117062  -0.4780187208   1.7634648499   0.3535933654   0.7417859329   0.4568068120  -0.0923275451  -1.1694742985  -0.1736396356  -0.7403984804   0.0258179011   0.9180720888   0.2967053565   1.2332847934   0.1812469936  -0.5741932886   0.7223535535  -0.2341338815  -1.1724066987  -0.4197499761  -1.1207910913   0.6173973069  -0.8860514623   0.0732137914   1.5644625637  -0.8595656701   0.8760749018  -0.6211152242  -0.4201484460  -0.0827248133  -0.8763498936   0.4072251735  -0.2651790484
 0.3556809888   0.8050259098  -0.5790353938  -1.6742601988  -1.7325043095  -2.6963235205   0.8802593342   1.1405092710   1.0550193671  -1.0635414870   0.1221047876  -0.5219543990   0.7151392675   0.9120228219  -1.5294311107   0.8095527960  -0.4573427415  -0.9119816001  -0.3786543646   0.1508309571  -0.1361840606   0.5517876281  -0.6246928322  -0.5959846588   1.5213743150  -1.1848907797   1.4618061109   1.4217415790  -1.3387295150   0.6639164906  -0.3857139766  -0.2250593180   0.0083463582  -1.1282017204  -0.9129086073   0.8186439301  -0.5900391224  -0.5124407676  -0.7627432543   0.7239732650
 0.7937902265   0.7905812493  -0.3696409177  -0.7942936822  -0.5747699662   1.3818254854   0.2673658785  -0.3780405627   0.6903123850  -0.5357612637  -1.9743932587  -1.2651625080   1.3466471890  -1.1897279865   0.2735367431  -0.8488371669  -0.1476469760   0.2259425707   0.7860150409  -0.7365131097  -1.3985461621   0.8635993980  -0.5621834842   0.5980903943   0.1197021139  -0.6254987876   1.3911265374  -0.4539655694   1.7261046010   0.4980675786  -2.9882284571   1.0232757617  -0.5100845636  -0.5270069379  -1.1461042424  -1.2232879098   1.2495847978   0.7869231202   1.6394447558   0.5890000093
-0.4362801642   0.1237011155  -0.5383350194  -0.1451912751   0.0126535784   1.1315226293  -0.1736737131   0.7715903987  -0.1343719057   0.9355088702  -1.0417360047  -0.4021885970  -0.2204063050  -1.2216818773   1.0421972696   2.0742666417  -0.2155899041   2.9620201386  -0.5916436044   1.0179353439   0.5300512374  -1.8910297706  -1.4673401778   1.4966373332  -0.4339628221   0.4314305922  -1.6873126050  -1.6281786427   0.6248061883  -0.8540888219   1.1246080238   0.5003737240   0.7269731892   1.4636067593   1.0843633177   0.4265590144   0.0743902804   0.2862093875   0.5844883922   1.5648524744
 1.6306400580  -1.2615782046   0.1145852657   0.6282053685   1.9240120501   0.6354344514  -0.5421468537  -0.3741044309   1.1769331383   1.4174467930  -1.3306815144   1.6563421983  -0.6823797410   0.2881877539  -1.9135984670  -0.9804137151  -0.5064341835   0.7715738193   0.5331367301  -0.4820605127  -0.4019351292  -0.3891387916  -0.6794323548   0.9339856104   0.4074609710   1.0452894132  -0.3265606015   0.1000562798   0.9271774500   1.3258217403   0.3685281538   0.7242532328  -0.2856488215  -2.6208399576  -0.3686246423  -0.6766626291   1.2287742371   0.1180109155   1.1920009427   0.0564676331
-0.7229880343  -1.3636187753  -1.0695654749  -1.0729268307  -0.3922167789  -0.5442494404   0.6416003237   0.7322425902   0.3452030244  -0.0394713598   1.5316573270  -0.1029714636  -0.9319877333  -1.4850949496   0.4752822560  -0.8402108019   0.3881536467   0.6577073800  -1.7196139103   1.9608664597   0.3131149869   0.2758070222  -1.8834679739   0.4337275361   0.7811551487   2.7831907488   0.2141088287  -0.6207421579  -0.6205611410  -1.0438618664  -0.0876145815   0.4258091219   0.0077731328   1.3348863587   0.4466044323  -0.8028397145   0.0412871839   0.0874904430  -1.0119579505   1.1595426878
 1.2638083129  -0.9850706375   0.2431633537  -0.3666502525  -0.1272228751   0.2306014618   1.2792271721   0.0156753000  -0.7978421109   1.4326870219  -1.4203447191  -0.6609048144   2.3898181823   1.2894012741  -0.5389621596  -0.1890043538  -1.0333252981  -0.2280618300  -1.2655979113   0.3242522811   0.5596056432  -1.2878596170  -0.7988846721   0.1908833135   0.8249431076  -1.8462005905  -2.5800210552   0.0331580415  -1.3060534858  -0.0797848103   1.1516014135   0.1470925722   0.9237789627  -1.3667386466  -0.6376786997   0.1414233500  -2.4149271448   0.1799467227  -0.7767824732   0.9291789464
 1.0383511210  -0.0378813526  -1.8648620111  -0.1898942241   2.5583772524   0.4581459577  -0.0066982620  -0.6774852647  -0.2088529132  -0.5466457337   0.4371830657   0.0373241719  -0.5674483110  -0.2313306475   0.6362221239   0.6772102714   0.8905003582   0.4914878879  -0.6954376457   1.8292949049   0.0919421577  -0.5506712074   1.3829534839   0.9085591856  -0.7870078990  -1.5049532685  -0.0261111123  -0.0553275318   0.9193307848  -0.0276271707   1.4580734352   0.6527523705  -0.4265739036  -0.9785957975  -0.3871161860   0.8103537904   0.2845011747  -0.0945979645  -0.0513352669   0.1176373871
 0.2518741384  -0.3073487206   0.1223618750  -0.3852081266  -0.5770430655  -1.6699028440  -1.0419628665  -0.3623659421   0.4588206923  -0.0050030546  -0.2569040717   0.2076358649   1.6335113327   0.9063860557  -0.0020635214  -1.1074344071   1.2630641618  -0.0937060409   0.7421738499   0.4631782248   0.4471544899  -0.8285618774  -1.1115445687  -1.4916553221  -0.7716163200   3.0310894998  -1.1551586131  -1.5831754581  -0.2738749097  -0.7055997583   0.0200074016   0.2759544009   0.1988958469  -1.1452399212   0.6042200344  -0.3356504199  -0.1145020241  -0.4443616236  -1.4667573791  -0.0457460648
-0.7361427466   1.6322694473  -2.7107164650   1.0780977236  -0.3535918593   1.9442725258  -1.2602139026   0.6031406552   0.5885618286  -0.3023819743  -0.4746461644   0.3749137566  -0.1713189017   0.4092642936  -0.1478949397   1.1719184700   0.2188045356  -0.3201543638  -0.2861561350  -0.6197348489   0.0540197729  -1.5417232804   1.6277073024   0.5768545337   0.2007370009   0.3308523697  -0.7618721948   0.0502311392   0.9933953184   0.9615920321   0.8048519620   0.8446754200  -1.3390740868  -1.2395675269  -0.8771363054   0.9017583232   0.9639960337   1.2835216788   0.5718492749  -0.3452627235
 0.8890810754  -0.2563214544  -0.1592933321  -0.2861181512   0.1885978679  -0.0048810071   1.1014380792   0.8792280782  -0.8851396243   0.4229369902  -0.5523198703   1.8231719953   2.2876965143   0.5000744788   1.1476980328  -0.0126057621   0.3711484710   1.3274841317   0.5831739372  -0.3127974561   2.7729982323   0.9430272855  -1.3830389044  -0.3749757822   0.6375268648  -1.0023053697  -2.0549545873   0.0150728778  -0.1638220529  -0.2281773261  -0.7981973064  -0.7009026952   1.7641360396  -0.3153125089   0.7515457882  -1.1016768657   0.8694661384   0.2509029018  -0.2409589563   1.2509646339
 0.1313076236  -0.4075579192   1.4174192574  -0.4794831595  -2.2279213483  -0.8689730563   1.1895382011   1.2784814401  -1.3617561827  -0.3098688320  -0.3888823885  -1.1903497830   0.6072970142   0.6854737245   0.1192513469  -0.2052301286  -1.3844925452  -1.3709467412   0.9436252696  -0.5600461259  -0.4001602070   1.7412745795   0.0213181953   0.1663860293   0.1013110213  -1.3779316078   0.5795237913   1.0679721264  -0.2803444126  -0.3063608177   0.1641261288   0.3991994114  -1.9441279137   1.8140981359   1.2809123757  -0.3020935421   0.3986072000   2.6021442960   1.4137873713  -0.1650337666
 1.0610592730  -0.9184661116  -0.4035908070  -0.9749753010  -0.3271582950  -0.3648562630  -1.0329278734   0.1089742436   0.0374755213  -1.5919949483  -0.3006491237  -0.3267056338   1.5939820017  -1.5464648123  -0.2521696781   0.6918789015   0.8933754941  -0.3083635908   1.5601302216   0.5286376986   1.7514753360  -0.5805530039  -0.9324116428  -0.5753517709   1.2433992428  -0.1830921538  -0.5133334216  -0.9226335672   0.3726617196   1.5770332906  -2.5712024321   0.2759993729  -0.2644801270   0.7475436405   1.8249755477  -0.0411776836  -2.1492581171   0.1256145745  -1.5580353965  -0.9738969687
-1.0479175765   0.7116014720   0.8995078469   1.1920907641   0.5223148180   0.3555422815  -0.2495919072   0.5371453159  -1.6701598643   1.3991077116   0.2173487586  -0.1501386940  -0.4438557313  -1.3920087021  -0.5724066008  -0.4637516186  -0.9473935742  -0.5482770082   1.4669609812   0.8773199154   1.9010699869   1.1193068213  -1.3850188831   0.3968926334   0.7791464676   0.9050848399   1.0792072118   1.1421389732  -1.1597721523  -1.1941721699  -1.4173609776  -0.7824452298   1.8167536149   1.1399013954   0.7905897224  -0.2496512093  -0.5203793773  -1.2153223153  -0.1551569190   1.1084886532
-0.7169486066   0.2460493598   0.0303821519  -0.6661184672  -0.5102383517   0.1323905677   0.0148946814   2.0285827942  -1.5235171628  -0.2658008204  -1.0666336546   0.1134034405  -0.2787932098   0.6420372704  -1.5096511643   0.0018276598  -0.4011576188  -0.1924775749  -1.4419003609   0.8103116688   0.1410979080  -1.6862162382  -1.4734070150  -0.5570430628  -0.8522729932   0.3746296163  -0.6433017279   0.4291564723  -1.2202456332  -1.1649873019   0.0786616141   1.3018233316   0.8897140667   0.6974207747  -1.2351636415   0.0943065542   0.5411876808   0.3512167515  -0.6654632974   0.7996318417
-1.2772303630  -0.7994414499  -0.1194815640  -1.0483586567  -0.8067588942   1.0988480176   0.6457434656  -0.9312234580   1.1306781499  -1.8742252679  -0.4947099328  -1.2292673161  -0.4942504041  -0.8216339644  -0.4804428428  -1.3122930972   0.3820246269  -0.3127888301  -1.0541823317   1.1315772995  -1.4558397142  -0.9578166886   1.0556200266   0.0714232554   0.0357332419   0.4107945488  -0.4796249242  -0.7380046662  -0.1257260770   0.0811585600   1.0942069647   1.6177684509  -1.9832764529   0.8582510647   1.8293047375  -1.1638709891  -0.8782674243   0.7115917923   0.1757052554  -1.0233888338
-0.3110168110  -0.8459184813  -0.2658338936   0.2250125125   0.4131232174   1.0267944913   0.4311975713  -3.9687954268  -1.6614393132  -0.6530878709   1.2580403989  -1.4851924684   0.3416288050  -0.6860827361  -1.7182487237   0.9618106621  -0.0450178481   0.5212704939   1.2893995840   0.0673564032  -0.4543823544   0.1003940324   1.2219905793   1.9411318585  -1.6433515531   0.7259038440   0.1068805962  -1.0874609590   0.6031106850  -0.0455519628   1.6304714824  -0.7252700254  -0.8055154132  -0.1237834229  -1.0285410645  -0.0685654309  -1.2548310442   0.5753124628   0.3870198807  -0.3279143228
 0.5351917811  -0.5393552859  -1.3969469916  -0.9233030709  -1.2734064288  -0.2565041251  -0.0605442306  -0.5119469895   0.2453901733   0.8073708820  -1.6508076242   1.0760610722   0.9051634451  -0.1850010846  -2.3394475273   0.3509811596  -0.2556395421  -0.7672777195   0.2595239971  -0.4634223562   0.6313854541   1.3196965344   0.0563633179   0.4877098176  -0.0373235217  -0.6208278830  -0.3838573709  -0.4223559817  -2.0997598978  -1.7666411357   1.5983435599  -0.5650163462   0.5321349669  -0.0911928292   1.1513314947   2.5297869179   0.0735675270   1.8027468898   0.0177832860  -1.6720699291
 0.2610180308   0.3025450485  -0.4133917000  -1.1859589642   0.2205759754  -1.2745101234  -0.1577569308   0.2739106794   0.4025667221  -0.6774429436   1.9768055621   0.9535638725  -0.7125034251  -0.7613460212  -0.7778591617  -0.6695886885   1.2523902055   0.9460160152   1.2847409718  -0.1042193218  -1.4312249744   1.5551123877   2.4453159502  -0.4033632862   0.4281091869  -0.6688374334   0.2475916031  -1.8195782767   0.3972228439   1.6900030694   0.8172646658  -0.2475264768  -0.8986778572   0.0948182314  -0.5068372089   0.4104489321   0.9259881840  -1.4309105141   0.6233339748  -0.1801535601
 1.2442640561  -0.0401087971  -1.9934389719   0.8360396139  -0.9078176494  -0.6315982602   0.7128559440   0.3488309022   0.3448682612  -0.3048237707  -0.9355973931   1.2942089524  -2.5898697361   0.2995414679  -1.4613167141   0.3767087257   0.5010451713  -0.1682794403  -0.0285501147  -2.0957302789   0.1159646497  -0.6760415232  -0.1307917343  -1.4434515552  -0.9376167136   1.1479815744   1.6932188771  -1.3242834449   0.4527537934  -1.0144088631   0.2990122728  -0.1425557741   0.1401535454   0.4590265592  -0.2648843789  -1.0119149235  -1.0530901565   0.1198667011  -0.5184478096   0.4160607202
-0.1157748861  -0.9558759819   1.2238728735  -1.3621779601  -0.9484398763   0.0622373214  -0.1338372830  -0.5250507476   0.4669311005   1.0887328061  -1.8783491034   1.6949865162  -0.0100514592   1.3553705779  -0.2267443555   2.0487183012  -1.1377905732  -0.0318205690   0.6011158366   0.5442827075  -0.8273199303  -0.2499214869  -0.7270942250   0.1773276440  -1.1168968808  -0.5082881279   0.5096582876  -2.4835702274  -1.5792397794   0.0258988644  -0.3228587022   1.4848693350  -0.1363235493  -1.4990292923  -0.3741066390  -0.9305124943  -0.3446285631   0.8358738040   0.3215377287   0.3441735261
-1.3087399420   0.7330550444   0.0251408345   0.2835735717   1.8715726282   0.1338957203  -1.5907035197   0.8438862023   0.7589481505   2.2861717044  -0.7385365940   0.6278636350  -0.4318694412  -0.3220044853   0.8258192686   0.6418848446  -0.0168936665  -0.0380743725   1.0137139617   0.6331676638  -0.6364802492   0.7224481324  -0.6811196784  -1.0536338188  -1.2771456095  -0.2727280010   0.9718061871   1.4854734167   1.3080670186  -1.6033744463   0.3833251835  -1.1313812764  -2.7247672979   0.1661891851  -1.6703424162  -1.6353201866  -0.0849150042  -0.6164717276   1.7941019559  -0.3822788424
s2
 2.0561825276
 0.8593267189
 0.2722309127
-0.4776571105
-1.6944707485
 0.0259949228
 1.2942853407
 0.0212016439
 1.1489069304
 0.7284793035
-0.6517420982
-0.5203629442
 0.7143974930
 1.0918574728
 0.7686947394
 0.9168152805
-0.9105205529
 0.2695880426
 0.6059380111
-1.4653003596
-2.0006351612
-0.4413905529
 0.7890598708
-1.6536713633
 2.5373023144
-0.0350670664
-1.1165369519
 0.5611373666
-1.0133990194
 0.7304125697
-0.4985263456
 0.5393526274
-0.6727943082
 0.0198373781
 1.5037283604
 1.0636990265
 0.8871637573
 0.7276211558
-0.4325237848
-0.3682356095
w3
-1.3921060185   0.6143781964  -0.4734338609   0.5370526051   0.0068347696   1.1327359964   1.5735218791   0.3048896482  -1.2908270743   0.3013077998   0.8551864424  -0.8323442568  -0.0861494054   0.5840567079  -1.2984006503   1.1257281005   1.2133353508   1.4930155398  -0.6851722187   0.8781238240  -0.8748738509   0.0642608745  -0.6524747129  -1.1419779350   1.9882742659  -0.0716015002   1.6586117606   0.8009297013   0.5787257075   0.2805135330   0.4936555899   0.3394354939   0.2783442544   0.2112223565   1.1128853367  -0.3202729666   1.9119588988  -0.2142237268  -0.0977335211   1.6977526894
-0.3906522748  -0.5535921386   1.4120227259   0.9280457357  -1.0150315694   0.4372318847   0.8254410107   0.6210757870  -0.2747403237  -0.6733504699   0.4020337084   1.1979951976  -0.6886310998  -1.7148042063  -1.7059139263  -0.0275269569  -0.2570286286  -2.7792695183  -1.0724248855  -0.6707133004  -0.5281799536   0.6675576304   0.2662073490   0.3225136084  -0.5330418701  -2.1233190183   0.3258090751   0.3857093841   1.2620925749   0.2906053017  -1.7773218772  -0.8350560267   0.6449000705  -0.1633077872   1.4230401906  -0.7743500007  -0.5687195857  -0.7302727364   0.1697058438  -0.5833460504
-0.4623110719  -0.3176440830  -0.3375887540  -2.3843642373   0.0342028981   1.1024748323   0.5356373494   0.5178096463   0.8028866534  -0.7944567982   0.6385798803   0.6453411438  -0.9737545949  -0.3742910413   1.4080614975   0.5525236609   0.2701663137  -0.5546946276  -0.5920002375   0.5838164913  -0.4081672862   0.0387202247   0.2705094706  -2.6984025528  -0.3684789490  -0.8659787692  -0.0824946838  -1.1739284593   1.9975376416   0.2423323220  -0.5730962206  -0.8753737366   1.0224757176   0.8740442997  -1.7738573508  -0.6074599258  -0.8746317471  -2.3960798970   0.9737203504  -1.2656925943
 0.2485776626  -0.1769846133  -0.6431351912  -0.1896522319   0.7004181476   0.0115482657  -1.9423157413   0.6796657083   0.1583210670   1.0474366635  -1.0518377028   1.7014297646   1.3705723241  -0.9810997152  -0.6226717423  -0.7583731787   0.4152001869   1.0975080075  -0.5673999030   0.0281315440  -1.7569216871   0.2737788541  -1.2369833306   1.3109825666  -0.2154080434  -0.6888608806  -0.5432796608   0.8462700853   0.6574312811   1.4649670212   1.2193553791  -1.5315723727   0.4697434326   0.6996069592  -1.6810733713   0.3672656595  -1.9154034326   1.4598441099  -0.4945855704   0.8526560456
-1.4246878233   1.3266625995   0.0387034414  -0.6012745806   0.0078482896  -0.8826916204  -0.9290544968  -2.2095843379   0.0825321680   2.2036422156  -0.2286388100  -0.0216674293  -1.1292158093   1.0203151265  -0.7280295572  -0.6452585342  -0.5091039151   2.7555972287   0.1746058748   0.2001885774   0.6569248495   0.5410345364   0.1933044220   0.0445046670   0.5780647730  -0.8639439053  -1.1345489408  -0.3642559080  -2.2660413494   1.6850125289   0.6468388832  -0.3155379052   0.5259646394   0.0486344077  -0.7324275837  -0.8862515541   0.2387513956  -0.5939182292  -1.1626685408  -1.2571795318
 0.5856205704   0.1448045526   0.0025512527  -0.8839437454   0.8997972099   1.4423005361  -0.6143409317  -1.5617038589   0.8903099426  -0.1299752678   0.2947796028  -0.1948560853  -0.9706679334  -0.2978690291   1.0571661246  -0.4336656691  -0.5285432718   1.8624617033  -0.3067878090   0.9817387004   0.7010840528  -0.9182499229   0.8093134749  -1.5374409324   0.3497380536  -1.7781872695   1.2460978330  -0.9214722024  -0.3239021881  -0.5874339585  -0.6623164210   0.1913231009  -0.7468341084  -0.3215244746   0.9734530879   0.1937443517   0.4038696152   0.5819002945   0.9232101072  -0.6174207993
-0.0486897147   0.0838903699  -0.6675530385  -0.0088210573   1.0957724965   1.8131389987  -0.7279042055  -0.2109451362   1.9037182114   0.8667101247   0.5319348182  -1.6040267547   1.5723634996   0.9985497594   0.4122906428  -0.5956000437  -0.4745303626   0.3736743274  -0.7806577322  -1.3700203959   0.4377215990   0.9972400901   0.3816807693   0.1366449906   0.5085718895   1.2109607701  -0.4232490744   0.5542143082  -0.4824002015   0.6478762717  -0.4552069786  -1.3010121390   0.2817168844  -0.8856686039  -0.5053952549  -0.2561541849  -1.2951719103  -0.9235050271   1.1601051905  -1.1829759337
-0.4200594975  -1.5253362903  -0.8173168102   0.6797168530  -0.5678822706  -1.7235113400  -1.5804887797   1.2906169122   0.1279132982  -0.1395561081  -0.9615374224  -0.1636768202  -0.7641392745  -0.1224490574  -0.7202130038  -0.6590843827  -0.5945402450  -0.6470635803   1.1951336449   0.2375398539  -0.0131868439   1.0444563360   2.1013123911   0.6968332486  -1.0607624814  -0.6913269022  -1.0069924395   0.5245265764   1.2448724671  -1.7371316406  -0.1562219742  -1.2416080015   1.4431574748   0.2519346035   0.1095941746   0.6597432666  -1.3591746186   0.2400390320   2.8880229852  -0.8995007569
-0.7590730701  -0.4632857059   1.7093149437  -0.9192549748  -0.5018267996   0.2193878983   0.2189052036  -0.4512530961  -1.7811241958  -0.3491400434   0.3145392074   0.0586439533   0.5732955943  -0.5509204519   1.0415465980  -0.9459404135  -0.9424203267  -1.6854444139  -1.2277106053   0.0445526555   0.4821006707  -0.1128330552  -0.2262654335  -0.4703455981  -0.2605020392   0.3117354755  -0.2785171633  -1.3236512366   1.3261187711  -1.8237929895   0.9151221301   0.6163102829  -1.2403618952   1.0814270079   0.1840932000   1.3672613069  -0.2524850521   1.5911108317   1.0132733305  -0.3586924724
-0.6351640652   1.4164054638  -1.2186172431   0.9612394180   0.2636970502  -0.9702132251  -1.7057281596  -0.5323813231  -0.0824728498  -1.0393650697  -0.0524144466  -1.7310560720  -0.3857350320  -1.1139971620   1.1233764436   0.0975907178  -1.1953094133  -1.9213763548   0.4886390164   2.4133535933  -0.1073712777   0.9272585392  -0.5796460886   0.6475514673  -0.9145224584   0.0691696850   0.5271375185   0.6849171909   0.2115011920  -1.7397835935   1.2402745631  -1.4323520508  -0.3558164201  -0.8654264778   1.2452400835   1.3006329298  -1.8929550046   0.5109853156   0.4084259492   0.5941994846
-0.3402163098   0.0232351100   0.5606554257  -0.5365683515  -1.2568936610   0.7027650164   0.1862946605   0.7231089711  -0.6009065057   0.1561426946   0.2377605450   0.5712889319   0.1076762504   0.8094421915  -1.8543048525  -2.1013919514   1.0837715583  -0.2269374405   0.1778539679   1.6145357248  -0.5263159895  -1.1136842725  -0.1096722254  -1.5573061599   1.7068474602  -0.3266017654   0.4292570250  -0.8565544332  -0.3421244814  -0.4061244328  -2.0158018745   1.1417814022   1.3935996688  -1.5936805386   0.9711329912   0.9863918787   1.0136110340   1.0636271395  -0.4568522905   0.4512064548
 0.0161151023  -0.8367259684  -1.5337085447  -1.0331035812  -2.0498987709  -1.4115713387   1.7080287948  -1.0206375159   0.8891297708   0.9198905402   0.1120273306   0.3299328318   0.6821182358  -0.0117745620   1.2166383221   0.2617837869  -0.8148471135  -0.9599933702   0.9259574081   2.2766647747   2.0576352946  -0.7883435587  -0.7047159718   0.7391137035   0.6840996671  -1.6546985062  -0.4349051478  -0.7380003525  -0.1959569226  -0.8270404736   0.4170069298   0.0463569802  -1.3096574369  -0.5983866703  -1.2351521147  -0.0916125739   0.4191955188   0.8065487351  -0.6256710502   0.3409496528
 0.4729527082   0.1925814419   0.5729744025  -0.4238813369   0.5397618599  -0.3800527988  -0.3654027892   1.3368237521   0.0527351358  -0.2875037851   0.9764976463   1.0801592621  -0.8082530078  -0.3476893588  -0.1765536324  -0.7929985879  -0.9582664098   2.0828390548   1.2367990796   1.2059958287   0.2293141794   1.1073944371  -0.1826675771  -0.1509393746  -0.9180532516  -0.4483902616  -0.0055370749  -1.5737484865   0.9704791162  -0.8831231147   0.5878785079  -0.8377586918   0.7381049440   0.4069630443  -0.4605597061   0.3716970479  -0.4918520718   0.2755070048   0.7026884272  -0.1853203153
-0.8229961872  -0.8643238789   0.4094501995  -0.9045984544  -0.5076042202   0.6467902592   0.2255423843  -0.7622641408  -0.1618477150   0.7773883739   0.4593300241  -0.6585592086  -0.6482299084   1.1575808001  -1.8891659814  -1.8882684656   0.3905822236   0.5465649769   2.1547243151  -1.6646316257  -0.8602965581   1.3771841555  -2.2504370406  -0.6415508142  -0.5354411624   0.3660195877  -0.1805178501  -0.6595625183  -0.5633922983  -1.3821190698   0.5062394560   0.4833418162  -0.2053901409  -0.3220675718  -2.2040237111  -1.3850095932  -1.1934736620  -1.7572425671   1.2917788682   1.1522041581
 0.9530222108  -0.5077474469  -0.2236974474   0.1747437272   0.1572529475   1.0527158667  -0.6814826383  -1.1336768027  -0.7257294899  -1.2561570561  -0.5177011860   0.6079052037  -1.0424010120   0.2555165451  -1.7353445083   0.2633061680  -0.6373326499   1.2250864145  -0.2663838870  -2.3657225022   1.7325422056  -1.2600625097  -0.8694459334   0.2144527811   0.9220581971   0.3266661125   1.5091007031  -0.3539033178   0.2500163736  -0.1632525645   0.2556485852   1.1124981022   0.6078438658   0.6278576567   0.3208495674  -0.5066761764  -0.0134320634  -0.5147754539  -0.1113589357  -1.1890516948
-1.4808202507  -0.3765102828  -0.2373789729   0.3542613352   2.0123346611   0.0714715668   0.4241147511   2.0749028489  -0.8490985823   0.5456491459  -0.7172708015  -1.7132314307  -0.8040455684   1.3822206948   0.5927064963  -1.0428044096  -0.8132337279  -2.2550967455  -0.3295237233   0.5540357963  -0.2388540040   0.3555484131  -1.5542154679   1.4454938642  -0.7461811149  -0.7210864934   0.7982482188  -0.9758529935  -0.6587412422   0.3965730683   2.0698512465  -1.8891626734  -0.5913698442   0.5880226391   0.5748657044  -0.8613796720  -0.2403144524  -2.1995281617   1.0873640093  -0.4616396133
-0.0942300698  -0.5273889432  -0.2832706854   1.9040575135  -1.7579416475   0.0256735130  -1.2883755047   0.1346295057  -0.3195902753   0.6370236764  -1.1564422788   0.3292505542   0.0387125440  -1.9935644561   0.2730685026   0.4689326344   0.0546415357   1.7554196184   0.3203466893   0.6353686270  -0.2233767970  -1.2049865288   0.1066216426   1.5425724879  -0.5975140916   1.2449581540   0.9974492162  -0.2908955126  -0.7088817088   0.0033624430   0.6045936312  -0.7791362763  -0.8140397784   0.0165316609   0.1702999280  -0.3563839445  -1.1740450467   1.9329192128   1.0059228492  -0.7273863940
 0.2459637337  -0.1237943005  -0.8294762918  -0.3953685117  -0.5934622056  -1.2346776588  -0.0533929014  -2.0852989620   0.5982349878   0.8757672639   0.7539908867  -0.4312262842   0.5867882841  -0.1521892020  -1.2342602715  -1.3239357039   0.5880668370  -0.1932111744  -0.5222021159   0.7048551006  -1.0705065828  -0.9505598594  -0.5106246768  -1.2670031300   0.9617460391   0.1692170125  -0.5644671313  -1.5787627206  -0.3689901922   0.3228430893  -1.9943765965  -0.9181121088   0.1730851051  -0.3569781532   1.5344408749   0.5417650610   1.0037089154   2.3522170811  -0.9812944333  -0.2968952584
 0.7808110646   0.1767499497  -1.3576705785  -0.2345198776  -0.5153367330  -1.6944382500  -0.6156294330  -0.6202271110  -0.0180353765  -0.6394812520  -0.1810823868  -0.0235247074  -0.3360382046   0.3288357776  -1.0721825262   0.1407107283   0.4030107057  -0.4023599945  -1.0063504831   0.7070051816  -0.4214909092  -1.9782617668  -0.8461484902   0.0821999839   1.4713799716  -0.2942950625   1.3050204679  -0.6830434855  -0.4633547978   0.3094387270  -1.4189466565   0.1062586225  -0.3900544320   1.8504970072  -1.0267174042  -0.7533257126   0.6682917702   0.8309156193   2.0851162618  -0.7383983338
 0.0406094098   1.1085237255  -1.5702508900  -0.9348690395  -1.2569211016  -0.5498673708   0.5659999574   1.0296709354   0.2437872488   0.5050655641   0.6296315814   0.1238657680  -0.0216657228   0.1127522350  -1.3145945917  -0.2309103623   0.0599196489   1.2766409224  -1.8954394273   0.2386272974  -0.7427274461   0.1452169067   1.0353250402  -0.8558819778  -1.7610580513  -0.4983629377  -0.6960688111  -0.5542285153   0.6364161588  -0.4598571408  -2.0171427075   0.0107997182   0.1396372785  -0.9036986809   0.5783902261  -0.4754873579   0.4138818916  -1.9031632689   1.4073892533   1.5400044438
 1.8796635391  -1.9034701017   2.6699609074   0.5500194507   0.0525311328   0.0884460420   0.5701668855   0.5367880738   1.1666645072   1.1389712750  -1.0083857773  -0.6002287669   0.8501837326   1.2414157800  -0.2592703954  -1.8756063864   0.4430235076  -1.0294854840  -2.9943041355   2.5239049753   0.1216481876  -0.1372863328  -1.2241757845  -0.9820777004  -0.9001468764  -0.8426916578  -0.0701599302  -0.6143357589  -0.2180337830  -0.5475710983   0.2363082950  -0.6779756677  -0.7468885320   0.7161588397   0.8122458997  -0.4650519703   0.2046614752  -0.3074054531  -0.0379240322  -0.5044758747
-1.2447109231   0.4391207050  -0.1752414581  -1.2833442164  -1.1829396452   0.6552002581   0.0890432560   0.1780926136   0.4683516006  -1.8772056758   1.5180533475   0.2670886393   0.6302935239  -0.5664737280  -0.4776311628   0.6816168915  -0.5775597591   0.8341732622   0.0429013440   0.0611613018   1.1075778017   0.6093708232  -0.2873193272  -0.9690898230  -1.6630143324  -0.6179298661   0.8844777293   0.8988961611  -0.6479890626  -0.7616936160   1.3451494862  -0.2879972515  -0.3221772224   1.1922944303   0.1609745427  -0.8233170348   0.5418469296   0.2334816514  -0.2763381813   1.4338667498
 0.1394415428  -0.4186003335   1.4191569376   0.0729202020   0.7057762148   2.0974302803   0.2486133691   0.3729651825   0.7785944658   3.3693665141   1.1248415728  -1.5073937793  -0.7960253344   0.7516003756   1.3114538586   0.5633187457   0.3942052019  -1.0918504046   1.8167934865   2.3689381518  -0.4089489872   0.1300031543   0.5352526024  -1.0125349279   1.0024915093   0.0882625909   0.5047324588   1.4624718703  -0.2332176901  -0.2500833891   2.7089343021   0.4131574585  -0.4422324916  -0.6027851341  -0.1140597258   0.5211924524  -0.3689086381  -0.2035248096  -0.2077648024  -0.7504982581
 0.5071794913  -1.8911589474   0.0683653405   0.5019674225   0.2822490757  -1.0946226517  -1.7693435757  -2.3841908956  -0.2758925737  -1.1848795673   1.0498938702  -0.7564016499   0.8815434881   1.4155795986  -1.4365272864   0.7542919779  -1.2319785074  -0.3939783477   0.2203678864   1.2133528362   1.0654722356   1.4034307721  -1.6471407531  -0.2567911180   0.8846958043  -1.0129159872  -0.4343569227  -0.9672090411  -0.4727052866  -1.0157864304   1.4189597936   0.3300847616  -0.5187942128   1.1222180208  -0.0210821900   0.0258271170  -0.6575809382  -0.3350852114   0.2572275381  -0.0251718332
-0.2557509937   0.9648423397  -1.1241423553   0.7702063766  -0.9948411093   2.2224602083   0.3819269081  -1.7387116870  -0.2478617511  -0.2977531277   0.4630140101  -0.4381523888   0.1689594581   1.2664226088   2.4898623982   0.6375329727  -1.5497866916  -0.1678023470   1.4448705270   0.9118616286  -0.7124783138   1.0709466530   2.4340834852  -1.1150977168  -1.4421477131   1.1012392400  -1.4701861814  -1.1717191948  -1.3957454877  -0.9770712037  -0.7497668989  -0.7383836662   1.5620757755  -1.1122923311   2.7426621787  -0.7906648473  -3.0941326333  -1.3240484789   0.4909970383  -1.3374379417
 0.2766687724  -0.5180124593   2.6873149630  -1.5970059632   0.4429676495  -0.4289307039   0.3142967298   1.1661355086  -1.4226207262  -2.1837611664   1.1252325076  -1.1735899585  -1.5562421366   1.2200043945  -1.0354477655  -0.6814031686  -0.8576219567   0.5422702876  -0.8299943557  -1.8202024661  -1.8517215261   1.9982352780  -1.5221179089  -0.5145051723  -1.3823763443  -0.6580335385   1.7208091955  -0.2267431583  -1.4353301013  -1.2725634888   0.1000667530   0.8653662407   1.3987779744  -0.2514202200   1.0022324090  -0.9585392175   1.1271507215  -0.4044016050   1.4987500960  -0.9858053244
-0.0414905295   1.0554270236  -0.0944568193  -1.5739667731   1.5387876704   0.4582813330   0.5359696657   0.3376281819   0.3327674651   0.0180714048   0.0892843909  -0.9615855464  -1.3328270837  -0.1693922224   0.8297618460  -2.1672595987   1.5408022117  -2.4030254909   0.8956503701  -2.2345148549   1.4421669545   1.4957033540  -1.0556379344  -1.0163956402   1.7333615507   0.0248946077  -0.9611307901  -1.1432134420  -0.7498797649   0.2058637996   1.9044908822   1.3781530401  -0.9479858281  -0.2359638490  -1.3533288275  -0.8228762863   0.1175307818   0.7632739716  -0.3909814741  -0.9829283473
 1.5712753791  -0.2593457327   0.7067333358  -0.2407488937  -0.3425406549  -0.2422630258  -0.3758977533   0.0130603129   1.2521163254  -0.7334169206   0.2759943021   0.1112590902  -1.6124107101  -1.7858646022   1.4945631756   0.6216230838  -1.4613671502   0.4804126869  -1.4987348255   0.6732853406   0.0258729333  -0.6289737788   0.3094419937   0.8161905854  -0.7704167709  -1.3297988059  -0.0041316212  -0.7853885148  -0.4891846553   0.4594701071  -0.0696483499  -0.2703940850  -0.2598925235  -0.9517142289  -0.1034924823   0.3725612622  -1.4427931656   0.3992431285   1.2484732994   0.4416333731
-0.7676046294   1.1127855945   1.2162113616   0.6603588589  -1.2358796598  -0.2981864367  -2.3507656047   2.3092026025   1.5580856099  -1.6390220785   0.4651045014   1.3205681732   1.3926740226   0.5266372603   1.4777090504   0.5337786100  -2.5984780973  -0.7937957874   2.0265312065  -0.7125558441   0.5301879007  -0.9646557626  -0.6012681563   1.2079508993   1.3492854576   0.5169327025   0.8376871761  -0.7370089691  -0.7812680730   0.2870721898  -0.0830937224   0.0739217633   0.9578210040  -0.0420883709  -0.3720213842  -0.3414040405  -0.1588967567   0.4213630590   0.3573152373  -1.7512230627
-0.4003042399  -1.1820179480  -0.7894719167  -0.8172302960  -0.2313892523  -0.6345661094  -0.3389207450   0.8811272366  -1.0160587275  -1.7616965900  -0.7856822979   1.4519853126  -0.6283504699  -0.4780508307  -0.9581833420  -0.7283801555  -3.1622178836  -1.0456014047   0.5405325662   0.9357372934   0.4282704436   1.1479359621  -1.6333212354   0.9322265071   0.1764690584   2.4904731749   1.0794410636   0.8275156225  -0.5495519527   2.1466892062  -1.6321185646  -0.0946026669   0.9898170815  -1.0857369390  -0.1348223701  -0.8572014456   0.1511753879  -1.3269816316   1.2474828054  -0.0423310904
 0.3170506740  -0.6580311309   0.0352998223  -0.0579949300   0.6480592733  -1.2030298765  -0.2374319025  -0.7216434645   0.1868035405   0.7407653252   1.6598678529   0.9265445513  -1.1435871410  -0.5735075123  -0.8972691267   0.0815172073  -0.3735226244   0.3689199105  -0.1268859193  -0.3157032168   0.3728917617  -1.7568564314  -0.2754553757  -1.5042749441   0.4945810565   1.0567519472  -1.2667148645   0.0599189118   0.3738040594  -0.0628598745  -0.8729926529  -0.4598741076  -0.9227207001   0.0781699420   1.2415779094  -0.4212084154   0.2864875813  -1.6021994846   0.6733424592   0.3433021292
 1.0089673784  -0.4290689534   0.8155301138   1.0424392856  -0.8821855600  -1.3749980503  -1.1660599923   0.0416206306  -0.1189820516  -0.4646640253   1.9026778137   1.5750739850  -1.4207819058  -1.6722239753   0.7305642283   1.2671496674  -0.1913985863  -0.8174003718  -0.4772853805   0.7405154369   0.1756226413  -2.3007025212   0.0178556003   0.9862032490  -0.1436522794  -0.9654300524  -1.1079638193  -1.2016202601   1.1935608965  -0.3670257351   0.5799879831  -0.8333921995  -0.8633038231  -0.2403392085   0.1323848727   1.5446815514  -1.3987699759   0.1997991068  -0.4723277438   1.0210071947
-0.4787244361   1.6240907840  -0.8431083431  -1.6982368063  -0.4612008919   0.7198101231   0.2917254485   0.2592629640  -0.2859777900   0.4748778874  -0.5472341266  -1.1538761543   0.3805336641   0.0110987624  -1.7620463837  -1.4655809052  -0.0376389557   1.2748928001   0.4234279399   0.6264456213   0.6348993117  -1.7410519204   0.5664389314  -0.2965001708  -1.5597835296  -0.0421674248   0.2648619160   0.4370390896  -0.2121331809   0.0090281989  -0.3734698117  -0.9015861808  -0.1805487778   0.8978882465  -0.0807578816  -0.7024443945   0.0084853390  -0.7362199537   0.3095066941   0.5857697091
 0.3966434541   0.0133133984   0.1456936406  -0.0710513791  -1.6323096732  -1.7673622118   0.3093219103   1.9054759037  -0.0292716585   1.2299264847  -1.4107477933   1.5749177180  -0.4920288359   0.8728874406  -0.0515814838  -0.2370805191   0.3845102034  -1.0319265044  -1.2507917004   1.1612388654   1.7339041589  -0.4046550145  -0.7566687678  -0.0872792711   0.2068581271   0.2850837237   0.2159313464  -0.5625191539  -1.0577917353  -1.7006709242  -0.3927708366  -0.8645052500   1.1246101560   1.0828603557   0.9184735041  -0.0716931215  -0.3919144270   0.1514140462   1.4967723264   0.1966675372
-0.9570135872   0.0731601768   1.0024690432   0.8641999359   1.1344436328   1.2561873749   0.2120679586   0.8845404134   1.2379433714   0.8418003775  -1.9183474187   0.7684623247   0.6974654525   0.7158638936   1.2576896178   1.7422126875   1.0961834324   1.4804291188  -0.1122061527  -0.0147575635  -0.4875287447  -0.0172964823  -0.8479249058  -0.6126246767  -1.4581539713   0.5909053877  -1.4284757948  -0.9019673163  -0.0929981097  -0.1736905642   2.3037163550  -0.8093164594  -1.0767172817   0.3463841673  -0.7143199113  -1.7377175751   1.4401626470   0.6454504087   0.3412426378  -0.7710769351
-0.8619193205  -0.5111745048  -0.6322938634  -1.8597723464  -1.8422137858  -0.0010987478   0.3718095662   0.1712909827   0.1663785599  -1.3692118869   1.2879527890  -0.9461244275  -0.7450119057   0.2305582787  -2.0735511423   1.0112464953   0.7413672662  -0.8021087838  -0.4647681121   1.6401030407   0.8942075768   1.3615447613  -0.1305220207  -0.5135918786  -0.7990866826   0.2065664059   0.3323384263  -2.4974251600   0.9787087486  -0.6962551469  -0.9028660868  -0.0494893047   1.3783969141   0.3466534197   0.0180536869  -1.3062152910  -1.4485177439   0.6752627077  -1.2615689713   0.9924131734
 0.3791760887  -0.7667711988   0.5593723719  -1.0472567318  -0.7663587069  -0.2610745401  -1.4410821540  -1.5087666984  -0.1862886024  -0.1590371574  -0.5516414770   0.9791659368  -0.9064150755  -0.6063075349  -1.5767227412   0.8044144987   1.2464073635  -0.6082304074  -0.8649127968  -0.5727888046   0.4608074796   0.2603830052   0.6392490821   1.6723272296  -0.2348347698   0.3385484761  -0.5727929698  -0.6088141133  -1.4777863841   0.8623127867   0.8315047385   0.2147830156   1.9048470953  -0.5824191428  -0.6009315264  -1.6155129735   0.5295666440  -0.4791076808   0.7512477525   0.0931796883
-1.2308644832   1.2093205743   0.8371454941   0.5058328153   1.5326138143  -1.1329001936   0.6406444998  -1.0527276337  -0.6866754464   0.9070450988  -1.1211126147  -1.3808164587  -0.4195580176  -0.9785144997   0.0765240157   0.8197910752   1.1796441861   0.1503555362   1.0689209822   0.3419773797   0.5658058823   0.3813427135   0.1995390933   0.4955298493  -0.2026356228   0.7402430911   0.0904123014   2.2273215743  -0.6840637719   1.1486257920   1.7113453822   0.6856065187  -0.5594082093  -1.5495556474   1.2241244140  -1.2072659865   1.3526181737   0.3038421289   1.1524010011   0.7702487197
-0.1093938574   0.2368608369  -1.2010033015  -1.0024808481  -0.6354532954   0.2582790068  -0.5415133757   0.9031041960   0.0779546970   0.4951157318   1.2009296663   1.1993403402  -0.9424154322  -0.8625909011   0.4335981466  -1.4183762278   0.8764600782   0.7923360002  -0.3798485772  -1.7029477397  -0.1523749962  -0.8571610131  -0.5709269193   0.1542591290   1.8949675237   0.0985223883  -0.6400725880  -0.5339697116   0.4544973674  -0.4304383744   0.4412945103  -0.8531719427   1.3419176204  -0.5032984039  -0.6548290201   0.4158326050  -0.5903277352  -1.4489913608   1.0777686963   0.0459551944
 0.0652245756  -1.0227875150   0.4389352231   1.3626334909   0.3420203626  -0.2718214864  -0.2764515275  -0.4427414895  -0.1354431594   0.9220215228   0.3196031498   1.0610273116  -0.5669624215  -0.3106585970  -1.9518113577   0.1042249025   0.7395161792  -0.2449056195   1.0071393416   0.7238128768  -0.1555900797  -1.8964736011  -0.2031189483   0.2797363974  -0.3956943618   0.0299951835   0.3650387145   0.0589784618  -0.5899010829  -0.4758537408  -0.6550894841  -0.9554765783   0.0175970606   0.5717345534  -0.5551634874  -0.9153989123  -0.1163550319  -0.2552946840   1.0898535024  -0.5933109681
s3
 2.0970168089
 0.8768143442
 0.2281821110
-0.7559588330
-1.7415179620
-0.3137010154
 1.4952339488
-0.0349977317
 0.8537882713
 0.4972894376
-1.0242737033
-0.4165368750
 0.4609779093
 0.6321215407
 0.5348537622
 0.3570620058
-1.1830523600
 0.3454236397
 0.5592216188
-1.6915184623
-2.0443248061
-0.4934386145
 0.7485600092
-1.6220585964
 2.2774508321
-0.1712079735
-1.3967866092
 0.4202580849
-1.0707007495
 0.3183243838
-0.7685254668
 0.4040850617
-0.7155698834
-0.2055254062
 1.3902586910
 0.9939207001
 0.7713770698
 0.6346708889
-0.0148927080
-0.4841546813
w4
-1.8750494480  -0.0987366707  -0.3788359161  0.6842472458  -0.3405203202  0.1351607334  -2.2266667715  0.1942696948  0.0275290728  -0.1069381934  -0.0137391643  0.4419050084  0.1067010621  -2.4904324421  0.1352775952  -0.1567244641  0.8445369628  -0.2447443568  -0.6987373323  -0.1460312061  -0.2054071528  -0.0932741326  -0.8379947315  -1.2913991406  -0.0591412586  -2.1019181004  0.0686413019  -1.5345124799  0.0108164846  0.5297952048  -0.1952603148  -1.3921704940  -0.4665186040  0.2583167087  -0.5983050880  1.8570870580  0.0648884383  -0.4199291137  -0.2567811718  0.4102614459
s4
1.0012925421

