layers: 5
str: {2,40,40,40,1}
w1
-1.2010574434  -0.3716815113
 0.3566821323   1.1342830195
 1.9861656410  -1.1894597538
 1.2972494127   2.2623038467
-0.1784394773   1.1289900032
 0.0076283675   1.7897159515
 0.7062606064   0.2516084295
 1.3396714832   0.2371803020
 0.8663737123   1.5266360429
-0.7147765140  -0.7774337651
 0.1796012714   0.2785124289
-0.7839516279   0.7674465186
 0.1500987441  -0.9756389999
 1.3402579733  -0.0264015553
 0.6761245526   0.4154199985
 0.8306545857  -0.4037712772
 0.3750036066  -0.0730696023
 0.3995845300   1.3036439630
-0.3824638859  -1.1048673327
-0.5519100512  -1.0400568390
-0.5166486060  -0.6824529929
-0.3412143657   1.0492994630
-1.1420315162   0.4804467702
 0.5694173213  -1.4374783359
-0.2751836042  -0.9804230161
-0.0842111703   0.6096711108
-0.5435072705   0.2842615300
-0.9014690370  -1.6696663139
 0.5673125612  -0.3617625589
-0.0003407344   0.0420950622
 0.5058530528  -1.9070943376
-0.8633168324  -1.0577035419
-0.6499883840  -0.3731082567
-0.8423973876  -0.3750372656
 0.1896103152   0.4116642072
-1.7626235076   1.0905515926
 0.6410511322  -0.6095313425
-0.9204280301  -0.4353328301
 0.3234226336  -1.3484202702
 0.5438325157   0.9295479547
s1
 1.5227856792
-0.4879431543
-0.6020828701
-0.3017871327
 1.4491823264
-0.2182834410
-0.2912736094
-0.0528844961
-0.6386413925
-1.4396901134
 0.6499870633
-0.9394219553
 0.1380235739
-0.5946718900
-0.5659668238
-0.1724755650
-1.0595272066
 1.2032597052
 0.2620502856
 0.6070379576
-0.7228187783
 0.2619205230
-0.3064736700
 0.7959537494
 0.8910345535
 1.0167969817
 0.2815628665
-0.6177500571
-1.6507192976
-0.3130423723
 0.5109982872
 0.1430144875
-0.3162084754
-0.1270192670
-2.1039100638
-0.1740613213
 1.4586909001
 1.2279874145
 2.0195694031
-1.3753161807
w2
 1.2018212684  -1.1613581092   1.2923451335  -0.3813926350  -0.2617514788  -0.8880661216  -0.1857798003   0.7924355482  -0.0485453694  -0.8645999767   0.1481646960   0.3173242928   1.4850055975   0.1876559081   0.5937095825  -0.0899890307  -0.1110411604   1.2557026651   0.1099669941  -0.0087509319   0.5839829496  -0.2175786410   1.1382228624  -1.0467110071  -0.5033778933   1.3347758900  -1.8628753878  -0.1495827463   0.8256644083   1.4039135412  -0.4202320971  -0.0044247836   0.0563451645   0.7566774919   0.0863156635  -1.2449977968   0.1129733195  -0.9584119533  -0.5092199031  -0.9958417172
 0.7319706244   0.0233657384  -1.6186446004  -1.0216937899   0.1550794912   0.5832574325  -0.0279168685   0.5889215510   0.2092976115   0.0883061568   1.9233140980   1.0298904706   2.5208177973   0.5346897648   1.1382716586   1.3673356500  -0.4376623451   0.1579644203  -0.3089249910   1.1336831549   0.0024360394   0.2477922980  -0.7507911142   0.5474592947  -1.1250040134  -1.0623047402   0.0405746361   1.0201867654  -0.3024359735   0.6203064861   0.4379934725  -0.0737382476   1.0527300356  -1.1033325009  -0.5166923462  -1.9167813809   1.3254687227  -0.4279854245  -1.7680611513  -0.4573770007
 0.6333344644  -1.0272525005  -1.9206771615   0.2081532839   0.0292519501   1.0409759483  -0.3559690937   0.6312589737   1.7123333211   0.4699742554  -0.9568186448   0.6523709684  -2.6823664485  -2.7263360195   1.3660375626   0.1383055332   0.2619659418   0.7866765217  -0.2596830757  -0.7177846513  -0.0736540479  -2.1635130085   1.1219381312   1.4572772623  -1.6225269946  -0.1660276379  -0.2304264881  -1.3376522729  -0.5434779231   1.4061992447  -0.1728819460   1.4758041682  -0.2959339101  -0.4964513629  -0.1970034293   0.1603384361  -0.4039320115   0.8424869080  -0.3035494486   0.2941979299
-1.1339757638  -0.4817934260  -0.3396977791   0.2196281680  -1.3375931861   0.7630491045  -0.1470843391  -0.5838864651   0.8250599413   0.9816511395   0.1265277443   0.4503486497   0.3444301991  -0.0076181903  -0.0800965064   0.0730564013   0.2406509464   1.1144447504  -0.5568448832   0.7790495012   0.1955244792  -0.7567981775  -0.8398518075  -0.4149057225   0.2944097404   0.4250671927   1.0034999885   0.2869067433  -0.8282651384   1.5734495530   0.4015969517  -1.7317462017   0.4558219839   1.2459201880  -2.1133968879  -0.4511780409   0.1249102882  -1.1402099060  -1.3734604501  -0.5605097325
 0.1587722157   1.4216625073  -0.9402671124   1.9673211683   2.0633655841   0.5073863463   1.9581736976  -0.5963323541   1.0845970600  -0.8318926931  -1.2423939800   0.9927108454   0.4040831748  -1.1300039120  -0.0630746260   1.0252509424  -1.1993601014   0.5849674510  -0.8399223610  -0.9398353463   0.1482597436  -0.6116521399  -0.3258924186   0.7554926343  -2.7786686925   0.0763678141  -0.9436495072   0.3329531045  -2.2976456078   0.7582643892   0.7052372678   0.7701597523   0.5464139527  -2.4130101481  -2.5978831795   1.4655867479   0.2780586828  -0.0007373122   1.5767040840  -0.4114229938
-0.1484507969   0.1239636885  -0.2597115971  -0.1507703891  -0.1107384238   0.9523424879  -1.1381115217  -1.7883685901  -2.0107680125  -0.3636927294  -0.7019730584   0.1223024377  -0.4959294826   0.6841858508  -2.0961354867   0.0311548746   0.3835132419   0.6955626366   0.3170770039   0.1507895931  -0.8557376447  -0.0037262437   0.3577977356  -1.3878633159  -0.5393490049   0.1213936147   0.6709538920  -0.4658563236  -0.4995079641  -0.2547706433   0.8320267880   0.9821287910   0.0298507505  -0.6917490351   1.0859096862   1.0632995190  -1.9301005534  -1.9664649887  -0.4670599887  -0.5951455446
-1.5949652559  -0.3231877029   0.0634904173   1.5857638829  -0.0493176070   2.2387085985  -0.6097663446   0.4090924103  -0.0264442755   1.0118520112   0.3117790870  -0.1582214521   1.1785599648   0.1225952665   0.6487805920  -1.1106890558   0.5348783718   0.7357832421   1.1699335695   0.2931475603   0.1720542164  -1.1713365747   0.8084372478  -0.3406659160   2.1494425443   0.3843936574   0.8155844092  -1.1372086682  -1.0140853599   0.9055940021   2.0552423348   0.6208541256   0.5646612583   1.6169037734   1.8970801476   0.6849506574  -2.2299193905  -0.3458246312  -0.1966520384  -1.1779550768
 0.0514676617   0.9493752723   0.5410853819   0.3246851590   0.5234689562   1.8002901950   0.3431435506   0.9263805155   0.1042574742  -0.3131466923   0.3860221926   0.8693341541   0.1589455612  -1.6064030162  -0.4898154284   1.1211465990  -1.0943783234   1.7729871080   0.7253004525   0.6635113072   0.1252770891  -0.3255259188   0.0106042438   0.6726585875  -0.6837328268  -0.3267223040   0.7668158149   0.2077928602  -0.2847568665  -1.6147955168  -0.4316023341   1.1880099771   0.1012839313  -0.6421437977   0.7134899510   1.4720930248   1.0954594638   1.3982444593  -1.2421983686  -3.0631667701
-0.3954837202   0.6821529755   0.5066558606  -0.1365132356  -0.8522632086  -0.4427726861   0.3230764851   0.9008963236  -0.4266311191   0.8061034471   0.1529265570   0.5500349751  -0.9933030477   0.5301294365  -2.5594917343  -0.4767238119  -0.8649782164  -1.2958767598  -2.0291853372  -0.7442956050   0.3181929818   1.2209864129  -0.0563282989   0.1772217723  -2.0678008291   0.1119990872  -1.1302611342  -0.9780289741  -0.7457946947   0.1670598644   1.6226897786  -1.0265022320  -0.1271666293   0.3464649881  -0.3110200395  -0.2942196600   0.5622514147   0.9041741860   0.5422274035  -0.8174283971
 0.4330400832   1.5504472706  -1.1319317775   1.1523594870   1.9101020092   0.8290339673   0.7511942128  -0.8918528319  -0.2013037202  -0.9687834607   0.3592054703  -1.8447519329  -1.1420290213  -0.8659646848   1.8204455248   1.6458299093   1.2110747332  -0.8264960170   0.3855595281  -0.5771647390  -0.1928459133  -0.3327951996   0.6728030164   0.4800151548   0.7025396721   1.1493477802   0.8983863574  -0.0623523813   0.1293150890  -0.8612680673   0.8190080920  -0.0158253050   1.1194096919   0.5400316431  -0.8023994898   0.6728180347   0.7209648966   0.2446995392  -0.1641636804   0.4397178475
-0.5836743048   0.6842080909  -1.4423093279   0.2666454181  -1.6903182035  -0.9517474831  -0.0968719409  -1.1160473571   1.0435232487   1.0140178044  -0.8145105570   0.1827963414  -0.1312590797   0.8927086209  -1.1656943310  -2.2011229073   1.4125747130   1.1390535291  -1.2913254625   0.2138935974   1.9735998404   0.1743701092  -0.1573420461  -0.1226374575  -1.7800141894   1.8870121732  -0.1427558798  -1.0589928798   0.9163811404  -0.7702657163   1.5070620922  -0.7564145419   0.4672582699  -3.2690084966  -2.2393937162   0.7159700679  -0.2744350383   0.4875112504  -0.4248651739   0.8429221060
 1.3181684992  -0.0122435243  -1.3327330341  -1.7896881366  -2.4113244088  -0.0120244835   0.8819057688   0.0255501996   0.4890946061  -0.9283513560   0.2907665635   0.1968832468  -0.7193937350  -0.9701928006  -0.6064254051  -0.0133106427  -0.4373487248  -1.8888097166  -0.1258008019   0.4172464480  -0.3649463501  -2.0658646265  -0.7509441575   0.2607913853   0.3865943043  -1.4959106073   1.9467594865  -0.6367188613   0.4212986575   0.0237403701  -1.6024936683   0.4682643138   0.2165949126   1.4472818701  -1.5181730907   1.0506284107   1.5667413874   1.0774457800   0.6482321945  -0.6895238949
 0.1307188892   0.9471940475   0.6020362925   1.2924583438   0.0646625713  -2.1471118505   0.1953952754   0.9200712680  -0.5300796899  -1.3108521567  -0.5465350672  -1.2033363771   0.4713118074   2.0990567886   0.1510465920   1.4165225306   0.3460602788  -0.2387087505  -0.3838809789  -1.4280767509   0.3083386120   0.0268811895   1.4688367525   0.8570211093   0.7694005982   0.9754985201  -0.0062538733  -0.2725194205   0.8129924991   0.0574810789  -2.1334650006  -0.7188069251  -1.2333657419  -0.5471586937  -0.4874812496   0.8638673531   0.2462676511   1.8484321314  -0.4343138194   1.0609736487
 1.2663799353   0.0690214478  -1.5961321412  -0.7166083353   1.1872655244  -0.0932989645  -0.5546955168  -0.4275596755   1.1307261163  -0.0681991253  -3.0298713350   0.2001003227  -0.9918148335   1.6025913731  -1.4333166884   0.2514058988  -0.9704931870  -1.4726845374  -0.7393505860  -0.7885927916   0.3752301059  -0.1411705119  -1.1029281224  -1.7031051542   1.1892873928  -0.9089919430  -1.3552456099   0.8695626622   0.8780274011  -0.0644986824   0.7714593326   0.1364142131   0.1509846880   0.4036662894   0.8261611236   1.6928710846  -1.0282652728  -0.4809375522  -1.2187509726  -1.1548643454
-0.4747454496   0.2954650354  -0.5082279601  -0.7030260790  -1.8865649831   0.9725720284   0.2344596149  -0.5524761298  -0.7927878103  -1.8853245738   0.7710148168   0.2557215022  -0.4157042925  -0.6482266420  -0.0443257022  -1.4256459842   0.8388264681   0.3927541684   0.9034876179   0.3621498986  -1.4143275097   0.0390016040   1.6583153913   0.0015102883  -1.4857816372   1.5874224659  -0.7203958545  -1.8932604766  -1.1951691212  -2.5066795793   0.9598574585   0.7728235359   0.0191159544   0.5353910235  -0.4290461229  -0.1773946831  -0.0410355085   0.9264493101   2.0216314714   0.8511503355
-2.5171348873  -1.4568394405   0.7587019161  -1.1044602225  -0.4634792205  -1.3604663451  -0.5373536958  -1.8130949479   0.5025905858   0.0198967425  -1.4950461600  -1.4849614741   0.9149265753   0.8593776462   0.2439103302  -1.0950088486   2.3377656385   0.0918571092   0.7159270369  -0.3458996727  -0.0353973741   0.0930948305   0.6167040501   0.2733381962  -1.3210135793  -0.9544194982   0.3895587664   1.0301398254  -1.4802224419   1.4543008899  -0.5359285510   2.4817973620  -1.4656520081   1.4914842156  -0.9626502636   0.0323873436  -0.3805971083   0.7360668199   0.9199055749   1.0876209713
 0.4397687614   1.4468792254  -0.0528876607  -1.6379299528   1.4836060236   1.6195144216  -0.7154897623   1.1194820908  -0.8545203732   1.0847159994   1.4552659989  -0.8485413806   0.8884913095  -0.3841140671  -0.3644360171   1.9221291383   0.8816613699  -1.7093099389   1.6114451139   0.9422550966   0.7614432202   0.4814483538  -0.0762809058  -1.4235904876  -0.1522237592  -0.7437442643  -0.0072167161   0.8654753861   0.6765434010  -0.0750361835  -0.6402305325  -0.0009179312  -0.7430164174   0.1739292401   0.2903061368  -1.6150766005   0.1733203462  -0.8532027861   0.0894498593   1.2369802355
-0.7898127167   0.4968477699  -0.7458341347  -0.8156974167  -1.2798357658   0.9245113006   0.4953606620   1.9140012063  -3.1202772257   0.0962878729   1.0949301689   0.6224984528  -2.2853488785   1.8132590978  -0.2663950471  -0.7738290807   0.4332406859   0.3366648240  -0.2048326540  -3.3001682443   0.8789629908   0.0649390820  -0.2581883258   1.0862199121  -0.6370482909   1.2228328578   0.9712135668  -0.6993368331  -0.3311425900  -0.8378949985   1.0354109485  -0.9824063544   0.3142358263  -0.0900501060  -0.6946178814   0.7128432662   0.0643160184  -0.4362770454  -1.1516851558  -1.5996524771
-0.4092526589  -1.3503954555   0.1329332951  -0.6110267011  -0.4816136800  -0.3461737975  -0.1393959363   0.3165743078   0.7536616918  -0.7300133916   0.8421542286   0.0452168102  -0.2492364161  -0.0496390738  -1.1474394013  -0.9952254683  -0.7872934142   0.2412522946   0.2266027645  -0.2112822469   0.5440894321  -0.4063650366   0.9303679219  -1.0036706164   0.8136476059  -0.2807859472   0.4094659816   0.0054499384   1.1124812947  -0.6519210883   0.6649791086   0.8667918730  -2.3380290049   1.3335362666   1.5965469284  -0.1260081119   0.8186918931  -0.3294814777   0.9684034786   0.5921386886
-0.4350989009   0.5616838967  -0.1321772805  -1.0231822249   0.1500910526   0.1387521085  -1.3749098591  -0.0350526891  -0.0831391784  -0.6209857933  -0.3460657743  -0.2124081883  -1.8440965053   0.3613611226  -0.5355964143   1.2096919005   0.8197551982  -0.8647165858   0.0286562863   0.4352199332  -0.0801106114   0.8081023991   0.8947491980  -0.7459927268   0.2310212449  -0.1899084095  -0.9241275171   1.7587273340   0.0517201403  -1.2078429465  -1.7593983309  -0.5073359296   1.1021111406  -1.1940537161  -0.7736788280  -1.0299074807   1.2350653641  -1.8533856546  -1.1293118328  -0.5447020794
-0.3185633832  -1.5411239631   0.7886174514  -0.0808817802  -0.9713910953   0.6812081353  -0.2879989172  -1.3231874975  -1.0632752337  -0.7090944025   1.0966441424   1.8730984107   0.6178576556   1.2218275512  -0.1166827539   0.9049095525   0.6069432733  -0.7059138697   1.4986235186  -0.4624019130   0.0913850450   0.8714156029  -0.4913159350  -1.9995593267  -3.1012544326   0.8308997029  -0.5437969453  -0.7565485214   0.6681181328  -1.5159677163   0.0091560489  -0.7500525630   0.7882086391   0.9480446061   0.4873190225  -0.2730567762   0.6658441248  -0.9148530511  -1.6127530280   1.0175630176
-0.3726615714   0.0607488650   0.9387349056  -0.4130579384  -0.0890344065  -0.9409333896  -1.6820670178  -0.5330866185   1.0591020856  -0.7550518033   1.0513063831   2.1216324392  -0.4823407704   0.7962774018   0.3860282348   1.5121647700   0.4019542557  -1.2740341550  -2.0155096481  -1.6138942549  -1.0830376985  -1.4263576937   0.9161290513  -1.2792483711  -0.2733005143   0.0595938365   0.3262724479  -2.0460201597   0.3634024040   0.9241926044   0.1741072453   0.9126701512  -0.5922899575  -0.5147716697   0.1425258037   0.5266475401  -0.0511889943   0.9185265928  -0.5895785551   0.6597656397
 1.3612171511   1.8154463606  -0.7628731619   0.9227450900   0.4397317698  -1.3108267718   0.3861348041   0.1926168897  -0.1765588211   0.9703324712  -0.9710078239  -0.5519735118   1.4449625827   1.4041394598  -0.4980830538   0.9021368802   0.1540390232   1.1172507382  -0.1410843882  -0.6683957559   1.5438446100   1.0667562166   1.7126871745  -0.1664668336  -0.6902200696   0.1641650373   1.0354109932  -0.5851662627  -0.1246074643   1.2266449340   0.3898489107   1.2213403774  -1.3175587281   0.5027239231  -0.2937195816  -0.3788333911  -0.5737878701   0.9003406833  -0.4846443153  -0.8693989681
-0.8631333528   0.4130030198  -0.4125542853  -1.1801966198  -0.3103765803   0.3902904716  -0.0987528000   0.5334348106  -1.6115120367  -0.0541991457   1.5771330139   0.9762125874  -0.0607849967  -0.7437444357   1.4333774422   0.2947370386   0.1108506192   0.0319581429   0.3199114146   1.3944363842  -0.0754255596   0.5074538337  -0.5555145493  -1.6561114620  -1.3499466121   0.1888016859  -1.0233963310   0.0321224298  -0.4945838754   0.8152587600   0.2241067040   0.0136036477  -2.3314063862   1.6716891293   0.1165132604   0.2937540089   0.1710314375  -0.6091047843  -0.6637936974   0.9232130083
 0.9045023515  -1.7984375124   0.6974610650  -0.3353570589   1.7610795596   1.2094667247  -1.1182598997  -0.7090201489   0.0021112580  -1.8108832133  -1.0391702428   0.5345367357  -1.4399503747  -2.1630025235  -0.2703555261  -0.1959183113  -0.7228852766  -1.1917612732   0.0727288206  -0.5063882988   0.2242060877   0.1747061636   0.0369416721  -0.7727475424   0.6633582738  -0.3108411820   0.0899310653   1.1190867864  -0.4988874881   0.8683188038  -0.5437000972   0.3030870890   0.0129460915   0.7240576378   1.7880563941   1.0699632786   0.1198720082   0.4020802580  -0.6530723542  -1.1150168596
 0.0132510639  -1.0370085497  -1.2235144442   1.1402239445   1.3517625311  -0.1045972567  -0.4244709748  -1.3476051890   0.4058527152  -0.3338964714   0.1331815856  -0.3436105997   0.2858409019  -0.4104013681  -1.5714015046  -1.0946668395  -0.2938450107  -0.8153607840   0.1940186001  -0.6221606332  -2.8709815553  -0.2359701167  -1.5515940026   0.7791385586  -2.1639844582   1.2969267331  -0.4691347395  -1.0731766690  -0.7106486083  -0.8001267797   0.1534712158   1.4004341402   0.6142288769   1.4073718823   0.1925696849  -0.8400204817   0.4767077478   0.7692892073   0.5706600954   0.3375333974
-0.3851454542  -1.2933967938   0.5587175566  -0.8056894561   0.8050783668  -0.3832062375  -0.4386389341  -0.3307990706   1.6709711483   0.0985584003   1.6869213727   0.9784776369   0.2471020614  -0.0683842394  -0.3695437782   0.1592337467  -1.7674982293  -0.1402298950  -1.5320852598  -0.2148375571  -0.3631971364   0.2721448312  -0.1830310434   0.4323666971  -0.1898218942   0.8974379799   1.7199173527  -0.6083964243   0.4978455246  -0.4395629901  -1.4372425247   1.1466321350  -0.0584333762   0.4123131353   1.6240739168  -0.6854985825   0.2105753351  -0.8484115144   0.0454776759  -0.6025025840
 0.4263483341  -0.5724006237  -0.0121622826  -0.6710549395  -0.8684118321  -1.2878039888   0.4995947408  -0.7370862083   1.9735236840  -0.7809963998   0.2100027915  -0.2262189683   0.3431274324   0.8973942838  -0.1504750322   1.7522491202   0.3742251385  -0.1343400827   0.0303896973   1.1701178606   0.4713158223  -0.7469494575   0.4015801128   1.7110006823  -0.9504990157  -0.5036763581  -1.2190911094  -2.1017246878  -1.0598816497   0.1886702033   0.1028491816  -0.2432318893  -0.4999886221  -0.8894572509   0.1764754374   0.4487461297  -0.8199168184   0.8322114502   0.0715322585   0.0879399251
 1.5197984776  -1.9504697807   0.0447863839   0.1693753539  -0.8890543012   0.3321961846  -0.6922818022  -2.2587462711   1.8894795206  -0.3137365511  -0.5205413882   1.9263782032   1.2572228654  -0.1576267425  -0.4879221036   0.0098459740   0.2028956616   1.2192232638   1.1675555042   1.8426127744   1.1389444379  -0.7131121502  -0.0740345210   0.1669945154   0.4325003191   1.7937958770  -0.1302638685  -0.4451164965   0.6710416551   0.7450079917  -1.1437568749   0.7287659586  -1.3038667086  -0.5950565206  -1.3157757050   1.2099394069  -1.1213435793   0.1219304796  -1.2475147005   0.6935041044
 0.1005498557   0.9602086416  -0.5962460197   0.2701863774   0.6023045108   0.3979012724   0.9943729696  -0.0936679177  -0.9335812575   1.3620323091  -0.2216649914  -0.1397485418  -0.9065566508  -0.4927543565   0.5500231081   0.3563602878   1.2582777136  -1.4684520234  -1.0484169409  -0.5722864695   0.8778473528   0.4209181033   0.2567540140  -0.4629396384  -1.0812423222   2.0197318584   1.6324559891   1.5040094846   0.0448138794  -1.9193915887  -1.0200895187  -1.9442026726  -0.2772608565   0.1305228025  -0.6964604474   1.0478627965  -1.0788902875   0.9401755847   1.1288886409   0.0960058494
 0.2356564933   0.7459626070  -1.8232305278  -0.9177871001  -0.1211978498  -0.8653205934   1.3022061272   1.0837804413   0.6522552462   1.3824217838  -0.1150781504  -0.3585670467  -0.1906638950  -0.9583267250   0.2699982624  -0.7123782669   1.1578722094   2.3421346322   2.9601068105  -0.9154635122   0.0192545025   0.5133784161   0.4229816874   0.1828499758  -0.3220145379   0.0328403493   1.1503057964  -0.1606389234  -0.4968618642  -0.4001885682   0.1620144178   2.8556759964   0.2518540309   0.4110438103   1.8307573290   0.5203610030   0.9414242538  -1.5295266263   0.4575171723   0.5109265837
-0.7939765450   0.2291918978  -1.8263741986  -0.5083663145   0.5997253335  -0.8709598022  -0.3296980518  -0.7372750048   1.7183959642   0.5226253489   0.1909183256   0.9307771943  -0.0157999115   1.2955182148  -0.6596465285  -0.5769173132   0.2179973383  -1.1088916371   0.1084669508   1.7406378341  -1.3308144041  -1.3044754630  -0.6940869965  -0.5202269557  -0.0511569802  -1.6086834783  -0.6364148546   0.2114610695   0.3846919338   0.6513173739  -3.0145067423   1.0698634573   1.2938048017   0.9005198021   0.1932915829  -0.4311671137   0.2497558754  -1.0959441372  -1.6433783138  -0.7738718324
 0.9068208947  -0.8316299710   0.1395233435  -0.0664808136   0.4967729743  -0.1331611651  -0.6605939904   0.8694094042   2.5888996088   0.3405948701   1.1488989498   1.1675497619  -1.9940874362  -0.2938867100  -1.3956397151   0.7443010802  -1.4398615656   0.1414607691   0.2915959459  -0.6574351556   0.0647626076   0.2185198080   0.7691250998   0.2212965664  -1.7573864784   0.1669014595   0.1622100241  -0.7064125627  -1.8949356443   0.6486099775  -0.9788955484  -2.4726339666  -0.3496230442   0.3088677371   0.0415786126  -0.0104034547  -1.2859599411   0.3353008312   0.9780757006   0.0116644435
 0.0995034853   0.6716229566  -0.1929501824   0.5084848950   0.8725621378   0.3314122651   0.4861950977  -0.4050306165  -1.5950779834  -1.3930900951   1.8843518841  -0.9908485634   0.9896039453  -0.7735261914  -0.0252309024  -0.0765931641  -0.4937161914  -0.8118909131  -0.8602294571   0.7959289593  -2.0768524335  -1.9134765259  -1.1517773973  -0.8979272600   0.6727756384   1.4967053574  -1.3042637009   0.5734068627   0.1495409947   0.8531444378   0.1537535289  -0.3776291366  -1.0291314675   0.7137127177   3.1068804874   1.5468550797  -0.4186040596  -1.7677079966  -0.9157844664  -0.5896459908
 0.4156852600   0.4141557933  -0.6218314250   0.7571806623  -2.9065802366   0.5234902962  -0.4526823848  -0.1317174728   1.3055179054   0.4866201039  -0.5999973234  -0.7497399736   0.4908277521  -2.2279238528   0.4608918229   0.7778890600   0.0599725904  -0.4042835732  -0.5784075264  -1.1199760813   0.9553589840  -1.8754302419   0.9380771308   0.8656364476   0.4915398466   1.6479255156   1.3724394223  -0.2558307634  -0.3080224886  -0.2886336196  -0.1105927987  -0.4508633571  -0.4938549428   1.8156774745  -0.8564178200   0.0176036755  -0.6173483003  -1.5146030254  -1.4266166159  -0.3058518422
 0.2285612808   1.7765894896   0.5003175037   1.5190903857   0.3832209242   1.2229236970   0.9396154615  -0.7368177559  -1.7409701623  -1.2454329188  -0.2638230041   1.6262083280   1.1818607081  -0.2996027881  -0.0138079906   1.0700701696   0.7825992376  -0.3787204992  -0.4550230309   0.6452670295  -0.1586002121  -2.6372516853  -0.0380793701  -1.2984990469  -1.0565725564   1.7655308374   0.7968760554  -0.1097225787   1.6376995080  -1.7041481293   1.4998596052  -0.1941012583   1.1799258546   0.7513310863   0.2632101011  -0.5130418067   0.7685019066   0.4330378114  -0.9862404412   1.1363280801
-0.9761808965  -0.1862686273  -0.5966443608   0.8126350786  -0.5285828743   0.8035833296  -1.8575980522   1.2217710479  -2.8030843431  -2.8414956635   0.7818713790  -0.1224065800   1.8421761505   0.4024485608  -1.5955277272   0.7510697013   0.5581336055  -0.2995959562   0.4342008730  -1.8117553518   1.7555141122  -1.4000440217  -2.2805208851   1.2545617381   1.5869249779   0.3911585634   1.1518865700  -2.7410234021   0.5610601006   1.2242562982  -1.6572225560   0.8300175325   1.7399812908  -0.4719104365  -0.0637327895  -0.9747787622  -0.3385583624   0.3007214528  -0.9194506850  -0.6377963637
-1.8826442776  -0.4272087772   1.3430088978  -2.2516430695  -0.6852398722  -1.5619008925   0.3650135078  -0.1179181499  -0.0853605908  -0.3503042542   0.5382199776   2.1004751769  -2.0770318643   1.1769198884   0.9778195824  -1.4807690513  -0.2763802180   0.4404295105  -0.3824209598  -0.7804061496  -0.9780068476  -0.0681509872  -0.3332066544   1.3967280826   0.4055826084  -0.4023364573   0.0819344266   0.2402464412  -1.3787133279  -0.5948782837  -2.4368081928   0.0211776232   1.8081320682  -1.1029621539  -1.1946268609  -0.9198870327  -1.3313371415  -2.0791807895   0.3828637193   0.7440496104
 0.6093252782   0.0797254346   1.1033409589  -1.5233161850  -0.0209984381  -0.0116347574   0.7870212711  -1.8157865545   0.0275696143   0.7932140751   1.2001475620  -0.6503914969   0.7489637950   0.2983077074  -0.9465757557  -1.7192742950  -2.4053860258   0.6628737747  -0.4686645497  -0.8177028729  -1.0928956462   2.0715044935  -1.1029043121  -0.5078800600  -1.5036746743  -1.6414484020   0.7363037115  -0.1348111765  -0.7462919479  -0.4837032284   0.0166378494  -1.7664001714  -0.7721380402   0.5554386829   0.4933993924  -0.1658494005   0.9455485181   2.1259324215  -0.7616416827   0.0475539017
-1.9455308179  -1.4014050897  -0.3263122016  -1.8392670093  -1.2775098597   0.8123191829   1.7335276071   0.6454847066  -1.6114989183  -0.7042475697   0.0655199535   1.1490013798  -0.3515957533  -0.5805595765   1.2026001646  -1.6961041530   2.3046089716  -0.4808889914  -0.4844966522  -1.2822118591   1.2886212470   1.0680994811   0.3569281829   1.3052261463  -2.0884115647  -0.2683730046  -0.5365660596   0.7516002253   1.4554627302  -0.9655020153   0.1457809740  -0.7810147529   0.0580061101   0.0282452214  -0.1075303409  -0.3201029179   0.7766330422   0.2348897634  -0.5388334500  -0.1478412429
s2
 2.1653606194
 0.9021487656
 0.3170930965
-0.6923633115
-1.6696129262
 0.1115481499
 1.3010108696
 0.0371153114
 0.8950565103
 0.7934852052
-0.7256157194
-0.3404424388
 0.5589718093
 1.0456396170
 0.6665334784
 0.4414341931
-0.7447330911
 0.2158449874
 0.6204432636
-1.3950290126
-1.9957809761
-0.2508519834
 0.7529201144
-1.7943053329
 2.4359738837
-0.0900677722
-1.0826291558
 0.2570568757
-1.0249864665
 0.6510576996
-0.4943577805
 0.5666125567
-0.6404076114
-0.0810371465
 1.4494841921
 1.0525435138
 0.6326882397
 0.6344320959
-0.0006020292
-0.3460095220
w3
 1.8569923998   1.0570275680  -0.4586378720   0.2238699852  -1.0710859589   0.0428521511   1.0630582940  -0.6116943443  -1.3446306424  -2.1374320621  -1.5798816355   0.0480573500  -0.4913906053   0.3866241915   2.2079840208  -0.0356684113  -0.1067845144  -0.0049757237   1.1959060039  -0.0407166459  -0.0415407450  -0.7144929909   0.1338782904  -0.9982157009   1.5986772360   1.2160227852   0.0552744004   0.0211338132   1.1083368685  -0.3709283085  -0.8361190350  -0.3124355347   0.8862024838  -0.5996271367  -0.9687311090   0.3545958045   0.3738604018  -1.5149131040   2.0595227538  -0.5253857321
-1.6211870955   1.4515247642  -0.3543556893  -0.6136085316   0.2258193840   0.6196535682  -1.7047623790   0.1270748182  -1.3704561713   0.0367675237   0.9125844748  -0.9689467198   1.8049169008   2.0622437435   0.5179598812  -1.0750328379   0.2111707478   0.6820184309  -0.5787277736   0.4592445633  -0.0083591544  -0.8940024496   0.1092080520   0.8937841887   0.1971376219   2.3020752838   0.8972312967   0.6259398174  -0.0653647618  -0.0226267415  -0.0635621663  -1.4210381194   0.2315481177  -1.0635929663  -1.4087672037  -1.6130499201  -1.9862821245   0.9397747055  -0.6651345479   0.6470394815
 1.0560613008   0.5907673938  -0.5913368585   0.2778900637  -0.2676421124   0.2361077028  -0.8090881388  -3.0103230797   0.3467138689  -0.2952680054  -0.1272411339  -0.1196261271   0.5618124877  -2.3108444824   0.5084462724   0.9578817710   0.9049696346  -1.4172536737   1.2664505275  -0.4897676279   1.3240776640   0.5473024959  -1.1335371187   0.3641785983   1.7453680057  -0.0671573525   0.9071420295  -0.0879440889  -0.0242724931  -2.3221371730  -1.0203912000  -0.3274815541  -0.7906453614   0.4824832688  -0.9430724763  -1.3590301390   1.0594187671   0.3181818808  -0.9777157305   1.4685681921
-0.7932020513  -0.8524623259   0.4094735267   0.5128309145   0.0062528314  -1.2978171198   0.7064589774  -0.8384721168   0.6212877446  -0.0396288849  -0.4788064131   0.5914689502   2.0488360149  -1.3172123369  -1.1314248367   1.0891595019  -1.2451056403   0.3765480272   0.0222019965  -0.3790034770  -2.1136097779  -0.7827885008   1.5064243394   1.0235936439   0.4134785485   0.8243711028   0.5845074276   0.4878673793   0.3046048824   1.0186791195  -0.2735841311  -0.0074168491  -0.3053495399   0.9002962402  -0.7729855974  -1.6065542721  -0.2649715479   0.9848571454  -0.2694105464  -2.2144551881
-0.7145389266   0.6020195910   0.3403100973  -0.5035095646  -1.0656942759   0.1695018335  -1.2690216987   0.0480215617   0.1697103005   0.9986663798  -1.0822686404   0.7618775980   1.6536538432  -0.0183778774   0.2020339914   0.0363309986  -1.3396412612  -1.2603384833  -1.2260327970  -1.1524725570  -1.2253681383  -2.7621050124   0.1550719237  -1.3318427642  -0.7262674531  -0.1473335873   2.3502566329   0.6111555311  -1.3420431993  -2.4122320700   0.1324680197  -0.5018480595   0.0161600343  -0.8437925807  -0.6418098443  -2.8844319054  -0.5084946436  -0.2682701523   0.4736696579  -1.4257561797
 0.8002258038  -0.8377331202  -0.1324908397   2.9268797548  -0.7235218009  -1.1623861475  -0.5373510270   0.8570550687  -0.2754595269  -1.5596884456   1.3574346525   0.4279874578  -0.2890150057   0.7611950041  -0.3217818581   0.4844631093   0.2029572782   2.1784773547  -0.7053984440  -0.5191054446  -0.3316172745  -0.9065790637  -1.2611953590  -0.2695335063  -1.3805500284  -0.9796027054  -1.0485122950  -2.7447122286   0.1578856952   0.7606243136   1.0375790155   0.5588059573  -0.9385047646  -0.0844403304   1.6837629707   0.6540184108  -0.6132848106   2.1395257227   0.0684599704   0.9541296329
 1.2075884213  -0.1605155931  -1.3222320290  -1.3004869372  -1.3160990506  -0.5622335587   0.9103529044  -0.8693409669  -0.2337417931   0.6488972339  -0.9468277487  -2.1238563296  -2.1409897215   2.5157347748  -0.2665325978  -0.3259780554  -0.3596541341  -1.1400336588  -0.5331432484   0.5172452238  -0.3860800478   0.3032604984   0.8099903690   1.2288309542   1.0584446734  -0.8382397125   0.8984944803   1.1032300725   2.6435837287   1.9940651937   2.5537671320  -1.4388800387  -1.1561624326  -1.2514028004  -0.1559118398   1.5121626409  -0.4612073429   0.3168806128  -1.5374626447  -2.0387738408
 2.5539685116  -1.4602501894  -0.8714168173  -0.1019483466   1.2487115763  -0.5730990220  -1.0187464728  -1.2668494330   0.3467827779  -2.7706045296   1.8513488712  -2.5045846715  -0.7673111967  -1.6999736718  -1.0365205991  -0.8344507258  -0.4435474826  -1.4692242220   0.2196062130   0.5614555790   0.3851487471  -0.6914998684   0.8537659445   1.2623372503   0.3592793934  -1.2613452231   1.3569241059  -0.9678773125   0.5118311718   2.0721674000   0.5149369205   1.4266260005  -0.4340230170  -0.0835954312  -0.1857442584  -0.3447017955  -1.8157114675   0.8971295601  -1.3260017992   0.3098639034
 0.3096583850  -0.0628662459  -0.4610669671  -0.2622128777  -0.7773341966  -0.4758837864  -1.3207286299  -0.3890213892  -1.3313411271   1.0485987452  -0.2054145218  -0.2599772347  -0.3731762560  -0.6625244556  -0.9332445129   1.7817976820   0.7013650832   0.4748046114  -0.5046008879   2.4122526405  -1.0937034085  -0.6519646074  -0.8839454003  -0.4228901729  -0.6589465087   0.8759662996   0.0476171005  -0.1741718718  -0.9621266698  -0.3137184888  -0.5441785239  -0.9194542748   0.3394412034  -0.1859921670   0.8107477837  -0.0691754939   2.9265481477   0.6189988590  -0.0974697542  -0.5588204918
 0.4008458620  -0.8373903293  -1.6761134227   0.0383023410  -0.4356320303   0.3429208983  -1.2902435157  -1.4024666278   0.4408961436  -0.1970220473   0.8481938865  -2.0009798352   0.6179170477  -0.6340594715  -0.2909630897  -0.3201468867   0.2967295337  -0.5603980057  -0.6694899519  -1.6987804459  -0.5384685218   1.0109210815  -0.4688634292  -0.4086533916   0.3226823747   0.5086657080  -0.6658216728  -0.3825295707  -1.1803568925   0.0390170180  -0.8847341810  -0.0142161065  -0.5355136536   0.3182624341   0.7680900959   0.0382587133  -2.0296331708   0.0680765894  -1.2624775431  -0.3759585058
-1.9952999416   0.3915415298   1.3677101711   1.4743058581   0.8627944509  -1.7680307029   0.3708983774  -0.9872972074  -0.5355331093   0.9084521587   0.8749867871   0.0289381746  -0.2639694015  -2.1537530104  -0.3521874605   1.1585448740  -0.5187704763   0.9599286514  -0.0153869692  -0.4312564382   0.9908002623  -0.5135939105  -0.3709535791  -2.2909336598   1.3326758083  -0.5562114423   0.5014973079  -0.2076286983  -2.2797495765   1.2229637648   0.5226958283  -0.4545298678  -1.2448181484  -0.2884286381   1.9266681937  -1.3729110043   0.1147769718   0.6505160268   0.3180179445   0.2138376506
 0.3946812042  -0.4309631982  -0.8499090790   0.3295919755  -1.0189241646  -1.1795061566  -0.2020175736   0.9803082548   1.0463804646  -0.3334751074  -0.9179709101  -0.2933881422  -1.1372522257  -0.5640894378  -0.6496489071   0.4004436879   1.2360706946  -1.0250803192  -2.1376922700   0.4740742911  -1.1339421247  -0.7346112848  -0.6583794337   0.9545709979   0.4448398486   0.9164841609   0.3345106028  -0.5618163709   0.7372602131   1.1619153056   0.0185010820   1.6329805482   1.3526833461   0.0067486460   0.8710560267  -2.2807289326   0.6805341335  -0.1042583131   0.7680699274  -0.0645239970
-0.1999980436  -1.2244360663   0.4714579580   1.2797245525  -0.7784142426  -1.8956031925  -0.5015168731   0.4622738947  -0.0788945520   1.4764629452  -0.0485226725  -0.2042363030  -0.4041479132   0.3649786446   0.6468373404   1.2083612200   0.6815118445   0.8829042480  -0.8760686311   0.3096358768   0.4595390859  -0.6654640629   0.3393725507  -1.2480641047  -1.2364313807   0.3431149656   0.4321850760   0.4870380208  -0.2996289249   0.6473272419   1.7997909824   2.0953203977  -0.4481683200  -2.9596203223   0.1354245727   1.6325721080   1.0006537130   0.5553465220   0.2082457605  -0.1361488624
 0.9399854615  -0.2586680764   0.1951554852   0.0096063289  -1.1003862006   2.0204831496  -1.1934575230   0.1004644174  -1.4679519040  -1.2039153036  -0.2140012971   1.1488984596  -1.1230046606   1.0137590404   0.7243108845  -1.0314215326  -0.2627093733   0.7296633889   1.3804367810  -0.0446937719   0.2777108693   1.4132602551   1.0181969858   1.2329327654   0.5911713235  -2.3011854881  -1.2649529758   1.5136240407  -1.0909324416  -0.3270834781   1.6277728023   0.7791270677  -0.2489160573  -0.5398541445   0.2653032734  -2.9282059665   0.7603323793   0.0561401900   1.0615128516   0.6440247676
-0.3834676565  -1.6451133089  -1.9300895810   0.9074593742  -0.0807833339   0.0556202864  -0.0780397550  -0.6121279106   0.7811059147   0.9732429296  -0.2069868293  -0.9055693020   0.2731504817   2.0557562551  -0.8951192962   0.4663213272  -1.7651307639  -1.5243489305  -1.1019214345   1.5967115758  -0.1400918919  -0.6727803262   0.6724127480   0.3641384837   0.1042685894   0.8582827226   1.0339068643  -0.0070067245   0.8659709466  -1.4278151216  -1.7064532599  -0.6756819785   0.6717277737  -2.2733573811  -0.3495456734  -0.8285918344   0.0853336406   1.1895817304   0.1466105410  -0.1939834790
-0.7685579484  -0.7768284878   3.3483887739  -2.2925629643   0.4790173002  -0.2660197341   1.0676406440   0.0594382468   2.5619861412  -0.9100458266  -1.1912804235  -0.2781256080   0.4837201670   0.1720627262  -0.1615220322   0.4777260288  -1.2734055310   0.6245287745  -1.6023546914   0.3272639508   0.0303513143   0.3426170452  -1.1350426218   2.5135420755  -1.3839367107   0.0695116545   0.2150961919  -1.0145824828  -0.4905276973  -0.3650130981   1.1185003033  -2.0139792164   2.2770081595  -0.4624081831   0.4008954811   0.8226548608  -0.2348193101   0.2038015518   1.3749766218  -0.7701765512
-2.4340824149   0.3736533924  -0.1733487080  -1.2022097390   0.0559757739  -0.5152593598  -0.2898662081   0.2400608693   1.9790444007   1.7736562926   0.2346536658   1.9026745195  -1.4125904284   0.7605331706   0.8008614344   0.4150522319   0.0615358240   1.9370336992   0.3983615438  -0.4943874000  -1.2195839521   0.3508185886   0.4928627864   1.4616974206  -0.0978458156   0.0762224334  -0.2175451608   0.4467306192   1.0031098007   1.2273006181  -0.8149849329  -0.4842975359  -1.4839695929   0.6837860972  -0.5202945014  -0.4022674871  -0.7994563103   0.2244822026  -0.5080554663  -0.6914669855
-0.5070870188  -1.5144990788   0.2478299044   0.0390358592   1.0493847823  -0.7739050989  -1.1936453622  -1.1386724339  -0.2161906264   0.0792056436  -0.0741981584   1.0703545227   0.7143390837  -0.3508473740   1.6908625783   1.2190813039  -0.4064225566  -0.9424707365  -0.9436498170   0.1427998329   0.8086117064  -0.7138780258   0.2751189532   0.6997729017   0.1819422517   0.0057381150   0.1496612748   0.0940469154   0.3794577698   0.6416487534  -1.6148921776   0.1185666860   0.1281134822  -0.6785722727   0.6505992164   0.8823724216  -0.7202360558  -1.2149281651   1.0670857784   0.0320635803
-2.8478006512  -0.2229938986   0.8543258059   0.9160884178  -0.8460330076   0.8821709495  -0.5693675418  -0.0264754003   1.4677278229  -1.5837266026   1.0326689656   1.0623372078   1.0907171744   0.7728057063  -1.4240012623  -0.8146349671  -0.4872951352   0.0708973259   1.4856158002   0.6257891804   1.2369284530  -0.0394036710   0.1918149563   0.3352104225  -0.9226329604   0.7057307261  -1.5378742091   0.1947905153   0.2452422254  -0.2675225557   0.6525968125   0.0442715717   1.9745075126   1.3777771050   0.0778094152  -0.6109781820  -0.1729858548   0.2993052303   0.5560120595  -1.3328549998
-0.2441751152   1.7618907383  -0.8402877060  -0.2969002089  -0.4218191967   0.4137957941   0.6548298812   0.2778039639  -0.7167444762   0.8448278827   0.8238597949  -1.4011937765  -2.1136395404   0.3633292504   0.1328255970  -0.3018565325  -0.5198626592  -0.3687199546  -0.4784906259   0.6520390720   0.4710371623   0.3179200609   0.2388387956  -0.0858304204   1.0197987339  -0.1405784640  -1.5372667396  -0.2222288209  -0.1962946423   0.0578132573  -0.3260578981  -0.1088972314   0.8894601305   1.8678654968   1.4933708738  -0.6388139662  -0.1291313039   0.5083320286   0.2473141937   0.8920543340
 2.6197366080  -0.4022137018   0.7047034077   0.4484608446  -0.5872783845   0.9996526638   0.5671776772   2.8856232112  -1.4360970321  -1.0728315970   0.6738175280   0.7626098412  -2.0487443814   0.9062355676   0.1019583696   1.6606733727  -0.2802279804   1.2430520704  -2.9028277625   0.0762963931   0.8614977043  -1.1203430915  -1.8838401837   0.2978749858  -0.9514563570  -0.9295175558   0.2229227656   0.3962271334   1.0185784481   1.3470355422  -0.3097771160  -0.2821334034  -0.6950324946   0.1057631290  -0.5398561941   0.5462487228  -0.9747439123   0.1051709735  -0.9594762940   0.2516825355
 0.5545658559  -0.2399938498  -1.3996416053   0.5626986431  -0.5939462135  -0.3155058613   0.3976539470  -0.0473424602   1.3429154258  -0.7056487899   1.8860189849   1.4331475821   0.1575253571  -1.5014437474  -2.0659805414  -0.2346028110  -1.3371175554   1.4871473859   0.1427173865   0.8919541629  -0.7248285665   0.2887116497   0.3489568526  -0.6270592479   0.1083005655   1.0012395671  -0.2640244868  -0.5178559806  -0.6307836956  -0.9193844261   0.6644093206   1.8465823389   0.1840517347   1.8193081148   0.7368612636   0.3185141746  -1.3866022599  -0.3198398316   0.9425581004   0.8410400945
-0.7308095105   0.6413900445  -0.2739942486  -0.1544474664   1.7646112612   1.4244905511  -0.6073962108  -0.6088898288  -1.0569173542  -0.6100872967  -0.0312473241  -0.3485357008  -2.4163851602  -0.3718639742  -0.7084459237   0.6432628539   0.0228316280   0.4144881757   1.5479925706  -0.1975997467  -0.4458100351   0.0827013744   0.0199712319   0.7249680334   0.6261150255  -0.1257798612   1.3271397074  -1.5007018467  -1.9078455589   0.3110734629   0.4419772860   1.0200092434   0.2051379250   0.7548425153  -0.9199463806  -1.6723431648   1.1452347346   0.0072214598  -0.4499487122  -1.9391274346
 0.6196614142  -0.9129076931  -0.1799832355   0.6309404595  -1.0379261355  -1.1914437364  -0.2951691011  -0.1703764885  -0.6470151941   0.1518775649  -0.5345767794   0.0453781784   0.8104275730  -0.9070175896   0.9506635065  -0.8060463864   0.9949578132   0.2518989878  -0.7482335221  -1.5399647336   0.8007374809  -1.3354675296  -1.0413616895  -0.1333512461   0.1994800184   0.9685354945   2.3089433059   0.9563265707  -1.7344603327  -1.1337276160  -1.4351805792   2.0246914838  -0.1035272549   0.5120404873   0.8581944995   0.7553095948   1.6363058663  -0.9335102307   0.0759922257  -0.4102310252
 0.7527126803  -0.1953040370  -1.0787321373   0.8388854475   0.4185662102   0.2078650779  -0.5528170215   0.2286734266  -0.4733953694  -0.8457821777   1.0378761070  -0.5769259633   1.1841086615  -0.7888304345  -0.5697614700   0.9165032756  -0.2710084447   1.4606081346   1.1179652092  -0.5809663834   0.4985794752   0.5878869637  -0.9832267903   1.2460215277  -0.8357223428   0.8802093544  -0.0353860746  -0.7718497992   0.6425894795   0.0261520045   0.4603682157  -0.4625222832   0.2382749511   1.1736638162   0.9623707328   0.7047028418   0.8106588231  -1.2749594649  -0.8657290137   0.1034253183
 0.8223109569  -1.7011079005  -1.4195527098   0.7464083336  -0.5501913351   0.3993856234  -0.0308582355  -0.5803747273   0.6080906312   0.3032175097  -0.0492124912   0.5829490994   0.2152330864   2.7955365146   1.3164884981  -1.2030030181  -0.2241826504   1.5472023063   0.4362753381  -0.7416034525  -1.0012625273   0.0469988622  -0.0681616656   0.1930819669   0.8830997293   0.2184201775   0.8531478717  -1.4654461408  -0.0729941988   0.1742524825  -0.3075015104   0.3346227068   0.2784473846   0.3350368842  -1.4531395327  -1.0011388375  -1.4802284858  -0.1236355557  -0.5051896929  -0.3105596555
-1.7542028717  -0.3024083869   0.5484322492  -0.5991714139   1.6914331793   0.0785929124  -0.9529619265  -0.9387000762  -0.4619189125  -0.4897953554  -0.8036100349   1.4982620586   0.8131315763  -0.4301995977   0.3049850650  -1.8309269332   0.2845766915  -1.3546517394   2.1006850660   0.1589507577   0.0433139682  -1.9433326595   0.0251951330  -0.1700039368   1.3525305611   0.6374089027  -1.3891752049  -0.2379014101  -0.8487216443   0.1200415067   0.0560314112  -0.1042129783   0.1866490566   1.1741684790  -0.1267547163   0.2179545893   1.0930736102  -0.1397358558   0.5304591316   1.1488365432
-0.4355332291  -0.3434531000   0.9942198382   0.4753058693  -0.9416421631  -1.6597652069  -0.5148166699  -0.7221183981   0.5141729766  -0.9682815811  -0.1782324926  -0.5637620243   0.3180660410  -1.0892018845  -1.2051947896  -0.0346794119  -0.7782355363   1.4628202981   0.0202314462   0.9886425330  -0.0956233983   0.8002780519  -0.1361045756   0.0306055151  -0.1855598718   1.2453531994   0.3139906035  -2.4225919288   1.0557993365  -0.3375807838  -1.5008885571  -0.5698443632   1.5623055541  -0.5340315127   0.7766210001  -1.4492119844   1.9885769229   1.3749289784   0.0900019066  -1.4483208114
-0.2647798909   1.2791642275   1.1626582504  -1.5520986194   0.3265582947   1.0778450848  -0.7813684122  -0.9519856646  -0.8243286592   0.2406850225  -0.0941032467   0.0889599207  -0.2090588286   0.3335661617  -0.1378812129  -0.3194616674  -1.3609034604   0.4567401765   0.6359159207   1.9200269117  -0.6205159687   0.0481188589  -0.1172320499   0.7957574809  -0.0540204838  -0.7208282873  -0.6619334157  -0.4077643767   0.7272013918  -1.1368411641   0.0621394751  -1.4928006340   1.6007821456   0.4259160565   0.0648295530   0.3367015575  -1.0449736829   0.0856296573  -0.3139734577   1.6044957347
-2.3735281271   0.4433022154  -0.9776382888   0.5663005122  -0.8256054189   0.1108893015  -0.9514646121  -0.1324028058   0.4263446287  -1.0486481077   0.9538245364  -0.3819718352   1.0322542889   0.4116931803  -0.3345858365   2.0096776230  -1.5056458242  -1.9440027662   0.0266103055  -0.6860573682  -1.0801797346  -1.0758771128  -1.0198484714   0.6870484943   0.3976870086  -0.7498358342  -0.7563219335   0.4187559036   0.3358760698  -1.0915007261   1.2498680690  -0.7894280195  -0.2538892095  -0.7191699583  -1.1573764665   0.4769506625   1.1195106156  -0.1417893699  -0.0595324005   0.1492741775
-1.9069689973   0.8884426367   1.0607638250   1.1781671637  -0.7798534486  -0.7343674961   0.7056938982   0.7896831510   0.4933394439  -0.1165600051  -1.9607775171   0.8860015641  -1.4581052953  -1.1786698660  -0.1142798853   2.0049663828  -0.4595448017  -0.8513951434  -0.1739628899   0.0901353739  -1.9967553075  -0.3959338745   0.6988641059  -0.2943779347  -0.2250429787  -1.3289992069   0.0936953557   1.2372406417   2.0490169353  -0.6030484924   0.6104196628  -1.3499687331   0.0460129573  -1.4990859723  -2.2640419713   0.0289046243  -1.0495106552   0.2965508627  -1.8979794910  -0.5645118724
 0.6841958670  -1.3840441341   0.2586485743   0.4427600062   1.2391472088   1.6621485820  -0.1172428821  -0.9080231086   0.7391269024  -0.2985516640   0.7098853151  -0.3253794806  -1.0134014311  -1.2299379418   0.5492986933   2.6223599307   0.0553297957   1.0083571761   0.1299522197  -1.0820356758  -0.4093581804  -1.2713152731  -1.3108742559   1.0170195976   0.0787208117  -1.6142434143   0.4826672289   0.4389772078  -1.0323319643   1.8062196997  -0.5530130031   0.3339713601  -1.4442094789   0.6326141958   0.5781696335   0.0285269997   0.8589053802  -0.0243224662  -1.4113749275   0.4051445484
-0.8135857202   0.4853798773  -0.0832572044   0.7498164941  -0.7338549530   1.0476393640  -0.0688411290   0.4743521949  -0.0181466830   0.3767211308   0.1065602620  -1.1708440005  -0.5570106333   1.3255464074  -1.0614651007   0.3999781585  -0.2158454742   0.4644105493  -0.3898631520   1.4624556772  -0.7455233816  -0.2416602865   0.3927831194  -0.7514140404  -0.7215102509  -0.1677054979  -1.2739182878  -0.0004778126  -0.1076119763  -1.0797205292   0.8804682207   0.1807742801  -0.6182340992   0.3809364720  -2.2152032278   0.5741777132   0.8586265851   0.9335549843  -0.2967572347   1.5645350585
 0.2256579670   0.3553525220  -0.2722623540  -0.4976006718   0.2489059808   0.3238631283  -0.6042554712   0.1556786026  -0.2190479646   0.1394572798  -1.2979597890  -2.0093135203   0.0141429957   0.2409521274   1.5083393231   1.3853256873  -1.3470474382  -0.3491184831  -0.4930064931   0.4338317891  -0.4105297426   2.4671245175   0.3741441059   0.0849620457  -2.1802624511  -1.1968697802  -0.4271177457  -1.0875973450   0.1393563291  -1.3341359094  -0.7836839184  -0.2766457701   0.6128755283   0.0775710744   0.5512252562  -2.1589163786  -0.8369259770   0.8598752114   1.2416884203  -0.9055742819
-0.4884416763   0.5054415519   0.0031862969  -2.4525050051  -0.6317395346   2.4193862073   0.0676645909  -0.8222084025  -0.1556336919  -0.0781906252  -1.3156421485   0.6700503637   0.1117601959  -0.3842567105  -0.0897505913  -0.0587498632   1.8783342313   1.0961709836  -0.0570972117  -1.7170422278  -0.4831567139  -0.5230673075   1.0474276287  -0.6504488501   0.2853300934  -1.0343165714   0.1523421234   0.4711163309   0.7963027500   0.2502420278  -0.9242651885  -1.4763742291   1.3143386553   0.6646398711   0.6142408164   1.5839542816  -0.1661156995   0.7185514036   1.3649582321   1.8510003615
-1.0472205117  -1.5329655406  -1.2400874755   1.1074195899  -0.8022612097   0.4581975004   0.3588762050  -0.2998042817  -0.4605785872  -1.9875557572   1.1023224155  -0.9965856810   0.5378496956   1.0797642487  -0.9384519208   0.7704261721  -0.3672668285  -1.5047750125  -0.2380778911   0.6587278026   0.5775958617   0.1572549451  -0.3912071960  -0.3553827689  -1.4483653283   1.9802090709   1.7073901060   0.3749840844   0.7439109241  -1.7644934111  -1.4211654839  -0.6783640126   0.4702833143  -1.5085878968  -0.4874749594   1.7586656088  -0.0858238740   0.7567775586   1.3992056931  -1.8360285039
-1.7669671312   0.3649658241  -0.6666159077  -0.8273442085  -0.3192666835  -1.4581959809  -1.7921958169   0.3879035240  -0.0910676056  -0.8873296750  -0.4552255119   0.0943914917   0.4684505032   0.8203570722  -1.9531797847  -1.9687038246  -1.9251554134   0.1717448432   0.1330582478  -0.0575543112   0.3756842727   1.0083579508   0.5159350946  -0.2716059860   1.1039986878   0.1480860606   0.1765970342  -0.3384816775  -1.1877735812  -1.1452775790  -1.3277136728   1.6975968185   0.8487653152  -1.1610114435  -0.1264913526   1.2141208829   1.3553130679  -2.3841529103   1.4532864839   0.7841720583
-0.7135142783   0.5554121823   2.2951066494   0.7342523923  -0.2798834988   0.1104954204  -0.5715000656   0.5149308823  -0.5357553430  -0.7865250602   2.0040596347  -0.6740415423  -0.3025683845   0.1565973096  -0.4976895777   0.9084114056  -0.6255903830  -1.2964442941   1.2105343649  -0.7708687592  -1.0226787006   0.0324017770   0.1222507591   0.0073093857  -1.0754811999   1.4137420665   1.4121990906   0.4324212373  -1.0687097412  -0.6184167718   1.0938597161  -0.9901466967  -0.8847965790   0.3106448430  -0.0392666674  -1.9162853964  -0.6177983892  -1.3793185808   1.2828546682   1.2454294348
 1.2655787644  -0.0181584578  -0.4444384528  -0.5711132063  -0.7898875633  -0.9057205189  -0.5051381185  -1.1090531557   0.8267854121  -0.8021451072  -1.8392038414   0.4287227559  -0.7711495647   0.2997384050  -1.0269450577  -1.5439809714  -0.0303687189  -0.2344564416  -1.7498489777   0.4871791432   0.8553104260   0.8758426673   1.8872494133   0.4186334804  -0.4744215898   0.5520868311  -0.6795416855   0.8991933887  -1.0360718519   1.2159825389  -0.1631573665  -1.4998865396  -1.1563842527  -0.9207208020  -0.0958040155   0.1889852692  -0.9005288432   1.2728471065   1.8955912322  -1.2077505430
 0.2317790068   1.0873145027  -0.4162450156   0.5919549556  -1.1422993021   0.0040710363  -0.2768340396  -0.1602831813   0.1007719879  -0.2907022387  -0.2512227527   0.3360312283  -0.0573063055   1.5888378827  -0.8511676286  -0.2006541301  -0.9482640773   0.3729775297   0.1331434606  -0.5949766363  -1.0199892379  -0.0649648195  -0.5151359270  -0.2852106186  -0.1054192488  -0.1734850543   0.3924419176   0.4435626093   0.2884818772  -0.5932333761   0.4259959872   0.5308949557  -1.6563256197   0.5569347612  -0.5285758178  -0.6126516104  -1.3481037427   0.4067238037   0.9399661497   0.6946015824
s3
 2.0419324109
 0.6528717430
-0.0930059613
-0.5890654522
-1.7321554450
-0.0153917583
 1.2868926746
-0.0691768984
 0.7198635402
 0.7812782627
-0.7908968131
-0.4543125409
 0.6211053268
 0.7698636707
 0.5900752674
 0.5240371146
-1.0908948482
 0.1872468951
 0.4174710360
-1.6241461697
-2.1649931800
-0.5134990902
 0.7392601658
-1.7098549107
 2.4235133994
-0.1477783627
-1.0669112812
 0.4316613806
-1.1100550851
 0.2114989276
-0.6349592289
 0.2820876336
-0.8546062238
-0.0574286553
 1.3759591695
 0.9139864311
 0.8417165224
 0.5430231289
-0.1665403184
-0.4829019970
w4
1.6910185855  0.0963015888  -0.2823275320  0.5574459620  1.2525874571  1.1513889864  1.0792460947  0.5403207180  0.2567522178  -1.9623490280  0.2594634801  -0.1289964319  -0.5606717123  0.2767024089  -1.5058361870  -0.1776937109  0.5386770817  0.2702735866  0.8165791908  0.2208748669  0.1100691190  0.1401905250  -0.0611508823  0.5424565189  0.1141798364  0.0332641695  0.1160844145  0.2540932764  0.2234880386  -0.3597684984  0.9629319411  0.2320729735  0.3523207243  -1.4592996173  1.5597165482  -0.7092352504  2.0210238358  0.2468288471  1.0302783517  -0.0898453152
s4
2.5778991457

