layers: 6
str: {2,40,40,40,40,1}
w1
 1.3892968214   1.3993756361
 0.1788441793   2.8934365960
-1.0657908301   0.8769910695
 0.2132729458  -0.4921095337
-0.5687859014  -1.2940338740
 0.1155104634   0.8097108067
 1.9012526436   0.3362800073
-1.6024785497   0.2720017112
-1.6799448789  -1.5943161081
 1.6162727371   2.4519005170
-1.8579006013  -0.2222573438
-0.4656755203   0.0518417999
-1.1408760775   1.2091650923
 1.1195773686  -0.5691074743
-0.0345247088   1.4780467660
 1.2838943851   0.4146585679
-1.3571497668   0.5430199843
-1.5413937809  -2.3350813492
-0.2710557217  -1.1383123223
-1.0585817729   1.8636764091
 0.7770543377  -1.4045716063
-0.8790163393   0.0729087930
-0.6178132468  -1.0743301650
-0.0684228331  -1.3009540041
-0.8201124012   1.7936716764
 1.4832505098  -0.3250126340
 0.7024703419  -0.0726311952
 0.5484328512  -1.9717482177
-2.0332933781  -1.8139458411
 1.9051409269   0.4395546214
-0.0880175143  -2.0492912027
-0.1475979061   0.6274311816
-0.4182671380  -1.4813665168
 1.6076304527   0.8308752311
-0.6022797678   1.5148436419
 0.4439022372  -0.9553978829
 0.3181107112  -0.6846047577
 0.0266862942   0.7078365098
-0.0463854452   1.2175560075
-1.2388535635   1.0351854275
s1
 1.4126500784
-0.5031985838
-0.7891372401
-0.4425473475
 1.3411454342
-0.3393110688
-0.2031313375
-0.0372392397
-0.7557918756
-1.4552349615
 0.7505205644
-1.1540921282
 0.2529523830
-0.3877775094
-0.6582861553
-0.1683853484
-0.9209526956
 1.2010398999
 0.2360544585
 0.5885403634
-0.5592546420
 0.2222662001
-0.3354209456
 0.9601056086
 0.7873161243
 1.0121018470
 0.1652802688
-0.5401829791
-1.7665493990
 0.0905849450
 0.4816653484
-0.0019386616
-0.3356320521
-0.0824152514
-2.1051916030
-0.1170967364
 1.4927547943
 1.3272680552
 1.8452900799
-1.3551066611
w2
 1.5116189697   0.7539619176  -1.3907190685  -0.2046372334  -0.8134916835  -0.2586155535  -0.3317235064  -0.3054456322   2.1519771804   0.0458857188  -0.6059200166   0.0784930470   0.7516384093  -1.4219969478  -0.8224909283   0.5473953196  -0.0606210052   0.1600862381  -0.0632539154   1.8294283567  -0.0346926595  -0.0272143423   1.0540681056  -0.0885405541   1.3460859475   0.3301558261  -1.6333469009  -1.1060280875  -0.5703126339   0.6399801162  -1.1302435891   1.0961416385   2.0107897180  -3.3154267112   0.3174635754  -0.1616458725  -0.7648044248  -0.1728474999  -2.3368486007   1.0132307631
 1.3934274243   0.1596721498  -1.1249335374   0.6053590373   0.5977282817  -0.5301005327  -0.1032456543   0.0719062076   0.1998906686  -0.5935209888   1.4789006734  -2.4680376352   0.3943238220  -0.2122607469   1.4684904944   0.0362135633   2.0134418309   0.2357359778  -0.1897822823  -1.5524843854   0.4264379051  -1.3495539923  -0.0611414561   0.1848554964  -1.0889818750   1.0038708996  -0.3725090784   1.0441660455   0.7216314766   0.7567305065  -0.0109874298   0.3447875943  -1.4440130619   0.6824760122  -0.4561459438   1.5729474162  -0.1764231923  -0.9069094948   1.0068422120   0.6603490693
 0.2520010861   0.2918176929   1.5055970506  -1.3618860153   1.2635570058  -0.8103512624   0.1211450287  -0.6589797005   0.0302510640   0.2082690388   1.2101500019   0.1151438971   0.5246457925   0.5677994572   0.9252974736  -1.5855935095  -0.5392174858  -0.8836582224  -0.0224418661  -0.4240720656   0.3914019478   0.1862512624   0.6408917121  -0.2927420180  -1.2119829738  -1.1477555819   0.8603518446  -0.4829128574  -0.0102409822  -1.2334085624   1.0138453816  -0.3248659917   0.2429828855  -1.3330051340   0.1148274110   0.8388684723   0.2157516443   1.5129605813   0.3131337094  -2.4045984872
 0.3844736787   0.9726612913  -0.4488350822  -1.5559107154  -1.2923954163  -0.5105806400   2.1538237947   1.4760779370   0.5504240799   0.9865724553   0.9289029886   0.5846670212   0.1570392739   0.9787616056  -0.4999718302   1.1692419356  -0.3658157118   0.6969636125  -0.3691714395  -1.1742410257   0.4597156127  -0.5466544936   0.6946548559   0.3228119412  -0.4914865838  -0.2533880655  -1.6927188050   0.4093710498  -0.0272405967   0.5102003375  -1.1922621600  -0.5790749548  -0.5544368573   1.0160686923  -0.2989829804  -0.0926998387   1.3322618170   1.4796676709  -0.2897485743  -0.5348139562
-1.0955759480  -1.2826645432   0.0507872793   0.7935298613  -0.1302965685   0.8139058649   0.1355505241  -0.2263307480   2.2652175306   1.2293216117  -0.9552564485   0.2974946679   0.5713438167  -0.1767814905   0.1147820337   0.6144550780  -3.0272580443   1.2075703604   0.0486735749   2.1003041650  -0.9935027222  -1.5019710312  -0.8462059340  -2.3063670978   1.4515375810   0.4931739829   1.2523585709  -0.8811416669   0.6923619014  -2.1935800268   0.8654642492  -1.1299392337  -1.2840993749   0.3401399390   0.6675061101  -0.3318192200   0.7855138341  -0.0472696172   0.4607636940   1.3181295587
-1.1914371582   0.8294438307   1.2177928009   0.7901016501  -0.1250001789  -0.9976361801  -1.5707235345   1.2428734177   1.7188611348  -0.4737482440  -0.6458325067   0.1874405403   1.3934934888  -2.2004335837   0.9720340470  -0.4183196774   0.2741446152   2.1450923896  -0.2985350439   1.0047355264  -0.4285013710   0.6482781152  -0.1252147648  -0.0277111935  -0.5224785808   0.1924079539  -0.3282782793   0.6968806064  -1.0605063944  -0.5990374052   0.8985822161  -1.0382444535   1.8894487281   0.0746573887  -1.4986122352  -0.3989094666  -1.1418485498  -1.9289729471   0.7194818972   1.4535542642
-0.7516844856   0.1237709942  -0.4353240977   0.3612025999   0.2184630364  -0.1272901621  -0.7819786620   2.3476719030   0.5880229645  -0.9104385168   0.3698156333   1.7232004191  -0.5499292433  -1.8904238262   0.5971642761  -0.3619616250   0.5084183538   0.6783776028   0.4220063186  -0.3429570699  -2.2666303328   1.0221838923   0.2139326085   1.1168441591  -0.7335281089  -1.0688562075   0.9350060553  -0.4609970876  -0.2091380532  -2.4804325418   0.4032548625   0.3336999867   0.1548758428   0.8123167601  -1.0463328946  -0.3278195249  -0.6929192204   0.6553617826  -0.3679312334  -0.0917077245
-1.7810620148   0.8932910199  -0.6646176106   0.2353861461  -0.6338767616  -0.0182218985   1.4785280545  -0.6354078669  -0.2654115448   0.0946224343  -0.5524822447  -0.5176476453   0.1435297176   0.8389055311  -1.6772252007  -0.2725101488  -0.5203572733   0.3124033800  -0.7615234691  -0.1886954245  -0.6515741902   0.4175558443  -0.3940464863  -0.0854445100  -2.3598889826   0.8855785578   1.3279729176   2.3478915341   1.2270931528  -0.0893441479  -0.5827542081  -0.7078656337  -0.1931964926   0.4293101653   0.2317311222   0.3511478384   0.9602662421  -0.7029407003  -1.0504641873  -1.6145683259
 0.7930498766   0.3628706269  -1.0563062637  -1.4478107328  -0.6203216096  -0.9260661829   1.4937488520  -1.4560901306  -0.4962512149  -0.6771853977  -0.1010657677  -1.9148257841  -0.1710256013   0.4714212003   0.8364079625   0.8557043368   0.4264130343  -0.5836847698   0.4914558064   0.7227871795   2.5360748816  -0.3405331977   1.6534660943   0.5913298011   0.0912584507  -0.0932685076   0.4421842455   0.3975518020   1.1324860291  -0.2285607337  -0.1402273486   0.2704519804  -0.1766893611  -1.1119164781   1.0275454641  -1.7708660174  -1.3678471405   0.1106474743   1.3118455538   1.2747578364
 1.1083249907   1.5593972846   0.8868041143  -0.3779054459   0.0046674185  -1.2913795014  -2.4277424241  -1.1980351381  -0.8199417893   0.9345768703   0.9307621900  -0.2892991381   0.2259296250  -0.4556029365   0.2505996331   1.9550633759  -0.5703473835   2.0645485414  -0.5729514555   0.4155221230   0.0035335276   1.0000403758   0.4644617782  -1.9797650821  -0.1026034445   1.2031343377   1.3759100586  -0.9055901573   0.4440152029  -0.2161488673   0.3491257474  -0.0159491788   0.8768834286   1.7239663972  -0.6733112634  -0.8811300884   0.3496867202  -0.2547699485   0.1320889077   0.4731909866
 0.2085111646  -0.0592931080  -0.8479323014  -0.7969262754   0.1774161352  -0.7876452386  -0.1751021592   0.0376690126  -0.8401658651  -1.8854650500  -1.5839304999  -0.3052965108  -0.8984274738  -0.8636940791  -0.7901219104  -0.9836450442  -0.4638746521  -0.1779909160  -2.0617359145   0.2343464335  -1.0569252198  -0.5448168844   0.2976525490  -1.9417965785   0.2451258418  -0.7722094669   0.2748546130  -1.0776921858  -1.4756988575  -1.7340615182   0.8444558423  -0.2013388287   1.0630668188  -0.2647701686  -0.7903790070   0.8337869267  -0.1949004297  -0.0738722022  -0.6501835100  -0.3216142648
-1.2263340723   0.9747887485  -0.0876064754  -0.2919024286   1.4796244083  -1.8384717950  -2.1055055409  -1.3478860071  -0.4554504271  -0.1336903448   1.2565275241  -1.6998633069  -0.5852113127  -1.1466758313  -1.7235247362  -0.5397251908  -0.5582574510   0.1277034871  -0.0264489646   1.4774458776   0.0459008547   1.0167059180   0.1908422210  -1.3095088680  -0.6599717926  -2.0049815889  -0.5828922324  -0.6167333477   0.3094235780  -0.2992965236  -1.7173845263   0.1696056488  -0.1638596196   0.5132109542  -1.9402349511   1.4235294341   1.2239936867  -0.8561077502   0.8511464525   1.3245821392
 0.0200018284   2.2271383528   0.6364831482  -1.3631218678   1.3243980070  -0.6080194392  -0.1793052119  -1.3791765341  -1.7130666126   0.2267505572  -1.5644716767   1.3645957796  -0.2182447912  -1.1490789437  -1.2707772826  -0.8434157745  -2.0305301848  -1.3886739849   0.4192994184  -3.1584433575  -2.6337108639  -0.4649132358  -0.1337961577   0.5895237724   0.7780023244  -0.5660484812   0.3290593291   0.9871348857  -0.2212912190   0.2129328863   0.0420860625  -0.4862849831   0.2374167233  -2.9241302340  -0.8061969230  -0.6623467423   0.9499733834  -0.2888703077   0.2606506668   0.6196438652
 0.2269891297  -0.0411421851   1.1123379574   0.5656323877   1.7116086964  -0.0223163470   0.0117193572  -0.9626451920  -1.2230887053  -0.3912189543   1.5682464788   0.6828141470  -0.1735340504  -0.3870930579  -0.0411642077  -2.0945290323   0.7437967719   1.8937444682   1.3583397366   1.2170849634  -2.2610314682   1.7411434441   1.0579457536   1.0449509044  -0.0252660287  -1.1138404483   1.7505860726   0.3835242829   1.2326747994  -0.5565113173   1.5558605163  -0.7759770182   0.2477384372  -0.5418613994  -0.7031669261  -2.0967607482   0.7343453189  -0.4615882551  -1.5061379668  -1.7230525650
-1.0150644358   1.3039194683   0.0187139079   0.6268727164  -0.6432463772   1.3529019615  -1.6886777684   0.5815338396   0.2206466387   0.3851803322  -1.1180420190   0.5849819422   0.8602049582  -0.3859353821  -0.4100500118   0.2541056816   0.3469190457  -1.4544064318  -2.3852118089  -0.2801202730  -0.1917065387  -0.2887762000   0.0794333341   2.0145074832   0.4474271980   0.7897355692  -1.4841110060  -0.8471990387   0.4283501144   0.4298568754   1.0400679620   0.9658105517   0.8880648613  -0.2938348520   2.1962026347  -0.6290110284  -0.9974951157  -1.0438228738   1.0219992404   0.3789123517
-0.4478090485   0.2961735636  -1.0691714659   1.2621495009  -0.3689290680   0.9606359315  -0.1371297882  -0.7343366072   1.2649114310   0.1244346611   0.7342374439   0.2985253973  -0.5923210541  -0.5797802516  -0.9042329082   1.5116370629  -2.0454283346   0.5727827132   0.8389111977  -1.2922770439  -0.2441128572  -2.2030021109  -0.9777839032   0.6218516652   0.2745835166  -0.6921232018   0.1986223461   1.0335762926   1.9468858483   0.0765306793   0.0922181025   0.5273596266   0.3958173554  -0.7607955714   1.0447002819   0.7240019804   1.6799287316   1.0640226129   2.1881203414  -0.6680528345
 1.0200265486   0.5668306563  -1.4016683015   0.8100440138  -0.1466825426  -0.0193600260  -1.0861771339   0.8085714336  -0.3719640612   1.0203399880  -0.3446475050  -0.2327056783   1.9897997270  -1.0688920894   3.0554492874  -0.1221171573   0.7357317664  -1.0121257569   0.1644811603  -1.1164825723   1.2788477574  -0.4893133191  -0.2594436298  -0.4197186335  -0.5151039455   0.7523480331   0.4718320980  -1.4574564338   1.0932679443  -0.0594718514  -1.1950639194   0.9120107583  -2.0878568249   0.2967629692   0.1939766736   0.5990900688   0.6329615046  -0.4605769016   0.5897083928  -0.6017208891
-0.0891527519  -1.3631413031  -0.8450415600  -2.1369620119   0.1979210140   1.1016890913   0.6803358887  -0.1650479571   1.4977284109   0.3116081977  -0.1971018959   1.0676313522  -0.9933941911   0.3960830813  -0.3810381978   1.6098523476  -0.1984355303  -1.2144062442  -0.1996864676   0.5517668633  -0.7895446502  -0.6490853885   1.1266750530   1.5816051948  -1.0718484791  -1.2949981287   0.0243916559   1.9781462482   0.3864072033  -0.3518819487  -0.6472884385  -1.0749353435  -0.4759365983  -1.1337772535   0.4590039881   1.0620115902   0.8822338056  -0.2530964089   1.2243280816   1.7805285954
 0.3494105401  -0.1284036194   0.1152000494  -0.0063620051   1.1418679001   0.8941374472   0.2343108433  -1.8638552596   0.7450693258  -0.2563804463   0.4361661742   0.5092788501   0.2257457552  -1.1211265291  -0.2847132099   0.7101204211   0.7833381018  -0.6183423032   0.8359911603   0.8463723089   0.7217962990  -0.2115904652  -2.0550834035  -0.0844696919   0.6612089564  -0.1546999180   1.9574582360   0.8941912914  -1.5669124840   0.6399671274   0.1537202020  -0.2667810205   1.8656640011  -0.8335660438  -0.1766087173  -0.1553267148   1.0762171735   0.3054980806   1.3039786437  -1.4323180299
 0.6089863384  -0.7646924268   0.8459800170   1.3193042060   0.7634189376   0.2033210363   0.7206255338  -1.6240742346   0.8396924825   0.5828983653  -0.8951034911   0.5679118843  -0.0559555311  -1.1220453710  -0.9785675433  -0.6804771142   0.9409697227  -0.0165259374  -1.6708176808  -1.5542814946  -0.9656378319   0.7436174715   0.9746182111   0.2477932442  -0.1637120423   0.1231822131  -2.2656064773  -0.2451920301   1.7529111204  -1.7953586298   1.9011244255  -0.2598451362  -1.8031186589   1.4729772147  -0.1685010535  -0.6451491014  -1.5883211476  -1.7275628820   1.5013861601  -0.5491081742
-0.0040675860   0.8205267352  -1.4781203427  -0.6515418549   1.2051877939   0.5054222953  -1.3724228516  -1.3122964832   1.6149166369   2.1222994235  -0.8079423389   0.5780767059   1.0869578645   0.9805643972   0.5206395189  -0.8617269230   0.3448907913   0.0323645107  -0.1543332849   0.4661862219   0.8779888223  -0.3760113009  -1.2209152141  -0.1719009527   0.1935514080   0.4955680104  -1.0431682240  -1.3697310286   2.4642003634  -1.3656693556  -0.3703255261   0.2247388066  -0.0511805093   0.7999453097  -0.1489841114  -0.0751088427  -0.0835850987  -0.5608312735  -0.0479218433  -0.4118317120
 0.2611105338  -1.2116502869  -0.6432219015  -1.4102445138  -1.4295264907   1.6933480316   1.5340496854   0.2224393998   1.0403463059   0.2139643195  -0.4114926233  -0.3057701062   2.3262173701  -0.2706210372   1.9277901648   1.6381158953  -0.8161624432   0.2452079612   0.1810075649  -0.1566701980  -0.4420710278   0.7290513279   1.0287446522   1.5480912635   0.0844043048   0.6789114551  -0.0562348970   0.8785129355  -0.3073653340  -0.1666777516   0.9983558118   1.7235393912  -0.6001459772   0.4065896704   0.7061738754   0.4087517715  -0.4331169935   0.4782231722   1.6036065728   0.7912905562
-1.9026167675  -0.0921845458  -1.4585113480   0.7035742217  -0.1054377546  -1.1430035635   0.1056569440   0.4938395526  -1.3733347642   0.5902628080   0.2529465867   0.2253781673  -0.0366474619  -0.8479310855   0.2377579829   0.8661413985   0.4670043652  -0.1182766970  -0.0035973498  -0.0722960109  -0.2291321492   1.4976625573  -1.0747060944   0.0788072123  -0.5575409269  -1.5679524791  -0.9908363593   0.7449063774   1.1019757165   0.1778494986  -0.2763530189   0.2920649960   1.4646253757  -0.8596595722  -0.1362909612   1.0933951297  -1.7637510642   0.7192196055  -1.4440751776   0.5745886670
 0.8678293659  -1.2240186226   0.1144556765   1.2103994908  -0.2442192060   0.6442505208   0.1138311795  -0.3833015482  -0.2181067902   1.4438263346  -1.2011320270   0.7778613403  -0.1004151818  -1.6599538552   0.3829853366   0.2726862219   0.8372655822  -0.4083340332   0.8169944442  -0.1452325630   0.0365793925  -1.5123646890   1.6115200780  -0.5590428005   0.0926750413   0.9293731864   0.7543183500   0.2543814353  -0.6973775947   0.1470036177   0.0660680737  -0.4823010375   0.0624299249   0.3358611788   0.6435761353  -0.4186398038   0.9399947055  -1.0573254953   1.8316061844  -1.0817475827
 1.2512037389  -1.4110355386   0.1441138859  -2.2319783256  -0.1163122653   0.9108211113  -0.3416435013  -0.5457877627  -0.1679839743  -0.2831112620  -0.4154426965  -0.6360057210  -0.4952035090  -0.4031086048   1.3525844410   0.6026104533   0.2455610130  -0.2026302276  -0.1311913362  -0.0178956401  -0.1742879880  -1.5293950146  -0.2099478118  -2.3665605531   0.4656591329   1.4262033342  -0.7337905160   0.7432768572  -0.7156344239   1.0691619091   1.0102909568   0.8388323969  -1.0349492154   0.3585205070   1.6267678226   0.5586599824   0.1038487923  -1.1724108457   0.7733503133   0.4898631865
 0.0615935261  -0.1876665487   0.9071301256   1.3056470468  -0.5596784720   0.7502193412  -1.2554174161  -0.5251659376   0.2488986774  -1.3868801176  -1.3931216439  -1.3728524260   0.7865754803  -0.2009818619  -0.1379527993  -1.3627884915  -1.0711675490  -0.5425689050   0.0083703427   0.6181186880  -0.0022678521  -0.1230983919  -0.8440366494  -1.2461958694  -1.3185311828   0.9106109087   2.9772431796  -0.3269972095   0.4440403565  -1.0290942126   1.6618427841   1.6457596424  -0.5420354398  -1.3984171836  -0.6549249894   1.2772860952  -1.0408902985  -0.2385163909   1.7793388867   0.4197345097
 0.5047664387  -1.0734967892  -0.8159051845   1.1137851496  -1.9713223347  -1.1852495004   0.4209482251  -0.6353112001  -1.4842447206   1.2845405202  -0.3408510529  -0.2078346769   1.4842480147  -1.0607392311  -0.9866266154   0.5364803040   0.1580601957   1.3956038200   0.3213252664  -0.2761684597   0.9300098099   0.8863728493  -0.1091545541   0.6682763715   0.7113509562  -1.7838535515   2.4060543710  -0.3101413894   0.2254146949  -1.1955617513  -1.6130819801   0.1292534712   1.1101632615   0.7785161739  -0.0114799395   0.6062278672  -0.9220150370   0.4593329696  -0.6373355213   1.8635752606
-0.9672114122  -0.0972997169  -0.5672436771   1.5237618290   0.4041632459   0.6629698731   0.8170442661  -0.7094101697  -1.2592662880  -1.8053668335   0.5289888782   0.1231842948  -0.4471310711   0.6723097076   0.2042932517   1.1201587234  -0.3166673070  -0.5039205951   0.7073252673  -0.3274503280  -2.7697075334  -0.8538670323   0.6886943572  -0.7768267699  -2.0520524267   2.3177222193  -1.2466968882  -1.1786572010  -0.3151782903  -0.6611612487  -0.9383719907  -0.0258526704   0.7717714245   0.2031976892   1.1367938646   0.0975969047   0.9393112041  -2.1229361472   0.3463009120  -0.8455751744
 0.4842606573   0.3134211315  -0.7707950971   0.4244101005   1.9207270999  -0.4083764001  -1.6544334498   0.2023093195   0.3820293811  -0.8721886087  -1.0964023508   1.1908909787  -0.7814141981   2.5370107841   0.4167488761  -0.4989632815  -0.8710168227   0.5910505256  -0.5884704483   0.6165271276  -0.6383311927  -0.2004024626   0.6203810894  -0.3150333484   0.4356082547   1.6196135808   0.5218583948   0.9365828142   0.1823279035   0.1886237133  -0.2237996171  -1.9451579507  -0.6209107256   0.5887906930   0.6159149494  -0.1389664510   1.8013851354   2.1188508697  -1.0020518923  -0.1006180592
-1.7591674233  -0.2656310989  -0.1669653280  -2.0945186461  -0.3130507981  -0.7311647501   0.5122110076  -0.3456008846   1.9533035821   1.6771994351  -0.6400016409   0.3914671697   0.3866327142  -1.0234954857  -0.1741376869   0.5180396293  -0.2193294050   0.4634000435  -0.1260699403   0.6214066566  -0.2588915311   0.9834867089  -0.2209521551   2.6891690272  -0.0061540239  -0.5321926581  -0.1208611250   0.6516746030   0.8632566364  -1.1990161369  -1.6956062346  -0.0885767159  -1.3227530038  -1.7107047446  -0.4284450638   1.0408934001   0.5603452739  -0.9958619626   0.1725051133  -0.1044524676
 0.1467811086  -0.0457141750  -0.5078619419  -0.5284217927   1.3766023005  -0.6061909480  -0.6519205717   1.4723226558   0.6255127986   1.1101913334  -0.9221850502  -0.6543919774   0.5214519206   1.1256455301   0.0227444526   1.0018050107  -0.9333360264   1.1941122541   0.3996426278   0.2857958635   0.3933043901  -0.2661457723  -1.0226071310   0.2464583488  -0.5672998705   0.2816081096   0.5640545846  -0.4075906814  -2.1875535933   0.3812809956   0.7158475364   1.3416185163   0.1174973218  -1.4662625751  -1.0869956692   1.3550743028  -0.1182449521   0.0402461472   0.2763429409  -0.4207976405
-0.8379335653  -1.0218191009   0.3557555301   1.7534402814  -1.1504081291  -0.2243209512   0.3795820819  -1.2662338774  -0.4150357873  -0.0406510838   0.9407495667   0.1755868092  -0.4734727535  -0.2304129212   2.6724098295   1.5608929638   1.3683724595  -0.5804980898  -0.4544440184  -0.3691642442   0.4916804661   1.2307883892   1.2849911126   0.3344288434   1.9316501724   0.7729752098  -1.3043535599   0.9800574553   0.4273377815  -0.5216043663  -1.2685457887  -0.6892353180  -1.2259661166   0.0924361943   0.4104574109  -0.8957294419  -0.2178804554   2.1345869210  -1.1456858034  -0.0510905363
 1.5488192906  -0.8230765087   1.8409726694  -0.3245073633   1.9600863409   1.2662896454  -0.2396021985  -0.4570472139   0.4115708496  -0.2626055643  -0.1200593044  -1.0308391722   1.3061326779  -0.0574664723  -1.0667060095   1.0108308241  -0.1855157028  -0.1721603183  -0.4356444329  -1.0353818631   1.1867347955   0.4194931705  -0.1825821233  -0.0094418533  -0.1851749191  -0.4570840001  -1.1865463399   0.2125101821   0.5198397347   0.0404764282   0.9844563771   0.1775636073   0.2414222383  -0.5991524912   0.0237477777   0.5807467219   0.0357643166  -1.3216609569  -0.1077142298  -0.3148757381
 1.0185281813   1.2161650469  -0.3280623515  -0.1935645667   0.8584542978  -0.6097389691  -0.6378229209   1.2423444509   0.9320407953   1.9351057386  -0.5325617230   0.7840450946   2.0604426463  -2.5386872991  -1.3698867501  -1.0549937643  -0.0313685410  -1.7327584627  -1.0696956125   1.2336804905  -0.8685932537   0.1059272882   2.6513275813   1.0469085587  -0.6390521475   0.8100750402  -0.8378792452  -0.0695700303   1.2096951425   1.0312146270   1.4313847136   1.0496747080  -1.0915684009  -1.1575231525  -0.0195558478   0.8054115308  -1.0749363508  -0.6142514637   0.4084691456   0.4410756047
 0.4308644689  -1.4385797284   1.4929652212  -0.3911711887   0.2208444916   0.3930134936   1.2216350618  -0.8686610402   0.4969211593   0.9521615391   0.0411009141  -0.0339160683   0.7118369446  -1.1457064540  -0.5279850234  -1.0553078607   0.5480481943  -0.5880155250   0.0450811944  -1.4491808962  -0.7798288003   0.2254046981   0.6774798709  -0.2100888295  -1.3556303106  -0.2179484093   1.9852906048   0.4581637377  -0.3119497371  -1.4229176456  -0.1041263765  -0.3558386963   0.6883022420   1.2550522952   1.2102808035   0.5566495202  -0.3613576413   1.9555691022   1.1311077945  -0.4310444525
 0.0216973991  -0.5146031136   0.9023468517  -0.3298123535  -0.4029805372   0.2920569453  -0.3076715062   0.7324772069   0.5265847311  -1.6827883537   0.7032564057   1.2732916758   1.7330717906  -0.9866921672   0.2615098106   1.0993874811   0.1127252912  -0.5687400985  -1.9698693166   0.6734854163  -0.5848159651   0.4142743478  -0.1386296132  -0.2248257176  -0.7604513412   2.1702057265   0.2128796521   1.0866824456  -1.0603080640  -1.9090918842  -0.0269431636  -1.1815536444  -0.8525940001   1.0302037822  -0.6827047454   1.0047899418   0.2505934480   0.0152117904   1.0242628304  -0.5548724330
 1.0650320948  -0.9232259500   0.5587985227  -0.9912752683  -2.3229889040  -0.3611551542   0.6918149970  -0.3961467305  -0.5773769635   0.5267581267   0.8499906433   0.5180800592   0.8869144285   0.3120894520  -0.6729091504  -1.0094643141  -1.5568162085  -0.0839450370  -0.3082689231   0.7847262808  -0.9534431537   2.2599770271  -0.9205272139  -0.3083684137  -0.0981302619   1.0907355620   2.8516268896  -0.8631600868   1.1915233799   0.5370126552   1.7361151853  -0.2828172911   0.0557486202  -0.6949635606   0.0869682306   1.4355160202   1.2892117189   0.1282592864   0.6844253509  -0.9776465438
 0.1667995891   1.4712091971  -0.4987826903  -0.2227985192   0.1384807634   0.5371693905  -0.9333808019  -0.4663300190  -1.3980386357  -1.8652876843  -0.1193646870   1.5969314101  -1.3389820717   0.7716572417   0.0518149951  -0.4949293100   1.1667362566  -0.8854976537   0.6451888941   1.4334257385  -0.3800622497  -0.8773618574  -1.6718964915   1.2099560357  -0.8925485968   0.6627398746  -0.9453337739  -0.6795372009   1.6765368404  -0.8000857745  -1.5665629399   1.1137500928   0.4874382801  -0.2128364605  -1.0376252361   0.0059116093   0.7163163004  -0.3930440525  -0.0891848354   0.8975712592
-0.5091705912  -0.0239367730  -1.2134581718  -1.3243365894  -0.2453564096  -1.2240162030  -1.0125045990   1.5103576715  -1.1137130777  -0.2841304594  -0.5442569151  -0.3040790377   1.3362115190  -0.4402677398  -1.0409707671   0.0585961021   0.9631278260  -1.6571837478  -0.0761135481  -1.4512325742   0.4838717583   0.0558037955   0.3783103505  -0.3764964866  -0.7249375578  -0.0788179142   0.2291163383  -0.0221248160   0.5004995677  -3.0817401770  -0.6273263369  -2.2438183543  -1.7710328561  -0.2202914509  -0.5615790651   0.0005383504   0.4087797612   1.2226147953  -0.1170684204  -0.4186470044
 0.2106628132   1.5111558901   2.5738091676  -1.3462827337   0.3567305777  -0.4795894595   1.5143340758  -0.1541060197  -0.6065563756  -0.1634106272  -0.1838116943   0.2763190956   1.3562929353  -0.3549945902  -0.9998472547   0.8075025830   0.5807346165  -1.1139462892   1.2717244819  -0.8191278741   1.5177025780   0.7704884897  -2.1247107806   0.7314895657  -0.3434943712  -2.7367948696   0.9289696916  -0.6398263291  -0.4484118499   0.7568774598   0.2341127347  -0.0537903499   1.2055693051   0.4040860856  -1.0004018163  -1.6961631109  -1.0296793300  -0.1480267160   2.1115670167  -0.6466256359
s2
 2.1940345690
 0.9967026092
 0.2328729343
-0.4501020135
-1.7564626521
 0.1789288353
 1.1917573977
 0.0796259906
 1.2124795395
 0.7723492329
-0.6671127345
-0.4133142425
 0.6280220190
 0.9999728674
 0.5199715965
 0.7414880283
-0.9191952241
 0.4950150201
 0.6710239381
-1.4651889157
-1.9683339890
-0.3244407087
 0.7766567335
-1.5948026059
 2.3788299631
-0.1818210745
-1.0415486768
 0.4430018284
-1.0818674716
 0.5703374222
-0.3817361963
 0.5591518035
-0.6735263188
-0.0196523988
 1.4190791750
 0.9771484105
 0.8763266763
 0.5872773943
-0.0140536893
-0.3801245462
w3
 0.7141812615  -1.0817608094  -0.3082124936   1.9510988079   0.2029469345  -0.3321912813   1.1862053114   0.5789128367  -1.4312114943   0.3498963180  -0.2428231965  -1.2970369090  -0.4291406117  -0.7983851770   1.0612558193   0.2023636175  -0.2878148372   0.0578513008  -0.5085552794  -1.9882979704  -0.7899576030   0.5537936524  -0.7598319869   0.3003085030   0.4346784561  -1.5711844843   0.1989382118   0.7987756591   0.3045064863   1.4523630777  -0.0322880459  -0.4285055404   1.0304892828  -2.9204828317   1.8874307390  -1.5326940472  -0.0522213137  -0.3707816834   2.3564787918  -0.1729437559
-1.1463080298  -0.5173072304   0.5663508956   1.1704833370  -0.7289336090   1.4930972168  -0.3972231445   0.4963306238   0.1382529305  -0.4134947196   0.5521503148   0.6267415379   0.2341087688  -0.0716513857   0.3562074062   0.2423625632   0.1818289273  -1.0439782441   0.4911559365   0.6259203806  -1.5354835715   1.6804055588   0.4146933320  -1.0424899744  -0.6639869724   0.6612702117   0.9141744459  -0.5590199249  -0.3063060688  -1.3102869082   0.2482687401  -2.1737018549   0.7797386982  -0.1235561524  -0.9660126124  -0.4523926647   0.5285580699   0.8817778596   0.6059902719   1.0168250845
-0.3638260512  -0.3261078304  -0.4557354796   0.0224659880   0.5570224479   0.7823065932  -0.8855136024   1.8883619350   0.3168152901  -0.7372273809  -0.1235252051   0.1387300348   2.0708255413   0.5018777506   2.1260575221  -0.1433140251  -0.8876954859  -0.4818432989  -0.5055472620  -0.7746461708  -0.9338867269  -1.1630772268  -0.5394521727   0.3186044309   1.4931239305  -0.4609095111   2.5280543957   0.7716299970   1.5234478618   2.0952978929  -0.4156085561  -1.3178492091  -1.2503359050  -0.6956387583  -0.5287431058   0.0326949784  -0.3630484879   0.1681725565  -0.7524240310  -0.9067849855
-1.8828594485   1.1713388565   1.2012149460   0.2271166509   0.0102174753   2.3861205729   1.4449874535   0.5191387190   2.2771737079  -0.4667190110   0.9829035687  -0.5470312720  -0.8044833802  -1.6520599417   0.6955494969  -0.4989347722   0.3264277118  -0.8217779411   0.1023733587   1.2173261712   0.4818718768   0.4120286968  -0.3057316961  -1.3997943572   0.9365907402   0.9964695686  -1.1132095325  -1.7068950340   0.8239675761  -2.6247000014   0.7972606242   1.0273570572   2.4622846677   0.5355862676  -1.8436360026  -0.6073575061   0.1140840710  -0.2762600913  -0.5079424262   1.5044391618
-1.0637517764   0.5752760045  -0.1243219665   0.0939631790  -0.1660446975  -2.2007158390  -0.1807925843  -0.8202294205   0.7678198869  -2.6586658165   0.6166888199   0.3783345090  -0.6067967861  -1.4257987648  -0.1266411454  -0.8417933082  -1.5474533327   1.4194522810   0.4551944115   0.1387140558   0.3224635899   0.6390897062  -1.1994463610  -0.2527641231   1.5328112743   1.7370088791  -0.7361133714  -0.2757364964  -0.0645926334   0.0947004271  -0.1510074426  -1.2144699891   1.1575513453  -0.2582533274  -0.6206588840  -1.4122896952   1.9428874580  -1.6039912519   0.0819769526  -0.5942758789
 0.2573741169  -0.5182283359  -1.4926730849   1.1181469848  -2.4146551282   0.5437496549  -1.3109082600  -1.1178163835   0.5109959826  -1.4794555424   0.5807392699  -0.6102150091  -0.1622900523  -1.0206725434   0.7035626269   0.7021838159  -1.5815707637  -0.5673131291   0.2771151704  -0.6203819028  -1.6629330850   0.8805753537  -0.8485065872   0.7043884518  -1.5919579734   1.8083413886   0.2047724268   0.7379137140   1.3139090773   0.4158140831   1.3374007070   0.6760589815   0.4151662879   0.6509708773  -0.4487090400   0.1255793310   0.5083004342  -1.8953450680   0.6982541210  -0.2587133129
-0.4522814179  -2.4948254760  -0.3685576114  -3.2464890933   0.4825604931   0.2543771709  -1.1679656534  -1.0366000385   0.1985626495   0.0937102893   0.7069323462  -0.8719707755  -0.6748919618   1.2845222419   1.6177493585   0.5827634555   0.8711755836  -0.5537491751  -0.4860215415   0.4343915922  -0.9624552568  -1.3967549211  -0.2961653885   0.0785123690   0.7810959036   1.6111772996  -1.1690425670  -0.0173068438  -2.4492424839   0.0640820721   1.3335223438  -0.2395954002   0.8063221530  -0.4400796065  -0.3755396132   0.6264427650  -1.0134474304  -0.4229498604   1.3014340104   0.0181020274
-0.7796644015   0.7280127043  -1.1385000699  -0.9213006041   2.5312624510   0.3339016300  -1.3918378978   0.2489561187   1.1372253860   0.9982599024   1.0185463900  -0.9666058749   0.3418886735  -0.6227186959   0.4732521794   0.3462243184   1.3506829238   0.7528866877  -0.5501215348   1.7455253620  -0.2460894731   0.2989381700  -0.7567519574  -0.1294039966   2.3098693751  -1.6084607330  -0.8416861116   0.3367347841  -0.5198990452   0.7929192219   0.6331581736   1.2485480136  -1.4426265093   0.5600952695   0.6382646474  -0.1790409626  -0.4474327612   0.3165741992  -1.4952538610  -0.4742063229
 0.7038100843  -1.3494373221  -3.0502481717  -0.0679148720  -0.4586436769  -0.8799367815  -2.3167008356   0.8281962808  -1.4170322066  -1.5076566627   1.5282033875   1.4109595268   1.9451934249  -0.1393734891  -0.6196248848   1.1030366869  -0.3617601805   1.2769556219   1.4721390256   0.0196442042  -0.5091855325   0.2119123820  -0.8565367862  -0.1262629252   1.4246723650   2.5073213207   0.5145022064   1.4030690240   0.1288186403  -0.4865491828  -1.4305314792   1.4748481998  -0.4138026775  -1.2612668490  -0.1779148756  -0.3465858828   1.8998094028  -0.5456777060  -0.3930579233   1.2703108087
-1.5340563998  -0.6388738993   0.1769059128   0.1321736721   1.3695533263  -0.1273962017  -0.8029590790  -0.1740309893  -1.6077794610  -0.6139663330   2.2610838603  -1.2218295505  -0.7163702408  -1.4783330452   0.6821591645  -0.0561267250   0.0273413849   2.0213749474  -0.3245507126  -2.0530298899   1.1902295096   0.1413874490  -0.5197704622  -0.4725679357  -0.8567859342   0.6669923999   0.0998720035   1.2611001344  -0.1434145872   1.4230506951   0.5491871991  -1.6788157825  -0.4838321044   0.9573877340  -0.2710796334   0.1656604044  -0.5330598322   0.9126174364   0.2765281894   0.5150200150
 1.2849780093   0.3486071562   0.6484613691  -0.8112716375  -0.1523097369  -1.7946931754  -0.6496200436   0.2036991074   0.3930163884  -0.1860866467   0.2547774928   0.6167073829   0.5542367285  -0.7197408295   1.2170989307   0.4036597457  -0.1839056259   1.4495288719  -0.0071837459   0.9985860802   1.2336931475  -0.3425369972   1.0974739128  -1.3923572754   2.0119334163  -0.0581978972   0.7649651789   0.1739191548  -0.4616417200  -1.0151536791  -1.3517902220  -1.3003430011  -1.7689939842  -0.1103223941  -0.6630862622  -0.2957684471  -0.8388549455  -1.0902843711   1.8534661114  -0.1007536401
-0.6990076223  -1.5642134242  -2.8262237764   0.5755424243  -0.2157852635  -0.9288207817  -1.5185232611  -0.4416306769   0.0143347224   2.9379303929   0.1165144123  -1.1331783974  -0.5634388052   0.0040220165  -0.5562562378   0.8839784282  -1.1979594259   0.2650204206  -0.5150125495   0.4828204292  -0.1502570028   0.7172801758   1.0641262662  -0.2019611410   1.2299740726  -0.2351490869   0.1298611257   2.1579639257   1.6878773248   0.2061305616   0.3398615771  -3.0175707163  -0.5563536030   0.5918679888   0.6527384621  -1.5438994599   0.7408261330  -1.5973045545   0.3896045057   0.3331871162
-0.6405065100   1.1448856160  -1.0163999457   0.0234024321   0.7088676968  -0.1820651292  -0.3799593193   0.0789059881   0.2935432823   0.1029068253   1.0497161226   0.7292315576   0.5015594409   0.8662065910   0.7166434438  -0.1502259330  -1.2983724412  -0.8164651805   0.1911329620   0.6237560968  -2.2530242399   0.4494891446   0.8395579799  -2.5838950470   0.1307360944  -0.8545922315   0.8521509147  -0.6882665558  -1.1375409436   0.4890217960   0.2634351602   0.5893160567  -1.6208197635   1.7511400608  -0.4492117042   1.1207733618  -0.9611350975   0.6087145458  -0.1562781992   0.9037344374
-1.5855013392  -0.5881072384  -0.3885391001  -1.1303639166  -1.3083682434   0.6865710780   0.1056336541  -0.9214392267  -0.5892798639  -1.2386246190   2.3543911335   1.2989172422   0.1189125913   2.0980276445   0.3318057739  -0.7065169382   1.7076891568  -0.8755647558   0.2009693331   2.2213326895  -1.4582400714   0.5472391712  -1.4366429476   0.5345882342   1.9219328765   0.1074354479   0.3137376753   0.6316672383  -0.6547303824  -0.7813677449  -0.7733573143   0.6304239435  -0.4725197227   0.1803925408  -0.1815257190  -0.0759600239  -1.5155644778   0.2544858388  -0.0666087548  -0.3360045039
 1.0620754072  -2.2419954732  -0.7064141735  -1.0788188832  -0.6213965715  -0.4523124211  -0.7159073249  -1.0133116364  -2.2869092287  -0.2704351624   1.7583557860  -0.1767271757  -0.3055331906  -0.7952027479   1.3533484903  -0.7921779295  -0.1715838024   1.9924354768  -0.1404454545  -2.1680025058   0.6850921807  -0.1011261415   0.1586968349   0.0561594569   1.0534689590   0.9261859120   0.1439444808  -0.1943769210   0.2466074323  -1.9698910874  -0.8139429404   0.6565128761   0.9641558478  -0.4817361652  -1.0317164906   1.4447266555   0.1964250249   0.6258325123   2.5876566807  -0.0600187206
-2.4083450792   0.3279608607   0.9812429692   2.5115982804  -0.7966334328  -1.3377271526  -0.2758507899  -0.9717600529  -0.9583787387   0.4539106897   0.4567823597   0.5049935375   0.2081434800   0.2562859323  -0.6772040768  -0.3493378055  -1.5634425511  -1.8847792277   0.4757237099   0.4633425584  -1.4428534370   0.1542937937   0.6283568619  -1.2724848056  -1.0384734366   0.3490906870   2.0257538475  -0.5389783446   1.4328398022  -0.2323593345  -0.7389794254  -0.5807704602   0.8611680154   0.3068035854   1.3569234755  -0.1299734347   0.1073090684  -1.0077625090   1.3823558752  -0.7785949524
 0.5512097913  -0.1072614508   1.8341601353   0.5033231936  -2.0480604909   0.0307370487   0.4816365436  -1.9755172123  -0.6835105856  -1.3897136872   0.1071674816   0.2060090757  -0.3370821858  -1.8735820047  -0.1773710232   0.5456727279  -0.3760448188  -0.5797348639   0.1536950931   2.1844485820   1.2661645636  -1.7393772655   0.4080442549   1.6852671944  -0.1091204061   1.5326096386  -1.7513537773   0.6780783028  -0.7744232874   0.7152346790   1.5331058163  -0.4056907560  -0.1777878485  -1.4820230347  -1.6154854561  -1.2579267146  -1.0801199660  -0.3863621197   0.4677591207  -1.3608792258
 0.3219834793   0.7022950827  -0.2398554913   0.3916008731   0.7349124510  -1.0085476066  -0.8284993806  -1.2306021395   0.6624960245  -1.1838593510  -1.3500508398  -1.1769388340   1.7054542919   0.0738772067  -0.8905723947   1.2742197113  -0.7017553053   1.3429508128   0.4768842936  -0.0951729701  -2.0273347531  -0.8651615341  -1.2392787085  -0.8564773847  -0.2448733240  -0.6884813459   1.6922599418  -0.8847018094   0.3457140011  -0.3462787691   1.3827518891  -1.2151151105   0.3901329323  -0.6644099103  -0.8530869158  -0.9487943165   2.4934494011   1.4051587466  -0.2489905598   0.9116600878
 0.9686281981   1.6847811090  -0.4956906449   0.5584449357  -0.2201214698  -0.6595193972  -0.2380430314  -2.1100128242  -0.6505181035   0.7606172016   0.1116130719  -0.4423107123   1.7766386066  -1.5068930838   2.0421329514   1.3781174782  -0.9853652067  -1.2396512973   1.3669146912   1.8756305427  -0.9480543602  -0.3283973048   0.2754441258  -0.0473694262  -1.2325384692   2.1521204542  -0.4899988409   0.3577995555  -0.7710667162  -1.3438486734  -0.6537914473   1.4970682411  -0.7330523440  -0.3009276177  -0.6719940360  -2.1796912101  -0.8785763396   1.3867719769   1.2123140939   1.0529830015
 0.7970417508  -1.9704892279   0.5198991420   0.5410318701   1.0594843844   1.5765061627   0.1996832094   1.1395761746  -1.3926736373   1.7033453856  -0.2237242766  -0.4287655221  -0.0747901141  -1.9844237854  -0.5676449493  -1.0334659757   0.0954708784  -0.5035250401  -0.0507230899   0.3047698175   0.1071792479   1.2491076084  -0.9114973901   0.2566809079  -1.3491164233  -0.3962088763  -0.8209917149  -0.4818517227  -1.7223606180   0.9564978379   1.2257033244   1.6649403438   1.2520965506  -1.4723861627  -0.3360897161  -0.0622146635  -0.6670062655  -0.9072215149  -0.3079713462  -0.4306529792
-2.1447523721  -0.8663156220   1.6365157701   1.4487089506   0.7512273197   1.5052161943  -0.6010695865  -1.1902694030  -0.9579970879   0.6575990715  -0.2183250337   0.7074696826   1.0837176385  -0.1261584481   0.2848313569   0.9379874657  -0.5410647011   0.1754575608  -0.7811980447   0.1531251084  -1.0880876984   0.2862930604   0.3676319410  -0.3921654194  -0.4773155982  -1.1242748807   0.4090269593  -1.4584684995   0.4887975046  -1.4759643935   0.5195295329   0.1895965434   0.2639906321  -1.4397150144  -2.1932566095  -0.1233766516  -0.7358902272  -0.5388337593   0.3092440595   0.0767789304
-1.8660068850   1.9438590846  -0.9446063874  -1.2006915714  -2.1289091798  -0.4146353270   0.8134435749  -1.5477586825   0.5162515149   0.1461778010  -0.3735399338  -1.0836194722   1.1552129315  -2.3834260308   0.6634633644   0.9019177156   0.0414513786  -1.0659120627   0.1527057091   0.7294109649  -1.2383708119   0.7168342731  -0.4982605021  -0.8271997789  -0.9778805827   0.8392883107   0.1063886447   0.3302677490   0.6302888493   0.8072976481   0.1311526351  -0.4320120398  -0.0582010810  -0.7101558155   0.8495641592  -0.1060502095  -1.7122869468   0.9118436217   1.0576988474   1.0560235715
-0.2341946869   0.2857251349   2.0153444720   0.5740108268  -2.6545204685   0.1039165031   1.4712643498   0.5340802804   0.5131370561  -0.5462920435  -1.4146271842  -0.6317888813  -0.2660652180  -0.3168409812   1.2181215766  -0.8804239430  -1.8863823628  -1.3373410476   1.1967839374   0.1069266215  -0.4663240730  -0.3086414688   0.2457877210   1.0586395530   0.3595768021  -0.1315567032   0.4870265359   0.8884517093  -0.4234207170   1.3450878964   0.3284129455   1.3177156435   0.2437372566   0.5875788482  -1.1022850795  -0.6527810931   0.1963892931  -0.0472080196   0.9071731379  -0.1394500831
 0.1637735556   0.3216401719  -0.4604041855   0.4720282027  -1.0499362527  -0.2448608724   0.2339771353   1.5699171618   0.7571594428  -1.1828334413   0.4930974046  -1.6466071056  -1.2153104466  -1.2791288915  -0.6581531271   0.1383440426   1.3904803690   0.2405998825   0.2465907853  -1.8763329667   0.5054364155   0.7964943991   0.3592828974   2.4334902960   0.3655999524  -0.1703115496  -0.4813986906   0.0778088351  -0.0793826963   0.1625216282  -0.8855031721  -0.9097199462  -0.8150311571   0.7815152264  -0.4102828185  -0.8868291558  -2.1310015451  -0.7836285624  -0.4646211304   0.3258398733
-0.6104773999   0.4880606021  -1.4427515925   0.3748221040  -0.2232344656  -0.7107113223  -1.3143364816   0.8790259732  -0.7928964458  -0.6437484390  -1.3910713903   0.7137490504  -1.5400322727  -0.9208344501  -0.2078850452   2.1381844067  -0.0108846027   0.5659971339   1.3567447690   0.5367390939   1.7412846408  -0.6643663000   1.1056467284   0.3098768222   0.3938413497   0.7126512916   0.5426628355   1.4171745987  -0.7399053949   1.1114894581  -1.1705706387  -0.1899554046   0.1918262483   0.6005025929   0.0221002235   0.5425659236   0.6083873049  -1.2890197803  -0.3460003213  -0.1997052873
-1.0539023112   1.8780573031   1.1613697123  -1.1234937168   1.4269107396  -0.4542416205  -1.5831382929  -1.6710464160   0.4506830379  -1.2663766874   1.8814172540  -0.9768897648  -0.1425401906  -1.3217545546   0.8313280498  -1.5561868437   0.5948719868   1.2941702181  -1.4768127606   1.4849117776  -1.8073566395   0.5358729914  -0.8346505141   0.5243531631  -0.3504383861  -1.2412965221  -0.6184135611   0.1672319577   0.7427952843  -0.7929983465  -0.2784036080   0.0861323144   0.4024531064  -0.2096787593   0.0156103538  -1.0154728491  -0.1337460712  -1.0171621104  -0.3494838806  -1.1845721614
-0.1736053504  -0.7645944097   0.1194058721   1.1559967973   0.8197663891   0.0216791771   0.8136237161   1.5120951126  -0.5538947831   0.1657838725   0.4425749683  -2.2190771310  -0.9558426673  -1.2176740079  -0.5215930828   0.1528064335   0.1258907526  -2.0200938768   0.7360771543   0.9951624462   0.9796267249   0.4558817546   0.0393776922  -0.3218392568  -0.0572174555   1.7293474620  -0.4325426473  -1.4769302865   0.5004298387  -0.6398168484  -0.7826725521   1.4528107289   2.0097080467  -0.6742407779  -0.2141167738   0.8664519747   2.6626188266   1.4900011447  -0.5928421774   0.8953652297
-0.6270350881  -0.1406502881   2.2105798434   1.6516734473   0.8655718568   1.3065673281  -1.3183973045   0.7719491768  -0.1454353234   0.2783929613  -2.1772172979   0.3399894676  -1.4951196912   1.3801371443  -0.6937981882  -1.3713396540  -0.9113681615   0.4171725504  -0.4746307171   1.3234007456   1.1110579927  -1.9411987296  -0.8168743391   0.9059958141   0.8175776039  -0.3753008412   0.6917904383  -0.0435690642  -0.4369801220   0.8429998877   0.2431322782   0.4814148340  -1.4956123718   2.4184659872   1.7070295004  -0.0941819436   0.8791735618  -0.9473670141  -0.9225021814   0.1929632802
-1.4953148228  -0.6318663017  -0.9265439976  -0.2085253126   0.6537879228  -1.0530444074  -0.4162594639   0.2665402151  -1.0784098975   2.2905202079   0.8625456640  -0.6021332621   0.2936810638   0.6786987439  -0.9985053981   0.7450424639  -0.1333555715   0.1875054238  -0.3541804832  -0.2197833784  -0.5122896455  -1.5242670468  -0.9170690393  -0.5809967474  -0.1540916300  -0.0435134575   0.9845088462   0.0907420508  -0.3990953824  -1.1037838508  -0.3913557677  -0.7385209639  -1.0658841853  -0.0305390756  -0.2542500134   0.5540767251  -1.0895716376  -1.6743293184   1.9675912578   0.5718098835
-0.9130350887   0.2304110135  -1.0264865317  -0.3595793425  -1.0984241056   1.8302024184  -1.2741946114  -0.5296028181   0.2427534726  -0.7463923865  -0.1512416122  -0.1173149350  -1.2789268186   0.4966269614   1.0102240247   0.2175764867  -0.6502526767   2.3492532485  -0.6255962382  -2.2722614159  -0.4994115598  -0.3411153039   0.3791008372  -0.3347951572  -0.2522767427   1.7003207956   0.2980660143   0.4751633322   0.0171238805  -1.5257363841   0.5035176975   1.3829238825   0.4519235409   0.0337506406   2.0632690345  -0.7429726386   0.6447797744   0.7183019394  -1.0561670111  -1.8668042767
-0.8219093151   1.1243704899   0.3011697142  -1.5599708036  -0.7839001775  -0.8349045095  -0.1558884537   0.5765405162  -1.0010209174   0.6916171419   0.4660814447  -0.6350357738  -0.2582712220  -0.6663299018   0.4386243493   1.6423974705   0.5371443557   0.2889897834   1.2793845365   0.7746401547  -0.4868142886  -1.3496451643   1.2049090843   0.5613358530  -0.2369972347  -0.2628695644   0.8166638253  -0.0159243788  -1.9831812060   1.0905002131  -0.3067464603  -2.0867370692  -1.1333396465   1.0932974198  -1.5089770300   0.2227595521  -0.0616174679  -0.4758373283  -0.1036234542   1.7898772625
-0.3838188271   0.2082641516   0.5938050554   1.4860100351   0.4056494730  -0.7300161155  -0.1044334764   0.4247606799  -1.0983840998  -0.3446811431   0.4832593831   0.2244999017  -0.1444321202  -0.6808159454   0.9582342546   0.1200912173  -1.6340845289   0.9373817933  -0.1482671777   1.2033620481   2.6645512909   0.8808109721   1.9300668697  -0.8517330903   0.3085459116   0.6756833676  -0.4545840790   0.5545192622   1.8763137411   2.0896241702   0.3854721610   0.2528226499  -0.4859017889  -0.1648090148   0.0507956529  -1.2454992039  -0.8150626872  -0.4142715515   1.1676545306  -1.6053202869
-0.5384113540  -0.1759779449   2.1920105523  -0.8326641195  -1.4378995714   1.1425278401  -1.2788172903   1.8085516001   2.2759136515   0.8463591075  -0.5462801940   1.5279995206  -1.5871523868   1.6158942520  -0.8246948531   0.3984604545  -0.0947342483   1.1775621783  -0.3658296634  -1.0807990067  -0.3424104108  -0.3161875445  -0.2953669421   0.7660913912  -2.0220747777   0.5386997003   1.3595563782  -0.3260325347   0.1391135663  -0.9397025252   1.3352669793  -1.1993881371   0.3775317911   0.5603450105   0.3115711553   1.4148414993  -1.3001377371  -0.1997448118   0.4613327115  -0.4256489838
 0.8084289879  -0.4531747734  -0.5383173580  -0.0097804385   0.3509402140   0.2959214057   0.8589199102   0.3287802462   0.0176344703   0.9448286009  -0.3927492693  -0.2979492056   0.9361577774   0.5921903353  -1.0974766045   0.1568136919   0.6302387097   0.3277141377   1.1065185531   2.0769154470  -1.0720764309   1.1373886438   1.9643665841   0.0537035765   0.2327654435   0.0926672925   0.7910708774  -0.2632544145  -0.3866905654   0.5730149152  -0.2287895380  -0.5552405210  -0.0481239894   0.5167083248  -0.1984582486   0.3078014287  -0.8410519125  -0.7600261649  -1.3989992690  -0.9804826149
 0.2608788707   0.5088780171   0.9246651639   0.4460305464   1.2524021637  -1.4079342730   0.4729404849  -0.7341134799   0.2697356157  -1.2121765888  -0.0722779873   1.3008773528  -1.0444840461   1.5837318492  -0.4793768505   0.7376954092   2.2716238114   0.0056858173  -2.6312310256   0.2252044065  -1.4206703035  -0.7503741899  -0.1474052945  -2.1647129606   0.2491401010  -1.6235951221   0.9876265342   0.2108577072  -1.4783126144   0.5167618218  -1.5350778719  -0.8202329154  -1.5096766122  -0.2861082709  -0.2057421448  -0.4444871255  -0.0802451414  -0.3421133218   0.5096272172  -0.1087764222
 0.6522370061   0.0372209899   0.2306786986   0.6546082236   0.0500808388  -0.4520138273   0.6396309975   1.6745107550  -0.4369374602   0.6410231246   0.0616926238  -1.6338804946   1.2783494928   1.5880641538  -1.6688375608  -0.6459947255   0.7872851679   0.2950746758  -0.0493305973   1.2467251776   0.1151604561  -1.0783002115   0.5986314479   0.4107444347  -2.1268965068  -0.4911245388  -0.8620056736   0.4157509574   1.0635057198   0.4271628392   1.6532830356  -1.1779906888  -0.8018458371  -0.1477478074  -0.9153526640  -0.0538139531  -1.0456350940  -0.4167961962   0.9691876768   0.4939266346
 0.3384342553   0.9699007392   0.5152063378   0.0037712857   0.9342745141   0.1488839615  -1.8564710182  -0.6296424713   0.9486073172  -1.2003700117   0.4954358654  -0.0315812983   0.0677663919   2.0385159435   0.0608210331   1.7891649418   1.3657167944  -0.0067029214  -1.5714503425   1.4490785820  -2.0238032209   0.9724717945  -0.1491746590  -1.0290075116   1.2913021743   0.3476688802  -0.1256113629   0.2791534961   0.8621615351   0.3153568204   0.0406921172  -0.9033704750  -0.7849580764  -0.2723050562  -0.2139873816   0.0305324358  -0.9198571394   1.5397337828  -1.1986806027   0.9665983109
-0.1568223950   0.8704640607   0.9157457021   1.0226058038  -1.7927971832   0.6447115906   0.2720683725  -0.9322023654  -0.6102593265  -0.8243572238  -0.2425088860   0.4449252123  -0.7904084226   0.4496190915   0.1936554385   1.3068961215   0.3485428118   1.1339486644  -1.3240841457   0.7242435530   0.0762173314  -1.4366781831   1.1029257487  -1.5256759389  -1.6525951969  -0.3690613354  -1.4631365783  -0.6830893155   0.0847324557  -0.8200733721   0.2311894078  -0.8649003062   0.0802846090   0.8006449353   0.5710567691   0.5925253463   0.7154583906  -0.2340626367   0.3033754598  -0.3929214141
-1.0777790613   1.1953725433   1.2596017953  -0.3588719484   0.1486800027  -0.9012928030  -1.4928062819   0.1331539170  -0.4844405228   0.6596997878  -0.0167363181   0.7530594438   0.8927023765  -0.8826746448   0.7131986183   0.3849989088   0.4706990044   1.3217475106  -0.9808995487   0.5589563644   0.9933309894   0.8530350952   0.7463836484   1.5825111436  -1.1043213882  -2.1129057526  -1.5395181140  -0.4821815021  -0.4363265745   0.1836458637   1.7728803609  -1.1040254012  -1.6589470275   1.6628465678   1.3684486077   0.5989949464   1.8551804158  -0.7189666683   0.2777286552   0.4719860511
-0.6234202785  -2.0715541541   0.1217378627   0.8114033195   1.4779030328  -0.2708974028  -0.1505493009  -0.5211684533   0.9157863611  -1.4672752386  -0.0708440374  -0.8653937005   0.6942725271  -0.4671725907  -0.6455040630   0.1153271610  -1.3071294817  -1.0016811278  -0.0386049471   0.5850211167  -1.3005519429   0.8591474568   1.1163581993   1.0551567448  -1.6317596919  -0.4566133398  -0.4454171788   0.2337849105  -0.6657796452   0.0509141321  -0.9566310358  -0.4608468183   0.2851833889   0.1644116614   0.3426791887   0.6749133974   0.9304333318  -0.7735559885   0.9062826127  -0.2125017918
s3
 2.1061075043
 0.8471251654
 0.2832131195
-0.4740119500
-1.7931115457
 0.1566631405
 1.2816525670
 0.0759519028
 1.0719783738
 0.6418874974
-0.6623565752
-0.4770708521
 0.6832653246
 0.8438279537
 0.4530781169
 0.5674019969
-0.8549073905
 0.5937857240
 0.5706180828
-1.4145281488
-2.0104584421
-0.3493840149
 0.8434292246
-1.5819146148
 2.6390198604
-0.0785881758
-0.9959874801
 0.4448952172
-1.0381552304
 0.7299484794
-0.6644956344
 0.6183070323
-0.5787495519
 0.0191329191
 1.3919831471
 1.0637396984
 0.8358102991
 0.6179659980
-0.0055243861
-0.3178376217
w4
-0.0327936603  -0.6509324475  -0.5697019645   1.0463653839  -2.5787246595  -0.2114647434  -1.1768313002   0.7258747399  -0.7971824506   0.0441983246  -0.2347602203  -0.2492430124  -1.8036901910  -1.5513829798   0.5238754628  -0.1820274609   0.3811207146   0.5748148579  -1.8645657037  -0.2404818248   0.5291928585   0.2331598941  -2.0202163367  -3.1578561296  -0.5836819565  -3.0200457261  -0.0907149085  -0.9639757670  -0.1695248924   0.4660744419   0.2239047092  -0.6592187551  -0.4107272612  -1.6806652850  -0.4703662162   2.2013809694  -1.8557175990  -0.2338572866  -0.1281861955  -1.1025954377
-0.0535895690   0.2219135817  -0.4640270594  -1.9774649390  -0.9686157906  -0.4786072380   1.2645028742  -0.4478788944   1.9319342594  -1.1638872366  -0.0958484592  -1.7002054459  -1.9304055450   0.8590861313   0.1123977919   1.1462565387   0.8139576913  -0.7491042208   1.0811927854   0.5630675739   0.6744013955  -0.5813790055   1.4066121479  -1.3380360611  -2.0661455830   0.0795154825  -0.5740214900  -1.7635432092   0.7135174700   1.1115152425   0.4491637442   0.5038687674  -0.1305116968   1.2481377255   1.0164094917   0.0077288915  -0.4801158458  -1.2139485576  -0.6822852761   1.5777228048
-0.4936602391  -0.5286099039  -0.7972916157   1.1850678603  -0.3840982068  -0.7880438788  -0.2659926342  -1.9576315756  -1.4854706400   0.8561562722   0.3090684389   0.1030715559   0.0959244689   1.3995130540  -0.7368103928  -0.0184266659   0.3326714395   0.9921858289   1.1671499100   0.2237066002   0.7771888766   0.8251595891   0.7796386529   1.8315001688  -0.2146460173   0.1067074716   0.8339353940   0.1906655083  -0.0333707727  -0.0927013777  -0.2268136932  -0.1642188229   1.7177969354   2.5644773342  -1.6972174679  -0.2725204491  -1.9314139486  -1.0271792828   1.0469392001   0.7899084677
 0.0155505848   1.0798111365   1.2119151738  -1.1535309758  -0.3026872293  -1.4375081018   0.8075508421  -0.5606943695  -0.7578058590  -0.0589348146  -1.4863253591  -0.8835840939   0.8260606767   0.8313562839  -1.0564679710  -1.5121053497  -1.0281323005   0.2596552936   0.8469432721   1.0796665419   0.3182785299   0.1998511870  -2.0866872091  -0.6639547316   0.2313799980  -0.1879086966   0.0034072883  -2.1266154176  -0.4174034894  -1.1233041895   1.5588321216   0.9108753055   0.6199246469   0.6426141331   1.3523385369   1.2063069254   0.1616013252  -0.4867824632  -0.7511276318   0.8759434577
 0.2005017481  -0.0446230098   0.2477970974   1.2419181533   0.8883043047  -0.7021802392  -1.6003572201  -0.9895758186   0.1507836105   0.6068942217  -0.7399378130   0.8342322965   0.9419140805   0.2903592030  -1.1031221787  -0.4248851577   0.2929717850   0.5187660940   1.5928185630   1.1552384148   0.5536407446  -0.0581530108   1.1004997717   0.5746901475   1.1035519863   0.2836841913  -2.2185028611  -0.7700784656  -0.8820859771  -0.8730466139   1.3305323599   0.5512541495   0.0116101750  -0.0525054241  -0.1996095141  -0.2354696143  -0.0465189732   0.2368563211   0.8365235194   1.4665963812
 1.1591374301   0.0672750717  -1.1692798978  -1.2353736434  -0.9832373111  -0.6985469260  -0.7731317219  -0.6208045035  -0.4752745850   0.3275220826  -1.0128782641  -0.8544541643  -0.3451732923  -0.0983648814   0.2303090685  -0.4713779030   1.2584671172  -0.5217775989  -0.9911286115   1.2519489158  -0.9707996015  -0.4839582074   0.1391041029  -0.6864097648  -1.1339179036   0.5467773144  -0.1927700026   0.3780370047  -0.8546487837  -1.3495630180   0.6209763686   0.4413041167   1.9324989355  -0.7496408339   0.7562918611   1.0710382020  -1.0666331572  -0.6210879373  -0.9725982057  -0.4319097512
-0.7723975724   1.1334154230  -0.7031797152  -0.6103451968  -1.3409286944  -0.2732518578   1.3605631279   0.2746883779  -0.5128814407  -0.7346180926   1.3198501343   0.8217928208  -0.2284559650  -0.5511754328   0.5688311908  -0.2321644800  -2.3169194536  -1.3926661576   1.0411992026   0.4698063816  -0.2932045368   0.0222661829  -1.5870569735  -1.1123818134  -3.0743435058  -0.9467557764   1.7547474941   1.3480207909  -0.2027402208   1.4417942078   0.1613780533  -1.6209906023  -1.3446121128   0.8407674483  -0.7922914061   0.6015560482  -0.3303070743  -1.5055476255  -0.5485683714   1.2790996896
-0.5022954889  -1.4365467431   2.1308600789   3.4114728706  -1.4685470969  -2.1723557432  -0.7863253708   1.8804978957  -0.4104196090   0.6529621714  -0.9096259136   1.2037404902  -0.8915076318   1.1382016374  -1.2788473332  -0.2283427112   0.3156803820   1.6570809104  -0.1404463717  -0.0684009286  -1.5403979577   0.3460490937  -0.8560530246  -0.2274951446  -0.1366436828  -0.6730468372   0.2083046597  -0.5005731612   0.7701622338  -0.0647240038   0.9424091133  -0.7494613908   0.4695904631   1.8706067906   0.0658513033   0.9857694893  -0.4224085464   0.1790706622   0.0722088400   1.1127137463
-0.7036880184   1.3692160694   1.2659751781  -1.6775715183   1.8123066210   0.0944820306   1.3788105427   0.1189465627  -0.2600017454   0.3435576425   0.0445579154   0.7766194009  -0.6113144657   1.9521971096  -0.6992530204   0.0925211601   0.0820016454  -1.7216744255   0.3475257175  -1.7562194578  -1.4476805006   0.0799679177   0.5238024529  -0.1877009971  -1.5887038817  -0.8856839556  -1.4535427548   1.5767982467   0.4599903788   0.2341552833   0.1134250035  -0.5366250234  -0.2696812340  -0.9974215355  -0.8431491636  -0.4286885333  -0.1711928802   0.0638679686  -1.0841900295   0.0785263158
 0.0514226505   0.8943295670   0.0736675247   0.2523413534   1.6567260986   1.3178682173  -1.2184171027  -0.4067580904   1.0669651746   1.1697717486   0.8641951915  -0.3968473578   1.5762837156   0.5288868240  -0.0718218642   1.9019945849  -0.9869138638  -0.9435420989   2.0926461359  -0.1483350366   0.0466802220  -0.8398385889  -1.1806182831   0.2699613428   1.8073910602   0.0021755914  -0.3531130259  -0.6993098788   0.0534536241  -2.6834505409   0.2309682199  -0.9319115439  -0.7936258918  -2.0737031495  -1.0453345609  -0.3660252645  -1.7264142017   0.3186662746  -0.0730752579  -0.0209317706
 1.4437821095   0.8633781407   0.9172597330  -0.5982464193   0.4558936133   0.0878127732   0.7104756436  -0.7669014563   0.0847004273   0.1341418171  -1.4197327033   2.5186035072  -1.0955121706  -0.5555880771   0.2522814422  -0.7651059420  -0.4664455201  -1.2471653235  -0.6327371999   0.0033628717  -0.7584146524  -0.1858529396  -1.0556857679  -0.9695689996  -1.9300191570  -0.8479163864  -0.0617921497   1.6457674038   1.3897793534  -0.3644710814   0.6715302136   1.6001644522  -0.5302817284  -0.3993900479   1.1154514242   1.9184881378   1.1873301318  -0.7198995188   0.2660761548  -0.1464340126
 1.3228928183  -0.5131879284   0.8701307856  -1.4899738534  -0.8887281153   0.3534851646   0.0259275484  -0.5851040820  -0.6841595440   0.0810200518   0.8772717125  -0.8751003141   0.2787206884  -0.9123188968   0.3041723130   0.0280046666  -0.0876205983  -0.3961506155  -0.6139409259   1.7713558722   0.7451102430  -2.4900355502   0.3214135406   0.9323017687  -0.5068772088   0.1067646784   1.6846839439  -0.6613700296   0.0059752251  -0.9722403141   0.2607084612   0.6519663366   1.5554541200   0.0597987387   0.7082434526   0.9278829834  -1.9423835337  -0.4004762856  -1.3470845686  -2.0471920927
 0.5540736057   0.2300955228  -0.6218818949   0.6051385398   0.1176541269  -0.7970794015   1.5424264454  -1.1123884648  -0.1906411396  -0.8522511964  -0.7627201786  -1.0346414353  -0.0789839766  -0.6118005469   0.9127568309  -0.5524897542  -1.0453665298  -0.4822254844   1.6420725333   0.4469933136   0.4152259530   0.3296099023   0.5651656198  -1.2772185462   0.0108640395   0.2019672124  -0.6122004807  -1.0646850369  -1.6770643410  -0.8501897940  -0.1031348487  -2.4256752954   0.1209416356  -0.7998724264  -2.0342827975   0.0351145019   2.5152100527  -0.0875225836  -0.0621997959  -0.6475035410
 0.6294346188  -1.4005747335   1.0926399850  -1.7525441924   0.9669514265   0.2121015860   0.3678841555   0.8343772204  -0.7309854444   0.1889590117  -0.8679678206   1.2989298733  -0.8810361919  -0.2730226326  -0.4894691563  -0.4119787872  -0.5541156277   0.3280983942  -2.2844700217  -0.4548938125   1.0096778505  -0.0120117803   0.4138720727   0.0398677278  -0.4529987364  -1.1212683563  -2.1406202180  -0.2928063229  -0.6036779413   0.4218130989  -0.1882036726   1.3185552767   1.0957399377  -0.3197726479  -0.2908671433  -0.1992148946  -0.3078392683   1.8789014632  -1.5612885056   0.2012120447
-2.4902070414  -0.0761444220  -0.3246633101  -0.7075388663  -0.5408525341  -1.3507525060   0.7256130201   0.4744768214  -0.7298427015  -0.2972471915  -1.0854575359   1.9531054281  -0.0343342428   0.7772327742  -0.0282954072  -0.8880703590   2.0727154065  -1.9130532175   1.5790757602  -0.3916874725  -0.9984269433  -0.2764634007   0.8437541864   0.7473494026   0.2743765466  -0.3095779195   0.7064580332  -1.0052568161   0.1074626046  -1.3607857313   0.1901211225   0.7885432936  -0.9696188634  -0.5737755127   1.0845037242  -1.0727602388   0.2090352220  -0.2883578142   0.7254233023  -1.8783743617
-1.0879753448  -0.3379719461  -1.4114974485  -1.3102890667   1.2300714819   0.0370133550   0.3941217443  -0.2374333089   0.1539516536   0.7563347092   0.4637082511   0.8310954998   1.3321984255   0.2814371742   2.4414903459   1.1128252813  -1.8775641777  -0.6639217854   2.0364139184  -0.5126777485  -0.6461490933   2.1913755481   0.0974915039   0.2079907620  -2.6302748902   0.5401481737   0.5154158393  -0.1341889619  -1.0518174300   0.4264803806  -0.6169785739   0.1225319634  -1.5187831656  -0.3647697527  -0.8915322198  -0.3859044305   0.2053116700   1.0985149486  -0.2960217540  -1.4049055961
-1.7089377060  -0.0871198163  -0.0134811133   1.0213003294   1.2167000876   1.6901987652   1.0012431965  -0.0188623817   0.5959290316   0.1399699073   0.4848398210  -1.5184082510  -1.6890533649   0.1800260611  -0.9783833647   0.7643756425   1.3101037495  -1.4288490899  -2.5697945596  -0.1675204671   1.4107554540   0.2433832930   1.0205256844  -0.3678939851  -1.9144590092   0.1482374257   1.0327274964  -0.8669321384  -0.7712443185  -1.1341863967  -0.7138825829   1.4195196011   1.1258282527  -0.8183626031  -1.6489757501  -0.8159866048   0.2852568975  -0.3708591934   0.9029506907   0.4805955481
 1.9016735551   0.6064179647  -0.1865156701  -0.8004932251  -0.5557881522   0.9393314570   0.5959896518  -0.7773704432  -1.0143378795   0.0811655030  -1.8390999497  -0.2111128744   0.8657044464  -0.4125134406   1.4058425780  -0.5378797538   0.2418063326  -1.3776547058  -0.2401145120   1.4745543350  -0.2197824289   0.3196742502  -0.7308485038  -0.5693003357  -0.1476568384   0.0252564944  -0.2918492218  -0.4212457217   0.7847132209  -1.9862794691   2.3204602358   0.1952647385   1.1176707146   1.6423582619   1.0808475722  -1.3478492929   0.4701262676  -0.6167651087  -1.2440272517  -0.9255222637
 0.0472681575   2.0836214380   1.4358544357  -1.7533726970   0.5639449187  -0.5865613276   1.1186606579  -1.0863466103  -0.0097696978   0.3219916235   0.6367287014  -0.6254210681  -0.4957047022   0.3340791057   1.6392058022   0.6119634449  -0.1835134221   0.8900912277   0.0706031962   0.1937241298  -1.6634207358   0.9492750514  -1.3163365831   0.2384248059  -0.1835643607   0.7730390145  -2.4571141193  -0.1979764325  -0.2678467375  -1.3825836440   0.4305755342  -1.6588364763   0.2850242102   2.2034757667   0.8720320715  -1.0982778849  -1.2033018292  -1.0489287262   0.4449866168  -1.2696428895
 0.4558268637   0.3507033466   0.1766103930   0.2579924692   0.0526387749  -0.1033951599  -0.5254667542  -2.1634132222  -0.6177959585  -0.0002530882  -1.1029130410   0.1359375337   0.6896114630  -1.5691042791   2.1351970347  -1.2510252354  -0.9134292861  -1.5601006541  -0.6871081382  -0.4982795518  -0.2075504749  -0.2535888053  -0.5541455996  -1.2494029306   0.0469091931  -0.0090136736  -0.6971699270  -0.7667119159   0.7075429251  -0.4631521600  -1.1208459821   0.1400738588  -2.0355194562  -1.6160659995   1.5215446189   1.0562313432  -1.0675161257  -0.4736703916   1.2890061544   0.1135268972
-0.7452319134  -1.7781227701  -0.1043362742  -0.3346266863   0.5815382797  -0.1723017242   2.1943823330   0.0206200285  -0.2706066673   0.1004321032  -0.2078676051  -0.5275171464   2.3838267809   0.2070517607   0.9897907205  -0.0721598805   1.2033022748   0.0154380834   0.7156476998   0.2572337689   1.2929107190  -0.6543056379  -1.5029118182  -0.0784140417  -0.3272055170  -0.9929841128  -1.8833922320  -1.0232247211  -0.1594949352  -0.4442031841  -0.1749770322   1.6023763231  -0.7468318603  -0.3524890470   0.2017496629   0.8359539587   2.0039403430  -0.1695787878  -0.6296302757   0.6081153362
-0.2914253197   1.0736325572  -0.5960804378  -0.9326033250   0.4793550521  -1.0743585522   1.3839595010   0.0600378843  -0.4558866517  -0.6130618433   1.7577039659   1.7452066798   0.2013650581  -0.3544627271   1.0885021568   1.6379644690   0.2068976078  -0.1196263152  -1.0892853626   0.7881830985  -1.5576022869   1.6270104588  -1.0336600716  -0.4892453057  -0.3644747605  -1.0785432730   0.3760128257   0.9261551346  -0.0726738395   0.5930019566  -0.2314098135  -1.2527933936  -1.3515689325  -0.8533917259  -0.2044150028  -0.6142770715   0.8839855923  -0.9022176658  -0.2764676166   0.7385315593
 0.8812423207  -1.5202417552  -0.8012165658  -0.0675921554   0.3498614633  -1.2446432932   0.2003914192   0.2109524152  -1.4036388286   0.8477822367   0.4198329296   1.0948886100  -0.5540673626   0.0191160892   0.4662302954   0.1518133050  -1.6542971155   1.0242496444  -0.9993272856   0.1117185794   1.0751651925  -0.1159556127  -0.4097260852   1.8623221666  -0.8271878804   0.0450333733  -0.9991406464  -0.8023060354   0.0496737282  -0.3287057233   2.5556207284   0.6426477598  -0.1662643687  -1.3495682291  -1.0879666579  -1.4106906869   0.5918869001  -0.2740914067   1.0360455610  -0.2917361493
-0.9711911213  -0.4294988639  -0.4274012527   1.1008666582   0.1830589902  -0.8454536292  -0.0140586916  -0.5673418221  -0.1298058408   2.5465609586   0.2595709118   2.2748911128   1.1946609158  -0.5533570053   0.7224995290  -1.0797983184  -0.1721492801   0.8777134563  -0.3760671280  -0.2815100706  -0.3739297984   1.3724007538  -0.2755975453   0.6367020531   0.7432866348   0.4437711237  -0.1318523458   0.4812827147   1.2169659142  -0.6932422088  -0.8664519911  -1.0700698959  -1.6327796618  -0.6201304681   0.9699125234  -0.0771978255  -0.2038753516   0.6681350529  -0.4026976151  -0.3977559197
-0.5238904884   0.9219822166  -1.4883251691   0.0982313569   1.5475600534  -0.8524213033  -0.2841989010  -0.6987808180   1.1420703771   0.6304928594   0.5781879746  -0.7391769417   1.2131006254   0.8304214744  -0.1054072805   1.3338431512   0.6951923095  -0.1019014443   0.4099535007  -0.4796512116  -0.9916060094  -0.7557970575  -1.9757747206   0.6565872451   0.7214526519  -0.1236682147   0.7481354148  -0.7215279286  -0.2384951312  -0.1155477343  -0.1340574945  -0.6917197836  -1.8164818743  -0.4968774622  -0.3417106567  -1.0081878618  -0.0091685310   0.8101519693  -1.6474475398  -0.6472328555
 0.2871422822   0.6517665351  -0.6891811076   0.8840461902  -0.6514216751  -0.4936255100   0.5704219715  -0.2326524138   0.5541651587   0.8273716461   1.0485689445  -1.0312534419   0.6908533648   1.1494646797   0.4574323991   1.1721493966   0.7169505553   1.4524080072  -1.9657356769   2.2608854895   0.5747075035   0.7472225407  -0.0513403530  -0.2215939566  -0.7752484573   0.9342295819  -1.7407356469  -2.3204042308  -0.2569116157   0.5862452789  -0.9423903612  -1.1299329207  -0.3315455158   0.5292349770  -0.5869587947  -1.0028155093   1.2622438101   0.7708091960  -0.6679950550   1.1529569944
 0.1071004480  -0.7348640958   0.0278186015   0.8222778046  -0.6595492404  -0.2274972865   2.3960638637  -0.6185960037  -0.7294964674   0.5292055282   1.0444843427  -0.7765574603   1.2161155336  -0.1272823424   0.5525551917  -0.4549082365  -0.2210009951  -0.1684368965  -0.2399036734  -1.8704725773   0.6187521106  -1.7940730866  -0.9951047105   0.6825531385  -1.5001600612  -0.1082226638  -0.4824151103  -1.1856178759   0.0390833682   0.4297547769  -1.1299061932   0.5580659516  -0.0022425984  -1.9447404622   1.5499368730   0.0719756905  -1.3681844033  -0.3319315031  -1.6234637819  -0.2087976775
-1.3341729323   0.4677582629   0.5985528564  -2.5520520879  -0.4391765627  -0.0093578047  -0.1775419741   1.4485423578   0.7878725300  -0.6159802201   0.8745234048   0.0212388841  -0.7636033284   0.0470571870   1.5577175932   0.8604385105  -0.2204382073   0.0479194226   0.5722235977  -0.3724674257   0.9428521109   0.3902086840   1.5593038299   0.2119162826   0.1315997364  -2.1881531733  -1.3664902542   0.2342683754   1.1868356049  -2.4107965034  -0.6039983614  -0.0317511393   1.5990187247  -1.6959908263  -0.8854357832   1.4708753483  -0.9497262835   0.1975983534   0.0722042180  -0.1915769491
 0.3696838275   0.7361075268  -2.3438394002   0.2327613518  -0.3925314680   0.5092521154  -0.6406132808   1.2975324614  -0.7803785775  -0.0132883221  -1.4914672825   0.0752856682   0.4470015791   1.2704202827  -0.2491897643   0.1880771097  -1.4300965993  -0.2354471507   1.5588412908  -0.2767227268  -0.5908981878   0.3002181795  -1.0028593878  -1.4615242841   0.7280536613   1.6133074524  -0.6869191860  -1.1249987019  -0.1556863947  -0.1650400566  -2.0057094794   0.2382418883  -0.9850019021  -0.5458856576  -0.9138285612  -1.6702228576  -0.4149289347  -0.7375461897  -0.3014435397   0.5189702256
-0.9161123540  -0.3019724556  -0.9406444359   0.3882185105  -0.1098892765   0.1268703828   0.4912988528  -1.4922734563   0.3435116922   1.0841913663   0.3272041572   2.7552264340  -1.3506519767  -0.4992046744   1.2658515503   0.0540819502   0.5200936737  -0.6228132968   0.0044321834   0.6949590754  -1.9080299173  -0.6148354592   0.5614625552   1.6808683861   1.4921893320   1.1631272799   1.5862110812   0.4405708371  -0.5020313814  -1.2009933043   1.2440994500  -1.2977952554  -1.0987351427  -0.0637255263  -0.8681854412  -0.4778751114   0.4677176153  -0.7578103680  -0.7755676539   1.4544175093
-0.4079955338   2.1787253984  -0.3215690918  -1.3290292497  -0.3338734091   2.0636942257  -1.4460026828   0.4958825279   0.4119639824  -0.3464308747   0.5318476861  -0.0954537058   0.6013520370  -0.0571640554   0.3511610955  -0.0617367207   0.1323820055  -0.8945270436  -1.3857393837   1.1966186086   0.4233428272   0.1858298422  -0.6264293888   0.2817882908   0.1067345087   0.7587377140  -0.3363516903  -1.1465107373  -0.8215716425  -1.0723753162  -0.3148224457  -0.5083136384  -1.1217484257  -0.9607107207   0.0883706254   0.4525722216  -0.7717060757  -0.6951908343  -0.3278898849   0.2624367377
-0.7955267052  -0.7399119325  -0.9766763718   2.1284827844   0.6668588616  -0.7005346540  -0.4774697089  -1.5458948630  -0.2442969701   1.7270528050  -0.3444318386  -0.5142753309  -0.0124521436  -2.0701475126  -1.4583351127   1.4125132240  -0.2745621413  -1.1776211136  -0.5456103536   0.1437416867   1.0793661592  -0.2911584317   0.2533432348  -0.4582375520  -2.2314149038   0.4847077578  -1.2606998846  -0.3124520997  -0.6198298674   0.8298829712   0.7206053275  -0.3404229909  -0.5696144879  -0.2692172778   1.3045671798   0.9396676677   0.3467594670   0.3445370931   1.5356607208  -0.4000031842
-0.1388707126   0.1175760202   0.9826606926  -0.3387142734  -0.7650578754   0.8831043292   1.2402748293   0.3933997734  -0.3851583345  -1.6359446051   1.1597287694  -1.5412878973  -0.7614110642   0.6739794395   1.5618431462   0.5659977732  -0.0342160914   0.2409112422  -0.9347861854  -0.6826187245  -0.2083707589  -1.8085202560  -1.0921084220  -0.5707568150  -1.0808280705   1.4439935034  -0.4940589036   1.7506266853   0.3671535208  -0.2248478525  -1.4028875047  -0.5210189018  -0.0446657809   0.6626949220   0.2199663059  -1.8254993769   1.2888362212   0.0654459017  -1.4148029792  -0.2244357757
 0.1175234003   2.3119333656   1.4151191344  -0.3599854242   0.2683640955   0.6298048837   1.5680291689  -0.8243488982  -1.3293549552   1.0652145079  -0.0963868681  -1.0172171242   0.1508509832   1.5981482068  -0.2107055385   0.8535201070   1.6521412869  -0.5732178804   0.1629505732   1.9280801580   0.5856556356  -0.9790358897   0.8098763915  -2.4582495892   0.0888267934   0.1043738408  -2.8004815889  -0.2274981728   0.6875245592  -0.5326595623   1.3060142960  -0.0794650371  -1.4258948850   1.0903654352  -0.6471201830  -0.5801244423  -1.1945123953   0.7028676968  -0.3692509288   0.0322471852
 0.7074963578  -1.0241090064  -0.5144978482  -0.0252896116   1.5601524531   1.1725735389   0.2708408079  -0.3040147440   0.1211320614  -0.9409078108  -0.6299560424  -0.2279931740  -0.4365038931  -0.9749795768  -0.0826217294   0.8823889845   0.0162827964  -0.7634596655   0.3187138088  -1.2966235275  -1.6500173368   1.1965848437  -0.7184670773   0.6452589660  -0.7932054999   0.1894843391   0.3677726522  -1.1627709722   0.0667924460  -0.6581503010   1.9539122040  -1.6896723471  -0.9911418636   1.0854408230  -0.0141809702   0.3908564105  -0.4608818529   0.9542386416  -1.0365190521   1.3579522859
 0.8719636665  -1.3037890176   0.0776908815  -2.1376071981  -0.0120221812  -0.0307927676  -0.0161070014   0.4334190706  -0.3562519029  -0.1455527832  -0.8867050020  -0.4808247723  -0.6552940060   1.2427485752   1.6238622063  -0.0078075365   1.3937502613  -0.7566069239   2.0512579211  -1.2516350599  -1.2748906342   0.6152494459  -0.0895244247   1.0684685245  -0.6629135847   0.0402441110   0.1199831251  -0.7515379873   0.6980649331  -1.7200131482  -0.4321019824  -0.1539960886  -3.2231836705  -0.3868717805  -0.6909720310   1.5566216391  -1.5321094221   0.3857798532  -0.7839645261  -0.3975020821
-0.4739000623  -0.1526836779  -0.7275656623  -2.1602837163   1.3652565140   0.0776566665   0.2391618747  -1.5110844047  -1.0198410191   0.0951481347   0.0453884891   0.6778484652   0.5654062747   0.4045310309   1.0383453652  -0.9730353339   1.2909010869  -0.3770852865  -0.3843272171  -0.2996393682  -0.9021801355  -0.9173484644  -1.3946414847   0.5461178454   0.2453159534  -0.0517803180  -0.2237349666   0.0661615060  -0.2389561294   0.7541150035  -0.2815906143  -0.6354862558   0.3734444025  -1.0989397142  -0.2445549055   1.1357973048   0.3897845175  -1.3238567451   0.6556762121  -0.4561519781
 1.2306294545   0.8064273225  -1.8598286326   1.5799042919   1.3635710839  -0.0268525284   0.7080275829   0.2189502738   0.8583325178  -2.1388317174   1.3644814459   1.4415250792  -1.1250075286   0.4291912802  -0.2657335719  -0.4978767439   0.1948816202   0.8626415602   0.0584028151   1.3775032652  -1.4097222001  -1.0113787013   2.1036154450   1.6038196901   0.7019658917   2.5541288509  -1.0521388536   0.7655285291   0.0788505616   0.6838518622  -0.0329642213  -0.7993924036  -0.3114984128   0.4758426849  -1.0305312991   0.1752227812  -0.0951129029  -0.1020808625   1.4363706698   1.2505980265
 0.2773174262  -1.0647998037   0.3332184873  -0.0099161885   1.6958864653  -0.1719305416  -1.3362457226   1.8270945429  -0.9866543202   0.5988428823  -0.3735929589  -1.4891913386   0.5597014530   0.1981214199  -0.6168380469   1.0118929069   1.5725806345  -0.4859858566   0.2609054401   0.1227722856  -0.5195899978  -0.0612470562   0.9770241463   0.3953491222  -0.4371340917   0.8460560757  -1.2750565033  -1.4278671764   0.0331558884   0.2170596156  -0.4694086522  -0.3630101534   0.1213752373   0.4686113528  -1.5319019167  -0.1650412010  -0.3240417236   0.9964711509  -1.3450250884   1.6888850498
-0.6030205379  -0.5995920097   1.6906989596  -1.1858271207  -0.6893748028  -1.6729166162   1.4778503239   0.3069492068   0.1658512574   0.4352030250  -0.3154246474  -0.0395871671  -2.0775889334   1.3372019195  -0.6994071655  -0.0382360492  -0.1820343206  -2.6191234816   0.4411604107  -0.9644672974   0.7100620633   0.4211669490   0.6480490884  -2.2250952336  -0.4252587642  -0.1953726253   0.8685538219   0.4757031972  -0.7696427810   0.0238284205   0.2671090723  -0.0296948203   0.3645214913   0.2795644555   1.9571775359   0.6702071675   0.2893868840  -1.0444171163  -2.1126791511   0.4287878606
s4
 2.0263578840
 0.8342714962
 0.1977952819
-0.5306197422
-2.0435189399
 0.0936115451
 1.0852590973
 0.0060993895
 0.9933428449
 0.6096972613
-0.8932936377
-0.4236537028
 0.4727400118
 0.7953557485
 0.5211527920
 0.5953674429
-1.0155490061
 0.1510667145
 0.6746649435
-1.3924437147
-2.0813031559
-0.4478283710
 0.6825495793
-1.6742360944
 2.2302756476
-0.2123012826
-1.0384755719
 0.3353280573
-1.1284884780
 0.4348670981
-0.4875615657
 0.2945406396
-0.8975274304
-0.1179533222
 1.3244605788
 0.9033304033
 0.8057345508
 0.6308909843
-0.0376845206
-0.4982238239
w5
1.4612046759  -1.2835358028  -0.0478464612  -1.2182636569  0.3408227873  1.1433996025  0.1584857515  -0.7993557261  -0.5827770234  0.1958381579  0.4107630306  0.3531397164  0.3256958912  0.0909744070  -0.2157756893  0.2283084428  -0.1181171710  -0.0052914910  -0.0037486212  -0.7442670901  -1.2878007988  -0.2341966545  -0.0755234169  -0.2059958072  0.2298470388  0.5008021725  1.7358861493  -0.1347105939  -0.6359297971  0.3139557529  0.2252572159  0.0577865368  -0.4900984850  -0.0311896384  -0.0563873505  -1.8120086595  0.9933169014  1.2576090568  0.1909388490  1.2509798244
s5
2.5691553656

