layers: 3
str: {2,40,1}
w1
  0.2479287185   0.2115864288
  0.1550313416   0.2528774160
  0.1568697623   0.2527087149
  0.1573640695   0.2526464214
  0.1560356262   0.2528636822
 -0.0789480681  -0.1645187433
  0.1634482771   0.2532439231
  0.1556095929   0.2528405470
 -0.0224920829  -0.1487983766
  0.1571406440   0.2524703402
  0.2284833060   0.2208503127
  0.1604811069   0.2526351437
  0.0090172840   0.0170796918
  0.1562309450   0.2526881563
  3.7416164996  -1.8116523694
  5.9753545632  -3.5150689292
  3.6910443026  -1.7865330803
-10.3026760031  -2.5154666132
  0.6528853291   0.0310346257
  0.1556438430   0.2528557637
  0.1596178208   0.2525652253
  0.1619482914   0.2521380745
-10.6388164470  -2.6370611579
  0.7064943389   0.0112805561
  0.1559036114   0.2528547401
  0.1563044016   0.2528378223
 -6.9741579536   2.7642991975
  0.1600620627   0.2525652799
  0.1620238380   0.2524146437
  5.9129066862  -2.7032090031
  0.1553949131   0.2528826684
  0.1555662018   0.2528366523
  0.1563561896   0.2527612395
  0.1577905642   0.2526734930
 -3.1847854102   2.1247639751
  0.1559051528   0.2527440840
  0.1799465497   0.2477854663
  0.1589869148   0.2525855730
  1.0668734861  -0.0947080282
 -3.3704069909   2.1795488755
s1
 -4.2876693101
 -3.9984900531
 -3.9803281493
 -3.9797690653
 -3.9792421878
 -4.3020456630
 -3.9586041054
 -3.9887226110
 -4.0362299527
 -3.9967199367
 -4.2477832203
 -3.9643116640
 -4.0244403415
 -3.9918541145
-11.0906140361
 -0.1535066676
-10.9570610276
 -6.6286173428
 -5.0941978622
 -3.9860787996
 -3.9679613445
 -3.9711812569
 -1.9796241520
 -5.2039770068
 -3.9811048605
 -3.9767383915
-11.4030399985
 -3.9666836075
 -3.9702601289
 -9.5003660979
 -3.9882715362
 -3.9899458731
 -3.9832035446
 -3.9724479455
-10.2274134280
 -3.9926341655
 -4.0679011463
 -3.9669308109
 -5.9164486643
-10.6747209136
w2
-0.7191360032  -0.7181150803  -0.6895796159  -0.6857202407  -0.6936250436  0.0650361292  -0.5985103505  -0.7055731118  0.2163205256  -0.7044588815  -0.7290449746  -0.6444055447  -0.0049858047  -0.7050636134  -1.2975851982  -2.1982696960  -1.2479334762  2.2805355249  -0.5969991069  -0.7028468883  -0.6567036853  -0.6445477091  -2.3560347925  -0.5879800620  -0.6964556766  -0.6895614854  -2.9531083324  -0.6515011902  -0.6386403826  2.5986575398  -0.7064234119  -0.7070220468  -0.6956812348  -0.6753409061  1.0944629634  -0.7076997991  -0.4676223337  -0.6612081446  -0.5241733771  1.2483085998
s2
1.4437636534

