layers: 3
str: {2,40,1}
w1
 2.4936436024   0.4508984439
 0.9937421047   0.4960513779
-0.3578645988   0.1335165172
-2.0471064689  -1.7643860379
 1.0188196256   0.4451071134
-0.2915517816  -1.3053704270
 1.6691950961  -0.7618511831
-0.4318880904   1.1585221571
 1.5166832233   0.4140296781
 0.2256744565  -1.3326478577
 0.7005525404  -0.3838340031
 0.1327989458  -1.2983192429
 0.2635335244   0.3211239181
 0.0427885661   0.7254886642
 0.6756859961   0.2776198326
-0.1414960432  -1.8156194431
-0.8504573350  -2.7214527415
 0.7822239488  -0.9380889204
-0.1130975170   0.5576481778
 2.1556174273   0.5487931331
-0.9276460054  -0.4453027640
 1.0926326462  -0.7736399530
-1.0060483612  -1.1640632671
-0.5473104174  -0.7459974215
 2.2138499980  -1.3140078654
 0.0470573384  -1.0022717769
-2.2336775020   1.3730989974
 0.5519644420  -0.4730485150
-0.0597982865  -0.3759047980
 2.1531895434   0.5874963824
 0.4451076517  -0.1567722851
 0.2776873885  -1.0711606735
-0.4547238860  -0.9122026094
-0.8451276608  -1.0242130413
-0.6789812329   1.3283896218
 0.3606566479  -0.0941599220
 0.5509688055   1.4055170000
 1.2593182800  -1.3918057994
-1.8490999995  -0.2384643236
 0.1940903339  -0.1190091546
s1
 0.4029764633
-0.9080428057
-0.8797018800
-0.8089073175
 1.1712334644
-0.7755340041
-0.3047065232
-0.0749221825
-1.3540134387
-1.4607926546
 0.0626880696
-1.3871510579
-0.0009004866
-0.4924260408
-0.8624629792
 0.0432651026
-1.1572850667
 0.6816258555
-0.1341631739
-0.3160712462
-1.1386990611
-0.0492737128
-0.4191845678
 0.5500207824
 0.4376943941
 0.7037574479
-0.2900991803
-0.9112827546
-1.9109321177
-0.2456197602
-0.0300537010
-0.2428638007
-0.6022643505
-0.4327137083
-2.2757014022
-0.6041334574
 1.3896466047
 0.9072064382
 1.6396679803
-1.5739076180
w2
1.5238287300  0.2871704700  -0.5077987085  0.9532389412  -0.7918252268  0.3734401367  -0.5292547053  -1.1913397389  1.1423355755  -0.7068623982  0.4066798231  0.1952318144  -0.5173926787  -0.6273447989  -0.1139202671  -1.6309180630  0.2677032317  -0.0185806542  0.2154786050  2.5878364133  0.5345991554  -0.0825747633  -0.6501842176  -0.5127399679  -1.6336375843  -0.9190979380  1.7752770048  -0.3174505151  0.2800116946  0.2936333781  -0.1789671848  -0.9447001235  -0.3171368062  0.0721662657  -1.4253043107  -0.1966027022  -0.4233420091  -0.2738705590  0.8346840329  0.1930664136
s2
1.5828750853

