layers: 3
str: {2,40,1}
w1
-10.4218973534  -2.4949393865
  0.0044611731  -0.0241184525
 -0.8347402015  -0.3066443838
  1.4953061294  -1.3226070651
  0.9158975528  -0.9137934378
 -0.4583581499  -0.2013497384
  0.1539158153  -0.0059017140
 -8.0477782802  -2.0496969932
  0.0480427019   0.0057115547
  7.5431654411  -3.6563258692
  2.0663710623  -0.0559712841
 -0.8653353509  -0.3186447531
  0.1213009429   0.0042682173
  3.8908914120  -0.0801157971
 -0.7355405625  -0.2699506723
  1.6446596993  -1.4313364398
 -0.3017663041  -0.1365934647
 -0.0948735252   0.5889606265
  6.6049213668  -3.3284032453
  0.9938829742   1.9089592804
 -5.9239746855   3.3999693980
 -0.5500794755  -0.2333225550
 -0.0212113474  -0.0117906597
 -0.5216492266  -0.2221417827
 -0.5215351115  -0.2221649122
 -0.7410795696  -0.2728285950
  0.1112422310  -0.0183973986
 -0.0343966680  -0.0163685942
 -4.4962147055  -1.2837933353
  0.0704678409   0.0081444741
 -0.1922820941  -0.0851588817
 -6.3641462847   3.4033720654
  7.0961279195  -3.9791490448
  2.3636036572  -3.8523493368
 -1.2001598434  -0.1927030718
 -0.1905431728  -0.0843308360
  3.3597791535   1.3687025446
 -5.9262540127  -1.3390098943
  0.0782114525  -0.0177704560
  1.5507835941  -1.3627987891
s1
 -0.3869186450
 -4.9744634604
 -5.0816031831
 -8.6772789076
 -6.6981644152
 -4.7412653715
 -4.7363559136
-18.3458313373
 -4.7332463850
-12.0672646208
 -7.5076792104
 -5.1301677456
 -4.7314877530
  0.2396704880
 -4.9644335870
 -9.1875797663
 -4.7349948651
 -5.0114512869
-20.2570096619
 -7.8725933680
-18.3482188008
 -4.8486035217
 -4.7354674170
 -4.7543346158
 -4.7564503181
 -4.9833044244
 -5.0477475730
 -4.7359884295
-15.1913369378
 -4.7316393321
 -4.7349746533
-10.2881844268
 -0.8822962748
-13.6344936029
 -6.4502136609
 -4.7355783829
  0.4203704595
 -9.8025072054
 -4.9932211133
 -8.8876388384
w2
-7.2396508654  -0.0244449977  -0.4840479849  1.0261975563  0.7354356480  -0.4010140576  0.2342164679  3.8914688561  0.0704318092  3.2707026879  -0.5855077769  -0.4813178772  0.1782439354  -3.8094342682  -0.5273890436  1.0550433015  -0.2938994945  0.6089412204  -2.3555119817  0.8777989633  3.0985362954  -0.4547950459  -0.0184058429  -0.4361812410  -0.4361602938  -0.5346132390  0.0786769688  -0.0341987199  -3.7078494556  0.1016829019  -0.2003197616  -2.4110449723  -2.1985014965  -1.0286527420  -0.4107933327  -0.1987007054  -5.6015734559  -3.1137128686  0.0570529271  1.0755612756
s2
10.3202079583

