layers: 3
str: {2,40,1}
w1
 0.3064447985  -0.9903860035
 1.2176181357  -1.4755130990
 0.2193697764  -0.4089330370
 0.1823049335  -0.1641460492
 0.3110979372  -0.4149216031
 0.3509214992  -0.5289172987
 0.1777503819  -0.1655284401
 0.2175328317  -0.3146876011
 0.1820287954  -0.1924954171
 0.0025946630   0.6337863643
 0.3364568668  -0.5274913927
 0.1364001022  -0.1548973544
 0.2114435273  -0.2071639008
 0.2597271393  -0.3145679763
 0.3575424500  -0.7596808443
 0.1678140950  -0.1633849703
 0.3601273136  -0.2000245067
 0.2173289796  -0.5752722006
 0.2104656546  -0.1847198273
 0.4112450206  -0.6609458537
 0.1293254271  -0.2184903844
 0.6060043551  -0.7860142226
 0.1499203628  -0.1593469553
 0.2049850283  -0.1895172673
 0.2233263614  -0.2096097825
 3.2629838699   0.1523735674
 0.1793359859  -0.1614569826
 3.3876910683  -2.1043246214
 0.1993177692  -0.0763756134
-2.7992020532   1.5634620699
 5.9159933900  -2.5313617309
 0.2458755294  -0.2092546686
 0.1484509038  -0.1415054609
 0.1765128861  -0.1625459456
 0.5158818645   0.8294975918
 0.1916906358  -0.1765208520
 0.3042909837  -0.3716123525
 1.6094498170  -1.2480245197
-0.7470099136  -2.9558819442
-0.7777851687   0.7142421656
s1
-2.2647815651
-2.7116178799
-2.5695553156
-2.3472640164
-2.3721368761
-2.6432267304
-2.3519279627
-2.4015682700
-2.4264392599
-3.0896761732
-2.5512363311
-2.4285739365
-2.3321051576
-2.4267639650
-2.7094988406
-2.3416206434
-2.4869976793
-2.2945879513
-2.3258641927
-2.4534899665
-2.3842131945
-2.5918155037
-2.3576436987
-2.3011339409
-2.3083005245
-0.6454691921
-2.3117252312
-4.6363010730
-2.5797471062
-2.9202780440
 0.5017831018
-2.3461415663
-2.3757202984
-2.3280978455
-3.7526350312
-2.3569787863
-2.3581991300
-2.0391495356
-0.9928633492
-3.3545717652
w2
-0.3666168913  0.4847959896  -0.2321631208  -0.1719044938  -0.1790051801  -0.1883432450  -0.1600756966  -0.2421540564  -0.1532650304  0.5382582359  -0.1653598613  -0.1172130975  -0.2113962880  -0.2746526572  -0.3246419641  -0.1702040431  -0.3107466482  -0.3349561708  -0.1777164239  -0.0999261505  -0.2229548147  -0.1527444607  -0.1562828083  -0.1882716730  -0.1917076400  0.8818731071  -0.1722770766  2.7548426566  -0.1234956541  -3.0652780378  -5.1972198346  -0.2124260602  -0.1250996006  -0.1712782877  0.4375988628  -0.1647235815  -0.2192982632  0.1709801146  -0.0414004601  1.4511547907
s2
1.6507141955

