layers: 3
str: {2,40,1}
w1
-0.1324600653  -0.0535122037
-1.6204644058   1.1042751081
-4.9237139793   2.4309966958
-0.2166790963  -0.1178029732
-0.5831543729   0.0365387840
-0.2116580657  -0.1206792321
 0.3737798175   0.0395498818
-0.1830722467  -0.0972090133
-1.7421002965   0.9484305955
 0.0124511491   0.0640136046
-0.3243790605  -0.1229177767
-0.1326583012  -0.0624599464
-0.2521022528  -0.1229881043
-1.6921767751   0.9086092154
-0.3581014014  -0.0898205382
-0.2058798656  -0.1084157033
-1.2974174832   0.9603010734
-0.1887286039  -0.1103066157
-0.2776726188  -0.1384499197
-0.2302970449  -0.1317766179
-0.1035717283  -0.0604266614
 5.1768642419  -2.7749522446
-0.2017977074  -0.1188829011
 3.0818222006  -1.4479460046
-0.1994720883  -0.1167934114
-5.4850560337   3.2297283877
-0.2094385900  -0.1189601755
-0.1916285253  -0.1110594057
-0.3574895905  -0.0865861662
 5.0338472529  -2.2747690322
-0.7579408463   0.1844781276
-0.2422183594  -0.1259190476
-0.4605407097  -0.0331525525
-0.2637244669  -0.1403297416
-0.1792087237  -0.0562789850
-1.8987444289   1.0611510903
-0.5348006218   0.0173576545
-0.7732573452   0.2730527771
-0.2992425934  -0.0946858212
-0.0262869095  -0.0016131444
s1
-3.3184504515
-5.7622021709
-7.5497349017
-3.3511464824
-3.9347821360
-3.3407986609
-3.4018849946
-3.3330897671
-5.6158159760
-3.4788075420
-3.4878973511
-3.3353373525
-3.3907068951
-5.5267156014
-3.5560623015
-3.3475546551
-5.2433280506
-3.3171547292
-3.4130455534
-3.3512411874
-3.3084932718
-1.9271292093
-3.3322538051
-8.3751364639
-3.3256554755
-1.5534126565
-3.3383949008
-3.3286856913
-3.5597997470
-8.3731654107
-4.2775172650
-3.3752804912
-3.7247711401
-3.3916137232
-3.4090290251
-5.9333986603
-3.8457747193
-4.2976420937
-3.4735212225
-3.3490273262
w2
0.1991765764  0.4883082789  -2.9983650457  0.3391493216  0.4841840263  0.3336495631  -0.4042382299  0.2822267217  0.8132565827  -0.0145608995  0.4571853474  0.1953393199  0.3906519333  0.7685915261  0.4571904447  0.3196083616  0.3697110824  0.2986215179  0.4278644826  0.3674494807  0.1524356451  -1.3062723188  0.3172361285  -2.6787487514  0.3162160823  1.4584372987  0.3304995996  0.2992566828  0.4538815326  2.9249169818  0.4703994386  0.3790609744  0.4744438425  0.4138821188  0.2532194858  0.9712375280  0.4671369759  0.3776014583  0.4234630775  0.0306097009
s2
-0.3110376302

