layers: 6
str: {2,5,5,5,5,1}
w1
 3.4116085659  -2.9061196681
-5.5224072824   2.2404559031
 2.4584054301  -1.2283121774
-4.2709767431   2.3012324866
 2.3451431130   2.0437821656
s1
11.3773657524
-7.7835002849
-4.4145345922
-0.3329991292
 4.5482663743
w2
-7.3532351837   3.0720172089   6.7733260989   4.4031738786   1.9765034862
 2.3066288947  -1.3221403265  -5.5920460610  -4.4727712204  -4.5126532341
 5.8910360336  -4.0022321747   1.7988844456  -1.1824974287   8.1273242229
 7.6629923892   4.0858454389   0.0972672192  -8.1558790338   5.4223939132
 0.5383650179  -0.1231777624   5.3045379787  -7.3215862805  12.7148812209
s2
 1.1360227841
 2.0756976373
-5.9522043519
-3.8050549858
-5.3009767160
w3
 -1.8882635780   1.8710003133  -0.6433028334   0.0785356017  -0.5992856756
-18.1090908379   5.1277019377  -5.9531021800   1.9810641744   7.0285913189
  0.9673313211  -2.3017325264   2.7949507244   3.2080092973  -9.7675966700
  0.2027806390   3.4680572335  -9.7468807168  -7.2817866965   0.9819259152
-14.7535305593   2.4613387900   6.7711512792   6.2391825375  -0.1764394582
s3
-1.2059438534
-2.9187121638
-2.7558961519
 1.1126002256
-0.0314616425
w4
 0.0731916326  -6.4242411761   1.9398630761   8.1031413460   1.9708375944
-0.5080148301  -0.6124047490   2.9309955746  -6.7420798025  -9.0330826829
-1.3280369550  -7.4955787693   2.9491111937  -3.8425635214   6.4008591463
 0.5290829679  -2.5943320438  -0.7968984165  -4.4886401831  -3.1959038477
 2.9701613699   8.9619257421  -0.7001358759  -2.1216891463  -2.8404285824
s4
-7.5400085936
-2.9712415106
-6.8361104989
-1.2315787690
-5.1402324039
w5
3.7581658636  -4.8502127598  2.4053159950  -2.7225623422  -1.6181906094
s5
-0.1585773612

