layers: 5
str: {2,5,5,5,1}
w1
 0.3013779644  -0.7470367285
-0.6584803983   1.2922286730
-1.0596894484  -1.7363551223
-2.4551996045   0.6171627127
-0.0785913803  -0.4376441979
s1
 1.4181458222
-0.4899530662
-0.7838609433
-0.2687688783
 1.5509018779
w2
 0.0854039340  -1.3253581281   0.6112407218   0.3055784963  -2.5700530257
-0.0408208915  -0.3163075467   0.9179714322  -0.9860657962   1.7780415285
 0.1956406059  -0.4808477960  -0.0382239658   0.7365523611  -0.0716563163
-1.3482632081   0.2074010786   0.1501966747  -0.6242757333  -0.5602997679
-0.6415400910  -0.8075317622   1.5005414245  -0.2241461444  -0.4500207065
s2
-1.0412120595
-1.0571974161
-1.5741313512
 0.7435764553
-0.5213802595
w3
 1.5960587968  -0.1341969609  -0.9405972413   0.3158303150  1.1943059042
-1.5834519280  -1.3899462546  -2.5907727567   0.0057240786  0.5935024817
-0.2502229831  -0.3833311674   0.8150033972  -0.5539120938  0.5036369870
 1.0605459291  -1.0045124667   0.6361577443   0.1001007844  0.0835051276
 1.3142079803  -0.3134216519   0.8628080592  -0.9286887046  1.3567468683
s3
-1.6484188476
-1.3924973685
-1.6888416080
-0.5498602628
-1.0588306680
w4
0.0572698941  0.3429014028  0.1761933862  0.3481731635  1.0416570156
s4
-0.3555898408

