layers: 6
str: {2,5,5,5,5,1}
w1
-2.1947880807   0.4966071427
 1.5842664174  -1.8962922456
 1.0797797942  -0.2559919580
 0.9888403530  -0.7716507996
-1.1100925545   1.9031749542
s1
 2.0472576954
-0.7359083331
-0.9928132535
-0.5600057492
 1.4247215383
w2
-0.6717254695   0.4747788506  -0.3126992964   1.5310786623  -0.6522142025
 1.1937328175   0.1359062249   0.3054038749  -0.8113129013   0.5748809412
-0.0346095939  -0.4732099526  -1.0337928028   1.4080156651  -0.0940577187
 2.3629113066  -1.5170976579  -1.9164032347  -0.5567931891   1.5031504312
 0.0619088338  -0.5191464475   0.4542486438  -1.1608447642  -0.4272755332
s2
-0.9362786644
-1.0173716857
-1.4549772338
 1.2156130572
-0.0723883235
w3
-1.2513434774  -0.8908068860  -0.8273113873  -0.8071279383   0.5109567823
-0.1981225430  -0.0612829679   0.0797276664  -1.5881990720   0.7125704290
 0.3389293771  -0.7621357350  -0.5179114114   0.7968302617  -0.2840268677
-0.7748117034  -0.9586358695   0.2450112992   0.7954179379   1.5444430744
-1.5036740929   1.4036197324  -1.5468479618   1.9221569848  -0.0979329917
s3
-1.0350325151
-1.0398145087
-1.7890208150
 0.6799226842
 0.1995974373
w4
-0.4594070936  -0.2946926137   1.1396711838  -0.8032168810  -0.0996928970
-0.1873571109   0.3918662287  -0.5857001679  -2.2543176567   0.0623464720
-0.5973710242  -0.6335155601   0.3253566101  -1.2147615397  -0.2587525077
 1.6885352834  -0.0511822129   1.1757602374   0.1241076864  -2.9155735359
-0.0074324004   1.5960020679  -0.6744753101  -0.4575231781  -2.0272653819
s4
-1.6642297158
-1.3681015054
-1.7071625087
-0.4100762478
-0.4061512975
w5
-0.0220191164  1.0673534795  -0.6525663720  0.9284664201  1.0584158312
s5
-0.1085715804

