layers: 5
str: {2,5,5,5,1}
w1
-2.1814799894   1.0659822714
 1.3303937956  -0.9600784017
-0.9510395045  -1.1765982365
-0.3508221361   1.3571681321
-0.2347726304  -0.1436407472
s1
 2.6046780006
-0.8857424217
-0.7773709183
-0.4129662498
 1.3042248098
w2
-0.7358458869  -0.0068253868   0.5448475898   0.6756360281  -1.4633522285
-0.9241427533  -0.7810367658  -0.8425877571   0.1829489320  -0.2499168701
 0.0180207357   0.7411805796  -0.2788996886  -0.8789494087  -0.3855690208
-1.2684592571  -0.8018730460   1.4990895235   0.1903466749  -0.5593408534
 3.2526593010  -2.0818108221   0.4495976006   0.7214897904   0.5358602244
s2
-1.0379179639
-1.1893504811
-1.2033064541
 1.0331707831
-0.2092581281
w3
-1.7117319747  -2.1120307645  -0.6579984606  -1.1054048415   0.4345522678
-0.2842718108  -0.7615978561  -0.3357730011   0.8861494405  -2.2448230287
-0.9270353357  -1.0364126920  -0.3170074657  -1.4636978275  -0.1489331113
 0.7998714652   0.4497645466  -1.2507899353  -0.0360985978  -2.0359919069
 0.6808814407  -0.0025160655  -0.6373994015  -0.7923133797  -0.1261736198
s3
-1.6639978986
-1.0335852776
-2.0802862017
-0.5714131832
-1.6368203300
w4
0.2834361412  1.3417015506  -1.0371840422  1.0804076044  0.3116169189
s4
-0.1647997127

