layers: 4
str: {2,5,5,1}
w1
-5.0487732114   3.1432169755
-5.7881991581   2.7286171319
 6.3681285531  -2.2362909513
 5.7730463238   1.8576561345
 3.2206696620   3.8206579024
s1
-0.2863045273
-9.4762193136
-9.8742192318
-2.6661314967
 1.4672695175
w2
-2.7488941295  -1.1817597492  -7.1663029108    7.1065465538  -0.9627325695
-3.0526534840  -0.0951758415  -3.2175690196   -2.0832316256  -1.2121204854
-2.6099170463   6.8016506101  -3.4849497926  -11.1411393179   2.6173362308
-2.7221460905  -1.0017999773  -0.3962740560    5.5766798725  -4.3274949570
-4.0834002102  -2.5685624853   0.5252135127    5.5572320920   0.8918279516
s2
-2.7118040290
-0.3755700317
 1.3097244491
-4.5846218702
-5.0506397768
w3
-1.9202402317  -2.6147320556  -2.3678399037  -3.2410797075  -1.5380666409
s3
2.1129588240

