layers: 4
str: {2,5,5,1}
w1
 3.6899530114  -3.2025614903
 5.1121304339  -2.9785225861
-7.3465445699  -1.4565280419
-1.6452802921   1.2222746166
-3.9113844876  -1.6277028228
s1
 2.5811920860
-0.5779890595
-0.3089796637
 0.8198122118
 2.3378547045
w2
-2.0926468068  -2.0806289835   0.5037624303   0.0700655441  -1.3304092179
-2.0931607755   0.1315186882   0.0470899495  -0.9738650907   0.9318000211
 0.7808708021   0.0560419995  -2.5758376398  -3.3111652730  -1.3539741075
-2.9578566369  -2.0208968928  -7.5887475899  -1.3755181077   4.5731598013
 3.2371801990  -5.9137025666   1.8693130395  -1.4612489656   0.3623998509
s2
-2.2231345217
-2.8730744323
-1.3059462635
 0.7937277278
-2.0457145362
w3
-0.6180543378  -0.0241202554  2.0648773250  4.5522836151  2.2886422957
s3
-0.8840749108

