layers: 6
str: {2,5,5,5,5,1}
w1
 2.3044716795   1.6547373110
 1.1138895185  -1.9390807233
 2.2296234964  -1.2576536022
-0.3451623857  -0.9161737979
-0.0295084043  -0.1158512671
s1
 1.3966869502
-0.5484358257
-0.4361185623
-0.4231625720
 1.3291767055
w2
 1.4680475383  -1.2060919780  -0.2885853548  -0.0272482645  -1.6141843295
-0.3194816719  -2.3831892339  -0.1119057986   0.5055723757   0.6127567309
-0.0195635590  -0.7954319724  -0.5638615654   0.5195211445  -0.4524952410
-0.3538118850   0.9202795499  -0.1488565709   0.0095906395   0.9616273743
 0.2170977587  -0.9799312472   2.8706398492  -1.1387731070  -0.1504913408
s2
-0.8083595240
-1.2562433528
-1.4053825018
 0.7551797140
 0.1475935073
w3
-0.0666524853  -1.7349888009  -0.0583577756   0.0903068715   0.8227324966
-0.9841239806  -1.3155409330   0.7362654855  -0.9170681763   1.3437681098
 0.2350203376  -0.1513569508   0.9113391381   1.6790060376   0.4191939935
-1.3870987996   0.5350392196   0.8329600812   0.2839198414  -2.5572555555
 0.4423363485   0.0322479407  -1.5225437785  -0.3833610427   1.3757823247
s3
-1.2929156819
-1.3370889189
-1.1457737622
 0.3289575834
-0.1439101406
w4
-1.2696603687   0.8544238882   0.2949596756   1.6315778689  -0.9442910632
 1.8616846865   0.4251340638  -2.2734981180   0.6010816912   1.9059511085
 0.9998522078   0.3963914555  -1.9263005439   0.9081304070  -0.4785089850
 0.2536295700  -0.4851297773   0.0478958481   0.5401538457  -1.0913548386
-0.4335339446  -0.4087433795  -1.9244090247  -0.3560496920  -0.2671304981
s4
-1.3428011038
-1.9175255294
-1.4812428775
-0.4700453858
-0.3319032576
w5
1.0481547894  -0.2570207630  0.2618254721  0.1774558584  0.5453946371
s5
-0.1859934661

