layers: 4
str: {2,5,5,1}
w1
 6.1501769528  -2.5058917970
-5.1636182481   3.6344431201
 3.1602160383  -1.3843059911
 3.7460512667  -2.2817362797
-0.3104933459   6.4765519457
s1
  9.4689014957
-16.4918989520
 -6.6529350684
 -0.9537850849
 -6.9447465269
w2
 3.6919413596  -0.7947005271  -0.1265507488  -6.9625763471   2.4599368853
 5.1849059260   5.1090418819  -2.9469668786  -8.7732161326  -4.9524432464
-6.2883659625  -1.9824648249  -0.5210282970  -1.5594932970  -0.8240485766
-3.6539387925   5.0742907168  16.9699167046   4.5281354409  -1.8924155627
-5.0817512679  -1.8840097905  11.5911514175  -1.0863192008  -1.8422671163
s2
-5.6082377640
-1.3672460625
-1.8285467507
-2.8734244993
-4.4769886496
w3
2.4769355739  1.6276052589  -2.4391467244  2.0871739844  -2.4965151746
s3
-1.2100549098

