layers: 5
str: {2,5,5,5,1}
w1
-5.8769703124   2.0916493123
 4.3185908220  -2.9026776367
-9.2134885675  -2.8157114702
-2.8457581285   1.4381707355
 3.4394829564  -1.9054917091
s1
 7.9562201262
 0.0092426584
 6.8788614278
-7.5452712412
 5.8220583791
w2
-0.4844325004  -1.7149175521   4.7421721502   5.8988912774  -5.6212167465
-1.9510423176  -1.6614451972  -0.8279307910   6.8218792107  -3.0650918972
-0.7323921770   2.2701181205  -3.4714232512  -1.1288027093   0.6261076866
-3.7913191711  -7.6629458668   3.3992367789   4.3169893453   0.4940630769
 8.2593628776  -3.1655643344  -2.0287979285   1.7240396454   0.7218528763
s2
-1.1446366237
-1.9230817852
-1.1360208557
 4.1043089341
 0.2748735592
w3
-1.8177769298  -2.3069395986  -0.6404954396  -2.0509839017   0.1509276770
-6.0808638300  -2.5063127359  -2.5566783400   6.7342399328  -4.4293771320
-1.3803265045  -1.7733096073   1.1835622022  -6.9695164190   3.9516668995
-0.0266053933   0.2696233102  -1.9285557067   0.2762945434  -3.6174660426
 4.9809457460  -6.0381616558  -1.7137992424  -0.2134386536  -0.3570648992
s3
-2.4574037723
-2.5646671436
-3.9043783935
-1.8128546437
-3.5204006556
w4
-0.8660882092  2.9490350647  -2.2319227291  1.3506566229  -1.8715685657
s4
0.6856886859

