layers: 6
str: {2,5,5,5,5,1}
w1
-4.3947901377  2.1597460042
-4.2584253790  1.6235195576
-2.9905155163  2.4351639851
-5.1337352460  2.6988117265
 8.2082475068  0.8999805269
s1
 6.5329102875
-7.8317210862
-4.0552394383
-0.1018282740
-0.3071616828
w2
 1.6051666227  -0.4375354942  -0.4473897907   4.7879642280  -5.3226725111
 6.5712576388   4.2592842866   2.2481471715  -9.4413236755  -4.5201026353
-2.0435400848  -2.5465804850  -2.8560479623   4.5171530897   2.7894819753
 0.8377025945  -0.7656720288  -0.1338653896  -5.1474642396  -0.4700213465
 0.2906352388   1.2427068343   1.7721441135   0.1901977937  -1.6661138674
s2
-0.7436095932
 1.4911126570
-0.0239506203
 0.6747290930
-2.1064726082
w3
-1.3485309215   5.3245313511  -4.2401192787   1.2328528820   2.2268440972
 4.2015653682  -4.2718551576   0.1767439369  -2.5272098552   1.2017301159
 2.2394036993  -2.2479539387  -0.2492132039  -0.4653632635  -0.8021523833
 2.8755805166  -2.4118148843   0.6689492283  -2.7530972869   2.1529731583
-1.2938831796   3.7547463373  -1.5674442976  -0.5096016476   0.9082500504
s3
-2.5132753396
-2.4239971414
-1.6885962445
 1.0989160758
-2.0628170785
w4
 2.3436194257  -1.1349534024  -0.5760129943  -5.1099942677  -0.3738589692
-3.1060500489  -0.2593456864  -0.6577062152  -0.6001326764  -2.1369523649
 2.0122781088  -2.3232198758  -1.1681969384  -2.4449305253  -0.6044390471
-3.4023696401   3.9737490016   1.4835296777  -0.5298456817  -3.8820401766
-3.1586399064  -0.9788100538   1.1352108060  -1.0672275354  -1.0661913496
s4
-1.9063482197
-1.3359470982
-2.8359603786
-1.7868166884
-1.2461212029
w5
-1.8945921165  2.2025446273  -1.4537132208  1.9533724338  2.0938469547
s5
0.0944828588

