layers: 5
str: {2,5,5,5,1}
w1
 1.9022887432  -1.5776857392
-2.2035898872   1.0015263320
-3.5798474778   1.7908010234
-1.8927795720   0.4997420039
-3.8022724113   2.4049685294
s1
-0.6121599951
 3.0465213504
-4.8393371407
 0.3479292949
 0.2055336938
w2
 2.7966834667   2.3040326268  -5.4931276260  -2.6187844427   1.8747401161
-0.8421725401   1.4592848428  -1.0175904190  -0.4357933944  -0.7777880874
 4.3262961278  -3.7798524319   0.5471432932  -2.9620981470  -0.7718836445
 2.7328348892   0.9125936561  -1.3567494100  -3.3335539155  -2.9113250806
-2.0819850757  -1.4910938566  -0.0471526208   3.9422281786   1.8150369039
s2
 0.1706113411
-1.0948564522
-2.6536791984
 1.5442651090
-2.0676640676
w3
-2.5908200539  -0.0897180169   0.0045571107  -0.2667246764  -0.0690902272
 0.4232939245   1.1848050880  -5.4659111734   3.7313454790  -4.3548003843
 1.2882094686  -0.5627875374  -3.2250156718  -2.6035906036  -0.2468837260
-5.8826301959  -1.7419578108  -1.0344752504  -2.9832565396   1.9223220563
-2.3656892903  -0.8436288625   0.2580654425  -1.6673836868  -2.1618894270
s3
-2.0779299564
-2.3066200867
-1.6645796789
-0.0918922299
-0.8667411016
w4
0.1636393899  -2.0268550297  1.5087895468  -1.3988825809  -0.9499678281
s4
0.1513189443

