layers: 6
str: {2,5,5,5,5,1}
w1
-2.7135753607   1.1708310521
 1.8353497712  -1.4558367754
 1.2895147290  -0.4304439976
 1.6349589387  -0.8348465403
-1.9721028947   0.9429821337
s1
 3.7858863143
-1.0213905872
-1.6180343838
-0.6840242601
 2.0886317825
w2
-1.4544402763   0.7797678544  -0.2060721451   1.8095474811  -0.9208311305
 1.8044385534  -0.0342530059   0.2762194540  -0.9489271832   0.8775092628
-0.4529320143  -0.1230698354  -0.9789358760   1.7375108280  -0.2214174460
 4.0613117084  -1.8704577780  -2.6228132942  -0.8975902915   2.2737400694
 0.0438705573  -0.5183317844   0.5448104882  -1.1347907512  -0.4072974915
s2
-0.7576270037
-0.9758909822
-1.1652336849
 1.2892716155
-0.0388905850
w3
-1.3088229067  -0.8142783513  -0.8051386582  -0.8237942621   0.5021112153
-0.3536964487   0.0507234495   0.1049513449  -1.6112886990   0.6900713518
 0.3732496272  -0.8371446435  -0.5003320485   0.7111406348  -0.3240409438
-0.6197197491  -1.0072440335   0.2454047192   1.1285119006   1.6048946784
-2.4237376398   1.8297738820  -1.8868170994   3.9253654477  -0.0823056391
s3
-1.0171609494
-1.0743058529
-1.8458697012
 0.8121547315
-0.3564052648
w4
-0.5033163561  -0.3416307206   1.0811105282  -1.1588010832  -0.4632599603
-0.2183534913   0.3408537737  -0.6932428068  -2.5523146657  -0.2596326393
-0.6223007921  -0.6504453688   0.3262714912  -1.4181404597  -0.4620177162
 1.6779956487  -0.0234925141   1.0090528038  -0.2654080888  -3.9334915953
-0.0373102835   1.5678189001  -0.8490892059  -0.9149124381  -2.8926228819
s4
-2.1119245597
-1.7718243910
-1.9502931797
-0.7757866089
-0.9306670513
w5
-0.2452379797  0.7691507900  -0.5607035549  1.1733193609  1.0396640274
s5
-0.2213916120

