layers: 5
str: {2,5,5,5,1}
w1
 3.0663575679  -1.5028340108
-2.6215625954   5.1550364910
-3.5698871075   1.8308594254
-5.7828031533   2.8977548847
-3.1795049876   1.8050451672
s1
-7.1494113420
 4.4019717543
-9.4962089306
-8.5945169651
 0.9655234482
w2
 7.4560074651  7.2616996526  -8.7379486484  -9.0819050980   7.7321925579
 0.3157981291  6.0037119614   7.2224274186  -1.6059091696  -5.1263470538
13.4677668679  0.5621642254   0.3315269287  -2.2222070251  -4.4543486738
 4.5969433990  2.8733312934  -2.1630558656  -4.4683492768  -8.6665967447
-1.6063178025  2.1852472248   0.6025554540   6.0953057392   0.7925591570
s2
-6.3520852837
-3.6804355205
-1.3424757435
 3.3842470598
-4.2751514097
w3
-6.8719490688   6.0392803061   5.9954114087  -0.0589080954  -1.4999164472
-3.1348204096   4.9285227133  -9.6419308283   5.0308331465  -4.8887178852
 4.2910080348  -4.3477299456  -3.6048174361  -7.5099730260  -3.5587551077
-6.2447852183  -7.1684654387  -1.9934888297  -4.3839201529   1.5905333379
-2.6503521942  -1.4693668559  -0.3417475738  -1.8734356922  -2.2879047982
s3
-4.3429278651
-4.2787190052
-1.6246680972
-0.2678493165
-1.3254773992
w4
2.1892505549  -2.1722693400  1.7057329052  -1.2029434298  0.7552565036
s4
-0.4404285299

