layers: 4
str: {2,5,5,1}
w1
-2.0670269441   1.1170359156
 1.1540567353   0.7198496286
 3.9303669419  -1.9756254304
-1.2991897909   0.4365508174
 0.2751456441   1.8785801611
s1
 2.0479104141
-0.4114845806
-0.4931766931
-1.0296794657
 0.9609126866
w2
-1.1791048751   1.1766628686  -0.6943668567   1.1481260651  -0.6661694466
 0.4158439342   0.2580431897   0.0415411144   1.0315712543   0.4558035151
 0.1968215454  -0.6672550993  -0.3478369885   0.4281229144  -0.3850856025
 0.9629460445  -0.0750518908  -3.2482602445  -1.4219762324  -0.6425143696
-3.1967931702  -1.3000854392   0.7917337527  -1.7630255101   1.2047206811
s2
-1.4321364556
-2.4109571622
-1.7997905023
 0.5681176224
-0.4085285567
w3
0.2803184503  -0.6914714103  -0.4040398155  2.3888535591  1.9482235889
s3
-0.8340171226

