layers: 4
str: {2,5,5,1}
w1
-3.4857797375   1.6443158198
 1.6077802061   0.5937263255
 4.7774753607  -2.5054768879
-2.9045845754   1.4744284245
 0.0349677220   1.9490663478
s1
 4.0199728569
-1.3266874289
 0.1204130001
-3.9685987645
 1.1296744496
w2
-1.4853562839   1.0623748811  -1.0744989355   0.9260209592  -0.5560630498
 0.0595773432   0.1003127634  -0.7274485246   0.8031332662   0.0942686625
-0.0384360601  -0.8385092908  -0.3615373809   0.3002849920  -0.7770321685
 1.2954809376  -0.0003700151  -5.4245408254  -3.6652404584  -0.2530039229
-5.4991217468  -1.8836002716   1.0933788052  -1.8947955479   1.4417306212
s2
-1.7715209017
-2.8539754913
-2.2066471792
 0.4298647599
-0.3067618564
w3
0.4775553592  0.3873388937  -0.1817373423  2.9715538226  2.8419743834
s3
-0.5673141926

